~o
<STREAMINFO> 1 12
<VECSIZE> 12<NULLD><MFCC_Z><DIAGC>
~h "s032"
<BEGINHMM>
<NUMSTATES> 12
<STATE> 2
<MEAN> 12
 1.934146e-01 -3.634373e+00 -4.950798e+00 -5.012623e+00 -1.341968e+01 -7.134627e+00 8.228488e+00 -5.445857e+00 2.081385e+00 -5.981728e+00 -5.500717e+00 -4.753788e+00
<VARIANCE> 12
 1.352898e+01 1.097076e+01 8.722699e+00 1.888039e+01 1.316449e+01 8.063948e+00 1.562760e+01 1.053402e+01 1.101948e+01 7.600419e+00 1.768076e+01 2.430839e+01
<GCONST> 5.241839e+01
<STATE> 3
<MEAN> 12
 4.094914e+00 1.739904e-01 -4.662670e+00 -1.225720e+01 -3.335491e+00 -3.172218e+00 3.680038e-01 -1.168087e+01 -2.022966e+00 -3.018391e+00 -8.723277e+00 -3.367495e-02
<VARIANCE> 12
 2.195984e+00 1.097076e+01 8.722699e+00 1.888039e+01 1.782064e+01 8.063948e+00 1.309354e+01 9.930317e+00 2.033762e+01 7.582522e+00 1.000710e+01 7.773393e+00
<GCONST> 4.956823e+01
<STATE> 4
<MEAN> 12
 1.413340e+00 7.187496e+00 -8.595569e+00 -1.411176e+01 -2.247549e+00 1.045063e+00 -3.405614e+00 -1.083852e+01 -1.381307e+01 -2.079708e+00 -3.210280e+00 2.022869e+00
<VARIANCE> 12
 2.826489e+00 1.097076e+01 8.722699e+00 1.888039e+01 1.316449e+01 8.063948e+00 1.309354e+01 3.701331e+01 3.329709e+01 1.662526e+01 1.416377e+01 7.650480e+00
<GCONST> 5.244302e+01
<STATE> 5
<MEAN> 12
 -3.485066e+00 1.233420e+01 -2.223814e+00 -1.002636e+01 -6.878668e+00 1.904201e+00 -1.753756e+01 6.438429e+00 -1.267986e+01 5.211794e+00 -6.232431e+00 -9.581408e+00
<VARIANCE> 12
 2.195984e+00 1.097076e+01 9.260360e+00 1.888039e+01 1.316449e+01 8.063948e+00 1.309354e+01 3.186510e+01 2.378621e+01 3.182836e+01 8.190454e+00 6.216619e+00
<GCONST> 5.165847e+01
<STATE> 6
<MEAN> 12
 -8.209689e-01 1.499850e+01 6.329229e+00 -4.077750e+00 -4.813643e+00 3.089070e+00 -1.063232e+01 7.916938e+00 -2.998029e+00 1.159306e+01 4.825513e+00 -4.366889e+00
<VARIANCE> 12
 2.433800e+00 1.097076e+01 1.284524e+01 1.888039e+01 1.709037e+01 1.725804e+01 4.959395e+01 1.367380e+01 1.119783e+01 1.524882e+01 8.190454e+00 1.124010e+01
<GCONST> 5.269913e+01
<STATE> 7
<MEAN> 12
 -5.219136e+00 -2.373463e+00 1.676584e+01 -3.612795e+00 2.934471e-02 1.226292e+01 -5.425501e+00 6.755111e+00 9.572947e+00 6.080847e+00 6.072191e+00 1.715603e-01
<VARIANCE> 12
 6.503240e+00 5.440982e+01 1.188194e+01 1.888039e+01 1.316449e+01 1.078417e+01 2.507872e+01 9.930317e+00 4.604442e+01 3.210852e+01 4.562986e+01 1.120156e+01
<GCONST> 5.734507e+01
<STATE> 8
<MEAN> 12
 -7.669380e+00 -1.081186e+01 1.169429e+01 1.001680e+00 -8.762272e-01 5.979200e+00 4.393091e+00 1.083183e+00 7.969113e+00 3.997134e+00 -3.254779e+00 3.550606e+00
<VARIANCE> 12
 2.195984e+00 1.097076e+01 8.722699e+00 5.353742e+01 2.369736e+01 8.611183e+00 1.309354e+01 1.900200e+01 1.703255e+01 1.512604e+01 8.190454e+00 1.049164e+01
<GCONST> 5.222288e+01
<STATE> 9
<MEAN> 12
 3.314844e+00 -4.009828e+00 -2.772769e+00 7.990795e+00 7.061351e+00 -9.645412e+00 5.253586e+00 7.382873e+00 7.408489e+00 -3.326634e+00 -2.619519e+00 6.123101e+00
<VARIANCE> 12
 3.960888e+00 1.097076e+01 2.212534e+01 1.888039e+01 1.316449e+01 2.738858e+01 1.309354e+01 2.182380e+01 1.101948e+01 2.268637e+01 8.190454e+00 7.803413e+00
<GCONST> 5.308281e+01
<STATE> 10
<MEAN> 12
 5.996399e-01 -6.997284e+00 -4.253009e+00 1.025220e+01 1.106371e+01 -1.722635e+00 1.046928e+01 1.464282e+00 -4.490629e-01 -5.195149e+00 8.111884e+00 8.906053e+00
<VARIANCE> 12
 2.195984e+00 1.097076e+01 8.722699e+00 1.888039e+01 1.316449e+01 2.430026e+01 1.309354e+01 3.237002e+01 1.543337e+01 1.007339e+01 2.579642e+01 1.305318e+01
<GCONST> 5.302350e+01
<STATE> 11
<MEAN> 12
 2.636088e+00 -7.188910e+00 1.409954e+00 1.991957e+01 1.342026e+01 5.481140e+00 3.805899e+00 -3.474537e+00 4.473592e+00 -1.608819e+00 8.704591e+00 1.425882e+00
<VARIANCE> 12
 3.566736e+00 1.097076e+01 8.722699e+00 1.888039e+01 1.316449e+01 2.909243e+01 1.309354e+01 9.930317e+00 1.954608e+01 2.198263e+01 2.215060e+01 8.413280e+00
<GCONST> 5.293188e+01
<TRANSP> 12
 0.000000e+00 1.000000e+00 0.000000e+00 0.000000e+00 0.000000e+00 0.000000e+00 0.000000e+00 0.000000e+00 0.000000e+00 0.000000e+00 0.000000e+00 0.000000e+00
 0.000000e+00 9.066573e-01 9.334272e-02 0.000000e+00 0.000000e+00 0.000000e+00 0.000000e+00 0.000000e+00 0.000000e+00 0.000000e+00 0.000000e+00 0.000000e+00
 0.000000e+00 0.000000e+00 8.242501e-01 1.757499e-01 0.000000e+00 0.000000e+00 0.000000e+00 0.000000e+00 0.000000e+00 0.000000e+00 0.000000e+00 0.000000e+00
 0.000000e+00 0.000000e+00 0.000000e+00 8.338959e-01 1.661042e-01 0.000000e+00 0.000000e+00 0.000000e+00 0.000000e+00 0.000000e+00 0.000000e+00 0.000000e+00
 0.000000e+00 0.000000e+00 0.000000e+00 0.000000e+00 8.675067e-01 1.324932e-01 0.000000e+00 0.000000e+00 0.000000e+00 0.000000e+00 0.000000e+00 0.000000e+00
 0.000000e+00 0.000000e+00 0.000000e+00 0.000000e+00 0.000000e+00 8.619562e-01 1.380438e-01 0.000000e+00 0.000000e+00 0.000000e+00 0.000000e+00 0.000000e+00
 0.000000e+00 0.000000e+00 0.000000e+00 0.000000e+00 0.000000e+00 0.000000e+00 8.282639e-01 1.717361e-01 0.000000e+00 0.000000e+00 0.000000e+00 0.000000e+00
 0.000000e+00 0.000000e+00 0.000000e+00 0.000000e+00 0.000000e+00 0.000000e+00 0.000000e+00 7.378013e-01 2.621987e-01 0.000000e+00 0.000000e+00 0.000000e+00
 0.000000e+00 0.000000e+00 0.000000e+00 0.000000e+00 0.000000e+00 0.000000e+00 0.000000e+00 0.000000e+00 8.841618e-01 1.158382e-01 0.000000e+00 0.000000e+00
 0.000000e+00 0.000000e+00 0.000000e+00 0.000000e+00 0.000000e+00 0.000000e+00 0.000000e+00 0.000000e+00 0.000000e+00 8.559923e-01 1.440077e-01 0.000000e+00
 0.000000e+00 0.000000e+00 0.000000e+00 0.000000e+00 0.000000e+00 0.000000e+00 0.000000e+00 0.000000e+00 0.000000e+00 0.000000e+00 8.955214e-01 1.044786e-01
 0.000000e+00 0.000000e+00 0.000000e+00 0.000000e+00 0.000000e+00 0.000000e+00 0.000000e+00 0.000000e+00 0.000000e+00 0.000000e+00 0.000000e+00 0.000000e+00
<ENDHMM>
