~o
<STREAMINFO> 1 12
<VECSIZE> 12<NULLD><MFCC_Z><DIAGC>
~h "s076"
<BEGINHMM>
<NUMSTATES> 6
<STATE> 2
<MEAN> 12
 3.350156e+00 1.036018e+00 -1.069264e+01 5.059655e+00 1.518337e+00 -3.668038e+00 4.464797e-01 -1.211525e+00 6.937828e+00 -4.090024e+00 -7.815037e-01 -2.401739e+00
<VARIANCE> 12
 1.025831e+01 8.981092e+00 3.124765e+01 2.589313e+01 1.672441e+01 4.979124e+01 2.759382e+01 1.250627e+01 3.938018e+01 1.892274e+01 2.060085e+01 1.210261e+01
<GCONST> 5.797457e+01
<STATE> 3
<MEAN> 12
 3.055740e-01 -4.071994e-01 -5.173673e+00 4.722629e-01 -7.543102e-01 -6.395154e+00 7.608870e-01 -5.088199e-01 1.217948e+00 -9.253366e-01 -1.700085e+00 8.089574e-02
<VARIANCE> 12
 1.044286e+01 8.605170e+00 7.634643e+01 3.335218e+01 2.678335e+01 7.214993e+01 4.740189e+01 2.066252e+01 6.447013e+01 3.404603e+01 2.793338e+01 1.478153e+01
<GCONST> 6.256584e+01
<STATE> 4
<MEAN> 12
 -1.826370e+00 -8.829591e-01 4.016731e+00 -2.394458e+00 -1.890197e+00 1.700504e-01 7.224445e-01 -2.760976e-01 -3.303015e+00 2.349194e+00 5.043992e-01 1.697827e+00
<VARIANCE> 12
 9.863269e+00 9.620383e+00 8.450826e+01 2.018587e+01 2.653073e+01 1.326174e+02 4.772895e+01 2.392648e+01 3.288865e+01 2.925354e+01 2.928205e+01 1.647426e+01
<GCONST> 6.230326e+01
<STATE> 5
<MEAN> 12
 -1.829360e+00 2.541412e-01 1.184958e+01 -3.137460e+00 1.126170e+00 9.893138e+00 -1.929811e+00 1.996443e+00 -4.852762e+00 2.666169e+00 1.977189e+00 6.230153e-01
<VARIANCE> 12
 5.859608e+00 6.850791e+00 3.851436e+01 1.291078e+01 2.519838e+01 7.201218e+01 2.641721e+01 2.212446e+01 1.391113e+01 2.449420e+01 1.882056e+01 2.114005e+01
<GCONST> 5.764763e+01
<TRANSP> 6
 0.000000e+00 1.000000e+00 0.000000e+00 0.000000e+00 0.000000e+00 0.000000e+00
 0.000000e+00 9.024391e-01 9.756097e-02 0.000000e+00 0.000000e+00 0.000000e+00
 0.000000e+00 0.000000e+00 9.024389e-01 9.756098e-02 0.000000e+00 0.000000e+00
 0.000000e+00 0.000000e+00 0.000000e+00 9.024390e-01 9.756098e-02 0.000000e+00
 0.000000e+00 0.000000e+00 0.000000e+00 0.000000e+00 9.024390e-01 9.756098e-02
 0.000000e+00 0.000000e+00 0.000000e+00 0.000000e+00 0.000000e+00 0.000000e+00
<ENDHMM>
