~o
<STREAMINFO> 1 12
<VECSIZE> 12<NULLD><MFCC_Z><DIAGC>
~h "s034"
<BEGINHMM>
<NUMSTATES> 12
<STATE> 2
<MEAN> 12
 8.653698e+00 1.203103e+01 -3.494324e+00 -6.671330e+00 -1.301708e+01 -5.130978e+00 -1.050801e+00 -3.183907e-01 3.161640e+00 -3.067606e+00 -3.765025e+00 -7.149176e+00
<VARIANCE> 12
 6.821475e+00 1.003578e+01 1.015617e+01 1.472000e+01 5.180931e+01 3.590715e+01 1.388215e+01 4.604707e+01 6.810209e+00 2.447940e+01 2.830485e+01 8.124261e+00
<GCONST> 5.583096e+01
<STATE> 3
<MEAN> 12
 -5.686866e-02 1.606889e+00 -4.817429e-01 -1.272026e+01 2.518929e+00 -1.541853e+01 -1.872178e+00 1.622310e+01 2.055432e+00 1.386018e+00 -3.488189e+00 -1.567043e+00
<VARIANCE> 12
 6.821475e+00 1.003578e+01 1.004403e+01 2.202515e+01 1.639160e+01 1.748177e+01 9.187694e+01 5.310589e+01 3.338250e+01 1.489842e+01 2.141556e+01 6.309110e+01
<GCONST> 5.924858e+01
<STATE> 4
<MEAN> 12
 -3.953880e+00 -5.529981e+00 -5.393322e+00 2.671372e+00 2.272848e+00 -1.422790e+00 5.712629e+00 -2.111397e+00 -5.499910e+00 1.798594e+00 4.667692e+00 6.792675e+00
<VARIANCE> 12
 6.821475e+00 1.003578e+01 1.141454e+01 1.472000e+01 1.639160e+01 1.748177e+01 1.897850e+01 2.303876e+01 3.291457e+01 2.994748e+01 1.803447e+01 1.563995e+01
<GCONST> 5.567874e+01
<STATE> 5
<MEAN> 12
 4.446462e+00 2.560659e+00 -4.996373e+00 -2.979366e-01 -5.274308e+00 -2.140475e-01 3.242846e+00 -1.282053e+01 4.022766e+00 4.610641e+00 9.108510e+00 -2.913066e+00
<VARIANCE> 12
 2.268594e+01 2.956811e+01 1.029282e+01 1.472000e+01 1.639160e+01 1.748177e+01 1.683441e+01 4.168089e+01 1.139354e+01 1.728524e+01 2.218445e+01 2.565485e+01
<GCONST> 5.742204e+01
<STATE> 6
<MEAN> 12
 3.379219e+00 6.806813e+00 -2.180442e+00 2.257381e+00 -5.059382e+00 3.465126e-01 -3.745262e+00 -2.447998e+00 2.369010e+00 -2.981478e+00 6.207498e-01 -3.204631e+00
<VARIANCE> 12
 3.663947e+01 1.003578e+01 3.197596e+01 3.169451e+01 2.072965e+01 2.946721e+01 1.978646e+01 4.659836e+01 4.660455e+01 3.069731e+01 4.748997e+01 1.654244e+01
<GCONST> 6.205666e+01
<STATE> 7
<MEAN> 12
 3.663755e+00 1.010548e+00 -4.812242e+00 2.574173e+00 -1.779234e+00 -7.396814e+00 -3.809212e+00 5.886775e+00 -1.186329e-01 -5.299882e+00 -9.817459e+00 -4.672336e+00
<VARIANCE> 12
 2.513177e+01 1.765613e+01 3.934414e+01 1.472000e+01 2.205431e+01 7.250409e+01 2.170899e+01 7.509545e+01 6.715698e+01 1.095059e+01 4.096953e+01 1.319195e+01
<GCONST> 6.217780e+01
<STATE> 8
<MEAN> 12
 -5.305448e+00 1.003859e+00 4.983973e+00 -9.897582e+00 -9.042595e+00 1.217471e+01 -3.889996e+00 3.354281e+00 -5.425403e+00 -1.078555e+01 -3.249025e+00 -1.281257e+00
<VARIANCE> 12
 6.821475e+00 1.223672e+01 7.964918e+00 3.559520e+01 1.639160e+01 6.078185e+01 1.886799e+01 2.398438e+01 1.607761e+01 3.473796e+01 3.742075e+01 4.874187e+01
<GCONST> 5.897926e+01
<STATE> 9
<MEAN> 12
 -6.795716e+00 -1.826887e-01 2.298741e+00 -1.235372e+01 -7.097946e-01 1.874159e+01 -9.526563e+00 3.435468e+00 -4.135686e+00 -1.047409e+01 3.396494e+00 7.576782e+00
<VARIANCE> 12
 6.821475e+00 1.223758e+01 7.964918e+00 2.006039e+01 3.331897e+01 1.748177e+01 9.964606e+00 1.763254e+01 6.810209e+00 4.127795e+01 1.030533e+01 1.302690e+01
<GCONST> 5.362741e+01
<STATE> 10
<MEAN> 12
 -5.644649e+00 -7.106389e+00 6.492393e+00 2.024728e+00 7.461216e+00 4.377244e+00 -4.739243e+00 -6.960758e-01 -1.155539e+00 6.237910e+00 -1.814171e+00 2.987398e+00
<VARIANCE> 12
 6.821475e+00 1.003578e+01 7.964918e+00 1.472000e+01 1.639160e+01 1.797744e+01 1.826163e+01 1.640690e+01 6.810209e+00 1.283446e+01 1.380649e+01 9.238523e+00
<GCONST> 5.175248e+01
<STATE> 11
<MEAN> 12
 -2.888311e+00 -7.677016e+00 7.484579e+00 1.062803e+01 1.261895e+01 1.183646e+00 4.762592e+00 3.807801e-01 5.187590e-01 6.489944e+00 -1.034833e+00 3.260710e+00
<VARIANCE> 12
 6.821475e+00 1.132426e+01 7.964918e+00 1.472000e+01 1.639160e+01 3.409630e+01 2.362957e+01 1.785310e+01 9.505113e+00 1.340606e+01 1.726350e+01 8.604252e+00
<GCONST> 5.338483e+01
<TRANSP> 12
 0.000000e+00 1.000000e+00 0.000000e+00 0.000000e+00 0.000000e+00 0.000000e+00 0.000000e+00 0.000000e+00 0.000000e+00 0.000000e+00 0.000000e+00 0.000000e+00
 0.000000e+00 8.509933e-01 1.490067e-01 0.000000e+00 0.000000e+00 0.000000e+00 0.000000e+00 0.000000e+00 0.000000e+00 0.000000e+00 0.000000e+00 0.000000e+00
 0.000000e+00 0.000000e+00 8.142995e-01 1.857005e-01 0.000000e+00 0.000000e+00 0.000000e+00 0.000000e+00 0.000000e+00 0.000000e+00 0.000000e+00 0.000000e+00
 0.000000e+00 0.000000e+00 0.000000e+00 8.823185e-01 1.176816e-01 0.000000e+00 0.000000e+00 0.000000e+00 0.000000e+00 0.000000e+00 0.000000e+00 0.000000e+00
 0.000000e+00 0.000000e+00 0.000000e+00 0.000000e+00 8.919188e-01 1.080812e-01 0.000000e+00 0.000000e+00 0.000000e+00 0.000000e+00 0.000000e+00 0.000000e+00
 0.000000e+00 0.000000e+00 0.000000e+00 0.000000e+00 0.000000e+00 8.831648e-01 1.168352e-01 0.000000e+00 0.000000e+00 0.000000e+00 0.000000e+00 0.000000e+00
 0.000000e+00 0.000000e+00 0.000000e+00 0.000000e+00 0.000000e+00 0.000000e+00 8.392819e-01 1.607181e-01 0.000000e+00 0.000000e+00 0.000000e+00 0.000000e+00
 0.000000e+00 0.000000e+00 0.000000e+00 0.000000e+00 0.000000e+00 0.000000e+00 0.000000e+00 8.128539e-01 1.871461e-01 0.000000e+00 0.000000e+00 0.000000e+00
 0.000000e+00 0.000000e+00 0.000000e+00 0.000000e+00 0.000000e+00 0.000000e+00 0.000000e+00 0.000000e+00 7.606139e-01 2.393862e-01 0.000000e+00 0.000000e+00
 0.000000e+00 0.000000e+00 0.000000e+00 0.000000e+00 0.000000e+00 0.000000e+00 0.000000e+00 0.000000e+00 0.000000e+00 6.842925e-01 3.157075e-01 0.000000e+00
 0.000000e+00 0.000000e+00 0.000000e+00 0.000000e+00 0.000000e+00 0.000000e+00 0.000000e+00 0.000000e+00 0.000000e+00 0.000000e+00 9.319018e-01 6.809823e-02
 0.000000e+00 0.000000e+00 0.000000e+00 0.000000e+00 0.000000e+00 0.000000e+00 0.000000e+00 0.000000e+00 0.000000e+00 0.000000e+00 0.000000e+00 0.000000e+00
<ENDHMM>
