~o
<STREAMINFO> 1 12
<VECSIZE> 12<NULLD><MFCC_Z><DIAGC>
~h "s044"
<BEGINHMM>
<NUMSTATES> 9
<STATE> 2
<MEAN> 12
 -3.434499e-01 4.508761e+00 -2.478845e+00 -1.878514e+00 -8.014629e+00 2.537471e+00 -6.180906e+00 8.023817e+00 -1.024627e+01 -1.299430e+00 -7.648921e+00 -6.813276e+00
<VARIANCE> 12
 5.713025e+00 1.301344e+01 6.744307e+00 4.842384e+00 2.400436e+01 7.685382e+00 6.836962e+00 1.814107e+01 2.886124e+01 1.477887e+01 1.829845e+01 6.789843e+00
<GCONST> 5.076539e+01
<STATE> 3
<MEAN> 12
 4.062111e-01 8.283456e+00 -4.731062e-01 -8.589466e-01 -6.817732e+00 -4.462322e-01 -1.925179e+00 8.200631e+00 -8.421008e+00 5.232548e+00 -8.229683e-01 2.974059e-01
<VARIANCE> 12
 5.713025e+00 8.277757e+00 3.485098e+00 4.842384e+00 1.162418e+01 2.408593e+01 6.989129e+00 1.270154e+01 1.594598e+01 1.417839e+01 8.099609e+00 8.272466e+00
<GCONST> 4.848322e+01
<STATE> 4
<MEAN> 12
 -4.394331e+00 5.595059e+00 2.318428e+00 5.642918e+00 4.824019e+00 3.813082e+00 8.323512e+00 2.293720e+00 7.845636e+00 -9.454867e-03 5.037503e+00 2.156320e+00
<VARIANCE> 12
 1.597202e+01 8.277757e+00 6.447577e+00 1.101328e+01 8.195703e+00 8.995079e+00 6.949110e+00 8.057012e+00 1.979700e+01 5.653931e+00 2.726302e+01 1.313220e+01
<GCONST> 5.012566e+01
<STATE> 5
<MEAN> 12
 -7.315438e+00 2.053501e+00 2.000170e+00 1.550152e+00 3.411158e+00 -1.412532e+00 3.171131e+00 -2.232261e+00 3.354414e+00 -6.458711e+00 5.503473e+00 -3.986029e+00
<VARIANCE> 12
 1.997430e+01 1.778712e+01 9.339661e+00 3.260181e+01 2.083281e+01 3.783334e+01 2.609911e+01 1.116449e+01 1.973835e+01 7.346303e+00 1.352302e+01 4.855568e+01
<GCONST> 5.745431e+01
<STATE> 6
<MEAN> 12
 3.823371e-01 1.226545e-01 -4.172073e+00 -1.112760e+01 6.906074e+00 -3.618748e+00 3.959027e-01 -5.151695e+00 -3.230605e+00 -1.843736e+00 1.119582e+01 -3.429462e-01
<VARIANCE> 12
 5.713025e+00 1.883087e+01 1.089568e+01 6.911087e+00 1.905044e+01 6.695773e+00 4.694698e+00 1.820233e+01 9.858329e+00 8.980907e+00 8.099609e+00 6.789843e+00
<GCONST> 4.884148e+01
<STATE> 7
<MEAN> 12
 6.524632e+00 -7.730723e+00 -1.374944e+00 -4.606453e+00 8.568826e+00 -9.151719e+00 -5.282889e-01 -1.139310e+01 5.670777e+00 3.787388e+00 -6.758955e+00 5.095038e+00
<VARIANCE> 12
 5.713025e+00 8.277757e+00 1.684138e+00 9.032958e+00 1.850962e+01 1.940067e+01 4.694698e+00 8.057012e+00 2.810637e+01 4.223691e+00 2.897942e+01 6.789843e+00
<GCONST> 4.820827e+01
<STATE> 8
<MEAN> 12
 8.066435e+00 -1.186610e+01 2.006635e+00 5.077826e+00 -3.506704e+00 4.570508e+00 -1.201926e+00 -2.988174e+00 4.860703e+00 5.074028e+00 -4.508566e-01 8.544654e+00
<VARIANCE> 12
 5.713025e+00 8.277757e+00 3.091448e+00 4.842384e+00 1.429170e+01 1.825112e+01 1.556578e+01 1.643091e+01 9.858329e+00 1.616330e+01 1.863675e+01 1.356284e+01
<GCONST> 5.032857e+01
<TRANSP> 9
 0.000000e+00 1.000000e+00 0.000000e+00 0.000000e+00 0.000000e+00 0.000000e+00 0.000000e+00 0.000000e+00 0.000000e+00
 0.000000e+00 9.151900e-01 8.481001e-02 0.000000e+00 0.000000e+00 0.000000e+00 0.000000e+00 0.000000e+00 0.000000e+00
 0.000000e+00 0.000000e+00 8.104953e-01 1.895047e-01 0.000000e+00 0.000000e+00 0.000000e+00 0.000000e+00 0.000000e+00
 0.000000e+00 0.000000e+00 0.000000e+00 8.568935e-01 1.431065e-01 0.000000e+00 0.000000e+00 0.000000e+00 0.000000e+00
 0.000000e+00 0.000000e+00 0.000000e+00 0.000000e+00 9.161160e-01 8.388403e-02 0.000000e+00 0.000000e+00 0.000000e+00
 0.000000e+00 0.000000e+00 0.000000e+00 0.000000e+00 0.000000e+00 7.514256e-01 2.485745e-01 0.000000e+00 0.000000e+00
 0.000000e+00 0.000000e+00 0.000000e+00 0.000000e+00 0.000000e+00 0.000000e+00 8.569719e-01 1.430281e-01 0.000000e+00
 0.000000e+00 0.000000e+00 0.000000e+00 0.000000e+00 0.000000e+00 0.000000e+00 0.000000e+00 8.889928e-01 1.110072e-01
 0.000000e+00 0.000000e+00 0.000000e+00 0.000000e+00 0.000000e+00 0.000000e+00 0.000000e+00 0.000000e+00 0.000000e+00
<ENDHMM>
