~o
<STREAMINFO> 1 12
<VECSIZE> 12<NULLD><MFCC_Z><DIAGC>
~h "s030"
<BEGINHMM>
<NUMSTATES> 7
<STATE> 2
<MEAN> 12
 1.036603e-08 3.213468e-07 -3.731769e-07 4.146410e-07 2.073205e-08 -2.591506e-07 -1.554904e-07 3.317128e-07 -3.628109e-08 -6.673129e-08 -1.865885e-07 -7.774519e-09
<VARIANCE> 12
 2.174042e+01 4.045086e+01 1.214430e+02 4.935648e+01 2.727925e+01 7.725043e+01 2.946099e+01 1.084594e+02 2.063054e+01 4.637325e+01 4.287317e+01 2.443534e+01
<GCONST> 6.707270e+01
<STATE> 3
<MEAN> 12
 1.036603e-08 3.213468e-07 -3.731769e-07 4.146410e-07 2.073205e-08 -2.591506e-07 -1.554904e-07 3.317128e-07 -3.628109e-08 -6.673129e-08 -1.865885e-07 -7.774519e-09
<VARIANCE> 12
 2.174042e+01 4.045086e+01 1.214430e+02 4.935648e+01 2.727925e+01 7.725043e+01 2.946099e+01 1.084594e+02 2.063054e+01 4.637325e+01 4.287317e+01 2.443534e+01
<GCONST> 6.707270e+01
<STATE> 4
<MEAN> 12
 1.036603e-08 3.213468e-07 -3.731769e-07 4.146410e-07 2.073205e-08 -2.591506e-07 -1.554904e-07 3.317128e-07 -3.628109e-08 -6.673129e-08 -1.865885e-07 -7.774519e-09
<VARIANCE> 12
 2.174042e+01 4.045086e+01 1.214430e+02 4.935648e+01 2.727925e+01 7.725043e+01 2.946099e+01 1.084594e+02 2.063054e+01 4.637325e+01 4.287317e+01 2.443534e+01
<GCONST> 6.707270e+01
<STATE> 5
<MEAN> 12
 1.036603e-08 3.213468e-07 -3.731769e-07 4.146410e-07 2.073205e-08 -2.591506e-07 -1.554904e-07 3.317128e-07 -3.628109e-08 -6.673129e-08 -1.865885e-07 -7.774519e-09
<VARIANCE> 12
 2.174042e+01 4.045086e+01 1.214430e+02 4.935648e+01 2.727925e+01 7.725043e+01 2.946099e+01 1.084594e+02 2.063054e+01 4.637325e+01 4.287317e+01 2.443534e+01
<GCONST> 6.707270e+01
<STATE> 6
<MEAN> 12
 1.036603e-08 3.213468e-07 -3.731769e-07 4.146410e-07 2.073205e-08 -2.591506e-07 -1.554904e-07 3.317128e-07 -3.628109e-08 -6.673129e-08 -1.865885e-07 -7.774519e-09
<VARIANCE> 12
 2.174042e+01 4.045086e+01 1.214430e+02 4.935648e+01 2.727925e+01 7.725043e+01 2.946099e+01 1.084594e+02 2.063054e+01 4.637325e+01 4.287317e+01 2.443534e+01
<GCONST> 6.707270e+01
<TRANSP> 7
 0.000000e+00 1.000000e+00 0.000000e+00 0.000000e+00 0.000000e+00 0.000000e+00 0.000000e+00
 0.000000e+00 9.000000e-01 9.999999e-02 0.000000e+00 0.000000e+00 0.000000e+00 0.000000e+00
 0.000000e+00 0.000000e+00 9.000000e-01 9.999999e-02 0.000000e+00 0.000000e+00 0.000000e+00
 0.000000e+00 0.000000e+00 0.000000e+00 9.000000e-01 9.999999e-02 0.000000e+00 0.000000e+00
 0.000000e+00 0.000000e+00 0.000000e+00 0.000000e+00 9.000000e-01 9.999999e-02 0.000000e+00
 0.000000e+00 0.000000e+00 0.000000e+00 0.000000e+00 0.000000e+00 9.000000e-01 9.999999e-02
 0.000000e+00 0.000000e+00 0.000000e+00 0.000000e+00 0.000000e+00 0.000000e+00 0.000000e+00
<ENDHMM>
