~o
<STREAMINFO> 1 12
<VECSIZE> 12<NULLD><MFCC_Z><DIAGC>
~h "s045"
<BEGINHMM>
<NUMSTATES> 8
<STATE> 2
<MEAN> 12
 1.558891e-07 4.309874e-07 3.759678e-07 3.484579e-07 -1.375492e-07 7.335956e-07 -1.650590e-07 -2.200787e-07 -1.375492e-08 -2.521735e-08 1.100393e-07 -2.567585e-07
<VARIANCE> 12
 2.488205e+01 4.889478e+01 3.888904e+01 1.014617e+02 3.027452e+01 4.999182e+01 1.384576e+02 1.015931e+02 2.179353e+01 2.977893e+01 2.642254e+01 2.139067e+01
<GCONST> 6.712503e+01
<STATE> 3
<MEAN> 12
 1.558891e-07 4.309874e-07 3.759678e-07 3.484579e-07 -1.375492e-07 7.335956e-07 -1.650590e-07 -2.200787e-07 -1.375492e-08 -2.521735e-08 1.100393e-07 -2.567585e-07
<VARIANCE> 12
 2.488205e+01 4.889478e+01 3.888904e+01 1.014617e+02 3.027452e+01 4.999182e+01 1.384576e+02 1.015931e+02 2.179353e+01 2.977893e+01 2.642254e+01 2.139067e+01
<GCONST> 6.712503e+01
<STATE> 4
<MEAN> 12
 1.558891e-07 4.309874e-07 3.759678e-07 3.484579e-07 -1.375492e-07 7.335956e-07 -1.650590e-07 -2.200787e-07 -1.375492e-08 -2.521735e-08 1.100393e-07 -2.567585e-07
<VARIANCE> 12
 2.488205e+01 4.889478e+01 3.888904e+01 1.014617e+02 3.027452e+01 4.999182e+01 1.384576e+02 1.015931e+02 2.179353e+01 2.977893e+01 2.642254e+01 2.139067e+01
<GCONST> 6.712503e+01
<STATE> 5
<MEAN> 12
 1.558891e-07 4.309874e-07 3.759678e-07 3.484579e-07 -1.375492e-07 7.335956e-07 -1.650590e-07 -2.200787e-07 -1.375492e-08 -2.521735e-08 1.100393e-07 -2.567585e-07
<VARIANCE> 12
 2.488205e+01 4.889478e+01 3.888904e+01 1.014617e+02 3.027452e+01 4.999182e+01 1.384576e+02 1.015931e+02 2.179353e+01 2.977893e+01 2.642254e+01 2.139067e+01
<GCONST> 6.712503e+01
<STATE> 6
<MEAN> 12
 1.558891e-07 4.309874e-07 3.759678e-07 3.484579e-07 -1.375492e-07 7.335956e-07 -1.650590e-07 -2.200787e-07 -1.375492e-08 -2.521735e-08 1.100393e-07 -2.567585e-07
<VARIANCE> 12
 2.488205e+01 4.889478e+01 3.888904e+01 1.014617e+02 3.027452e+01 4.999182e+01 1.384576e+02 1.015931e+02 2.179353e+01 2.977893e+01 2.642254e+01 2.139067e+01
<GCONST> 6.712503e+01
<STATE> 7
<MEAN> 12
 1.558891e-07 4.309874e-07 3.759678e-07 3.484579e-07 -1.375492e-07 7.335956e-07 -1.650590e-07 -2.200787e-07 -1.375492e-08 -2.521735e-08 1.100393e-07 -2.567585e-07
<VARIANCE> 12
 2.488205e+01 4.889478e+01 3.888904e+01 1.014617e+02 3.027452e+01 4.999182e+01 1.384576e+02 1.015931e+02 2.179353e+01 2.977893e+01 2.642254e+01 2.139067e+01
<GCONST> 6.712503e+01
<TRANSP> 8
 0.000000e+00 1.000000e+00 0.000000e+00 0.000000e+00 0.000000e+00 0.000000e+00 0.000000e+00 0.000000e+00
 0.000000e+00 9.000000e-01 9.999999e-02 0.000000e+00 0.000000e+00 0.000000e+00 0.000000e+00 0.000000e+00
 0.000000e+00 0.000000e+00 9.000000e-01 9.999999e-02 0.000000e+00 0.000000e+00 0.000000e+00 0.000000e+00
 0.000000e+00 0.000000e+00 0.000000e+00 9.000000e-01 9.999999e-02 0.000000e+00 0.000000e+00 0.000000e+00
 0.000000e+00 0.000000e+00 0.000000e+00 0.000000e+00 9.000000e-01 9.999999e-02 0.000000e+00 0.000000e+00
 0.000000e+00 0.000000e+00 0.000000e+00 0.000000e+00 0.000000e+00 9.000000e-01 9.999999e-02 0.000000e+00
 0.000000e+00 0.000000e+00 0.000000e+00 0.000000e+00 0.000000e+00 0.000000e+00 9.000000e-01 9.999999e-02
 0.000000e+00 0.000000e+00 0.000000e+00 0.000000e+00 0.000000e+00 0.000000e+00 0.000000e+00 0.000000e+00
<ENDHMM>
