~o
<STREAMINFO> 1 12
<VECSIZE> 12<NULLD><MFCC_Z><DIAGC>
~h "s003"
<BEGINHMM>
<NUMSTATES> 10
<STATE> 2
<MEAN> 12
 -3.130845e+00 2.888985e+00 -2.043126e+00 -7.358025e+00 -5.442889e+00 3.224385e+00 -7.708427e-01 6.270128e-01 -1.878435e+00 -5.468224e+00 -3.153658e+00 1.056319e+00
<VARIANCE> 12
 5.510506e+00 3.979077e+01 1.050783e+01 1.761324e+01 1.229247e+01 2.357092e+01 2.506358e+01 1.594546e+01 1.810200e+01 1.841486e+01 4.740839e+01 2.947097e+01
<GCONST> 5.737656e+01
<STATE> 3
<MEAN> 12
 -3.029423e+00 7.530541e+00 -1.736336e+00 -4.683040e+00 -4.215854e+00 -4.915148e-01 -3.603581e+00 7.790198e-02 -1.074757e-01 -3.365832e+00 1.137101e+00 -2.428382e+00
<VARIANCE> 12
 9.467355e+00 2.369594e+01 1.050783e+01 3.677012e+01 2.991331e+01 1.960907e+01 2.726050e+01 2.992352e+01 2.094288e+01 2.732542e+01 1.895589e+01 2.406515e+01
<GCONST> 5.897536e+01
<STATE> 4
<MEAN> 12
 -2.056173e+00 6.487724e+00 -9.516556e-01 -2.622626e+00 -1.396059e+00 -2.003601e+00 -3.599639e+00 -6.269130e-01 -7.362626e-01 -4.996280e-01 1.130196e+00 -1.862755e+00
<VARIANCE> 12
 1.857575e+01 3.979531e+01 1.053822e+01 4.168227e+01 3.920778e+01 2.760016e+01 2.718319e+01 3.684043e+01 2.692968e+01 2.811320e+01 1.444754e+01 2.242117e+01
<GCONST> 6.105110e+01
<STATE> 5
<MEAN> 12
 1.804927e-01 2.533753e+00 -1.492584e+00 -1.699601e+00 1.072618e+00 -3.834710e+00 -3.341276e+00 -2.834897e-01 -7.711995e-01 1.149099e+00 3.045181e-01 1.628757e-01
<VARIANCE> 12
 2.325085e+01 5.122137e+01 1.684329e+01 4.544405e+01 4.044897e+01 4.066965e+01 2.706207e+01 3.253830e+01 2.404465e+01 2.731034e+01 1.576744e+01 2.504284e+01
<GCONST> 6.242925e+01
<STATE> 6
<MEAN> 12
 2.730547e+00 -1.564378e+00 -3.122411e+00 3.796357e-01 3.394621e+00 -5.352390e+00 -2.760945e+00 -2.151474e-01 1.763390e-01 1.467781e+00 -4.905785e-01 2.191493e+00
<VARIANCE> 12
 1.608402e+01 3.507280e+01 2.499945e+01 5.144387e+01 4.096095e+01 4.572734e+01 3.422945e+01 2.412175e+01 2.114881e+01 2.809059e+01 1.966992e+01 2.798983e+01
<GCONST> 6.249858e+01
<STATE> 7
<MEAN> 12
 4.286741e+00 -4.629124e+00 -3.099348e+00 3.890045e+00 4.699580e+00 -3.657047e+00 1.166140e-02 -2.954628e-01 5.193134e-01 6.336209e-01 -7.192608e-01 2.975540e+00
<VARIANCE> 12
 8.231229e+00 1.867024e+01 4.578487e+01 4.818129e+01 4.329519e+01 7.215749e+01 5.004745e+01 1.874251e+01 2.391930e+01 3.007347e+01 2.363065e+01 3.272477e+01
<GCONST> 6.290798e+01
<STATE> 8
<MEAN> 12
 3.467260e+00 -6.622046e+00 1.837617e+00 6.455080e+00 2.859957e+00 2.545322e+00 4.871836e+00 1.472709e-01 2.922399e-01 7.428398e-01 2.862817e-02 7.412609e-01
<VARIANCE> 12
 2.063821e+01 1.222327e+01 9.269881e+01 2.769361e+01 5.495914e+01 1.110389e+02 4.951968e+01 2.030286e+01 3.067030e+01 3.400298e+01 2.161103e+01 4.217513e+01
<GCONST> 6.482994e+01
<STATE> 9
<MEAN> 12
 -2.448661e+00 -6.625532e+00 1.060793e+01 5.638434e+00 -9.719957e-01 9.569642e+00 9.192879e+00 5.688934e-01 2.505486e+00 5.340400e+00 1.763021e+00 -2.836328e+00
<VARIANCE> 12
 5.394320e+01 1.134157e+01 7.373291e+01 1.369131e+01 3.790313e+01 6.428139e+01 2.501038e+01 2.096504e+01 2.903266e+01 4.342572e+01 1.747426e+01 2.471923e+01
<GCONST> 6.265638e+01
<TRANSP> 10
 0.000000e+00 1.000000e+00 0.000000e+00 0.000000e+00 0.000000e+00 0.000000e+00 0.000000e+00 0.000000e+00 0.000000e+00 0.000000e+00
 0.000000e+00 8.688524e-01 1.311475e-01 0.000000e+00 0.000000e+00 0.000000e+00 0.000000e+00 0.000000e+00 0.000000e+00 0.000000e+00
 0.000000e+00 0.000000e+00 8.688524e-01 1.311475e-01 0.000000e+00 0.000000e+00 0.000000e+00 0.000000e+00 0.000000e+00 0.000000e+00
 0.000000e+00 0.000000e+00 0.000000e+00 8.688525e-01 1.311476e-01 0.000000e+00 0.000000e+00 0.000000e+00 0.000000e+00 0.000000e+00
 0.000000e+00 0.000000e+00 0.000000e+00 0.000000e+00 8.688524e-01 1.311475e-01 0.000000e+00 0.000000e+00 0.000000e+00 0.000000e+00
 0.000000e+00 0.000000e+00 0.000000e+00 0.000000e+00 0.000000e+00 8.688525e-01 1.311475e-01 0.000000e+00 0.000000e+00 0.000000e+00
 0.000000e+00 0.000000e+00 0.000000e+00 0.000000e+00 0.000000e+00 0.000000e+00 8.688524e-01 1.311475e-01 0.000000e+00 0.000000e+00
 0.000000e+00 0.000000e+00 0.000000e+00 0.000000e+00 0.000000e+00 0.000000e+00 0.000000e+00 8.688525e-01 1.311475e-01 0.000000e+00
 0.000000e+00 0.000000e+00 0.000000e+00 0.000000e+00 0.000000e+00 0.000000e+00 0.000000e+00 0.000000e+00 8.688524e-01 1.311475e-01
 0.000000e+00 0.000000e+00 0.000000e+00 0.000000e+00 0.000000e+00 0.000000e+00 0.000000e+00 0.000000e+00 0.000000e+00 0.000000e+00
<ENDHMM>
