~o
<STREAMINFO> 1 12
<VECSIZE> 12<NULLD><MFCC_Z><DIAGC>
~h "s077"
<BEGINHMM>
<NUMSTATES> 7
<STATE> 2
<MEAN> 12
 2.857702e+00 -1.411990e+00 -6.756089e+00 9.712504e+00 1.423579e+00 -1.013148e+01 2.247919e+00 5.265350e+00 1.309902e+00 -1.721499e+00 -1.956792e+00 -9.460897e-01
<VARIANCE> 12
 1.174507e+01 1.451174e+01 4.011790e+01 7.065842e+01 2.922328e+01 5.110459e+01 2.321051e+01 3.527847e+01 5.964082e+01 1.972633e+01 1.808987e+01 9.298925e+00
<GCONST> 6.135487e+01
<STATE> 3
<MEAN> 12
 3.999544e-01 1.058795e+00 -1.703637e+00 1.405846e+00 -2.771707e+00 -4.005625e+00 3.063853e+00 1.481195e+00 -2.194482e+00 -3.596159e-01 9.410301e-01 -1.507918e+00
<VARIANCE> 12
 1.019340e+01 5.218397e+01 4.941952e+01 5.487473e+01 2.716979e+01 5.925920e+01 3.399709e+01 4.580632e+01 5.655400e+01 2.261349e+01 5.531572e+01 1.829648e+01
<GCONST> 6.504467e+01
<STATE> 4
<MEAN> 12
 -1.171620e+00 4.164076e+00 2.114745e+00 -3.530952e+00 -2.858401e+00 9.608659e-01 -1.976034e-03 2.115899e+00 1.889542e-01 -6.089257e-02 3.660163e+00 -1.936415e+00
<VARIANCE> 12
 1.116122e+01 7.141952e+01 1.667870e+01 3.580769e+01 2.172674e+01 3.127646e+01 3.574166e+01 6.242999e+01 4.898800e+01 1.482310e+01 6.905205e+01 3.460501e+01
<GCONST> 6.372623e+01
<STATE> 5
<MEAN> 12
 -2.206597e+00 1.404250e+00 3.033767e+00 -5.304795e+00 2.728659e-01 4.957068e+00 -3.031331e+00 3.578680e-01 2.105694e+00 5.512624e-01 1.322445e+00 9.205676e-01
<VARIANCE> 12
 8.782897e+00 8.619434e+01 7.360169e+00 2.666824e+01 2.347010e+01 2.383486e+01 1.847885e+01 1.004243e+02 3.022700e+01 1.405336e+01 6.888021e+01 5.233907e+01
<GCONST> 6.205811e+01
<STATE> 6
<MEAN> 12
 1.205668e-01 -5.215115e+00 3.311244e+00 -2.282618e+00 3.933632e+00 8.219188e+00 -2.278428e+00 -9.220291e+00 -1.410123e+00 1.590715e+00 -3.966816e+00 3.469862e+00
<VARIANCE> 12
 1.513636e+01 4.744656e+01 7.360169e+00 2.666568e+01 1.757532e+01 1.551285e+01 2.426422e+01 1.107557e+02 3.519364e+01 1.187188e+01 3.806102e+01 3.180113e+01
<GCONST> 6.054892e+01
<TRANSP> 7
 0.000000e+00 1.000000e+00 0.000000e+00 0.000000e+00 0.000000e+00 0.000000e+00 0.000000e+00
 0.000000e+00 8.913043e-01 1.086956e-01 0.000000e+00 0.000000e+00 0.000000e+00 0.000000e+00
 0.000000e+00 0.000000e+00 8.913043e-01 1.086956e-01 0.000000e+00 0.000000e+00 0.000000e+00
 0.000000e+00 0.000000e+00 0.000000e+00 8.913043e-01 1.086956e-01 0.000000e+00 0.000000e+00
 0.000000e+00 0.000000e+00 0.000000e+00 0.000000e+00 8.913043e-01 1.086956e-01 0.000000e+00
 0.000000e+00 0.000000e+00 0.000000e+00 0.000000e+00 0.000000e+00 8.913044e-01 1.086957e-01
 0.000000e+00 0.000000e+00 0.000000e+00 0.000000e+00 0.000000e+00 0.000000e+00 0.000000e+00
<ENDHMM>
