~o
<STREAMINFO> 1 12
<VECSIZE> 12<NULLD><MFCC_Z><DIAGC>
~h "s055"
<BEGINHMM>
<NUMSTATES> 8
<STATE> 2
<MEAN> 12
 -1.291434e-07 -1.788139e-07 7.152557e-07 1.986822e-08 -2.980232e-07 -2.582868e-07 7.351239e-07 9.934107e-08 1.986822e-08 2.284845e-07 1.986821e-07 -4.967054e-09
<VARIANCE> 12
 2.356187e+01 2.144444e+01 7.444106e+01 1.336054e+02 3.041492e+01 4.829029e+01 3.059844e+01 9.005249e+01 4.110233e+01 3.384724e+01 1.382440e+01 3.167557e+01
<GCONST> 6.601793e+01
<STATE> 3
<MEAN> 12
 -1.291434e-07 -1.788139e-07 7.152557e-07 1.986822e-08 -2.980232e-07 -2.582868e-07 7.351239e-07 9.934107e-08 1.986822e-08 2.284845e-07 1.986821e-07 -4.967054e-09
<VARIANCE> 12
 2.356187e+01 2.144444e+01 7.444106e+01 1.336054e+02 3.041492e+01 4.829029e+01 3.059844e+01 9.005249e+01 4.110233e+01 3.384724e+01 1.382440e+01 3.167557e+01
<GCONST> 6.601793e+01
<STATE> 4
<MEAN> 12
 -1.291434e-07 -1.788139e-07 7.152557e-07 1.986822e-08 -2.980232e-07 -2.582868e-07 7.351239e-07 9.934107e-08 1.986822e-08 2.284845e-07 1.986821e-07 -4.967054e-09
<VARIANCE> 12
 2.356187e+01 2.144444e+01 7.444106e+01 1.336054e+02 3.041492e+01 4.829029e+01 3.059844e+01 9.005249e+01 4.110233e+01 3.384724e+01 1.382440e+01 3.167557e+01
<GCONST> 6.601793e+01
<STATE> 5
<MEAN> 12
 -1.291434e-07 -1.788139e-07 7.152557e-07 1.986822e-08 -2.980232e-07 -2.582868e-07 7.351239e-07 9.934107e-08 1.986822e-08 2.284845e-07 1.986821e-07 -4.967054e-09
<VARIANCE> 12
 2.356187e+01 2.144444e+01 7.444106e+01 1.336054e+02 3.041492e+01 4.829029e+01 3.059844e+01 9.005249e+01 4.110233e+01 3.384724e+01 1.382440e+01 3.167557e+01
<GCONST> 6.601793e+01
<STATE> 6
<MEAN> 12
 -1.291434e-07 -1.788139e-07 7.152557e-07 1.986822e-08 -2.980232e-07 -2.582868e-07 7.351239e-07 9.934107e-08 1.986822e-08 2.284845e-07 1.986821e-07 -4.967054e-09
<VARIANCE> 12
 2.356187e+01 2.144444e+01 7.444106e+01 1.336054e+02 3.041492e+01 4.829029e+01 3.059844e+01 9.005249e+01 4.110233e+01 3.384724e+01 1.382440e+01 3.167557e+01
<GCONST> 6.601793e+01
<STATE> 7
<MEAN> 12
 -1.291434e-07 -1.788139e-07 7.152557e-07 1.986822e-08 -2.980232e-07 -2.582868e-07 7.351239e-07 9.934107e-08 1.986822e-08 2.284845e-07 1.986821e-07 -4.967054e-09
<VARIANCE> 12
 2.356187e+01 2.144444e+01 7.444106e+01 1.336054e+02 3.041492e+01 4.829029e+01 3.059844e+01 9.005249e+01 4.110233e+01 3.384724e+01 1.382440e+01 3.167557e+01
<GCONST> 6.601793e+01
<TRANSP> 8
 0.000000e+00 1.000000e+00 0.000000e+00 0.000000e+00 0.000000e+00 0.000000e+00 0.000000e+00 0.000000e+00
 0.000000e+00 9.000000e-01 9.999999e-02 0.000000e+00 0.000000e+00 0.000000e+00 0.000000e+00 0.000000e+00
 0.000000e+00 0.000000e+00 9.000000e-01 9.999999e-02 0.000000e+00 0.000000e+00 0.000000e+00 0.000000e+00
 0.000000e+00 0.000000e+00 0.000000e+00 9.000000e-01 9.999999e-02 0.000000e+00 0.000000e+00 0.000000e+00
 0.000000e+00 0.000000e+00 0.000000e+00 0.000000e+00 9.000000e-01 9.999999e-02 0.000000e+00 0.000000e+00
 0.000000e+00 0.000000e+00 0.000000e+00 0.000000e+00 0.000000e+00 9.000000e-01 9.999999e-02 0.000000e+00
 0.000000e+00 0.000000e+00 0.000000e+00 0.000000e+00 0.000000e+00 0.000000e+00 9.000000e-01 9.999999e-02
 0.000000e+00 0.000000e+00 0.000000e+00 0.000000e+00 0.000000e+00 0.000000e+00 0.000000e+00 0.000000e+00
<ENDHMM>
