~o
<STREAMINFO> 1 12
<VECSIZE> 12<NULLD><MFCC_Z><DIAGC>
~h "s049"
<BEGINHMM>
<NUMSTATES> 11
<STATE> 2
<MEAN> 12
 -1.265057e+01 2.237528e+00 2.913369e-01 6.049199e+00 4.863742e+00 7.348594e+00 9.368912e-01 3.024176e+00 1.031351e+01 3.365159e-01 4.896721e+00 -7.898452e-01
<VARIANCE> 12
 6.689128e+00 2.675436e+01 1.258578e+01 2.774646e+01 1.838768e+01 2.329663e+01 2.679269e+01 1.483046e+01 4.229300e+01 2.155945e+01 1.933706e+01 9.330059e+00
<GCONST> 5.715289e+01
<STATE> 3
<MEAN> 12
 2.502305e+00 -7.435344e+00 -5.676229e+00 1.185275e+01 9.575714e+00 -8.393920e+00 -6.433595e+00 2.483075e+00 -2.845261e+00 5.414785e-01 3.156855e+00 -7.905906e-01
<VARIANCE> 12
 1.139852e+01 1.682336e+01 2.983377e+01 1.690215e+01 1.838768e+01 5.873510e+01 1.175331e+01 7.592146e+00 8.618628e+00 2.506672e+01 1.756032e+01 8.816803e+00
<GCONST> 5.542760e+01
<STATE> 4
<MEAN> 12
 5.787138e+00 -1.675451e+00 -1.547823e+01 1.797264e+00 4.731803e+00 -9.938915e+00 -8.708196e+00 3.031657e+00 1.279835e+00 -6.388797e+00 -7.783204e+00 -3.619755e-01
<VARIANCE> 12
 6.689128e+00 4.652091e+00 1.258578e+01 2.901701e+01 1.838768e+01 3.431335e+01 1.175331e+01 1.763396e+01 1.261093e+01 2.319932e+01 3.527069e+01 6.350040e+00
<GCONST> 5.426416e+01
<STATE> 5
<MEAN> 12
 5.218112e+00 -3.216536e-01 -1.194520e+00 -4.962730e+00 -8.278716e+00 -6.087543e+00 -5.534910e+00 5.760308e+00 -5.287580e+00 -8.853081e+00 -2.311924e+00 -4.082310e+00
<VARIANCE> 12
 2.009973e+01 4.652091e+00 2.375886e+01 9.908639e+00 1.838768e+01 2.999862e+01 1.175331e+01 7.592146e+00 1.122283e+01 2.074880e+01 4.039986e+01 1.938481e+01
<GCONST> 5.497174e+01
<STATE> 6
<MEAN> 12
 -2.926571e+00 3.699086e+00 7.326660e+00 -5.292169e+00 -7.612068e+00 2.593597e+00 -3.677022e+00 9.465604e-01 -3.747056e-01 2.163697e+00 -5.384347e+00 -2.825953e+00
<VARIANCE> 12
 1.282636e+01 8.239727e+00 1.258578e+01 9.908639e+00 4.238774e+01 2.329663e+01 1.608398e+01 2.953211e+01 2.051249e+01 1.785817e+01 8.828893e+00 2.399934e+01
<GCONST> 5.585899e+01
<STATE> 7
<MEAN> 12
 2.546320e+00 -1.102847e+00 4.830907e+00 -6.195243e+00 -1.378230e+01 -1.183429e+01 1.088096e+01 -4.260640e-02 3.138383e-01 -3.024122e+00 3.096425e+00 -5.797422e+00
<VARIANCE> 12
 6.689128e+00 4.652091e+00 1.258578e+01 3.206063e+01 6.069045e+01 6.825640e+01 4.862695e+01 2.196302e+01 6.779529e+01 9.700166e+00 4.148449e+01 9.395917e+00
<GCONST> 5.924935e+01
<STATE> 8
<MEAN> 12
 -2.835923e+00 -4.779402e+00 -5.927082e+00 -9.168786e-01 -2.200712e+00 1.868180e+00 8.554094e+00 -1.067786e+01 -3.064015e+00 8.402266e+00 1.550999e+00 1.712599e+00
<VARIANCE> 12
 6.689128e+00 4.652091e+00 1.258578e+01 9.908639e+00 1.838768e+01 2.329663e+01 4.012975e+01 7.592146e+00 1.001476e+01 1.350182e+01 7.788288e+00 1.845913e+01
<GCONST> 5.197259e+01
<STATE> 9
<MEAN> 12
 -5.949070e-01 -4.773208e-01 1.558786e+00 -1.011243e+00 4.481826e+00 1.089330e+01 -2.192537e-01 -1.263681e+01 -7.835408e-01 8.134875e+00 3.045335e+00 6.835181e+00
<VARIANCE> 12
 6.689128e+00 4.652091e+00 1.258578e+01 9.908639e+00 1.838768e+01 2.329663e+01 1.175331e+01 7.592146e+00 2.854627e+01 3.934451e+01 2.800646e+01 1.370531e+01
<GCONST> 5.384364e+01
<STATE> 10
<MEAN> 12
 2.470648e+00 4.952435e+00 6.089102e+00 -1.004638e+00 7.271974e+00 1.260438e+01 1.958376e+00 1.216387e+00 -2.103587e+00 6.532556e-01 7.397771e-01 6.570477e+00
<VARIANCE> 12
 6.689128e+00 4.652091e+00 1.258578e+01 1.462671e+01 2.128263e+01 2.329663e+01 1.175331e+01 8.216448e+00 2.490508e+01 8.557168e+00 8.100630e+00 1.672972e+01
<GCONST> 5.175519e+01
<TRANSP> 11
 0.000000e+00 1.000000e+00 0.000000e+00 0.000000e+00 0.000000e+00 0.000000e+00 0.000000e+00 0.000000e+00 0.000000e+00 0.000000e+00 0.000000e+00
 0.000000e+00 8.713570e-01 1.286430e-01 0.000000e+00 0.000000e+00 0.000000e+00 0.000000e+00 0.000000e+00 0.000000e+00 0.000000e+00 0.000000e+00
 0.000000e+00 0.000000e+00 8.801058e-01 1.198942e-01 0.000000e+00 0.000000e+00 0.000000e+00 0.000000e+00 0.000000e+00 0.000000e+00 0.000000e+00
 0.000000e+00 0.000000e+00 0.000000e+00 8.774325e-01 1.225675e-01 0.000000e+00 0.000000e+00 0.000000e+00 0.000000e+00 0.000000e+00 0.000000e+00
 0.000000e+00 0.000000e+00 0.000000e+00 0.000000e+00 7.570474e-01 2.429526e-01 0.000000e+00 0.000000e+00 0.000000e+00 0.000000e+00 0.000000e+00
 0.000000e+00 0.000000e+00 0.000000e+00 0.000000e+00 0.000000e+00 9.025549e-01 9.744511e-02 0.000000e+00 0.000000e+00 0.000000e+00 0.000000e+00
 0.000000e+00 0.000000e+00 0.000000e+00 0.000000e+00 0.000000e+00 0.000000e+00 9.033759e-01 9.662407e-02 0.000000e+00 0.000000e+00 0.000000e+00
 0.000000e+00 0.000000e+00 0.000000e+00 0.000000e+00 0.000000e+00 0.000000e+00 0.000000e+00 8.007072e-01 1.992927e-01 0.000000e+00 0.000000e+00
 0.000000e+00 0.000000e+00 0.000000e+00 0.000000e+00 0.000000e+00 0.000000e+00 0.000000e+00 0.000000e+00 7.992675e-01 2.007325e-01 0.000000e+00
 0.000000e+00 0.000000e+00 0.000000e+00 0.000000e+00 0.000000e+00 0.000000e+00 0.000000e+00 0.000000e+00 0.000000e+00 9.166666e-01 8.333334e-02
 0.000000e+00 0.000000e+00 0.000000e+00 0.000000e+00 0.000000e+00 0.000000e+00 0.000000e+00 0.000000e+00 0.000000e+00 0.000000e+00 0.000000e+00
<ENDHMM>
