~o
<STREAMINFO> 1 12
<VECSIZE> 12<NULLD><MFCC_Z><DIAGC>
~h "s026"
<BEGINHMM>
<NUMSTATES> 8
<STATE> 2
<MEAN> 12
 -3.238756e+00 -6.103186e+00 -1.016304e+01 8.492558e+00 -9.563546e+00 -9.501188e+00 5.957024e+00 4.521239e+00 -4.375479e+00 -1.086731e+01 -5.904593e+00 -3.532146e+00
<VARIANCE> 12
 4.737043e+00 4.124204e+00 1.695653e+01 8.242995e+00 3.021984e+01 2.710482e+01 2.337419e+01 4.736475e+01 1.166266e+01 5.425999e+01 6.173958e+00 2.850054e+01
<GCONST> 5.530499e+01
<STATE> 3
<MEAN> 12
 4.945391e+00 -2.268627e+00 -9.187910e+00 1.525635e+00 4.551184e+00 -1.207407e+01 3.640754e+00 -1.635433e-01 3.195306e-01 -4.077758e+00 -1.349164e-01 9.634473e+00
<VARIANCE> 12
 4.219563e+00 4.124204e+00 1.695653e+01 3.056450e+01 7.069381e+00 1.911311e+01 7.943977e+00 1.837284e+01 2.130867e+01 3.175500e+01 6.173958e+00 1.545512e+01
<GCONST> 5.212650e+01
<STATE> 4
<MEAN> 12
 2.771432e+00 4.244049e+00 1.047121e+01 -6.948474e+00 7.192113e-01 6.193497e+00 -8.596493e+00 7.355399e+00 4.011539e+00 -2.233986e+00 7.351299e+00 -4.137177e+00
<VARIANCE> 12
 4.219563e+00 4.124204e+00 3.765495e+01 8.242995e+00 9.786585e+00 1.911311e+01 1.242323e+01 1.849321e+01 3.985943e+01 1.351573e+01 1.134036e+01 1.889998e+01
<GCONST> 5.297406e+01
<STATE> 5
<MEAN> 12
 -2.084989e+00 4.632642e+00 9.524521e+00 -6.459320e+00 7.302551e-01 1.205330e+01 3.124477e+00 3.876875e+00 -4.724344e+00 1.083576e+00 -1.039097e+00 -4.628453e+00
<VARIANCE> 12
 4.219563e+00 4.124204e+00 1.695653e+01 8.242995e+00 1.550021e+01 1.911311e+01 1.719436e+01 1.728137e+01 5.279465e+01 1.351573e+01 6.173958e+00 4.319655e+01
<GCONST> 5.339295e+01
<STATE> 6
<MEAN> 12
 -6.876075e+00 5.492505e-03 1.476516e-01 3.305003e+00 6.431698e+00 9.288138e+00 1.953263e+00 -4.465372e+00 -7.226768e+00 1.039920e+01 -3.105630e+00 5.223460e+00
<VARIANCE> 12
 4.219563e+00 4.124204e+00 1.695653e+01 9.775631e+00 7.069381e+00 1.911311e+01 7.943977e+00 1.406862e+01 1.102339e+01 1.351573e+01 6.332680e+00 8.808372e+00
<GCONST> 4.866948e+01
<STATE> 7
<MEAN> 12
 1.551306e+00 -1.272093e+00 -3.521186e+00 2.010278e+00 -9.774065e-01 -4.387527e+00 -2.641934e-01 -1.172445e+01 6.064981e+00 6.917979e+00 -1.256200e+00 3.098872e-01
<VARIANCE> 12
 2.490582e+01 2.150075e+01 1.695653e+01 9.102310e+00 7.069381e+00 2.309609e+01 1.340386e+01 2.192165e+01 2.527310e+01 1.475057e+01 2.402674e+01 8.808372e+00
<GCONST> 5.543124e+01
<TRANSP> 8
 0.000000e+00 1.000000e+00 0.000000e+00 0.000000e+00 0.000000e+00 0.000000e+00 0.000000e+00 0.000000e+00
 0.000000e+00 8.750769e-01 1.249231e-01 0.000000e+00 0.000000e+00 0.000000e+00 0.000000e+00 0.000000e+00
 0.000000e+00 0.000000e+00 8.570260e-01 1.429740e-01 0.000000e+00 0.000000e+00 0.000000e+00 0.000000e+00
 0.000000e+00 0.000000e+00 0.000000e+00 9.152902e-01 8.470984e-02 0.000000e+00 0.000000e+00 0.000000e+00
 0.000000e+00 0.000000e+00 0.000000e+00 0.000000e+00 8.293119e-01 1.706881e-01 0.000000e+00 0.000000e+00
 0.000000e+00 0.000000e+00 0.000000e+00 0.000000e+00 0.000000e+00 8.453944e-01 1.546056e-01 0.000000e+00
 0.000000e+00 0.000000e+00 0.000000e+00 0.000000e+00 0.000000e+00 0.000000e+00 8.986734e-01 1.013266e-01
 0.000000e+00 0.000000e+00 0.000000e+00 0.000000e+00 0.000000e+00 0.000000e+00 0.000000e+00 0.000000e+00
<ENDHMM>
