~o
<STREAMINFO> 1 12
<VECSIZE> 12<NULLD><MFCC_Z><DIAGC>
~h "s050"
<BEGINHMM>
<NUMSTATES> 12
<STATE> 2
<MEAN> 12
 8.534980e-01 5.579721e+00 8.908043e+00 -2.693810e+00 -5.663953e+00 2.368865e+00 -8.382958e-01 -1.710889e+00 2.167339e+00 9.631217e-01 1.588164e+00 1.717864e+00
<VARIANCE> 12
 7.460888e+00 1.043726e+01 1.425175e+01 5.625896e+01 1.352268e+01 1.234354e+01 1.166261e+01 1.679243e+01 3.072901e+01 3.414450e+01 7.210805e+01 1.588786e+01
<GCONST> 5.749078e+01
<STATE> 3
<MEAN> 12
 -3.007018e+00 1.136262e+01 2.081512e+00 -2.656217e+00 -6.449387e-01 -2.663014e+00 1.984125e+00 1.040809e-01 2.284752e+00 -1.991403e+00 5.660796e+00 -6.025780e+00
<VARIANCE> 12
 4.882039e+00 1.043726e+01 8.955056e+00 1.259875e+01 2.313231e+01 4.960748e+00 3.938953e+01 8.064984e+00 1.556158e+01 9.150370e+00 1.649626e+01 6.155579e+00
<GCONST> 5.079420e+01
<STATE> 4
<MEAN> 12
 -9.606592e+00 2.759775e+00 1.780579e+00 5.545336e+00 8.158237e+00 3.069297e+00 8.920721e+00 7.697290e-01 2.943224e-01 -3.600008e+00 -1.020991e+00 -9.906554e-01
<VARIANCE> 12
 2.876433e+01 3.697770e+01 8.955056e+00 3.758033e+01 5.387862e+01 9.612288e+00 1.573608e+01 1.686393e+01 1.012461e+01 6.759135e+00 4.871128e+01 1.337122e+01
<GCONST> 5.737846e+01
<STATE> 5
<MEAN> 12
 -2.528582e+00 -1.397041e+01 -5.065930e+00 3.551474e+00 3.228928e+00 -3.728877e-01 7.271863e+00 -1.516007e+00 -9.906866e+00 2.758579e+00 -5.253388e+00 -3.215298e+00
<VARIANCE> 12
 4.882039e+00 2.519688e+01 4.405907e+01 2.382967e+01 2.009748e+01 1.802677e+01 9.188202e+00 8.064984e+00 6.047361e+01 5.564155e+01 2.331162e+01 7.681922e+00
<GCONST> 5.733014e+01
<STATE> 6
<MEAN> 12
 4.476226e-01 -1.236762e+01 -1.531569e+01 1.154795e+01 5.297757e+00 -8.266998e+00 3.487466e+00 6.459708e+00 -1.715675e+00 -3.499979e+00 -1.049264e+01 -1.518704e+00
<VARIANCE> 12
 4.882039e+00 1.043726e+01 1.246105e+01 1.660811e+01 9.791522e+00 1.781305e+01 2.807985e+01 1.843089e+01 4.957446e+01 4.285832e+01 5.090231e+01 3.743180e+00
<GCONST> 5.563972e+01
<STATE> 7
<MEAN> 12
 2.965720e+00 -9.175730e+00 -6.893730e+00 4.891881e+00 -1.595081e+00 -7.521394e+00 -2.917520e+00 1.214799e+01 -5.983945e+00 2.076176e+00 2.519054e+00 -1.636109e+00
<VARIANCE> 12
 4.882039e+00 1.043726e+01 5.882312e+01 2.977402e+01 1.611821e+01 2.483546e+01 5.499781e+01 1.431921e+01 3.164885e+01 2.634557e+01 9.756438e+01 3.857423e+00
<GCONST> 5.877127e+01
<STATE> 8
<MEAN> 12
 1.343197e-01 -1.348675e+00 8.564159e+00 -1.157367e+01 -5.554168e+00 3.000152e+00 -1.337477e+01 7.157598e+00 5.103194e+00 -4.193334e+00 6.514799e+00 -1.655308e+00
<VARIANCE> 12
 4.882039e+00 1.919289e+01 8.955056e+00 2.467785e+01 1.014740e+01 1.992658e+01 1.082810e+01 8.064984e+00 3.039656e+01 8.625880e+00 1.247380e+01 1.062667e+01
<GCONST> 5.222779e+01
<STATE> 9
<MEAN> 12
 -1.835976e+00 6.424162e+00 2.918593e+00 -1.456094e+01 -2.485118e-01 3.201011e+00 -3.660071e+00 1.234017e+00 4.269263e+00 -1.380663e+00 -6.111081e-01 3.969819e+00
<VARIANCE> 12
 4.882039e+00 1.043726e+01 9.840675e+00 1.222887e+01 6.500803e+00 1.665748e+01 1.829555e+01 1.643460e+01 2.290847e+01 5.703538e+00 9.230312e+00 2.383108e+01
<GCONST> 5.143270e+01
<STATE> 10
<MEAN> 12
 6.497674e+00 2.145024e+00 -3.956239e+00 -2.940604e+00 2.690510e+00 -4.830820e-01 -1.934892e+00 -1.029728e+01 -7.954959e-01 4.903729e+00 -5.450086e+00 7.042914e+00
<VARIANCE> 12
 9.379601e+00 1.043726e+01 8.955056e+00 3.437649e+01 6.272663e+00 2.291520e+01 9.188202e+00 1.191123e+01 1.140403e+01 2.088941e+01 9.958434e+00 1.210939e+01
<GCONST> 5.229705e+01
<STATE> 11
<MEAN> 12
 6.948687e+00 -7.286510e-01 4.516219e-01 6.921923e+00 -4.843741e+00 3.978529e+00 1.572112e+00 -8.385336e+00 -1.389268e+00 6.168134e+00 1.519131e+00 4.208040e+00
<VARIANCE> 12
 4.882039e+00 1.043726e+01 8.955056e+00 1.222887e+01 1.901506e+01 1.359064e+01 1.605849e+01 2.275557e+01 5.979655e+00 1.209126e+01 3.513979e+01 4.733454e+00
<GCONST> 5.153198e+01
<TRANSP> 12
 0.000000e+00 1.000000e+00 0.000000e+00 0.000000e+00 0.000000e+00 0.000000e+00 0.000000e+00 0.000000e+00 0.000000e+00 0.000000e+00 0.000000e+00 0.000000e+00
 0.000000e+00 8.435823e-01 1.564177e-01 0.000000e+00 0.000000e+00 0.000000e+00 0.000000e+00 0.000000e+00 0.000000e+00 0.000000e+00 0.000000e+00 0.000000e+00
 0.000000e+00 0.000000e+00 9.017735e-01 9.822650e-02 0.000000e+00 0.000000e+00 0.000000e+00 0.000000e+00 0.000000e+00 0.000000e+00 0.000000e+00 0.000000e+00
 0.000000e+00 0.000000e+00 0.000000e+00 8.911210e-01 1.088789e-01 0.000000e+00 0.000000e+00 0.000000e+00 0.000000e+00 0.000000e+00 0.000000e+00 0.000000e+00
 0.000000e+00 0.000000e+00 0.000000e+00 0.000000e+00 8.048328e-01 1.951672e-01 0.000000e+00 0.000000e+00 0.000000e+00 0.000000e+00 0.000000e+00 0.000000e+00
 0.000000e+00 0.000000e+00 0.000000e+00 0.000000e+00 0.000000e+00 8.605774e-01 1.394226e-01 0.000000e+00 0.000000e+00 0.000000e+00 0.000000e+00 0.000000e+00
 0.000000e+00 0.000000e+00 0.000000e+00 0.000000e+00 0.000000e+00 0.000000e+00 7.502539e-01 2.497462e-01 0.000000e+00 0.000000e+00 0.000000e+00 0.000000e+00
 0.000000e+00 0.000000e+00 0.000000e+00 0.000000e+00 0.000000e+00 0.000000e+00 0.000000e+00 8.996692e-01 1.003309e-01 0.000000e+00 0.000000e+00 0.000000e+00
 0.000000e+00 0.000000e+00 0.000000e+00 0.000000e+00 0.000000e+00 0.000000e+00 0.000000e+00 0.000000e+00 7.275764e-01 2.724236e-01 0.000000e+00 0.000000e+00
 0.000000e+00 0.000000e+00 0.000000e+00 0.000000e+00 0.000000e+00 0.000000e+00 0.000000e+00 0.000000e+00 0.000000e+00 8.739600e-01 1.260400e-01 0.000000e+00
 0.000000e+00 0.000000e+00 0.000000e+00 0.000000e+00 0.000000e+00 0.000000e+00 0.000000e+00 0.000000e+00 0.000000e+00 0.000000e+00 8.932732e-01 1.067268e-01
 0.000000e+00 0.000000e+00 0.000000e+00 0.000000e+00 0.000000e+00 0.000000e+00 0.000000e+00 0.000000e+00 0.000000e+00 0.000000e+00 0.000000e+00 0.000000e+00
<ENDHMM>
