~o
<STREAMINFO> 1 12
<VECSIZE> 12<NULLD><MFCC_Z><DIAGC>
~h "s094"
<BEGINHMM>
<NUMSTATES> 7
<STATE> 2
<MEAN> 12
 -2.073205e-07 -2.798827e-07 7.256217e-08 8.292820e-08 2.591506e-07 -3.420788e-07 -4.146410e-08 -2.487846e-07 -1.658564e-07 0.000000e+00 2.176865e-07 -1.917715e-07
<VARIANCE> 12
 3.123529e+01 3.532565e+01 3.286829e+01 5.812773e+01 4.852974e+01 4.724510e+01 1.918310e+01 3.372926e+01 3.180394e+01 3.363092e+01 2.768390e+01 2.732450e+01
<GCONST> 6.442942e+01
<STATE> 3
<MEAN> 12
 -2.073205e-07 -2.798827e-07 7.256217e-08 8.292820e-08 2.591506e-07 -3.420788e-07 -4.146410e-08 -2.487846e-07 -1.658564e-07 0.000000e+00 2.176865e-07 -1.917715e-07
<VARIANCE> 12
 3.123529e+01 3.532565e+01 3.286829e+01 5.812773e+01 4.852974e+01 4.724510e+01 1.918310e+01 3.372926e+01 3.180394e+01 3.363092e+01 2.768390e+01 2.732450e+01
<GCONST> 6.442942e+01
<STATE> 4
<MEAN> 12
 -2.073205e-07 -2.798827e-07 7.256217e-08 8.292820e-08 2.591506e-07 -3.420788e-07 -4.146410e-08 -2.487846e-07 -1.658564e-07 0.000000e+00 2.176865e-07 -1.917715e-07
<VARIANCE> 12
 3.123529e+01 3.532565e+01 3.286829e+01 5.812773e+01 4.852974e+01 4.724510e+01 1.918310e+01 3.372926e+01 3.180394e+01 3.363092e+01 2.768390e+01 2.732450e+01
<GCONST> 6.442942e+01
<STATE> 5
<MEAN> 12
 -2.073205e-07 -2.798827e-07 7.256217e-08 8.292820e-08 2.591506e-07 -3.420788e-07 -4.146410e-08 -2.487846e-07 -1.658564e-07 0.000000e+00 2.176865e-07 -1.917715e-07
<VARIANCE> 12
 3.123529e+01 3.532565e+01 3.286829e+01 5.812773e+01 4.852974e+01 4.724510e+01 1.918310e+01 3.372926e+01 3.180394e+01 3.363092e+01 2.768390e+01 2.732450e+01
<GCONST> 6.442942e+01
<STATE> 6
<MEAN> 12
 -2.073205e-07 -2.798827e-07 7.256217e-08 8.292820e-08 2.591506e-07 -3.420788e-07 -4.146410e-08 -2.487846e-07 -1.658564e-07 0.000000e+00 2.176865e-07 -1.917715e-07
<VARIANCE> 12
 3.123529e+01 3.532565e+01 3.286829e+01 5.812773e+01 4.852974e+01 4.724510e+01 1.918310e+01 3.372926e+01 3.180394e+01 3.363092e+01 2.768390e+01 2.732450e+01
<GCONST> 6.442942e+01
<TRANSP> 7
 0.000000e+00 1.000000e+00 0.000000e+00 0.000000e+00 0.000000e+00 0.000000e+00 0.000000e+00
 0.000000e+00 9.000000e-01 9.999999e-02 0.000000e+00 0.000000e+00 0.000000e+00 0.000000e+00
 0.000000e+00 0.000000e+00 9.000000e-01 9.999999e-02 0.000000e+00 0.000000e+00 0.000000e+00
 0.000000e+00 0.000000e+00 0.000000e+00 9.000000e-01 9.999999e-02 0.000000e+00 0.000000e+00
 0.000000e+00 0.000000e+00 0.000000e+00 0.000000e+00 9.000000e-01 9.999999e-02 0.000000e+00
 0.000000e+00 0.000000e+00 0.000000e+00 0.000000e+00 0.000000e+00 9.000000e-01 9.999999e-02
 0.000000e+00 0.000000e+00 0.000000e+00 0.000000e+00 0.000000e+00 0.000000e+00 0.000000e+00
<ENDHMM>
