~o
<STREAMINFO> 1 12
<VECSIZE> 12<NULLD><MFCC_Z><DIAGC>
~h "s043"
<BEGINHMM>
<NUMSTATES> 9
<STATE> 2
<MEAN> 12
 -8.845700e+00 -3.044505e-01 -2.367205e+00 4.602796e+00 5.794405e+00 1.182767e+00 8.163593e+00 2.801838e+00 2.260515e+00 1.576489e-02 1.340305e+00 -3.501648e+00
<VARIANCE> 12
 2.876629e+01 8.386610e+00 8.660902e+00 1.033649e+02 5.376477e+01 5.058371e+01 8.230188e+01 2.809054e+01 1.074543e+01 3.199458e+01 2.399804e+01 3.829909e+01
<GCONST> 6.265497e+01
<STATE> 3
<MEAN> 12
 -4.081424e+00 -1.326819e-01 -6.738174e-01 -3.506004e+00 5.200554e-02 -6.407967e-01 1.976540e+00 3.178025e+00 1.990561e+00 -2.973389e+00 -1.628329e+00 -3.622603e+00
<VARIANCE> 12
 2.858844e+01 1.088075e+01 1.019190e+01 6.289457e+01 4.164463e+01 5.578762e+01 4.744009e+01 2.762561e+01 1.546935e+01 3.176455e+01 2.660153e+01 5.623072e+01
<GCONST> 6.269416e+01
<STATE> 4
<MEAN> 12
 -1.112311e+00 -3.014581e-02 6.453808e-01 -5.138729e+00 -1.765453e+00 -9.559040e-02 5.393134e-01 3.288158e+00 7.473239e-01 -3.677976e+00 -2.661530e+00 -1.191637e+00
<VARIANCE> 12
 1.693751e+01 1.015480e+01 1.785774e+01 2.830884e+01 2.434783e+01 5.945954e+01 5.173877e+01 2.425054e+01 1.596755e+01 2.699795e+01 1.917246e+01 5.359244e+01
<GCONST> 6.084121e+01
<STATE> 5
<MEAN> 12
 3.384854e-01 9.203483e-01 1.893098e+00 -4.584647e+00 -9.558710e-01 -1.332381e+00 -1.382359e+00 2.620210e+00 -4.914832e-01 -2.572557e+00 -1.511654e+00 1.847541e-01
<VARIANCE> 12
 1.322283e+01 8.665647e+00 2.621312e+01 2.760633e+01 2.406235e+01 5.828929e+01 7.292599e+01 3.905255e+01 1.432021e+01 2.574067e+01 1.788887e+01 5.169688e+01
<GCONST> 6.131988e+01
<STATE> 6
<MEAN> 12
 2.035313e+00 1.237427e+00 1.279042e+00 -2.792202e+00 3.048708e-01 -2.348146e+00 -3.951972e+00 -5.140550e-01 -1.416249e+00 -1.340473e-01 -4.495687e-01 1.831409e+00
<VARIANCE> 12
 1.801740e+01 6.897945e+00 3.070076e+01 4.599261e+01 2.285061e+01 4.123619e+01 6.096610e+01 7.332549e+01 1.617307e+01 2.654575e+01 1.890118e+01 5.552813e+01
<GCONST> 6.240170e+01
<STATE> 7
<MEAN> 12
 4.946029e+00 1.983158e-01 -5.108088e-01 2.252795e+00 -2.063647e-01 -7.865419e-01 -4.170729e+00 -5.238932e+00 -2.174450e+00 3.050172e+00 9.464341e-01 3.286840e+00
<VARIANCE> 12
 1.876846e+01 6.452190e+00 2.158176e+01 6.923889e+01 2.683757e+01 3.070593e+01 3.547506e+01 7.181531e+01 2.177526e+01 2.304716e+01 3.066159e+01 3.981681e+01
<GCONST> 6.204333e+01
<STATE> 8
<MEAN> 12
 6.719533e+00 -1.888848e+00 -2.656961e-01 9.166119e+00 -3.223573e+00 4.020828e+00 -1.174186e+00 -6.135156e+00 -9.162322e-01 6.292019e+00 3.964379e+00 3.012969e+00
<VARIANCE> 12
 7.430622e+00 6.552825e+00 9.869304e+00 4.210608e+01 2.521337e+01 3.295075e+01 2.105819e+01 3.707184e+01 3.093571e+01 1.319453e+01 3.429470e+01 1.593022e+01
<GCONST> 5.766711e+01
<TRANSP> 9
 0.000000e+00 1.000000e+00 0.000000e+00 0.000000e+00 0.000000e+00 0.000000e+00 0.000000e+00 0.000000e+00 0.000000e+00
 0.000000e+00 8.727273e-01 1.272727e-01 0.000000e+00 0.000000e+00 0.000000e+00 0.000000e+00 0.000000e+00 0.000000e+00
 0.000000e+00 0.000000e+00 8.727273e-01 1.272728e-01 0.000000e+00 0.000000e+00 0.000000e+00 0.000000e+00 0.000000e+00
 0.000000e+00 0.000000e+00 0.000000e+00 8.727272e-01 1.272728e-01 0.000000e+00 0.000000e+00 0.000000e+00 0.000000e+00
 0.000000e+00 0.000000e+00 0.000000e+00 0.000000e+00 8.727273e-01 1.272727e-01 0.000000e+00 0.000000e+00 0.000000e+00
 0.000000e+00 0.000000e+00 0.000000e+00 0.000000e+00 0.000000e+00 8.727273e-01 1.272728e-01 0.000000e+00 0.000000e+00
 0.000000e+00 0.000000e+00 0.000000e+00 0.000000e+00 0.000000e+00 0.000000e+00 8.727273e-01 1.272727e-01 0.000000e+00
 0.000000e+00 0.000000e+00 0.000000e+00 0.000000e+00 0.000000e+00 0.000000e+00 0.000000e+00 8.727272e-01 1.272727e-01
 0.000000e+00 0.000000e+00 0.000000e+00 0.000000e+00 0.000000e+00 0.000000e+00 0.000000e+00 0.000000e+00 0.000000e+00
<ENDHMM>
