~o
<STREAMINFO> 1 12
<VECSIZE> 12<NULLD><MFCC_Z><DIAGC>
~h "s029"
<BEGINHMM>
<NUMSTATES> 10
<STATE> 2
<MEAN> 12
 -1.180181e+00 -1.541298e-01 -1.875530e+00 -3.109570e+00 -6.646146e+00 5.350007e+00 5.422364e+00 -1.240229e+01 -5.004073e+00 4.535442e+00 -1.684730e+00 4.198228e-01
<VARIANCE> 12
 2.202575e+01 1.405068e+01 1.284973e+01 1.420268e+01 6.739350e+00 1.086734e+01 8.662292e+00 3.586733e+01 6.214633e+00 2.781953e+01 1.071621e+01 2.085576e+01
<GCONST> 5.359073e+01
<STATE> 3
<MEAN> 12
 2.565859e+00 3.574002e+00 3.942376e+00 -2.125561e+00 -6.561307e+00 -2.246903e+00 4.922745e+00 -1.126858e+01 -1.553295e+00 1.443625e+00 -1.092460e+00 -1.846423e+00
<VARIANCE> 12
 2.426424e+01 1.745192e+00 1.549170e+01 5.021883e+00 2.439071e+01 1.705541e+01 7.439958e+00 6.651883e+01 4.987116e+00 1.695909e+01 2.571083e+01 2.318629e+01
<GCONST> 5.321766e+01
<STATE> 4
<MEAN> 12
 -1.238473e+00 1.363708e+00 5.773464e+00 -9.279557e-01 6.500914e-01 -4.157510e+00 -1.963851e+00 3.062490e+00 2.786781e+00 -1.250203e+00 1.709750e+00 -6.121270e+00
<VARIANCE> 12
 2.849021e+01 7.050924e+00 3.505302e+01 1.231195e+01 2.536452e+01 4.431960e+01 1.821847e+01 3.327051e+01 2.720341e+01 4.843677e+01 1.642137e+01 1.141470e+01
<GCONST> 5.927365e+01
<STATE> 5
<MEAN> 12
 2.106362e-01 -4.973643e-01 5.841825e+00 -1.586972e+00 3.941050e+00 -2.753052e+00 -4.060270e+00 8.847936e+00 5.062903e+00 5.127839e+00 2.556055e+00 -5.267859e+00
<VARIANCE> 12
 4.430727e+01 8.376727e+00 6.742265e+01 2.287590e+01 1.916693e+01 9.583653e+01 2.299196e+01 1.501653e+01 2.094607e+01 6.012202e+01 1.700058e+01 6.141746e+00
<GCONST> 6.045901e+01
<STATE> 6
<MEAN> 12
 -6.204720e+00 -3.022822e+00 9.110365e+00 1.826339e+00 -4.767015e+00 4.703484e+00 -5.064754e+00 7.927077e+00 -2.799598e+00 -3.704748e+00 6.736499e+00 -4.580350e+00
<VARIANCE> 12
 2.525459e+01 2.345750e+01 5.919279e+01 1.922482e+01 3.209243e+01 3.674697e+01 1.487550e+01 1.501653e+01 2.296460e+01 1.297606e+02 2.196626e+01 1.060474e+01
<GCONST> 6.140773e+01
<STATE> 7
<MEAN> 12
 -4.879956e+00 -2.470985e+00 -9.509292e+00 8.399405e+00 2.293819e+00 -4.984399e+00 -3.970362e+00 9.142591e+00 -6.749638e+00 -8.899816e+00 1.336433e-01 2.927676e+00
<VARIANCE> 12
 5.275058e+00 5.594284e+00 3.254477e+01 3.892078e+00 1.756541e+01 1.105485e+01 9.680392e+00 1.501653e+01 2.319090e+01 1.003115e+01 9.117128e+01 1.370651e+01
<GCONST> 5.310894e+01
<STATE> 8
<MEAN> 12
 -2.984614e-01 -6.072536e-01 -1.546958e+01 7.161948e+00 3.588616e+00 2.184822e+00 -2.230474e+00 5.408508e+00 -1.606358e+00 -8.066750e+00 -9.421081e+00 1.021477e+01
<VARIANCE> 12
 5.682541e+00 1.745192e+00 1.284973e+01 4.057165e+00 5.376030e+00 1.869203e+01 9.832618e+00 2.469654e+01 1.083478e+01 1.003115e+01 5.361727e+00 7.731740e+00
<GCONST> 4.681809e+01
<STATE> 9
<MEAN> 12
 5.676411e+00 1.755067e+00 -4.988571e+00 -1.112037e+00 3.320810e+00 -7.744572e-01 4.616291e+00 -7.455287e+00 1.931009e+00 -1.507039e+00 -2.049261e+00 6.586266e+00
<VARIANCE> 12
 5.275058e+00 2.506672e+00 2.289300e+01 1.266396e+01 7.889551e+00 1.581634e+01 1.612672e+01 1.501653e+01 2.217908e+01 2.879142e+01 1.476898e+01 6.880928e+00
<GCONST> 5.170279e+01
<TRANSP> 10
 0.000000e+00 1.000000e+00 0.000000e+00 0.000000e+00 0.000000e+00 0.000000e+00 0.000000e+00 0.000000e+00 0.000000e+00 0.000000e+00
 0.000000e+00 9.031856e-01 9.681444e-02 0.000000e+00 0.000000e+00 0.000000e+00 0.000000e+00 0.000000e+00 0.000000e+00 0.000000e+00
 0.000000e+00 0.000000e+00 7.557275e-01 2.442725e-01 0.000000e+00 0.000000e+00 0.000000e+00 0.000000e+00 0.000000e+00 0.000000e+00
 0.000000e+00 0.000000e+00 0.000000e+00 8.078087e-01 1.921913e-01 0.000000e+00 0.000000e+00 0.000000e+00 0.000000e+00 0.000000e+00
 0.000000e+00 0.000000e+00 0.000000e+00 0.000000e+00 9.319853e-01 6.801470e-02 0.000000e+00 0.000000e+00 0.000000e+00 0.000000e+00
 0.000000e+00 0.000000e+00 0.000000e+00 0.000000e+00 0.000000e+00 8.614748e-01 1.385252e-01 0.000000e+00 0.000000e+00 0.000000e+00
 0.000000e+00 0.000000e+00 0.000000e+00 0.000000e+00 0.000000e+00 0.000000e+00 7.444081e-01 2.555919e-01 0.000000e+00 0.000000e+00
 0.000000e+00 0.000000e+00 0.000000e+00 0.000000e+00 0.000000e+00 0.000000e+00 0.000000e+00 8.050428e-01 1.949572e-01 0.000000e+00
 0.000000e+00 0.000000e+00 0.000000e+00 0.000000e+00 0.000000e+00 0.000000e+00 0.000000e+00 0.000000e+00 9.194237e-01 8.057629e-02
 0.000000e+00 0.000000e+00 0.000000e+00 0.000000e+00 0.000000e+00 0.000000e+00 0.000000e+00 0.000000e+00 0.000000e+00 0.000000e+00
<ENDHMM>
