~o
<STREAMINFO> 1 12
<VECSIZE> 12<NULLD><MFCC_Z><DIAGC>
~h "T1375865333"
<BEGINHMM>
<NUMSTATES> 13
<STATE> 2
<MEAN> 12
 2.619754e+00 5.840824e+00 -3.017465e-01 -7.556345e+00 -1.094159e-01 -4.616161e+00 -7.312119e+00 -5.684419e+00 3.880657e+00 -1.263771e+00 4.628419e+00 -1.865287e-01
<VARIANCE> 12
 2.737586e+00 6.535099e+00 1.258184e+01 1.228032e+01 3.759604e+01 1.494696e+01 4.163208e+01 2.424384e+01 1.708031e+01 3.230270e+01 2.068859e+01 7.249327e+00
<GCONST> 5.455105e+01
<STATE> 3
<MEAN> 12
 3.527154e+00 6.879611e+00 -1.332463e+00 -6.338473e+00 1.048944e+00 -1.946850e+00 -5.385775e+00 -5.792706e+00 5.401526e+00 1.536446e+00 6.153765e-01 -9.781120e-01
<VARIANCE> 12
 2.919345e+00 7.718716e+00 7.837002e+00 3.216887e+01 1.639187e+01 1.756119e+01 4.869630e+01 3.240796e+01 2.107035e+01 2.115105e+01 3.635369e+01 1.555265e+01
<GCONST> 5.616296e+01
<STATE> 4
<MEAN> 12
 3.016846e+00 6.308157e+00 -1.564753e+00 -3.201841e+00 4.476578e-01 -1.680101e-01 -7.538072e-01 -2.957986e+00 4.099501e+00 4.832953e-01 -1.956292e+00 -1.217569e+00
<VARIANCE> 12
 7.474978e+00 1.355813e+01 1.284135e+01 4.214018e+01 2.066961e+01 1.842263e+01 4.297749e+01 4.216472e+01 3.696828e+01 2.579722e+01 4.351486e+01 2.371796e+01
<GCONST> 6.021091e+01
<STATE> 5
<MEAN> 12
 1.600665e+00 4.343207e+00 -2.273635e+00 -3.194036e-01 -2.697840e-01 4.136787e-01 2.281517e+00 -4.382530e-01 1.320026e+00 -1.207091e+00 -2.064675e+00 -5.646068e-01
<VARIANCE> 12
 1.213980e+01 2.020450e+01 1.598088e+01 3.160851e+01 2.926338e+01 2.231501e+01 3.073027e+01 4.533459e+01 5.077266e+01 2.489646e+01 5.189505e+01 2.791575e+01
<GCONST> 6.192315e+01
<STATE> 6
<MEAN> 12
 2.174222e-02 1.931018e+00 -2.926059e+00 8.194069e-01 -1.014826e+00 -2.168463e-01 3.563845e+00 9.930372e-01 -1.348140e+00 -1.972157e+00 -9.280623e-01 8.793540e-01
<VARIANCE> 12
 1.200125e+01 1.961843e+01 1.736308e+01 1.871078e+01 3.437839e+01 3.064943e+01 2.477186e+01 5.080695e+01 5.011139e+01 2.205660e+01 5.512976e+01 2.759063e+01
<GCONST> 6.173226e+01
<STATE> 7
<MEAN> 12
 -9.640579e-01 -8.115205e-02 -3.522114e+00 5.621848e-01 -1.087040e+00 -1.318021e+00 3.499902e+00 2.217589e+00 -2.338392e+00 -1.578906e+00 -6.317946e-01 2.471564e+00
<VARIANCE> 12
 9.008681e+00 1.360242e+01 2.050900e+01 1.182727e+01 3.475047e+01 3.905347e+01 2.215762e+01 5.258204e+01 4.315731e+01 2.325481e+01 4.978553e+01 2.362692e+01
<GCONST> 6.060939e+01
<STATE> 8
<MEAN> 12
 -1.418079e+00 -1.533537e+00 -3.719889e+00 1.103688e-02 -1.082879e+00 -1.452774e+00 2.665865e+00 3.267314e+00 -1.717368e+00 -9.177719e-01 -1.285573e+00 3.405277e+00
<VARIANCE> 12
 6.876334e+00 1.053049e+01 2.927193e+01 8.457901e+00 3.783730e+01 4.982776e+01 1.965624e+01 4.585337e+01 3.635697e+01 2.486679e+01 4.405804e+01 2.059596e+01
<GCONST> 5.981184e+01
<STATE> 9
<MEAN> 12
 -1.891265e+00 -3.141547e+00 -2.474631e+00 -4.981610e-03 -2.014434e+00 4.903648e-01 1.544865e+00 3.240536e+00 -1.166166e+00 -7.822655e-01 -1.070399e+00 2.832026e+00
<VARIANCE> 12
 5.598817e+00 1.553744e+01 4.414458e+01 8.497436e+00 5.002166e+01 6.881577e+01 1.950361e+01 3.930505e+01 2.846531e+01 2.805949e+01 4.673820e+01 2.660792e+01
<GCONST> 6.104219e+01
<STATE> 10
<MEAN> 12
 -2.408013e+00 -5.671216e+00 8.100208e-01 1.122962e+00 -2.583593e+00 3.443622e+00 1.273488e-01 2.186106e+00 -2.109896e+00 -3.928198e-01 7.713312e-01 3.519999e-01
<VARIANCE> 12
 4.177998e+00 2.515607e+01 5.403717e+01 1.670077e+01 6.746932e+01 7.445253e+01 2.247706e+01 3.450901e+01 2.411534e+01 3.734135e+01 5.330677e+01 3.701503e+01
<GCONST> 6.308047e+01
<STATE> 11
<MEAN> 12
 -2.343570e+00 -8.057902e+00 5.760374e+00 4.462754e+00 4.202240e-01 4.204042e+00 -1.042828e+00 1.327729e+00 -3.716117e+00 1.668376e+00 2.008331e+00 -2.846864e+00
<VARIANCE> 12
 3.352926e+00 2.575612e+01 4.956783e+01 3.829016e+01 8.702625e+01 5.644268e+01 2.134502e+01 2.574358e+01 1.756899e+01 4.365308e+01 4.518224e+01 3.017519e+01
<GCONST> 6.273014e+01
<STATE> 12
<MEAN> 12
 -1.761209e+00 -6.817555e+00 1.154517e+01 1.044276e+01 6.245233e+00 1.166888e+00 8.110463e-01 1.640864e+00 -2.305750e+00 4.426711e+00 -8.639056e-02 -4.146581e+00
<VARIANCE> 12
 2.234449e+00 2.305577e+01 2.924200e+01 4.129516e+01 5.609435e+01 3.379844e+01 2.768596e+01 1.628580e+01 2.000224e+01 2.447969e+01 3.385393e+01 1.330749e+01
<GCONST> 5.905553e+01
<TRANSP> 13
 0.000000e+00 1.000000e+00 0.000000e+00 0.000000e+00 0.000000e+00 0.000000e+00 0.000000e+00 0.000000e+00 0.000000e+00 0.000000e+00 0.000000e+00 0.000000e+00 0.000000e+00
 0.000000e+00 8.658537e-01 1.341463e-01 0.000000e+00 0.000000e+00 0.000000e+00 0.000000e+00 0.000000e+00 0.000000e+00 0.000000e+00 0.000000e+00 0.000000e+00 0.000000e+00
 0.000000e+00 0.000000e+00 8.658537e-01 1.341463e-01 0.000000e+00 0.000000e+00 0.000000e+00 0.000000e+00 0.000000e+00 0.000000e+00 0.000000e+00 0.000000e+00 0.000000e+00
 0.000000e+00 0.000000e+00 0.000000e+00 8.658537e-01 1.341463e-01 0.000000e+00 0.000000e+00 0.000000e+00 0.000000e+00 0.000000e+00 0.000000e+00 0.000000e+00 0.000000e+00
 0.000000e+00 0.000000e+00 0.000000e+00 0.000000e+00 8.658537e-01 1.341463e-01 0.000000e+00 0.000000e+00 0.000000e+00 0.000000e+00 0.000000e+00 0.000000e+00 0.000000e+00
 0.000000e+00 0.000000e+00 0.000000e+00 0.000000e+00 0.000000e+00 8.658537e-01 1.341463e-01 0.000000e+00 0.000000e+00 0.000000e+00 0.000000e+00 0.000000e+00 0.000000e+00
 0.000000e+00 0.000000e+00 0.000000e+00 0.000000e+00 0.000000e+00 0.000000e+00 8.658537e-01 1.341464e-01 0.000000e+00 0.000000e+00 0.000000e+00 0.000000e+00 0.000000e+00
 0.000000e+00 0.000000e+00 0.000000e+00 0.000000e+00 0.000000e+00 0.000000e+00 0.000000e+00 8.658536e-01 1.341464e-01 0.000000e+00 0.000000e+00 0.000000e+00 0.000000e+00
 0.000000e+00 0.000000e+00 0.000000e+00 0.000000e+00 0.000000e+00 0.000000e+00 0.000000e+00 0.000000e+00 8.658537e-01 1.341463e-01 0.000000e+00 0.000000e+00 0.000000e+00
 0.000000e+00 0.000000e+00 0.000000e+00 0.000000e+00 0.000000e+00 0.000000e+00 0.000000e+00 0.000000e+00 0.000000e+00 8.658537e-01 1.341463e-01 0.000000e+00 0.000000e+00
 0.000000e+00 0.000000e+00 0.000000e+00 0.000000e+00 0.000000e+00 0.000000e+00 0.000000e+00 0.000000e+00 0.000000e+00 0.000000e+00 8.658537e-01 1.341463e-01 0.000000e+00
 0.000000e+00 0.000000e+00 0.000000e+00 0.000000e+00 0.000000e+00 0.000000e+00 0.000000e+00 0.000000e+00 0.000000e+00 0.000000e+00 0.000000e+00 8.658537e-01 1.341464e-01
 0.000000e+00 0.000000e+00 0.000000e+00 0.000000e+00 0.000000e+00 0.000000e+00 0.000000e+00 0.000000e+00 0.000000e+00 0.000000e+00 0.000000e+00 0.000000e+00 0.000000e+00
<ENDHMM>
