~o
<STREAMINFO> 1 12
<VECSIZE> 12<NULLD><MFCC_Z><DIAGC>
~h "s087"
<BEGINHMM>
<NUMSTATES> 9
<STATE> 2
<MEAN> 12
 -3.762013e+00 2.420141e+00 2.709273e-01 -2.068505e-01 -1.534692e+00 2.112060e+00 -3.018920e+00 2.093372e+00 4.675005e+00 -6.318119e+00 4.266309e+00 2.987040e-03
<VARIANCE> 12
 1.181227e+01 2.568911e+01 1.457154e+01 4.880639e+01 7.712525e+01 1.262619e+01 1.975808e+01 3.747623e+01 1.342544e+02 4.022087e+01 1.750695e+01 1.251724e+01
<GCONST> 6.180897e+01
<STATE> 3
<MEAN> 12
 -1.648012e+00 8.975139e-01 -1.289507e+00 -2.792605e+00 1.622700e+00 3.063512e-01 -1.984973e+00 1.415227e+00 -1.394108e+00 -1.016149e+00 3.297634e+00 2.896775e-01
<VARIANCE> 12
 2.253323e+01 2.213171e+01 1.478752e+01 2.123707e+01 6.000010e+01 1.852829e+01 1.973984e+01 5.254528e+01 1.205430e+02 4.487266e+01 1.982228e+01 8.853711e+00
<GCONST> 6.173750e+01
<STATE> 4
<MEAN> 12
 -3.191701e-01 3.602220e-01 -5.612654e-01 -3.309168e+00 1.981153e+00 -1.932145e+00 -4.954173e-01 1.822134e+00 -1.855593e+00 1.828781e+00 1.384514e+00 9.621229e-01
<VARIANCE> 12
 2.570165e+01 1.941154e+01 2.020835e+01 3.234513e+01 3.635532e+01 1.766128e+01 1.938426e+01 6.364603e+01 6.964893e+01 3.190950e+01 1.726859e+01 7.529071e+00
<GCONST> 6.090606e+01
<STATE> 5
<MEAN> 12
 -5.066205e-01 1.362589e+00 -4.204344e-01 -4.726977e+00 1.524541e+00 -3.109451e+00 3.630265e-01 3.534163e+00 -1.429472e+00 3.000782e+00 8.747051e-01 7.973630e-01
<VARIANCE> 12
 2.754566e+01 1.882133e+01 2.140019e+01 3.814822e+01 2.567302e+01 9.295348e+00 1.638059e+01 7.080238e+01 4.828368e+01 3.115040e+01 1.608159e+01 7.944660e+00
<GCONST> 5.970728e+01
<STATE> 6
<MEAN> 12
 5.463395e-01 8.495291e-01 -1.118631e+00 -3.713296e+00 1.253148e+00 -2.801002e+00 9.787517e-01 1.650884e+00 -1.217232e+00 3.962176e+00 -3.742272e-01 -1.269723e-01
<VARIANCE> 12
 2.932504e+01 1.920377e+01 1.712027e+01 5.560343e+01 3.080703e+01 8.391838e+00 1.158459e+01 8.202531e+01 5.019648e+01 3.715799e+01 2.474227e+01 1.145638e+01
<GCONST> 6.083646e+01
<STATE> 7
<MEAN> 12
 2.838013e+00 -1.534608e+00 -3.174883e-01 2.383892e+00 -1.082634e+00 -3.579960e-01 1.461328e+00 -3.267684e+00 -3.933867e-02 2.165543e+00 -3.781603e+00 -1.340034e+00
<VARIANCE> 12
 2.136498e+01 1.651596e+01 1.622829e+01 9.791744e+01 4.709671e+01 2.630762e+01 8.091285e+00 6.359465e+01 4.792458e+01 5.883580e+01 3.420048e+01 1.334742e+01
<GCONST> 6.272481e+01
<STATE> 8
<MEAN> 12
 2.851467e+00 -4.355375e+00 3.436401e+00 1.236494e+01 -3.764185e+00 5.782094e+00 2.696242e+00 -7.248058e+00 1.260766e+00 -3.622944e+00 -5.667328e+00 -5.851027e-01
<VARIANCE> 12
 9.338332e+00 9.015945e+00 1.835103e+01 8.738956e+01 4.009571e+01 4.490102e+01 5.858737e+00 2.345868e+01 2.653399e+01 5.489386e+01 2.667280e+01 1.356967e+01
<GCONST> 5.946193e+01
<TRANSP> 9
 0.000000e+00 1.000000e+00 0.000000e+00 0.000000e+00 0.000000e+00 0.000000e+00 0.000000e+00 0.000000e+00 0.000000e+00
 0.000000e+00 8.793104e-01 1.206897e-01 0.000000e+00 0.000000e+00 0.000000e+00 0.000000e+00 0.000000e+00 0.000000e+00
 0.000000e+00 0.000000e+00 8.793104e-01 1.206897e-01 0.000000e+00 0.000000e+00 0.000000e+00 0.000000e+00 0.000000e+00
 0.000000e+00 0.000000e+00 0.000000e+00 8.793103e-01 1.206897e-01 0.000000e+00 0.000000e+00 0.000000e+00 0.000000e+00
 0.000000e+00 0.000000e+00 0.000000e+00 0.000000e+00 8.793104e-01 1.206897e-01 0.000000e+00 0.000000e+00 0.000000e+00
 0.000000e+00 0.000000e+00 0.000000e+00 0.000000e+00 0.000000e+00 8.793103e-01 1.206896e-01 0.000000e+00 0.000000e+00
 0.000000e+00 0.000000e+00 0.000000e+00 0.000000e+00 0.000000e+00 0.000000e+00 8.793103e-01 1.206897e-01 0.000000e+00
 0.000000e+00 0.000000e+00 0.000000e+00 0.000000e+00 0.000000e+00 0.000000e+00 0.000000e+00 8.793104e-01 1.206897e-01
 0.000000e+00 0.000000e+00 0.000000e+00 0.000000e+00 0.000000e+00 0.000000e+00 0.000000e+00 0.000000e+00 0.000000e+00
<ENDHMM>
