~o
<STREAMINFO> 1 12
<VECSIZE> 12<NULLD><MFCC_Z><DIAGC>
~h "s095"
<BEGINHMM>
<NUMSTATES> 9
<STATE> 2
<MEAN> 12
 6.194610e+00 1.019047e+01 -6.151191e+00 -9.450211e+00 1.513999e+00 -2.466680e+00 -8.895058e+00 -3.693748e+00 6.748187e+00 1.426244e+01 -3.648869e+00 -1.919759e+00
<VARIANCE> 12
 3.122007e+00 8.221047e+00 6.117871e+01 1.187818e+01 2.120326e+01 1.664422e+01 2.675121e+01 1.030261e+01 1.200939e+01 6.361140e+01 1.734229e+01 2.355940e+01
<GCONST> 5.602455e+01
<STATE> 3
<MEAN> 12
 9.992641e-01 1.716639e+00 -9.810599e+00 -2.058845e-01 1.303324e+00 -7.426921e+00 3.242205e-01 1.177646e+01 1.070359e+00 -6.641156e+00 -8.761564e+00 9.179093e+00
<VARIANCE> 12
 3.122007e+00 8.221047e+00 3.988153e+01 9.573795e+00 3.622321e+01 1.649346e+01 9.631684e+00 3.574336e+01 1.485769e+01 1.261389e+01 3.362419e+01 1.706335e+01
<GCONST> 5.506422e+01
<STATE> 4
<MEAN> 12
 -2.004047e+00 4.027122e+00 3.393202e+00 -3.614151e-01 -9.883307e+00 2.654588e+00 3.052269e+00 2.234076e+00 5.575614e+00 -5.893722e+00 -2.199327e-01 2.508971e+00
<VARIANCE> 12
 1.404610e+01 1.201035e+01 1.671581e+01 7.979491e+00 1.822323e+01 5.261679e+01 2.108679e+01 4.135982e+01 2.460612e+01 1.997721e+01 3.777990e+01 7.345874e+00
<GCONST> 5.753606e+01
<STATE> 5
<MEAN> 12
 -3.872396e+00 -9.446681e+00 1.793266e+00 6.335014e+00 3.737132e+00 2.060554e+00 -5.425585e+00 -7.986089e-01 -3.849302e+00 -4.023581e+00 1.024850e+01 -3.644641e+00
<VARIANCE> 12
 3.122007e+00 1.731531e+01 7.047847e+00 1.383658e+01 5.282236e+01 5.188453e+01 3.215886e+01 2.561058e+01 1.157369e+01 4.626793e+01 2.315799e+01 1.696706e+01
<GCONST> 5.751108e+01
<STATE> 6
<MEAN> 12
 -2.652642e+00 -6.275442e+00 1.266182e+00 4.015522e+00 1.993522e+00 6.349170e+00 2.604589e+00 -4.919990e+00 2.196903e+00 -1.322469e+00 4.720775e+00 -4.266835e+00
<VARIANCE> 12
 1.518984e+01 1.522094e+01 2.756004e+01 1.259810e+01 1.623587e+01 3.415912e+01 2.959841e+01 3.916978e+01 1.521778e+01 2.402383e+01 2.905575e+01 3.218406e+01
<GCONST> 5.946381e+01
<STATE> 7
<MEAN> 12
 5.575671e-01 2.855545e+00 7.740294e+00 -2.127860e+00 -3.750895e+00 -8.363779e-01 8.041226e-01 -5.030011e+00 -1.529382e+00 1.370197e+00 -9.318563e+00 -4.768569e+00
<VARIANCE> 12
 3.150025e+01 1.000620e+01 1.430919e+01 1.381463e+01 2.153836e+01 5.849386e+01 2.114557e+01 2.649158e+01 2.992343e+01 2.908170e+01 3.853241e+01 4.849449e+01
<GCONST> 6.086308e+01
<STATE> 8
<MEAN> 12
 1.494459e+00 -7.119823e-01 -1.224972e+00 1.077909e+00 3.828788e+00 -4.530228e+00 1.121451e+01 6.286175e+00 -1.009286e+01 -2.178554e+00 -2.098226e+00 8.036240e+00
<VARIANCE> 12
 3.122007e+00 8.221047e+00 7.047847e+00 1.807916e+01 3.248829e+01 3.212589e+01 1.338737e+01 1.415627e+01 1.913880e+01 1.212589e+01 2.083547e+01 2.872073e+01
<GCONST> 5.418353e+01
<TRANSP> 9
 0.000000e+00 1.000000e+00 0.000000e+00 0.000000e+00 0.000000e+00 0.000000e+00 0.000000e+00 0.000000e+00 0.000000e+00
 0.000000e+00 9.015968e-01 9.840326e-02 0.000000e+00 0.000000e+00 0.000000e+00 0.000000e+00 0.000000e+00 0.000000e+00
 0.000000e+00 0.000000e+00 7.533984e-01 2.466017e-01 0.000000e+00 0.000000e+00 0.000000e+00 0.000000e+00 0.000000e+00
 0.000000e+00 0.000000e+00 0.000000e+00 8.866667e-01 1.133333e-01 0.000000e+00 0.000000e+00 0.000000e+00 0.000000e+00
 0.000000e+00 0.000000e+00 0.000000e+00 0.000000e+00 9.115053e-01 8.849464e-02 0.000000e+00 0.000000e+00 0.000000e+00
 0.000000e+00 0.000000e+00 0.000000e+00 0.000000e+00 0.000000e+00 8.802140e-01 1.197861e-01 0.000000e+00 0.000000e+00
 0.000000e+00 0.000000e+00 0.000000e+00 0.000000e+00 0.000000e+00 0.000000e+00 8.512574e-01 1.487426e-01 0.000000e+00
 0.000000e+00 0.000000e+00 0.000000e+00 0.000000e+00 0.000000e+00 0.000000e+00 0.000000e+00 8.835547e-01 1.164453e-01
 0.000000e+00 0.000000e+00 0.000000e+00 0.000000e+00 0.000000e+00 0.000000e+00 0.000000e+00 0.000000e+00 0.000000e+00
<ENDHMM>
