~o
<STREAMINFO> 1 12
<VECSIZE> 12<NULLD><MFCC_Z><DIAGC>
~h "s090"
<BEGINHMM>
<NUMSTATES> 7
<STATE> 2
<MEAN> 12
 1.108924e-07 -7.318896e-07 -1.219816e-07 -4.213910e-07 3.992125e-07 9.980313e-07 9.980312e-08 6.542650e-07 -3.742617e-08 1.081201e-07 -6.099080e-08 -1.663386e-08
<VARIANCE> 12
 2.981714e+01 3.297953e+01 2.652411e+01 4.307185e+01 5.762706e+01 5.812466e+01 2.053453e+01 6.639311e+01 2.140106e+01 3.639467e+01 2.220886e+01 2.359472e+01
<GCONST> 6.424008e+01
<STATE> 3
<MEAN> 12
 1.108924e-07 -7.318896e-07 -1.219816e-07 -4.213910e-07 3.992125e-07 9.980313e-07 9.980312e-08 6.542650e-07 -3.742617e-08 1.081201e-07 -6.099080e-08 -1.663386e-08
<VARIANCE> 12
 2.981714e+01 3.297953e+01 2.652411e+01 4.307185e+01 5.762706e+01 5.812466e+01 2.053453e+01 6.639311e+01 2.140106e+01 3.639467e+01 2.220886e+01 2.359472e+01
<GCONST> 6.424008e+01
<STATE> 4
<MEAN> 12
 1.108924e-07 -7.318896e-07 -1.219816e-07 -4.213910e-07 3.992125e-07 9.980313e-07 9.980312e-08 6.542650e-07 -3.742617e-08 1.081201e-07 -6.099080e-08 -1.663386e-08
<VARIANCE> 12
 2.981714e+01 3.297953e+01 2.652411e+01 4.307185e+01 5.762706e+01 5.812466e+01 2.053453e+01 6.639311e+01 2.140106e+01 3.639467e+01 2.220886e+01 2.359472e+01
<GCONST> 6.424008e+01
<STATE> 5
<MEAN> 12
 1.108924e-07 -7.318896e-07 -1.219816e-07 -4.213910e-07 3.992125e-07 9.980313e-07 9.980312e-08 6.542650e-07 -3.742617e-08 1.081201e-07 -6.099080e-08 -1.663386e-08
<VARIANCE> 12
 2.981714e+01 3.297953e+01 2.652411e+01 4.307185e+01 5.762706e+01 5.812466e+01 2.053453e+01 6.639311e+01 2.140106e+01 3.639467e+01 2.220886e+01 2.359472e+01
<GCONST> 6.424008e+01
<STATE> 6
<MEAN> 12
 1.108924e-07 -7.318896e-07 -1.219816e-07 -4.213910e-07 3.992125e-07 9.980313e-07 9.980312e-08 6.542650e-07 -3.742617e-08 1.081201e-07 -6.099080e-08 -1.663386e-08
<VARIANCE> 12
 2.981714e+01 3.297953e+01 2.652411e+01 4.307185e+01 5.762706e+01 5.812466e+01 2.053453e+01 6.639311e+01 2.140106e+01 3.639467e+01 2.220886e+01 2.359472e+01
<GCONST> 6.424008e+01
<TRANSP> 7
 0.000000e+00 1.000000e+00 0.000000e+00 0.000000e+00 0.000000e+00 0.000000e+00 0.000000e+00
 0.000000e+00 9.000000e-01 9.999999e-02 0.000000e+00 0.000000e+00 0.000000e+00 0.000000e+00
 0.000000e+00 0.000000e+00 9.000000e-01 9.999999e-02 0.000000e+00 0.000000e+00 0.000000e+00
 0.000000e+00 0.000000e+00 0.000000e+00 9.000000e-01 9.999999e-02 0.000000e+00 0.000000e+00
 0.000000e+00 0.000000e+00 0.000000e+00 0.000000e+00 9.000000e-01 9.999999e-02 0.000000e+00
 0.000000e+00 0.000000e+00 0.000000e+00 0.000000e+00 0.000000e+00 9.000000e-01 9.999999e-02
 0.000000e+00 0.000000e+00 0.000000e+00 0.000000e+00 0.000000e+00 0.000000e+00 0.000000e+00
<ENDHMM>
