~o
<STREAMINFO> 1 12
<VECSIZE> 12<NULLD><MFCC_Z><DIAGC>
~h "s062"
<BEGINHMM>
<NUMSTATES> 11
<STATE> 2
<MEAN> 12
 -9.607913e-08 -1.530149e-07 -1.921583e-07 -6.262936e-07 1.174300e-07 -8.540367e-08 -1.138716e-07 9.252064e-08 2.277431e-07 1.316640e-07 1.067546e-07 2.490940e-08
<VARIANCE> 12
 2.622965e+01 5.101197e+01 6.620324e+01 9.934731e+01 4.283154e+01 8.576501e+01 4.236554e+01 5.035793e+01 4.436766e+01 3.625513e+01 3.165757e+01 3.473207e+01
<GCONST> 6.830493e+01
<STATE> 3
<MEAN> 12
 -9.607913e-08 -1.530149e-07 -1.921583e-07 -6.262936e-07 1.174300e-07 -8.540367e-08 -1.138716e-07 9.252064e-08 2.277431e-07 1.316640e-07 1.067546e-07 2.490940e-08
<VARIANCE> 12
 2.622965e+01 5.101197e+01 6.620324e+01 9.934731e+01 4.283154e+01 8.576501e+01 4.236554e+01 5.035793e+01 4.436766e+01 3.625513e+01 3.165757e+01 3.473207e+01
<GCONST> 6.830493e+01
<STATE> 4
<MEAN> 12
 -9.607913e-08 -1.530149e-07 -1.921583e-07 -6.262936e-07 1.174300e-07 -8.540367e-08 -1.138716e-07 9.252064e-08 2.277431e-07 1.316640e-07 1.067546e-07 2.490940e-08
<VARIANCE> 12
 2.622965e+01 5.101197e+01 6.620324e+01 9.934731e+01 4.283154e+01 8.576501e+01 4.236554e+01 5.035793e+01 4.436766e+01 3.625513e+01 3.165757e+01 3.473207e+01
<GCONST> 6.830493e+01
<STATE> 5
<MEAN> 12
 -9.607913e-08 -1.530149e-07 -1.921583e-07 -6.262936e-07 1.174300e-07 -8.540367e-08 -1.138716e-07 9.252064e-08 2.277431e-07 1.316640e-07 1.067546e-07 2.490940e-08
<VARIANCE> 12
 2.622965e+01 5.101197e+01 6.620324e+01 9.934731e+01 4.283154e+01 8.576501e+01 4.236554e+01 5.035793e+01 4.436766e+01 3.625513e+01 3.165757e+01 3.473207e+01
<GCONST> 6.830493e+01
<STATE> 6
<MEAN> 12
 -9.607913e-08 -1.530149e-07 -1.921583e-07 -6.262936e-07 1.174300e-07 -8.540367e-08 -1.138716e-07 9.252064e-08 2.277431e-07 1.316640e-07 1.067546e-07 2.490940e-08
<VARIANCE> 12
 2.622965e+01 5.101197e+01 6.620324e+01 9.934731e+01 4.283154e+01 8.576501e+01 4.236554e+01 5.035793e+01 4.436766e+01 3.625513e+01 3.165757e+01 3.473207e+01
<GCONST> 6.830493e+01
<STATE> 7
<MEAN> 12
 -9.607913e-08 -1.530149e-07 -1.921583e-07 -6.262936e-07 1.174300e-07 -8.540367e-08 -1.138716e-07 9.252064e-08 2.277431e-07 1.316640e-07 1.067546e-07 2.490940e-08
<VARIANCE> 12
 2.622965e+01 5.101197e+01 6.620324e+01 9.934731e+01 4.283154e+01 8.576501e+01 4.236554e+01 5.035793e+01 4.436766e+01 3.625513e+01 3.165757e+01 3.473207e+01
<GCONST> 6.830493e+01
<STATE> 8
<MEAN> 12
 -9.607913e-08 -1.530149e-07 -1.921583e-07 -6.262936e-07 1.174300e-07 -8.540367e-08 -1.138716e-07 9.252064e-08 2.277431e-07 1.316640e-07 1.067546e-07 2.490940e-08
<VARIANCE> 12
 2.622965e+01 5.101197e+01 6.620324e+01 9.934731e+01 4.283154e+01 8.576501e+01 4.236554e+01 5.035793e+01 4.436766e+01 3.625513e+01 3.165757e+01 3.473207e+01
<GCONST> 6.830493e+01
<STATE> 9
<MEAN> 12
 -9.607913e-08 -1.530149e-07 -1.921583e-07 -6.262936e-07 1.174300e-07 -8.540367e-08 -1.138716e-07 9.252064e-08 2.277431e-07 1.316640e-07 1.067546e-07 2.490940e-08
<VARIANCE> 12
 2.622965e+01 5.101197e+01 6.620324e+01 9.934731e+01 4.283154e+01 8.576501e+01 4.236554e+01 5.035793e+01 4.436766e+01 3.625513e+01 3.165757e+01 3.473207e+01
<GCONST> 6.830493e+01
<STATE> 10
<MEAN> 12
 -9.607913e-08 -1.530149e-07 -1.921583e-07 -6.262936e-07 1.174300e-07 -8.540367e-08 -1.138716e-07 9.252064e-08 2.277431e-07 1.316640e-07 1.067546e-07 2.490940e-08
<VARIANCE> 12
 2.622965e+01 5.101197e+01 6.620324e+01 9.934731e+01 4.283154e+01 8.576501e+01 4.236554e+01 5.035793e+01 4.436766e+01 3.625513e+01 3.165757e+01 3.473207e+01
<GCONST> 6.830493e+01
<TRANSP> 11
 0.000000e+00 1.000000e+00 0.000000e+00 0.000000e+00 0.000000e+00 0.000000e+00 0.000000e+00 0.000000e+00 0.000000e+00 0.000000e+00 0.000000e+00
 0.000000e+00 9.000000e-01 9.999999e-02 0.000000e+00 0.000000e+00 0.000000e+00 0.000000e+00 0.000000e+00 0.000000e+00 0.000000e+00 0.000000e+00
 0.000000e+00 0.000000e+00 9.000000e-01 9.999999e-02 0.000000e+00 0.000000e+00 0.000000e+00 0.000000e+00 0.000000e+00 0.000000e+00 0.000000e+00
 0.000000e+00 0.000000e+00 0.000000e+00 9.000000e-01 9.999999e-02 0.000000e+00 0.000000e+00 0.000000e+00 0.000000e+00 0.000000e+00 0.000000e+00
 0.000000e+00 0.000000e+00 0.000000e+00 0.000000e+00 9.000000e-01 9.999999e-02 0.000000e+00 0.000000e+00 0.000000e+00 0.000000e+00 0.000000e+00
 0.000000e+00 0.000000e+00 0.000000e+00 0.000000e+00 0.000000e+00 9.000000e-01 9.999999e-02 0.000000e+00 0.000000e+00 0.000000e+00 0.000000e+00
 0.000000e+00 0.000000e+00 0.000000e+00 0.000000e+00 0.000000e+00 0.000000e+00 9.000000e-01 9.999999e-02 0.000000e+00 0.000000e+00 0.000000e+00
 0.000000e+00 0.000000e+00 0.000000e+00 0.000000e+00 0.000000e+00 0.000000e+00 0.000000e+00 9.000000e-01 9.999999e-02 0.000000e+00 0.000000e+00
 0.000000e+00 0.000000e+00 0.000000e+00 0.000000e+00 0.000000e+00 0.000000e+00 0.000000e+00 0.000000e+00 9.000000e-01 9.999999e-02 0.000000e+00
 0.000000e+00 0.000000e+00 0.000000e+00 0.000000e+00 0.000000e+00 0.000000e+00 0.000000e+00 0.000000e+00 0.000000e+00 9.000000e-01 9.999999e-02
 0.000000e+00 0.000000e+00 0.000000e+00 0.000000e+00 0.000000e+00 0.000000e+00 0.000000e+00 0.000000e+00 0.000000e+00 0.000000e+00 0.000000e+00
<ENDHMM>
