~o
<STREAMINFO> 1 12
<VECSIZE> 12<NULLD><MFCC_Z><DIAGC>
~h "T1375423467"
<BEGINHMM>
<NUMSTATES> 10
<STATE> 2
<MEAN> 12
 6.152737e-08 2.691823e-07 -1.230547e-07 3.230187e-07 -2.307277e-07 4.460735e-07 2.307277e-08 2.191913e-07 -4.614553e-07 -1.538184e-08 2.307277e-08 2.768732e-07
<VARIANCE> 12
 2.767886e+01 4.149643e+01 4.873359e+01 1.005454e+02 4.971176e+01 2.409636e+01 2.318372e+01 1.624468e+01 2.420366e+01 2.768085e+01 2.192931e+01 1.887599e+01
<GCONST> 6.315026e+01
<STATE> 3
<MEAN> 12
 6.152737e-08 2.691823e-07 -1.230547e-07 3.230187e-07 -2.307277e-07 4.460735e-07 2.307277e-08 2.191913e-07 -4.614553e-07 -1.538184e-08 2.307277e-08 2.768732e-07
<VARIANCE> 12
 2.767886e+01 4.149643e+01 4.873359e+01 1.005454e+02 4.971176e+01 2.409636e+01 2.318372e+01 1.624468e+01 2.420366e+01 2.768085e+01 2.192931e+01 1.887599e+01
<GCONST> 6.315026e+01
<STATE> 4
<MEAN> 12
 6.152737e-08 2.691823e-07 -1.230547e-07 3.230187e-07 -2.307277e-07 4.460735e-07 2.307277e-08 2.191913e-07 -4.614553e-07 -1.538184e-08 2.307277e-08 2.768732e-07
<VARIANCE> 12
 2.767886e+01 4.149643e+01 4.873359e+01 1.005454e+02 4.971176e+01 2.409636e+01 2.318372e+01 1.624468e+01 2.420366e+01 2.768085e+01 2.192931e+01 1.887599e+01
<GCONST> 6.315026e+01
<STATE> 5
<MEAN> 12
 6.152737e-08 2.691823e-07 -1.230547e-07 3.230187e-07 -2.307277e-07 4.460735e-07 2.307277e-08 2.191913e-07 -4.614553e-07 -1.538184e-08 2.307277e-08 2.768732e-07
<VARIANCE> 12
 2.767886e+01 4.149643e+01 4.873359e+01 1.005454e+02 4.971176e+01 2.409636e+01 2.318372e+01 1.624468e+01 2.420366e+01 2.768085e+01 2.192931e+01 1.887599e+01
<GCONST> 6.315026e+01
<STATE> 6
<MEAN> 12
 6.152737e-08 2.691823e-07 -1.230547e-07 3.230187e-07 -2.307277e-07 4.460735e-07 2.307277e-08 2.191913e-07 -4.614553e-07 -1.538184e-08 2.307277e-08 2.768732e-07
<VARIANCE> 12
 2.767886e+01 4.149643e+01 4.873359e+01 1.005454e+02 4.971176e+01 2.409636e+01 2.318372e+01 1.624468e+01 2.420366e+01 2.768085e+01 2.192931e+01 1.887599e+01
<GCONST> 6.315026e+01
<STATE> 7
<MEAN> 12
 6.152737e-08 2.691823e-07 -1.230547e-07 3.230187e-07 -2.307277e-07 4.460735e-07 2.307277e-08 2.191913e-07 -4.614553e-07 -1.538184e-08 2.307277e-08 2.768732e-07
<VARIANCE> 12
 2.767886e+01 4.149643e+01 4.873359e+01 1.005454e+02 4.971176e+01 2.409636e+01 2.318372e+01 1.624468e+01 2.420366e+01 2.768085e+01 2.192931e+01 1.887599e+01
<GCONST> 6.315026e+01
<STATE> 8
<MEAN> 12
 6.152737e-08 2.691823e-07 -1.230547e-07 3.230187e-07 -2.307277e-07 4.460735e-07 2.307277e-08 2.191913e-07 -4.614553e-07 -1.538184e-08 2.307277e-08 2.768732e-07
<VARIANCE> 12
 2.767886e+01 4.149643e+01 4.873359e+01 1.005454e+02 4.971176e+01 2.409636e+01 2.318372e+01 1.624468e+01 2.420366e+01 2.768085e+01 2.192931e+01 1.887599e+01
<GCONST> 6.315026e+01
<STATE> 9
<MEAN> 12
 6.152737e-08 2.691823e-07 -1.230547e-07 3.230187e-07 -2.307277e-07 4.460735e-07 2.307277e-08 2.191913e-07 -4.614553e-07 -1.538184e-08 2.307277e-08 2.768732e-07
<VARIANCE> 12
 2.767886e+01 4.149643e+01 4.873359e+01 1.005454e+02 4.971176e+01 2.409636e+01 2.318372e+01 1.624468e+01 2.420366e+01 2.768085e+01 2.192931e+01 1.887599e+01
<GCONST> 6.315026e+01
<TRANSP> 10
 0.000000e+00 1.000000e+00 0.000000e+00 0.000000e+00 0.000000e+00 0.000000e+00 0.000000e+00 0.000000e+00 0.000000e+00 0.000000e+00
 0.000000e+00 9.000000e-01 9.999999e-02 0.000000e+00 0.000000e+00 0.000000e+00 0.000000e+00 0.000000e+00 0.000000e+00 0.000000e+00
 0.000000e+00 0.000000e+00 9.000000e-01 9.999999e-02 0.000000e+00 0.000000e+00 0.000000e+00 0.000000e+00 0.000000e+00 0.000000e+00
 0.000000e+00 0.000000e+00 0.000000e+00 9.000000e-01 9.999999e-02 0.000000e+00 0.000000e+00 0.000000e+00 0.000000e+00 0.000000e+00
 0.000000e+00 0.000000e+00 0.000000e+00 0.000000e+00 9.000000e-01 9.999999e-02 0.000000e+00 0.000000e+00 0.000000e+00 0.000000e+00
 0.000000e+00 0.000000e+00 0.000000e+00 0.000000e+00 0.000000e+00 9.000000e-01 9.999999e-02 0.000000e+00 0.000000e+00 0.000000e+00
 0.000000e+00 0.000000e+00 0.000000e+00 0.000000e+00 0.000000e+00 0.000000e+00 9.000000e-01 9.999999e-02 0.000000e+00 0.000000e+00
 0.000000e+00 0.000000e+00 0.000000e+00 0.000000e+00 0.000000e+00 0.000000e+00 0.000000e+00 9.000000e-01 9.999999e-02 0.000000e+00
 0.000000e+00 0.000000e+00 0.000000e+00 0.000000e+00 0.000000e+00 0.000000e+00 0.000000e+00 0.000000e+00 9.000000e-01 9.999999e-02
 0.000000e+00 0.000000e+00 0.000000e+00 0.000000e+00 0.000000e+00 0.000000e+00 0.000000e+00 0.000000e+00 0.000000e+00 0.000000e+00
<ENDHMM>
