~o
<STREAMINFO> 1 12
<VECSIZE> 12<NULLD><MFCC_Z><DIAGC>
~h "T1375864603"
<BEGINHMM>
<NUMSTATES> 5
<STATE> 2
<MEAN> 12
 -6.616132e-01 -2.109892e-01 -2.979663e-01 8.363196e-01 6.900989e-01 -5.689602e-01 2.370078e+00 4.950999e-01 -2.889206e-01 2.103672e-01 -9.984177e-02 4.952592e-01
<VARIANCE> 12
 2.594630e+00 6.050509e+00 2.703027e+01 1.613762e+01 2.674209e+01 7.167399e+00 2.589774e+01 6.491748e+00 5.605146e+00 8.661477e+00 3.123937e+00 1.217906e+01
<GCONST> 4.878807e+01
<STATE> 3
<MEAN> 12
 2.070732e-01 8.765009e-01 -1.488729e+00 -1.304327e+00 -1.546299e+00 -7.338895e-01 -4.904276e-01 -1.104804e-02 5.518569e-01 -5.495708e-01 1.060313e-01 -1.213755e+00
<VARIANCE> 12
 3.186972e+00 8.598481e+00 3.464079e+01 1.405180e+01 2.985419e+01 8.929852e+00 3.349863e+01 5.869982e+00 1.076506e+01 1.217966e+01 3.892172e+00 1.303114e+01
<GCONST> 5.122242e+01
<STATE> 4
<MEAN> 12
 4.545394e-01 -6.655117e-01 1.786696e+00 4.680074e-01 8.562010e-01 1.302849e+00 -1.879651e+00 -4.840529e-01 -2.629357e-01 3.392039e-01 -6.189723e-03 7.184960e-01
<VARIANCE> 12
 3.646098e+00 8.229004e+00 3.326206e+01 1.303065e+01 2.735990e+01 2.189755e+01 2.714040e+01 6.569955e+00 1.378515e+01 1.268814e+01 4.358391e+00 1.394839e+01
<GCONST> 5.237829e+01
<TRANSP> 5
 0.000000e+00 1.000000e+00 0.000000e+00 0.000000e+00 0.000000e+00
 0.000000e+00 9.032258e-01 9.677419e-02 0.000000e+00 0.000000e+00
 0.000000e+00 0.000000e+00 9.032258e-01 9.677420e-02 0.000000e+00
 0.000000e+00 0.000000e+00 0.000000e+00 9.032258e-01 9.677420e-02
 0.000000e+00 0.000000e+00 0.000000e+00 0.000000e+00 0.000000e+00
<ENDHMM>
