~o
<STREAMINFO> 1 12
<VECSIZE> 12<NULLD><MFCC_Z><DIAGC>
~h "s018"
<BEGINHMM>
<NUMSTATES> 12
<STATE> 2
<MEAN> 12
 -1.389006e+01 4.907913e+00 -5.024194e+00 2.883041e+00 1.115715e+01 1.760411e+00 6.630032e+00 6.897062e+00 7.196464e+00 8.844410e+00 -5.056003e-01 8.906560e+00
<VARIANCE> 12
 7.316399e+00 1.703702e+01 6.387473e+00 3.190658e+01 9.382164e+00 2.164667e+01 7.150332e+00 1.556840e+01 1.697669e+01 1.973865e+01 6.969173e+00 2.558663e+01
<GCONST> 5.322123e+01
<STATE> 3
<MEAN> 12
 3.325485e+00 -3.240217e+00 -1.367029e+00 1.448738e+00 5.932435e+00 -5.171443e+00 7.227118e+00 2.226032e+00 -6.835076e+00 -3.951728e+00 -2.082385e+00 7.082623e+00
<VARIANCE> 12
 1.317642e+01 3.229818e+01 6.085318e+01 5.802660e+01 5.761057e+01 1.974838e+01 2.182516e+01 1.848206e+01 2.681528e+01 2.971137e+01 2.086944e+01 2.857841e+01
<GCONST> 6.238541e+01
<STATE> 4
<MEAN> 12
 8.018499e+00 -2.207513e+00 -7.063046e+00 1.111125e+01 9.469147e+00 1.319494e-01 5.335473e+00 2.477898e+00 4.506903e+00 -3.529485e+00 -5.690840e+00 2.278594e+00
<VARIANCE> 12
 1.907072e+01 1.703702e+01 1.504478e+01 1.270110e+01 1.219489e+01 4.792786e+01 3.152500e+01 2.901377e+01 2.417135e+01 1.654085e+01 1.548439e+01 2.901699e+01
<GCONST> 5.837877e+01
<STATE> 5
<MEAN> 12
 -9.137491e+00 -2.529078e+00 1.284410e+00 2.782204e+00 2.477539e+00 7.528932e+00 2.986979e+00 3.454720e+00 6.536872e+00 2.892734e+00 -3.852204e+00 2.456466e-01
<VARIANCE> 12
 3.199375e+01 1.703702e+01 1.456446e+01 1.327080e+01 1.954932e+01 7.961648e+00 1.559196e+01 4.296715e+01 2.823274e+01 1.549360e+01 3.173385e+01 8.044580e+00
<GCONST> 5.679766e+01
<STATE> 6
<MEAN> 12
 -2.665137e+00 -9.450974e+00 6.594138e+00 9.328070e-01 -1.352713e+00 2.542644e+00 -8.490939e-01 -3.232364e+00 -4.188361e-01 -3.745075e+00 -3.525092e+00 -2.543357e+00
<VARIANCE> 12
 7.404016e+01 4.026255e+01 1.800321e+01 9.253695e+00 5.891517e+01 2.888890e+01 2.411183e+01 1.248734e+01 3.184462e+01 7.063368e+01 2.233991e+01 1.750027e+01
<GCONST> 6.200406e+01
<STATE> 7
<MEAN> 12
 2.362080e+00 -1.595122e+01 2.689361e+00 -6.225877e-01 -8.320974e+00 2.777749e+00 -6.405581e+00 -2.637040e+00 -5.030970e+00 -7.386867e+00 1.435640e+00 -1.094378e+00
<VARIANCE> 12
 1.102486e+01 2.468399e+01 5.969074e+00 4.110986e+01 9.382164e+00 2.056127e+01 1.710750e+01 1.327987e+01 1.492475e+01 5.032063e+01 1.656302e+01 2.140956e+01
<GCONST> 5.634411e+01
<STATE> 8
<MEAN> 12
 -3.110431e+00 -5.314048e+00 1.308455e+00 -6.645320e+00 -4.584758e+00 1.838264e+00 -5.772696e-01 -6.712549e+00 -4.047359e+00 1.324720e+00 -2.392534e+00 -4.171945e+00
<VARIANCE> 12
 9.705342e+00 5.563925e+01 1.311984e+01 6.791644e+01 9.382164e+00 2.596549e+01 2.849618e+01 2.601257e+01 2.553724e+01 1.813918e+01 2.845444e+01 2.093292e+01
<GCONST> 5.977026e+01
<STATE> 9
<MEAN> 12
 1.992677e-01 1.123180e+01 -1.038622e-01 -2.908434e+00 -7.024462e+00 -2.152235e+00 -3.868923e+00 -1.430682e+00 -5.565092e+00 4.936118e-01 3.500980e+00 -5.224505e+00
<VARIANCE> 12
 9.827051e+00 1.703702e+01 4.290760e+00 3.127156e+01 9.382164e+00 3.624599e+01 1.276050e+01 3.218581e+01 1.615886e+01 6.642510e+00 5.688303e+00 7.410927e+00
<GCONST> 5.233858e+01
<STATE> 10
<MEAN> 12
 2.292680e+00 1.657171e+01 1.965733e+00 -6.022367e+00 -5.510576e+00 -4.400257e+00 -7.471822e+00 4.452426e+00 2.737984e+00 2.417151e+00 8.311634e+00 -5.171658e+00
<VARIANCE> 12
 7.316399e+00 1.703702e+01 5.343871e+00 1.018027e+01 1.524374e+01 5.014732e+00 1.814272e+01 9.495457e+00 1.149783e+01 1.122625e+01 1.538007e+01 1.232883e+01
<GCONST> 5.046749e+01
<STATE> 11
<MEAN> 12
 3.252323e+00 6.321297e+00 2.109462e+00 1.970645e+00 -1.554228e+00 2.547744e-01 -1.540229e+00 -4.215797e+00 2.799726e+00 4.204099e+00 2.779580e+00 3.381498e-01
<VARIANCE> 12
 7.316399e+00 1.703702e+01 4.290760e+00 9.253695e+00 1.554663e+01 1.341530e+01 7.939119e+00 2.508995e+01 1.785623e+01 2.205849e+01 1.495148e+01 2.088764e+01
<GCONST> 5.291604e+01
<TRANSP> 12
 0.000000e+00 1.000000e+00 0.000000e+00 0.000000e+00 0.000000e+00 0.000000e+00 0.000000e+00 0.000000e+00 0.000000e+00 0.000000e+00 0.000000e+00 0.000000e+00
 0.000000e+00 8.376850e-01 1.623150e-01 0.000000e+00 0.000000e+00 0.000000e+00 0.000000e+00 0.000000e+00 0.000000e+00 0.000000e+00 0.000000e+00 0.000000e+00
 0.000000e+00 0.000000e+00 8.918787e-01 1.081213e-01 0.000000e+00 0.000000e+00 0.000000e+00 0.000000e+00 0.000000e+00 0.000000e+00 0.000000e+00 0.000000e+00
 0.000000e+00 0.000000e+00 0.000000e+00 8.943368e-01 1.056632e-01 0.000000e+00 0.000000e+00 0.000000e+00 0.000000e+00 0.000000e+00 0.000000e+00 0.000000e+00
 0.000000e+00 0.000000e+00 0.000000e+00 0.000000e+00 7.802964e-01 2.197035e-01 0.000000e+00 0.000000e+00 0.000000e+00 0.000000e+00 0.000000e+00 0.000000e+00
 0.000000e+00 0.000000e+00 0.000000e+00 0.000000e+00 0.000000e+00 7.579569e-01 2.420430e-01 0.000000e+00 0.000000e+00 0.000000e+00 0.000000e+00 0.000000e+00
 0.000000e+00 0.000000e+00 0.000000e+00 0.000000e+00 0.000000e+00 0.000000e+00 8.772966e-01 1.227034e-01 0.000000e+00 0.000000e+00 0.000000e+00 0.000000e+00
 0.000000e+00 0.000000e+00 0.000000e+00 0.000000e+00 0.000000e+00 0.000000e+00 0.000000e+00 9.214276e-01 7.857241e-02 0.000000e+00 0.000000e+00 0.000000e+00
 0.000000e+00 0.000000e+00 0.000000e+00 0.000000e+00 0.000000e+00 0.000000e+00 0.000000e+00 0.000000e+00 5.581941e-01 4.418059e-01 0.000000e+00 0.000000e+00
 0.000000e+00 0.000000e+00 0.000000e+00 0.000000e+00 0.000000e+00 0.000000e+00 0.000000e+00 0.000000e+00 0.000000e+00 9.155449e-01 8.445504e-02 0.000000e+00
 0.000000e+00 0.000000e+00 0.000000e+00 0.000000e+00 0.000000e+00 0.000000e+00 0.000000e+00 0.000000e+00 0.000000e+00 0.000000e+00 8.659921e-01 1.340078e-01
 0.000000e+00 0.000000e+00 0.000000e+00 0.000000e+00 0.000000e+00 0.000000e+00 0.000000e+00 0.000000e+00 0.000000e+00 0.000000e+00 0.000000e+00 0.000000e+00
<ENDHMM>
