~o
<STREAMINFO> 1 12
<VECSIZE> 12<NULLD><MFCC_Z><DIAGC>
~h "s037"
<BEGINHMM>
<NUMSTATES> 5
<STATE> 2
<MEAN> 12
 -7.375208e-01 -2.825592e+00 -6.035881e+00 2.272069e+00 5.056612e+00 -2.818964e+00 -3.320436e+00 1.075138e+00 -2.852581e+00 -4.253017e-01 -1.568014e+00 2.663127e-01
<VARIANCE> 12
 1.548308e+01 2.269215e+01 5.890705e+01 3.055645e+01 5.385557e+01 2.382683e+01 2.869067e+01 5.927586e+01 4.176313e+01 7.715554e+01 4.014132e+01 3.686816e+01
<GCONST> 6.538531e+01
<STATE> 3
<MEAN> 12
 1.764797e-03 2.432125e-01 9.540384e-01 -1.107869e+00 -1.289410e+00 -5.400646e-02 -5.625020e-01 -2.212226e+00 -5.164361e-01 1.888986e-01 2.236969e+00 -2.203739e+00
<VARIANCE> 12
 1.014890e+01 2.291395e+01 3.727457e+01 1.893353e+01 3.321043e+01 1.932684e+01 2.999716e+01 3.958420e+01 4.212228e+01 8.049628e+01 2.402705e+01 2.964200e+01
<GCONST> 6.230393e+01
<STATE> 4
<MEAN> 12
 7.357559e-01 2.582379e+00 5.081841e+00 -1.164199e+00 -3.767201e+00 2.872969e+00 3.882937e+00 1.137086e+00 3.369016e+00 2.364035e-01 -6.689556e-01 1.937427e+00
<VARIANCE> 12
 3.506038e+00 5.416108e+00 1.456882e+01 8.651990e+00 2.427900e+01 1.690616e+01 6.368119e+01 2.503836e+01 3.347826e+01 4.236153e+01 2.452285e+01 3.105653e+01
<GCONST> 5.711920e+01
<TRANSP> 5
 0.000000e+00 1.000000e+00 0.000000e+00 0.000000e+00 0.000000e+00
 0.000000e+00 9.090909e-01 9.090908e-02 0.000000e+00 0.000000e+00
 0.000000e+00 0.000000e+00 9.090909e-01 9.090910e-02 0.000000e+00
 0.000000e+00 0.000000e+00 0.000000e+00 9.090909e-01 9.090908e-02
 0.000000e+00 0.000000e+00 0.000000e+00 0.000000e+00 0.000000e+00
<ENDHMM>
