~o
<STREAMINFO> 1 12
<VECSIZE> 12<NULLD><MFCC_Z><DIAGC>
~h "T1375865333"
<BEGINHMM>
<NUMSTATES> 13
<STATE> 2
<MEAN> 12
 3.547203e-07 -3.489052e-07 -6.978104e-08 -1.860828e-07 -2.907544e-08 -2.267884e-07 -3.721656e-07 -2.326035e-08 2.965695e-07 -1.511923e-07 -1.163017e-08 2.442337e-07
<VARIANCE> 12
 1.094548e+01 4.356733e+01 4.644696e+01 4.552902e+01 4.783449e+01 4.423763e+01 4.055308e+01 4.730561e+01 4.032959e+01 3.126156e+01 4.719026e+01 2.800625e+01
<GCONST> 6.542107e+01
<STATE> 3
<MEAN> 12
 3.547203e-07 -3.489052e-07 -6.978104e-08 -1.860828e-07 -2.907544e-08 -2.267884e-07 -3.721656e-07 -2.326035e-08 2.965695e-07 -1.511923e-07 -1.163017e-08 2.442337e-07
<VARIANCE> 12
 1.094548e+01 4.356733e+01 4.644696e+01 4.552902e+01 4.783449e+01 4.423763e+01 4.055308e+01 4.730561e+01 4.032959e+01 3.126156e+01 4.719026e+01 2.800625e+01
<GCONST> 6.542107e+01
<STATE> 4
<MEAN> 12
 3.547203e-07 -3.489052e-07 -6.978104e-08 -1.860828e-07 -2.907544e-08 -2.267884e-07 -3.721656e-07 -2.326035e-08 2.965695e-07 -1.511923e-07 -1.163017e-08 2.442337e-07
<VARIANCE> 12
 1.094548e+01 4.356733e+01 4.644696e+01 4.552902e+01 4.783449e+01 4.423763e+01 4.055308e+01 4.730561e+01 4.032959e+01 3.126156e+01 4.719026e+01 2.800625e+01
<GCONST> 6.542107e+01
<STATE> 5
<MEAN> 12
 3.547203e-07 -3.489052e-07 -6.978104e-08 -1.860828e-07 -2.907544e-08 -2.267884e-07 -3.721656e-07 -2.326035e-08 2.965695e-07 -1.511923e-07 -1.163017e-08 2.442337e-07
<VARIANCE> 12
 1.094548e+01 4.356733e+01 4.644696e+01 4.552902e+01 4.783449e+01 4.423763e+01 4.055308e+01 4.730561e+01 4.032959e+01 3.126156e+01 4.719026e+01 2.800625e+01
<GCONST> 6.542107e+01
<STATE> 6
<MEAN> 12
 3.547203e-07 -3.489052e-07 -6.978104e-08 -1.860828e-07 -2.907544e-08 -2.267884e-07 -3.721656e-07 -2.326035e-08 2.965695e-07 -1.511923e-07 -1.163017e-08 2.442337e-07
<VARIANCE> 12
 1.094548e+01 4.356733e+01 4.644696e+01 4.552902e+01 4.783449e+01 4.423763e+01 4.055308e+01 4.730561e+01 4.032959e+01 3.126156e+01 4.719026e+01 2.800625e+01
<GCONST> 6.542107e+01
<STATE> 7
<MEAN> 12
 3.547203e-07 -3.489052e-07 -6.978104e-08 -1.860828e-07 -2.907544e-08 -2.267884e-07 -3.721656e-07 -2.326035e-08 2.965695e-07 -1.511923e-07 -1.163017e-08 2.442337e-07
<VARIANCE> 12
 1.094548e+01 4.356733e+01 4.644696e+01 4.552902e+01 4.783449e+01 4.423763e+01 4.055308e+01 4.730561e+01 4.032959e+01 3.126156e+01 4.719026e+01 2.800625e+01
<GCONST> 6.542107e+01
<STATE> 8
<MEAN> 12
 3.547203e-07 -3.489052e-07 -6.978104e-08 -1.860828e-07 -2.907544e-08 -2.267884e-07 -3.721656e-07 -2.326035e-08 2.965695e-07 -1.511923e-07 -1.163017e-08 2.442337e-07
<VARIANCE> 12
 1.094548e+01 4.356733e+01 4.644696e+01 4.552902e+01 4.783449e+01 4.423763e+01 4.055308e+01 4.730561e+01 4.032959e+01 3.126156e+01 4.719026e+01 2.800625e+01
<GCONST> 6.542107e+01
<STATE> 9
<MEAN> 12
 3.547203e-07 -3.489052e-07 -6.978104e-08 -1.860828e-07 -2.907544e-08 -2.267884e-07 -3.721656e-07 -2.326035e-08 2.965695e-07 -1.511923e-07 -1.163017e-08 2.442337e-07
<VARIANCE> 12
 1.094548e+01 4.356733e+01 4.644696e+01 4.552902e+01 4.783449e+01 4.423763e+01 4.055308e+01 4.730561e+01 4.032959e+01 3.126156e+01 4.719026e+01 2.800625e+01
<GCONST> 6.542107e+01
<STATE> 10
<MEAN> 12
 3.547203e-07 -3.489052e-07 -6.978104e-08 -1.860828e-07 -2.907544e-08 -2.267884e-07 -3.721656e-07 -2.326035e-08 2.965695e-07 -1.511923e-07 -1.163017e-08 2.442337e-07
<VARIANCE> 12
 1.094548e+01 4.356733e+01 4.644696e+01 4.552902e+01 4.783449e+01 4.423763e+01 4.055308e+01 4.730561e+01 4.032959e+01 3.126156e+01 4.719026e+01 2.800625e+01
<GCONST> 6.542107e+01
<STATE> 11
<MEAN> 12
 3.547203e-07 -3.489052e-07 -6.978104e-08 -1.860828e-07 -2.907544e-08 -2.267884e-07 -3.721656e-07 -2.326035e-08 2.965695e-07 -1.511923e-07 -1.163017e-08 2.442337e-07
<VARIANCE> 12
 1.094548e+01 4.356733e+01 4.644696e+01 4.552902e+01 4.783449e+01 4.423763e+01 4.055308e+01 4.730561e+01 4.032959e+01 3.126156e+01 4.719026e+01 2.800625e+01
<GCONST> 6.542107e+01
<STATE> 12
<MEAN> 12
 3.547203e-07 -3.489052e-07 -6.978104e-08 -1.860828e-07 -2.907544e-08 -2.267884e-07 -3.721656e-07 -2.326035e-08 2.965695e-07 -1.511923e-07 -1.163017e-08 2.442337e-07
<VARIANCE> 12
 1.094548e+01 4.356733e+01 4.644696e+01 4.552902e+01 4.783449e+01 4.423763e+01 4.055308e+01 4.730561e+01 4.032959e+01 3.126156e+01 4.719026e+01 2.800625e+01
<GCONST> 6.542107e+01
<TRANSP> 13
 0.000000e+00 1.000000e+00 0.000000e+00 0.000000e+00 0.000000e+00 0.000000e+00 0.000000e+00 0.000000e+00 0.000000e+00 0.000000e+00 0.000000e+00 0.000000e+00 0.000000e+00
 0.000000e+00 9.000000e-01 9.999999e-02 0.000000e+00 0.000000e+00 0.000000e+00 0.000000e+00 0.000000e+00 0.000000e+00 0.000000e+00 0.000000e+00 0.000000e+00 0.000000e+00
 0.000000e+00 0.000000e+00 9.000000e-01 9.999999e-02 0.000000e+00 0.000000e+00 0.000000e+00 0.000000e+00 0.000000e+00 0.000000e+00 0.000000e+00 0.000000e+00 0.000000e+00
 0.000000e+00 0.000000e+00 0.000000e+00 9.000000e-01 9.999999e-02 0.000000e+00 0.000000e+00 0.000000e+00 0.000000e+00 0.000000e+00 0.000000e+00 0.000000e+00 0.000000e+00
 0.000000e+00 0.000000e+00 0.000000e+00 0.000000e+00 9.000000e-01 9.999999e-02 0.000000e+00 0.000000e+00 0.000000e+00 0.000000e+00 0.000000e+00 0.000000e+00 0.000000e+00
 0.000000e+00 0.000000e+00 0.000000e+00 0.000000e+00 0.000000e+00 9.000000e-01 9.999999e-02 0.000000e+00 0.000000e+00 0.000000e+00 0.000000e+00 0.000000e+00 0.000000e+00
 0.000000e+00 0.000000e+00 0.000000e+00 0.000000e+00 0.000000e+00 0.000000e+00 9.000000e-01 9.999999e-02 0.000000e+00 0.000000e+00 0.000000e+00 0.000000e+00 0.000000e+00
 0.000000e+00 0.000000e+00 0.000000e+00 0.000000e+00 0.000000e+00 0.000000e+00 0.000000e+00 9.000000e-01 9.999999e-02 0.000000e+00 0.000000e+00 0.000000e+00 0.000000e+00
 0.000000e+00 0.000000e+00 0.000000e+00 0.000000e+00 0.000000e+00 0.000000e+00 0.000000e+00 0.000000e+00 9.000000e-01 9.999999e-02 0.000000e+00 0.000000e+00 0.000000e+00
 0.000000e+00 0.000000e+00 0.000000e+00 0.000000e+00 0.000000e+00 0.000000e+00 0.000000e+00 0.000000e+00 0.000000e+00 9.000000e-01 9.999999e-02 0.000000e+00 0.000000e+00
 0.000000e+00 0.000000e+00 0.000000e+00 0.000000e+00 0.000000e+00 0.000000e+00 0.000000e+00 0.000000e+00 0.000000e+00 0.000000e+00 9.000000e-01 9.999999e-02 0.000000e+00
 0.000000e+00 0.000000e+00 0.000000e+00 0.000000e+00 0.000000e+00 0.000000e+00 0.000000e+00 0.000000e+00 0.000000e+00 0.000000e+00 0.000000e+00 9.000000e-01 9.999999e-02
 0.000000e+00 0.000000e+00 0.000000e+00 0.000000e+00 0.000000e+00 0.000000e+00 0.000000e+00 0.000000e+00 0.000000e+00 0.000000e+00 0.000000e+00 0.000000e+00 0.000000e+00
<ENDHMM>
