~o
<STREAMINFO> 1 12
<VECSIZE> 12<NULLD><MFCC_Z><DIAGC>
~h "s050"
<BEGINHMM>
<NUMSTATES> 12
<STATE> 2
<MEAN> 12
 -4.225638e-01 6.734669e+00 6.769664e+00 -1.409050e+00 -3.389891e+00 1.167736e+00 3.907684e-01 -1.448252e+00 1.580208e+00 3.286695e-01 1.708308e+00 -5.172068e-01
<VARIANCE> 12
 1.566659e+01 1.557621e+01 2.445612e+01 5.266925e+01 3.013594e+01 1.750544e+01 2.264578e+01 1.591492e+01 2.619932e+01 2.811198e+01 6.203756e+01 2.585890e+01
<GCONST> 6.085049e+01
<STATE> 3
<MEAN> 12
 -3.884587e+00 7.183771e+00 2.456580e+00 -1.072338e+00 3.413478e-01 -7.368163e-01 2.592028e+00 4.098071e-01 1.728697e+00 -2.092404e+00 3.798392e+00 -3.376256e+00
<VARIANCE> 12
 1.967666e+01 4.863916e+01 2.085794e+01 4.134156e+01 5.629543e+01 1.400443e+01 4.065720e+01 1.075331e+01 2.821441e+01 1.728312e+01 3.915597e+01 1.819290e+01
<GCONST> 6.118652e+01
<STATE> 4
<MEAN> 12
 -5.080469e+00 2.832181e+00 -2.786700e-01 2.455863e+00 3.712219e+00 -6.130671e-01 5.308853e+00 9.950676e-01 -3.593272e-01 -2.042024e+00 7.745981e-01 -3.262071e+00
<VARIANCE> 12
 2.705643e+01 1.049125e+02 3.775937e+01 4.766109e+01 5.160152e+01 2.169790e+01 4.063670e+01 1.705913e+01 3.782941e+01 2.167685e+01 5.848623e+01 1.418681e+01
<GCONST> 6.449348e+01
<STATE> 5
<MEAN> 12
 -4.014274e+00 -3.137969e+00 -2.901285e+00 4.147967e+00 4.044452e+00 -1.111930e+00 4.917033e+00 2.208998e+00 -2.041844e+00 -1.710287e+00 -2.117771e+00 -2.311255e+00
<VARIANCE> 12
 3.139821e+01 1.084954e+02 6.713568e+01 5.396652e+01 4.400012e+01 3.305470e+01 5.142288e+01 2.790198e+01 4.963673e+01 3.214268e+01 7.104096e+01 1.188747e+01
<GCONST> 6.704786e+01
<STATE> 6
<MEAN> 12
 -1.786141e+00 -6.537785e+00 -4.084042e+00 3.215038e+00 2.237524e+00 -1.980205e+00 1.534739e+00 4.105408e+00 -2.178332e+00 -1.626314e+00 -2.654714e+00 -1.655101e+00
<VARIANCE> 12
 2.517216e+01 7.071344e+01 9.178062e+01 8.166327e+01 4.209534e+01 4.279264e+01 7.977816e+01 3.522032e+01 5.815100e+01 3.697835e+01 8.202142e+01 1.035452e+01
<GCONST> 6.831586e+01
<STATE> 7
<MEAN> 12
 -3.933193e-02 -5.766766e+00 -2.462652e+00 -4.556924e-01 1.121973e-02 -1.700278e+00 -2.855294e+00 5.174704e+00 -6.924818e-01 -1.631498e+00 -1.017449e+00 -8.862932e-01
<VARIANCE> 12
 1.474693e+01 5.514082e+01 1.050140e+02 1.139880e+02 3.632088e+01 4.713163e+01 8.654913e+01 4.038113e+01 5.971682e+01 3.452774e+01 8.418661e+01 1.422652e+01
<GCONST> 6.846957e+01
<STATE> 8
<MEAN> 12
 1.064263e+00 -2.437867e+00 3.063904e-02 -4.756806e+00 -1.097523e+00 -4.064403e-01 -5.499813e+00 3.507146e+00 1.058248e+00 -1.009309e+00 2.160007e-01 6.011327e-01
<VARIANCE> 12
 1.293660e+01 4.896148e+01 8.496995e+01 1.048631e+02 2.664111e+01 4.173228e+01 6.484309e+01 6.115513e+01 4.956438e+01 3.234906e+01 6.533664e+01 2.341798e+01
<GCONST> 6.761260e+01
<STATE> 9
<MEAN> 12
 2.712230e+00 4.698184e-01 4.954520e-01 -5.684914e+00 -8.689673e-01 4.792653e-01 -4.787017e+00 -8.559610e-01 1.517572e+00 8.497247e-01 -7.242094e-01 2.704699e+00
<VARIANCE> 12
 1.878890e+01 2.867956e+01 5.030143e+01 8.096658e+01 2.075065e+01 2.967626e+01 4.719177e+01 7.681660e+01 3.418998e+01 3.332864e+01 4.405274e+01 2.737160e+01
<GCONST> 6.540785e+01
<STATE> 10
<MEAN> 12
 5.182602e+00 1.042272e+00 -3.874227e-01 -1.560895e+00 -1.230665e+00 1.178112e+00 -1.968398e+00 -5.523689e+00 5.111911e-01 3.554419e+00 -1.756472e+00 4.196667e+00
<VARIANCE> 12
 1.737310e+01 1.391635e+01 2.296866e+01 7.450783e+01 2.213599e+01 2.220295e+01 3.383511e+01 5.660943e+01 2.058589e+01 2.847151e+01 2.982677e+01 1.909710e+01
<GCONST> 6.146110e+01
<STATE> 11
<MEAN> 12
 6.268345e+00 -3.824905e-01 3.616750e-01 5.121087e+00 -3.759780e+00 3.723607e+00 3.671150e-01 -8.573244e+00 -1.124058e+00 5.379212e+00 1.773341e+00 4.505813e+00
<VARIANCE> 12
 7.627207e+00 1.391635e+01 1.194007e+01 4.310728e+01 2.383744e+01 1.869971e+01 1.807191e+01 2.739640e+01 9.722760e+00 1.690664e+01 4.189362e+01 8.185131e+00
<GCONST> 5.620707e+01
<TRANSP> 12
 0.000000e+00 1.000000e+00 0.000000e+00 0.000000e+00 0.000000e+00 0.000000e+00 0.000000e+00 0.000000e+00 0.000000e+00 0.000000e+00 0.000000e+00 0.000000e+00
 0.000000e+00 8.630137e-01 1.369863e-01 0.000000e+00 0.000000e+00 0.000000e+00 0.000000e+00 0.000000e+00 0.000000e+00 0.000000e+00 0.000000e+00 0.000000e+00
 0.000000e+00 0.000000e+00 8.630137e-01 1.369863e-01 0.000000e+00 0.000000e+00 0.000000e+00 0.000000e+00 0.000000e+00 0.000000e+00 0.000000e+00 0.000000e+00
 0.000000e+00 0.000000e+00 0.000000e+00 8.630137e-01 1.369863e-01 0.000000e+00 0.000000e+00 0.000000e+00 0.000000e+00 0.000000e+00 0.000000e+00 0.000000e+00
 0.000000e+00 0.000000e+00 0.000000e+00 0.000000e+00 8.630137e-01 1.369863e-01 0.000000e+00 0.000000e+00 0.000000e+00 0.000000e+00 0.000000e+00 0.000000e+00
 0.000000e+00 0.000000e+00 0.000000e+00 0.000000e+00 0.000000e+00 8.630137e-01 1.369863e-01 0.000000e+00 0.000000e+00 0.000000e+00 0.000000e+00 0.000000e+00
 0.000000e+00 0.000000e+00 0.000000e+00 0.000000e+00 0.000000e+00 0.000000e+00 8.630137e-01 1.369863e-01 0.000000e+00 0.000000e+00 0.000000e+00 0.000000e+00
 0.000000e+00 0.000000e+00 0.000000e+00 0.000000e+00 0.000000e+00 0.000000e+00 0.000000e+00 8.630137e-01 1.369863e-01 0.000000e+00 0.000000e+00 0.000000e+00
 0.000000e+00 0.000000e+00 0.000000e+00 0.000000e+00 0.000000e+00 0.000000e+00 0.000000e+00 0.000000e+00 8.630137e-01 1.369863e-01 0.000000e+00 0.000000e+00
 0.000000e+00 0.000000e+00 0.000000e+00 0.000000e+00 0.000000e+00 0.000000e+00 0.000000e+00 0.000000e+00 0.000000e+00 8.630137e-01 1.369863e-01 0.000000e+00
 0.000000e+00 0.000000e+00 0.000000e+00 0.000000e+00 0.000000e+00 0.000000e+00 0.000000e+00 0.000000e+00 0.000000e+00 0.000000e+00 8.630137e-01 1.369863e-01
 0.000000e+00 0.000000e+00 0.000000e+00 0.000000e+00 0.000000e+00 0.000000e+00 0.000000e+00 0.000000e+00 0.000000e+00 0.000000e+00 0.000000e+00 0.000000e+00
<ENDHMM>
