~o
<STREAMINFO> 1 12
<VECSIZE> 12<NULLD><MFCC_Z><DIAGC>
~h "s022"
<BEGINHMM>
<NUMSTATES> 11
<STATE> 2
<MEAN> 12
 -1.373769e+01 8.280059e+00 -6.560122e-01 3.561687e+00 4.851545e+00 8.455033e+00 4.911154e+00 1.108877e+01 9.116675e+00 7.789860e+00 4.989068e+00 1.617869e+00
<VARIANCE> 12
 5.591939e+00 8.792924e+00 9.598234e+00 1.639553e+01 6.564307e+00 1.123659e+01 8.871891e+00 2.314675e+01 1.178777e+01 1.329127e+01 9.140073e+00 1.987076e+01
<GCONST> 5.089004e+01
<STATE> 3
<MEAN> 12
 -3.446776e+00 -2.926397e-01 2.533400e+00 -9.711730e-01 -5.778414e+00 -2.286213e+00 1.046168e+00 -6.514984e-01 -1.670667e+00 6.759905e-01 3.613791e+00 -3.188967e+00
<VARIANCE> 12
 5.591939e+00 5.617980e+01 6.314454e+01 6.993585e+01 3.744036e+01 3.726376e+01 3.575371e+00 1.491455e+01 4.172943e+01 3.082189e+01 5.198730e+01 2.097334e+01
<GCONST> 6.156828e+01
<STATE> 4
<MEAN> 12
 -2.596458e-01 -6.556445e+00 -9.327377e+00 4.004950e+00 -5.808952e-01 -9.572344e+00 1.280472e+00 1.477926e+00 -4.364457e+00 -3.795331e+00 3.688915e+00 -1.817422e+00
<VARIANCE> 12
 5.882811e+00 8.792924e+00 9.890602e+01 4.299811e+01 2.930566e+01 2.812309e+01 1.995986e+01 2.409362e+01 1.385105e+01 2.763365e+01 2.239800e+01 3.275740e+01
<GCONST> 5.979137e+01
<STATE> 5
<MEAN> 12
 -1.127672e+00 -3.419048e+00 5.653289e+00 -6.214118e+00 -6.658603e+00 -8.132227e-01 -4.005748e+00 -3.215177e+00 -4.085061e+00 -4.612161e+00 -4.664783e+00 -6.539226e+00
<VARIANCE> 12
 9.779878e+00 1.723042e+01 1.057446e+01 2.852654e+01 9.996116e+00 2.585127e+01 8.682969e+00 2.706072e+01 2.337418e+01 2.823503e+01 1.957856e+01 1.008454e+01
<GCONST> 5.568245e+01
<STATE> 6
<MEAN> 12
 -1.433713e+00 3.596772e+00 5.258612e+00 -1.331125e+01 -3.149525e+00 6.088205e+00 -3.313128e+00 1.338384e+00 2.193679e+00 -2.287953e+00 -2.832383e+00 4.440372e-01
<VARIANCE> 12
 7.030095e+00 3.261193e+01 9.598234e+00 1.639553e+01 2.986913e+01 1.123659e+01 6.386992e+00 2.598403e+01 2.175153e+01 7.884641e+00 2.526491e+01 1.711229e+01
<GCONST> 5.468955e+01
<STATE> 7
<MEAN> 12
 -2.457233e-02 1.099423e+01 6.222334e+00 -9.812156e+00 3.742083e+00 1.155663e+01 -5.826837e-01 2.332039e+00 -1.619825e+00 -1.836430e-01 3.364712e+00 1.555211e+00
<VARIANCE> 12
 5.591939e+00 1.514599e+01 9.598234e+00 2.825299e+01 4.693256e+00 1.597371e+01 6.591007e+00 3.333104e+01 5.005487e+00 1.420804e+01 2.290752e+01 1.841551e+01
<GCONST> 5.211464e+01
<STATE> 8
<MEAN> 12
 1.875113e+00 -1.410096e+00 6.189953e+00 1.005316e+01 3.391326e+00 1.429343e+00 2.245511e+00 -6.208077e+00 -2.595101e+00 9.712029e+00 -6.158265e-02 -7.712440e-01
<VARIANCE> 12
 5.591939e+00 1.600753e+01 1.040473e+01 4.314900e+01 4.693256e+00 5.780324e+01 9.646834e+00 7.203942e+00 5.005487e+00 2.657347e+01 1.833323e+01 8.828932e+00
<GCONST> 5.247746e+01
<STATE> 9
<MEAN> 12
 4.960392e+00 -6.681406e+00 -2.026575e+00 1.774492e+01 4.349904e+00 -7.884556e+00 2.439986e+00 -3.584072e-01 -1.383694e+00 2.369102e+00 1.773824e+00 5.289751e+00
<VARIANCE> 12
 5.591939e+00 8.792924e+00 1.429760e+01 1.639553e+01 4.693256e+00 1.123659e+01 1.665307e+01 1.350626e+01 7.273525e+00 1.036698e+01 8.193409e+00 1.100600e+01
<GCONST> 4.961259e+01
<STATE> 10
<MEAN> 12
 8.932482e+00 -5.303661e+00 -8.219599e+00 5.071981e+00 8.475700e-01 -6.346882e+00 -8.578290e-01 -6.066995e+00 4.464755e+00 -1.199934e+00 -7.193421e+00 2.851231e+00
<VARIANCE> 12
 5.591939e+00 8.901628e+00 9.598234e+00 2.446464e+01 1.287061e+01 1.123659e+01 5.715742e+00 4.745750e+01 2.058115e+01 1.065767e+01 8.302813e+00 2.504654e+01
<GCONST> 5.272606e+01
<TRANSP> 11
 0.000000e+00 1.000000e+00 0.000000e+00 0.000000e+00 0.000000e+00 0.000000e+00 0.000000e+00 0.000000e+00 0.000000e+00 0.000000e+00 0.000000e+00
 0.000000e+00 8.342142e-01 1.657858e-01 0.000000e+00 0.000000e+00 0.000000e+00 0.000000e+00 0.000000e+00 0.000000e+00 0.000000e+00 0.000000e+00
 0.000000e+00 0.000000e+00 8.230819e-01 1.769181e-01 0.000000e+00 0.000000e+00 0.000000e+00 0.000000e+00 0.000000e+00 0.000000e+00 0.000000e+00
 0.000000e+00 0.000000e+00 0.000000e+00 8.926860e-01 1.073139e-01 0.000000e+00 0.000000e+00 0.000000e+00 0.000000e+00 0.000000e+00 0.000000e+00
 0.000000e+00 0.000000e+00 0.000000e+00 0.000000e+00 8.702360e-01 1.297640e-01 0.000000e+00 0.000000e+00 0.000000e+00 0.000000e+00 0.000000e+00
 0.000000e+00 0.000000e+00 0.000000e+00 0.000000e+00 0.000000e+00 8.705292e-01 1.294708e-01 0.000000e+00 0.000000e+00 0.000000e+00 0.000000e+00
 0.000000e+00 0.000000e+00 0.000000e+00 0.000000e+00 0.000000e+00 0.000000e+00 8.990896e-01 1.009104e-01 0.000000e+00 0.000000e+00 0.000000e+00
 0.000000e+00 0.000000e+00 0.000000e+00 0.000000e+00 0.000000e+00 0.000000e+00 0.000000e+00 7.391096e-01 2.608905e-01 0.000000e+00 0.000000e+00
 0.000000e+00 0.000000e+00 0.000000e+00 0.000000e+00 0.000000e+00 0.000000e+00 0.000000e+00 0.000000e+00 8.328710e-01 1.671291e-01 0.000000e+00
 0.000000e+00 0.000000e+00 0.000000e+00 0.000000e+00 0.000000e+00 0.000000e+00 0.000000e+00 0.000000e+00 0.000000e+00 8.983851e-01 1.016149e-01
 0.000000e+00 0.000000e+00 0.000000e+00 0.000000e+00 0.000000e+00 0.000000e+00 0.000000e+00 0.000000e+00 0.000000e+00 0.000000e+00 0.000000e+00
<ENDHMM>
