~o
<STREAMINFO> 1 12
<VECSIZE> 12<NULLD><MFCC_Z><DIAGC>
~h "T1375865101"
<BEGINHMM>
<NUMSTATES> 14
<STATE> 2
<MEAN> 12
 3.967914e+00 -1.077446e+00 -1.008718e+00 5.076176e+00 -5.975096e-01 1.020023e+00 3.163454e+00 2.575966e+00 6.523506e-01 -1.638674e+00 3.066355e+00 -9.025294e-01
<VARIANCE> 12
 2.311890e+00 4.584722e+00 2.010871e+02 1.316945e+01 2.433948e+01 5.495732e+00 5.469317e+01 9.964000e+00 8.060804e+00 1.832348e+01 5.860346e+00 5.934318e+00
<GCONST> 5.203790e+01
<STATE> 3
<MEAN> 12
 4.655696e+00 2.008665e+00 -1.264835e+01 -3.707702e+00 1.327350e+00 1.597494e+00 -3.060585e+00 -9.818560e+00 -2.314991e+00 1.003311e+00 1.363024e+00 6.299092e+00
<VARIANCE> 12
 2.311890e+00 4.584722e+00 2.486593e+01 7.001940e+00 7.478952e+00 1.901727e+01 1.116121e+01 2.074559e+01 1.931264e+01 6.134226e+00 8.041830e+00 8.508349e+00
<GCONST> 4.897757e+01
<STATE> 4
<MEAN> 12
 1.341246e+00 4.592853e+00 -3.287014e+00 -2.542937e+00 3.327270e+00 -5.144608e+00 -8.886036e+00 -1.693786e+01 1.303292e+01 3.463655e+00 -5.355000e+00 -1.160465e+00
<VARIANCE> 12
 2.311890e+00 4.584722e+00 1.435162e+01 6.005912e+00 7.478952e+00 1.229776e+01 2.745252e+01 3.357106e+01 4.654368e+01 8.928073e+00 7.161883e+00 7.053462e+00
<GCONST> 5.017144e+01
<STATE> 5
<MEAN> 12
 5.910612e-02 -3.627830e-01 -1.562563e+00 1.603764e+00 -4.801062e+00 -6.142107e+00 6.566254e+00 -4.415380e+00 1.563133e+00 1.713685e+00 -7.244774e-01 2.553472e+00
<VARIANCE> 12
 3.987526e+00 2.081606e+01 1.435162e+01 1.000948e+01 1.975187e+01 3.639627e+01 7.905762e+01 2.390093e+01 8.573850e+01 7.334398e+00 1.834905e+01 1.006965e+01
<GCONST> 5.722561e+01
<STATE> 6
<MEAN> 12
 3.717788e-01 -7.951663e-01 2.079398e+00 -2.718352e+00 -9.047005e+00 -3.757167e-02 4.385121e+00 -2.130245e+00 -4.018868e+00 2.386267e+00 5.379796e-02 3.453186e+00
<VARIANCE> 12
 1.076482e+01 9.246830e+00 1.435162e+01 2.020793e+01 1.128327e+01 4.153697e+01 7.066455e+01 1.447076e+01 1.321952e+01 1.658077e+01 1.508635e+01 8.578534e+00
<GCONST> 5.565800e+01
<STATE> 7
<MEAN> 12
 -5.032759e+00 1.294798e+00 5.180577e+00 -1.136075e+01 -5.473724e+00 4.276637e+00 -4.484115e+00 1.095226e+00 -9.490600e-01 -4.488420e-01 -1.689601e+00 -3.161376e+00
<VARIANCE> 12
 9.293513e+00 8.616679e+00 1.435162e+01 2.077345e+01 7.478952e+00 2.403738e+01 3.151097e+01 3.216795e+01 8.060804e+00 7.120645e+00 3.105103e+01 8.249328e+00
<GCONST> 5.384386e+01
<STATE> 8
<MEAN> 12
 -5.708204e+00 -5.151777e+00 -1.266462e+00 -5.580192e+00 -3.517563e+00 1.243103e+01 8.496464e+00 -1.300158e+00 -9.040235e+00 -1.324162e+00 -7.629917e+00 -6.634290e+00
<VARIANCE> 12
 2.311890e+00 2.463787e+01 2.834523e+01 6.839626e+01 7.899104e+00 2.066617e+01 7.599267e+01 2.519455e+01 5.988126e+01 8.566701e+00 2.153456e+01 7.834875e+00
<GCONST> 5.768766e+01
<STATE> 9
<MEAN> 12
 4.292197e-01 -8.971108e+00 -1.325520e+01 7.640087e+00 5.350021e+00 3.537429e+00 4.280842e+00 2.642705e+00 -7.789750e+00 -2.687395e+00 -7.063651e+00 -9.724942e-01
<VARIANCE> 12
 5.956330e+00 4.584722e+00 1.435162e+01 6.486453e+00 1.804366e+01 4.456668e+01 3.847226e+01 1.459007e+01 8.170477e+01 1.600847e+01 1.550728e+01 1.396700e+01
<GCONST> 5.546958e+01
<STATE> 10
<MEAN> 12
 1.625992e+00 -5.672514e+00 -6.143892e+00 6.546378e+00 4.479343e+00 -4.347907e+00 -9.425778e-01 2.793855e+00 1.234858e+00 2.056067e+00 -2.098648e+00 4.370348e-01
<VARIANCE> 12
 9.322919e+00 9.067378e+00 5.298716e+01 9.130283e+00 2.919683e+01 8.739149e+00 2.865929e+01 1.976123e+01 1.742277e+01 1.003179e+01 2.020059e+01 2.266243e+01
<GCONST> 5.584436e+01
<STATE> 11
<MEAN> 12
 -6.552495e+00 1.312676e+00 2.398014e+00 5.756559e+00 8.832459e+00 -1.434042e+00 4.656840e+00 2.774622e+00 5.490423e+00 -2.657926e+00 -1.727835e+00 7.026973e-01
<VARIANCE> 12
 1.635519e+01 9.114104e+00 1.581583e+01 1.366413e+01 1.766713e+01 8.425215e+00 2.695967e+01 8.926375e+00 3.071348e+01 7.893200e+00 1.880685e+01 3.166689e+01
<GCONST> 5.480116e+01
<STATE> 12
<MEAN> 12
 -7.670711e-01 8.179044e+00 1.211285e+01 -3.694581e-01 8.758537e+00 -4.783713e+00 -8.396610e+00 5.126333e+00 1.755524e+00 -2.314484e+00 6.980305e+00 -5.731439e+00
<VARIANCE> 12
 2.311890e+00 4.584722e+00 1.435162e+01 8.193658e+00 7.478952e+00 7.249592e+00 1.412902e+01 8.905709e+00 8.060804e+00 2.533537e+00 1.074917e+01 1.916170e+01
<GCONST> 4.635487e+01
<STATE> 13
<MEAN> 12
 -1.094782e+00 6.359849e+00 1.265266e+01 -3.690394e+00 2.841499e+00 7.185051e-01 -8.316611e+00 9.702336e+00 4.149902e+00 -2.526432e+00 7.117581e+00 -4.055184e+00
<VARIANCE> 12
 2.311890e+00 2.357503e+01 1.435162e+01 1.027710e+01 1.083403e+01 1.694409e+01 3.053031e+01 8.905709e+00 1.302859e+01 1.077747e+01 6.157516e+00 5.495139e+00
<GCONST> 5.033072e+01
<TRANSP> 14
 0.000000e+00 1.000000e+00 0.000000e+00 0.000000e+00 0.000000e+00 0.000000e+00 0.000000e+00 0.000000e+00 0.000000e+00 0.000000e+00 0.000000e+00 0.000000e+00 0.000000e+00 0.000000e+00
 0.000000e+00 8.847395e-01 1.152604e-01 0.000000e+00 0.000000e+00 0.000000e+00 0.000000e+00 0.000000e+00 0.000000e+00 0.000000e+00 0.000000e+00 0.000000e+00 0.000000e+00 0.000000e+00
 0.000000e+00 0.000000e+00 8.477905e-01 1.522094e-01 0.000000e+00 0.000000e+00 0.000000e+00 0.000000e+00 0.000000e+00 0.000000e+00 0.000000e+00 0.000000e+00 0.000000e+00 0.000000e+00
 0.000000e+00 0.000000e+00 0.000000e+00 8.223050e-01 1.776950e-01 0.000000e+00 0.000000e+00 0.000000e+00 0.000000e+00 0.000000e+00 0.000000e+00 0.000000e+00 0.000000e+00 0.000000e+00
 0.000000e+00 0.000000e+00 0.000000e+00 0.000000e+00 6.505488e-01 3.494512e-01 0.000000e+00 0.000000e+00 0.000000e+00 0.000000e+00 0.000000e+00 0.000000e+00 0.000000e+00 0.000000e+00
 0.000000e+00 0.000000e+00 0.000000e+00 0.000000e+00 0.000000e+00 9.487302e-01 5.126981e-02 0.000000e+00 0.000000e+00 0.000000e+00 0.000000e+00 0.000000e+00 0.000000e+00 0.000000e+00
 0.000000e+00 0.000000e+00 0.000000e+00 0.000000e+00 0.000000e+00 0.000000e+00 7.327840e-01 2.672161e-01 0.000000e+00 0.000000e+00 0.000000e+00 0.000000e+00 0.000000e+00 0.000000e+00
 0.000000e+00 0.000000e+00 0.000000e+00 0.000000e+00 0.000000e+00 0.000000e+00 0.000000e+00 7.094256e-01 2.905744e-01 0.000000e+00 0.000000e+00 0.000000e+00 0.000000e+00 0.000000e+00
 0.000000e+00 0.000000e+00 0.000000e+00 0.000000e+00 0.000000e+00 0.000000e+00 0.000000e+00 0.000000e+00 8.611889e-01 1.388111e-01 0.000000e+00 0.000000e+00 0.000000e+00 0.000000e+00
 0.000000e+00 0.000000e+00 0.000000e+00 0.000000e+00 0.000000e+00 0.000000e+00 0.000000e+00 0.000000e+00 0.000000e+00 8.827253e-01 1.172747e-01 0.000000e+00 0.000000e+00 0.000000e+00
 0.000000e+00 0.000000e+00 0.000000e+00 0.000000e+00 0.000000e+00 0.000000e+00 0.000000e+00 0.000000e+00 0.000000e+00 0.000000e+00 8.474984e-01 1.525016e-01 0.000000e+00 0.000000e+00
 0.000000e+00 0.000000e+00 0.000000e+00 0.000000e+00 0.000000e+00 0.000000e+00 0.000000e+00 0.000000e+00 0.000000e+00 0.000000e+00 0.000000e+00 7.362104e-01 2.637897e-01 0.000000e+00
 0.000000e+00 0.000000e+00 0.000000e+00 0.000000e+00 0.000000e+00 0.000000e+00 0.000000e+00 0.000000e+00 0.000000e+00 0.000000e+00 0.000000e+00 0.000000e+00 9.130224e-01 8.697761e-02
 0.000000e+00 0.000000e+00 0.000000e+00 0.000000e+00 0.000000e+00 0.000000e+00 0.000000e+00 0.000000e+00 0.000000e+00 0.000000e+00 0.000000e+00 0.000000e+00 0.000000e+00 0.000000e+00
<ENDHMM>
