~o
<STREAMINFO> 1 12
<VECSIZE> 12<NULLD><MFCC_Z><DIAGC>
~h "s038"
<BEGINHMM>
<NUMSTATES> 13
<STATE> 2
<MEAN> 12
 5.760902e+00 5.045705e+00 1.377004e-01 -6.937601e+00 -6.226956e+00 -6.344167e+00 7.721485e-01 -5.919536e+00 -5.022665e-02 2.615420e+00 -6.255130e+00 -6.745246e+00
<VARIANCE> 12
 4.446987e+00 8.619380e+00 2.925303e+01 1.766929e+01 1.520158e+01 6.094215e+00 4.350944e+01 8.339182e+00 1.784360e+01 1.266688e+01 1.256800e+01 1.483281e+01
<GCONST> 5.301989e+01
<STATE> 3
<MEAN> 12
 6.014829e+00 5.250509e+00 -2.912045e+00 -1.044631e+01 -1.658482e+00 -5.024499e+00 -4.267809e+00 -5.124004e+00 8.791156e+00 1.438491e+01 5.368980e+00 -3.735790e+00
<VARIANCE> 12
 4.446987e+00 1.199267e+01 6.134128e+00 1.107341e+01 1.332503e+01 2.360714e+01 2.645930e+01 1.020675e+01 3.362032e+01 4.585814e+01 4.603413e+01 2.321717e+01
<GCONST> 5.591427e+01
<STATE> 4
<MEAN> 12
 7.079566e+00 -2.471471e+00 8.266473e-01 -5.280961e+00 -6.351450e+00 -2.387728e+00 -9.988546e+00 7.768499e-01 1.801414e+01 -4.988553e+00 -3.230670e+00 -1.010053e+00
<VARIANCE> 12
 4.446987e+00 5.813087e+00 6.402226e+00 1.107341e+01 1.413619e+01 6.094215e+00 8.167871e+00 6.842246e+01 3.086822e+01 1.981566e+01 2.664780e+01 8.657137e+01
<GCONST> 5.450992e+01
<STATE> 5
<MEAN> 12
 2.259678e+00 8.514938e-01 -7.346502e+00 4.803421e-01 8.921623e-02 -8.107730e+00 -3.532853e+00 1.413108e+00 5.934656e+00 -5.958303e+00 -6.177685e+00 -9.722468e-01
<VARIANCE> 12
 4.446987e+00 5.813087e+00 1.571549e+01 1.208668e+01 2.414511e+01 1.570537e+01 1.997906e+01 3.462111e+01 3.419709e+01 1.071073e+01 6.688980e+00 2.379304e+01
<GCONST> 5.400409e+01
<STATE> 6
<MEAN> 12
 -3.356514e+00 7.205658e+00 1.268153e+00 -5.318692e+00 -2.536491e+00 2.841181e+00 -3.311830e+00 3.128891e+00 1.154154e+00 -8.265709e+00 -2.818796e+00 -1.480265e+00
<VARIANCE> 12
 2.689386e+01 5.813087e+00 6.134128e+00 1.107341e+01 6.726705e+00 6.552485e+00 9.868461e+00 7.534779e+01 1.526970e+01 9.590802e+00 1.386907e+01 5.940413e+00
<GCONST> 5.112046e+01
<STATE> 7
<MEAN> 12
 -8.368781e+00 9.962295e+00 9.280384e+00 -4.799298e+00 -1.436265e+00 5.460350e+00 -3.181690e+00 1.424888e+00 -1.094802e+00 -2.920485e+00 -3.582349e-01 -2.962086e-01
<VARIANCE> 12
 1.420388e+01 5.813087e+00 2.939147e+01 5.154092e+01 9.540020e+00 1.298193e+01 1.604047e+01 2.578395e+01 5.986007e+01 9.971322e+00 1.266273e+01 7.362728e+00
<GCONST> 5.556197e+01
<STATE> 8
<MEAN> 12
 -3.706463e+00 -2.672744e+00 6.464137e+00 1.678232e+00 2.258522e+00 6.642427e+00 5.462269e+00 2.557954e+00 -1.267193e+01 5.159104e+00 4.563442e+00 -9.565453e-01
<VARIANCE> 12
 4.446987e+00 5.813087e+00 1.237340e+01 6.415268e+01 2.354667e+01 2.023247e+01 7.235262e+00 5.160887e+00 7.643320e+01 6.614357e+00 5.169093e+01 1.353331e+01
<GCONST> 5.454613e+01
<STATE> 9
<MEAN> 12
 -4.290114e+00 -2.317452e+00 -4.436057e+00 5.937105e+00 2.329557e+00 1.149017e+00 7.966555e-01 1.959309e+00 -5.245000e+00 -8.302793e-01 1.704465e+00 2.596785e+00
<VARIANCE> 12
 1.215300e+01 2.763499e+01 3.771612e+01 2.001807e+01 3.204123e+01 4.589389e+01 2.712327e+01 2.412964e+01 2.631330e+01 1.757448e+01 5.079543e+01 2.880099e+01
<GCONST> 6.169983e+01
<STATE> 10
<MEAN> 12
 -4.478962e+00 1.904981e+00 8.329064e+00 -1.021402e+01 -6.854625e+00 6.049270e+00 2.665408e+00 -5.447784e-01 -2.073744e+00 1.418190e+00 -6.672273e-01 -2.836171e+00
<VARIANCE> 12
 4.446987e+00 2.895361e+01 7.267519e+00 2.544393e+01 6.726705e+00 6.094215e+00 2.030227e+01 7.499489e+00 1.526970e+01 4.121299e+01 1.503609e+01 2.234445e+01
<GCONST> 5.313299e+01
<STATE> 11
<MEAN> 12
 -4.612550e-01 -7.890699e+00 3.169348e-01 6.220072e+00 5.531650e+00 1.148764e+00 8.137653e+00 2.515554e+00 -1.454220e+01 5.530588e+00 7.043217e+00 8.049609e+00
<VARIANCE> 12
 4.446987e+00 6.297771e+00 1.052621e+01 1.107341e+01 6.726705e+00 6.094215e+00 1.100417e+01 5.160887e+00 1.526970e+01 1.747797e+01 6.688980e+00 1.112985e+01
<GCONST> 4.779508e+01
<STATE> 12
<MEAN> 12
 1.155460e+00 -7.287262e+00 2.189561e-01 1.308608e+01 1.036319e+01 3.955051e+00 8.039390e+00 -1.738336e+00 -3.009894e+00 1.478466e+00 4.726123e+00 4.252083e+00
<VARIANCE> 12
 4.446987e+00 6.832463e+00 1.303573e+01 1.130153e+01 8.140320e+00 2.414309e+01 7.292561e+00 1.443132e+01 2.175244e+01 7.334044e+00 2.511521e+01 1.158017e+01
<GCONST> 5.114317e+01
<TRANSP> 13
 0.000000e+00 1.000000e+00 0.000000e+00 0.000000e+00 0.000000e+00 0.000000e+00 0.000000e+00 0.000000e+00 0.000000e+00 0.000000e+00 0.000000e+00 0.000000e+00 0.000000e+00
 0.000000e+00 8.852605e-01 1.147395e-01 0.000000e+00 0.000000e+00 0.000000e+00 0.000000e+00 0.000000e+00 0.000000e+00 0.000000e+00 0.000000e+00 0.000000e+00 0.000000e+00
 0.000000e+00 0.000000e+00 7.798514e-01 2.201487e-01 0.000000e+00 0.000000e+00 0.000000e+00 0.000000e+00 0.000000e+00 0.000000e+00 0.000000e+00 0.000000e+00 0.000000e+00
 0.000000e+00 0.000000e+00 0.000000e+00 8.861858e-01 1.138142e-01 0.000000e+00 0.000000e+00 0.000000e+00 0.000000e+00 0.000000e+00 0.000000e+00 0.000000e+00 0.000000e+00
 0.000000e+00 0.000000e+00 0.000000e+00 0.000000e+00 8.663669e-01 1.336331e-01 0.000000e+00 0.000000e+00 0.000000e+00 0.000000e+00 0.000000e+00 0.000000e+00 0.000000e+00
 0.000000e+00 0.000000e+00 0.000000e+00 0.000000e+00 0.000000e+00 7.881125e-01 2.118875e-01 0.000000e+00 0.000000e+00 0.000000e+00 0.000000e+00 0.000000e+00 0.000000e+00
 0.000000e+00 0.000000e+00 0.000000e+00 0.000000e+00 0.000000e+00 0.000000e+00 8.251476e-01 1.748524e-01 0.000000e+00 0.000000e+00 0.000000e+00 0.000000e+00 0.000000e+00
 0.000000e+00 0.000000e+00 0.000000e+00 0.000000e+00 0.000000e+00 0.000000e+00 0.000000e+00 7.696280e-01 2.303720e-01 0.000000e+00 0.000000e+00 0.000000e+00 0.000000e+00
 0.000000e+00 0.000000e+00 0.000000e+00 0.000000e+00 0.000000e+00 0.000000e+00 0.000000e+00 0.000000e+00 9.345182e-01 6.548176e-02 0.000000e+00 0.000000e+00 0.000000e+00
 0.000000e+00 0.000000e+00 0.000000e+00 0.000000e+00 0.000000e+00 0.000000e+00 0.000000e+00 0.000000e+00 0.000000e+00 7.738656e-01 2.261344e-01 0.000000e+00 0.000000e+00
 0.000000e+00 0.000000e+00 0.000000e+00 0.000000e+00 0.000000e+00 0.000000e+00 0.000000e+00 0.000000e+00 0.000000e+00 0.000000e+00 7.901472e-01 2.098527e-01 0.000000e+00
 0.000000e+00 0.000000e+00 0.000000e+00 0.000000e+00 0.000000e+00 0.000000e+00 0.000000e+00 0.000000e+00 0.000000e+00 0.000000e+00 0.000000e+00 8.917113e-01 1.082887e-01
 0.000000e+00 0.000000e+00 0.000000e+00 0.000000e+00 0.000000e+00 0.000000e+00 0.000000e+00 0.000000e+00 0.000000e+00 0.000000e+00 0.000000e+00 0.000000e+00 0.000000e+00
<ENDHMM>
