~o
<STREAMINFO> 1 12
<VECSIZE> 12<NULLD><MFCC_Z><DIAGC>
~h "T13771896898"
<BEGINHMM>
<NUMSTATES> 9
<STATE> 2
<MEAN> 12
 -3.102683e+00 5.238016e+00 6.977237e+00 -3.953737e+00 -7.987650e+00 -2.463814e+00 -1.390653e+00 4.582800e+00 -7.745337e+00 -3.158125e+00 4.291195e+00 -4.419132e+00
<VARIANCE> 12
 3.517655e+00 1.427084e+01 1.351577e+01 5.082824e+01 4.343510e+01 4.439613e+00 6.724222e+01 6.703827e+01 1.624058e+01 8.940143e+00 2.552431e+01 8.685616e+00
<GCONST> 5.655761e+01
<STATE> 3
<MEAN> 12
 8.914661e-01 -2.263246e+00 -8.158284e+00 -3.361661e+00 -2.205073e+00 -1.049029e+01 2.487861e+00 9.084885e+00 1.638548e+00 -6.811240e+00 -5.058990e+00 4.258110e-01
<VARIANCE> 12
 3.517655e+00 4.580639e+00 1.114474e+01 5.327555e+00 1.051816e+01 5.694772e+00 4.648654e+00 5.955666e+01 2.350911e+01 9.250366e+00 9.997518e+00 5.610933e+00
<GCONST> 4.804328e+01
<STATE> 4
<MEAN> 12
 2.093241e+00 -6.235936e-01 -2.342603e+00 2.666823e-02 1.073660e+00 -2.220554e+00 -4.717382e+00 -5.838551e+00 1.222333e+00 2.496113e+00 -2.425023e+00 -2.534811e+00
<VARIANCE> 12
 7.848428e+00 4.580639e+00 2.904144e+01 9.045579e+00 4.569287e+00 4.439613e+00 4.732818e+00 1.609178e+01 1.033250e+01 4.000696e+00 2.253728e+01 2.552923e+00
<GCONST> 4.632460e+01
<STATE> 5
<MEAN> 12
 -6.486463e+00 -8.329550e+00 4.039163e+00 6.001128e+00 4.534163e+00 3.652587e+00 -1.368155e+00 5.506063e+00 3.563345e+00 4.283858e+00 1.047482e+00 4.176505e+00
<VARIANCE> 12
 1.207121e+01 1.314327e+01 1.206914e+01 1.638444e+01 1.905758e+01 8.581491e+00 3.525420e+01 2.042918e+01 9.253927e+00 1.102965e+01 1.201714e+01 1.098175e+01
<GCONST> 5.359306e+01
<STATE> 6
<MEAN> 12
 -2.533030e+00 -3.564615e+00 4.335125e+00 4.478468e+00 5.182156e+00 2.345802e+00 -8.633421e-02 -7.443335e+00 -4.938805e+00 -3.551482e+00 -1.672712e+00 -3.865330e+00
<VARIANCE> 12
 3.250269e+01 6.285998e+00 8.232552e+00 2.878510e+01 1.736805e+01 4.579845e+00 4.648654e+00 3.722092e+01 6.477937e+00 4.000696e+00 4.278814e+00 1.053555e+01
<GCONST> 4.943517e+01
<STATE> 7
<MEAN> 12
 5.285185e+00 4.945350e+00 -8.642226e+00 -6.095406e+00 -3.024208e+00 3.218285e+00 2.463650e+00 -8.564960e+00 -5.202352e+00 -3.739402e+00 4.567878e+00 1.140245e+00
<VARIANCE> 12
 3.517655e+00 4.580639e+00 9.505394e+00 7.409892e+00 4.569287e+00 4.439613e+00 1.811235e+01 1.029723e+01 1.432195e+01 1.709178e+01 2.703984e+01 1.474277e+01
<GCONST> 4.881568e+01
<STATE> 8
<MEAN> 12
 1.992939e+00 4.134110e+00 7.770135e+00 4.512464e+00 3.847525e+00 5.523364e+00 4.474759e+00 4.199314e-01 6.167618e+00 4.903468e+00 -2.099495e+00 1.274328e+00
<VARIANCE> 12
 1.304429e+01 4.580639e+00 8.232552e+00 9.625875e+00 4.631583e+00 5.484906e+00 7.913704e+00 1.567772e+01 5.619194e+00 4.000696e+00 8.143377e+00 1.175956e+01
<GCONST> 4.624753e+01
<TRANSP> 9
 0.000000e+00 1.000000e+00 0.000000e+00 0.000000e+00 0.000000e+00 0.000000e+00 0.000000e+00 0.000000e+00 0.000000e+00
 0.000000e+00 8.571493e-01 1.428507e-01 0.000000e+00 0.000000e+00 0.000000e+00 0.000000e+00 0.000000e+00 0.000000e+00
 0.000000e+00 0.000000e+00 8.569198e-01 1.430802e-01 0.000000e+00 0.000000e+00 0.000000e+00 0.000000e+00 0.000000e+00
 0.000000e+00 0.000000e+00 0.000000e+00 9.084446e-01 9.155539e-02 0.000000e+00 0.000000e+00 0.000000e+00 0.000000e+00
 0.000000e+00 0.000000e+00 0.000000e+00 0.000000e+00 9.018224e-01 9.817753e-02 0.000000e+00 0.000000e+00 0.000000e+00
 0.000000e+00 0.000000e+00 0.000000e+00 0.000000e+00 0.000000e+00 4.742819e-01 5.257181e-01 0.000000e+00 0.000000e+00
 0.000000e+00 0.000000e+00 0.000000e+00 0.000000e+00 0.000000e+00 0.000000e+00 8.888956e-01 1.111044e-01 0.000000e+00
 0.000000e+00 0.000000e+00 0.000000e+00 0.000000e+00 0.000000e+00 0.000000e+00 0.000000e+00 8.749987e-01 1.250013e-01
 0.000000e+00 0.000000e+00 0.000000e+00 0.000000e+00 0.000000e+00 0.000000e+00 0.000000e+00 0.000000e+00 0.000000e+00
<ENDHMM>
