~o
<STREAMINFO> 1 12
<VECSIZE> 12<NULLD><MFCC_Z><DIAGC>
~h "T1375423460"
<BEGINHMM>
<NUMSTATES> 9
<STATE> 2
<MEAN> 12
 -2.447434e+00 -5.241400e+00 2.339288e+00 1.882015e+00 -6.162257e+00 -1.148817e+01 2.958047e+00 3.615828e+00 -1.134160e+00 -5.073622e+00 -7.912877e+00 -9.177835e-02
<VARIANCE> 12
 3.581727e+00 3.823894e+00 1.123008e+01 2.322786e+00 5.158457e+01 9.593272e+00 3.946610e+01 1.641866e+01 1.787263e+01 2.213535e+01 1.257732e+01 7.793660e+00
<GCONST> 5.117680e+01
<STATE> 3
<MEAN> 12
 3.651028e+00 -2.267216e+00 -6.295581e+00 3.687595e-01 1.267049e+00 -9.805142e+00 -6.951932e+00 -2.087029e+00 5.729833e+00 2.597700e+00 -4.684361e+00 -6.366933e+00
<VARIANCE> 12
 3.581727e+00 9.285245e+00 3.995566e+00 8.904559e+00 4.521461e+00 2.101508e+01 4.410764e+00 6.003251e+00 3.200896e+00 5.769835e+00 4.557403e+00 5.251346e+00
<GCONST> 4.305228e+01
<STATE> 4
<MEAN> 12
 -1.930092e+00 9.668506e-01 8.384917e-01 -6.882464e-01 -3.824807e+00 3.845311e+00 3.902007e-01 -4.955533e-02 1.658505e+00 -9.166154e-01 -2.116369e-01 -3.816409e+00
<VARIANCE> 12
 8.048831e+00 3.823894e+00 3.995566e+00 2.322786e+00 1.431346e+01 2.592766e+01 1.117621e+01 4.106144e+00 6.765571e+00 5.310707e+00 4.481133e+00 1.830608e+01
<GCONST> 4.544073e+01
<STATE> 5
<MEAN> 12
 -7.563170e+00 -4.585937e+00 3.848701e+00 4.964523e+00 5.555480e+00 7.873932e+00 -6.887975e-01 -2.066371e+00 8.329352e-03 2.318932e+00 6.339373e+00 4.378194e+00
<VARIANCE> 12
 3.581727e+00 4.712426e+00 8.519338e+00 1.397079e+01 1.474322e+01 9.593272e+00 1.834132e+01 2.188337e+01 1.110309e+01 7.388723e+00 7.463827e+00 7.406809e+00
<GCONST> 4.902625e+01
<STATE> 6
<MEAN> 12
 4.196639e+00 7.705966e+00 5.082131e+00 -3.024184e+00 -3.941352e+00 2.447294e+00 6.090860e+00 8.754921e-01 -4.785713e+00 -3.402253e+00 2.138516e+00 4.060607e+00
<VARIANCE> 12
 3.581727e+00 3.823894e+00 3.995566e+00 7.420440e+00 4.521461e+00 9.593272e+00 4.410764e+00 4.128601e+00 3.200896e+00 3.968049e+00 2.057758e+01 3.581840e+00
<GCONST> 4.157472e+01
<STATE> 7
<MEAN> 12
 5.671570e+00 4.653615e+00 -3.197020e+00 -5.038696e+00 2.514118e+00 6.024797e+00 9.940376e-01 -2.522134e+00 -1.373610e+00 2.160841e+00 3.324609e+00 2.866494e+00
<VARIANCE> 12
 3.581727e+00 3.823894e+00 8.636920e+00 2.322786e+00 9.362341e+00 9.593272e+00 4.410764e+00 6.504850e+00 2.576989e+01 4.730787e+00 4.481133e+00 1.428180e+01
<GCONST> 4.448696e+01
<STATE> 8
<MEAN> 12
 -2.396611e+00 -1.231788e+00 -2.758981e+00 1.490267e-01 3.282839e+00 4.559701e+00 -1.315382e+00 2.244098e+00 -4.822484e-01 1.893857e+00 1.221523e+00 -9.034151e-01
<VARIANCE> 12
 1.286104e+01 3.838511e+00 2.447238e+01 7.969187e+00 1.080213e+01 1.030553e+01 8.343107e+00 9.094739e+00 1.355308e+01 1.282680e+01 9.529545e+00 6.292182e+00
<GCONST> 4.952036e+01
<TRANSP> 9
 0.000000e+00 1.000000e+00 0.000000e+00 0.000000e+00 0.000000e+00 0.000000e+00 0.000000e+00 0.000000e+00 0.000000e+00
 0.000000e+00 8.567628e-01 1.432371e-01 0.000000e+00 0.000000e+00 0.000000e+00 0.000000e+00 0.000000e+00 0.000000e+00
 0.000000e+00 0.000000e+00 9.092232e-01 9.077682e-02 0.000000e+00 0.000000e+00 0.000000e+00 0.000000e+00 0.000000e+00
 0.000000e+00 0.000000e+00 0.000000e+00 8.038708e-01 1.961293e-01 0.000000e+00 0.000000e+00 0.000000e+00 0.000000e+00
 0.000000e+00 0.000000e+00 0.000000e+00 0.000000e+00 8.876892e-01 1.123108e-01 0.000000e+00 0.000000e+00 0.000000e+00
 0.000000e+00 0.000000e+00 0.000000e+00 0.000000e+00 0.000000e+00 9.085323e-01 9.146766e-02 0.000000e+00 0.000000e+00
 0.000000e+00 0.000000e+00 0.000000e+00 0.000000e+00 0.000000e+00 0.000000e+00 8.073572e-01 1.926428e-01 0.000000e+00
 0.000000e+00 0.000000e+00 0.000000e+00 0.000000e+00 0.000000e+00 0.000000e+00 0.000000e+00 8.873394e-01 1.126606e-01
 0.000000e+00 0.000000e+00 0.000000e+00 0.000000e+00 0.000000e+00 0.000000e+00 0.000000e+00 0.000000e+00 0.000000e+00
<ENDHMM>
