~o
<STREAMINFO> 1 12
<VECSIZE> 12<NULLD><MFCC_Z><DIAGC>
~h "T13771896494"
<BEGINHMM>
<NUMSTATES> 8
<STATE> 2
<MEAN> 12
 -3.976191e+00 -1.039577e+01 4.675880e+00 7.794347e-01 1.095868e+01 6.573233e+00 2.603993e+00 -1.045277e+00 -1.081711e+01 2.983147e+00 -4.252367e-01 -2.213220e+00
<VARIANCE> 12
 3.669251e+00 4.985609e+00 1.040936e+01 5.621772e+00 8.501534e+00 2.942443e+01 5.984149e+00 7.234768e+00 1.859806e+01 2.111021e+01 9.645967e+00 1.245067e+01
<GCONST> 4.908163e+01
<STATE> 3
<MEAN> 12
 -4.943436e+00 -2.183473e+00 -5.587533e-01 -6.169010e+00 3.229037e+00 1.373121e+01 3.738116e+00 9.476248e+00 4.904608e+00 -3.467041e+00 -3.907421e+00 -9.813091e-01
<VARIANCE> 12
 3.179972e+00 1.222848e+01 5.210401e+00 4.524794e+00 2.908795e+01 2.383399e+01 1.318400e+01 1.507328e+01 2.476048e+01 8.952295e+00 5.076704e+00 4.761745e+00
<GCONST> 4.929519e+01
<STATE> 4
<MEAN> 12
 -1.167681e+00 2.195831e+00 2.919876e+00 4.224850e+00 -1.436418e+00 -1.521698e+00 2.352610e+00 4.192636e+00 8.837240e+00 2.037834e+00 -7.935773e-01 -1.504269e+00
<VARIANCE> 12
 3.179972e+00 4.985609e+00 5.727107e+00 2.382003e+01 8.888364e+00 1.180579e+01 1.065076e+01 2.043146e+01 9.152459e+00 1.001343e+01 6.760052e+00 6.521111e+00
<GCONST> 4.807376e+01
<STATE> 5
<MEAN> 12
 -2.765111e+00 5.430510e+00 3.557122e+00 3.346181e+00 -4.154485e+00 6.579942e-01 -2.651406e+00 -3.808033e+00 -2.217937e+00 -5.734017e+00 2.516765e-01 -1.293577e-01
<VARIANCE> 12
 7.067336e+00 4.985609e+00 2.042902e+01 1.745308e+01 5.986471e+01 2.938846e+01 6.000131e+00 2.313989e+01 2.455658e+01 1.563611e+01 1.653856e+00 4.281261e+00
<GCONST> 5.180699e+01
<STATE> 6
<MEAN> 12
 5.721171e+00 2.508966e+00 -7.823832e+00 -3.968448e+00 -6.590594e+00 -8.875922e+00 -4.067994e+00 -3.770577e+00 -2.607869e+00 4.540897e-01 2.549326e+00 3.522774e+00
<VARIANCE> 12
 3.179972e+00 4.985609e+00 8.576180e+00 1.279680e+01 1.569938e+01 2.294159e+01 5.395482e+00 8.568162e+00 2.092902e+01 1.307588e+01 3.742233e+00 1.120938e+01
<GCONST> 4.858467e+01
<STATE> 7
<MEAN> 12
 1.992616e+00 4.627675e+00 3.605458e+00 5.419551e+00 -6.253539e-01 -3.623041e+00 -1.557830e-01 -2.645033e+00 5.566020e+00 1.243607e-01 2.243991e-01 -1.057019e+00
<VARIANCE> 12
 1.080438e+01 4.985609e+00 4.978759e+00 1.132217e+01 1.005573e+01 1.180579e+01 6.699955e+00 5.028771e+00 9.152459e+00 4.685256e+00 1.445919e+01 4.306581e+00
<GCONST> 4.625690e+01
<TRANSP> 8
 0.000000e+00 1.000000e+00 0.000000e+00 0.000000e+00 0.000000e+00 0.000000e+00 0.000000e+00 0.000000e+00
 0.000000e+00 8.901575e-01 1.098425e-01 0.000000e+00 0.000000e+00 0.000000e+00 0.000000e+00 0.000000e+00
 0.000000e+00 0.000000e+00 8.549956e-01 1.450044e-01 0.000000e+00 0.000000e+00 0.000000e+00 0.000000e+00
 0.000000e+00 0.000000e+00 0.000000e+00 8.676145e-01 1.323855e-01 0.000000e+00 0.000000e+00 0.000000e+00
 0.000000e+00 0.000000e+00 0.000000e+00 0.000000e+00 7.763981e-01 2.236019e-01 0.000000e+00 0.000000e+00
 0.000000e+00 0.000000e+00 0.000000e+00 0.000000e+00 0.000000e+00 9.249555e-01 7.504450e-02 0.000000e+00
 0.000000e+00 0.000000e+00 0.000000e+00 0.000000e+00 0.000000e+00 0.000000e+00 8.692530e-01 1.307470e-01
 0.000000e+00 0.000000e+00 0.000000e+00 0.000000e+00 0.000000e+00 0.000000e+00 0.000000e+00 0.000000e+00
<ENDHMM>
