~o
<STREAMINFO> 1 12
<VECSIZE> 12<NULLD><MFCC_Z><DIAGC>
~h "s014"
<BEGINHMM>
<NUMSTATES> 10
<STATE> 2
<MEAN> 12
 -1.609772e+01 -1.553787e+00 -3.003354e-01 8.393739e-01 1.214761e+01 2.703274e+00 1.438177e+01 8.164102e+00 1.865725e+00 5.463299e+00 2.767052e+00 7.713225e+00
<VARIANCE> 12
 1.180288e+01 5.826560e+00 1.948669e+01 1.390798e+01 9.328574e+00 1.872240e+01 8.209820e+00 2.185149e+01 1.436324e+01 1.688213e+01 1.853770e+01 2.143053e+01
<GCONST> 5.371545e+01
<STATE> 3
<MEAN> 12
 -1.037809e+00 9.130336e+00 1.352105e+01 -9.474767e+00 9.172648e+00 -6.654389e+00 -5.309238e+00 5.328245e+00 -6.374954e+00 2.420068e+00 1.693906e+00 -5.857378e+00
<VARIANCE> 12
 1.180288e+01 5.826560e+00 1.948669e+01 1.772647e+01 1.524907e+01 7.963757e+00 1.834603e+01 3.232586e+01 4.170502e+00 7.605215e+00 1.404888e+01 1.234348e+01
<GCONST> 5.192733e+01
<STATE> 4
<MEAN> 12
 -4.791189e-01 7.391578e+00 1.524293e+01 -1.080424e+01 -4.078329e+00 2.396937e+00 -4.925632e+00 4.500378e+00 1.557049e+00 1.987025e+00 -3.802577e-01 -4.224873e+00
<VARIANCE> 12
 1.180288e+01 1.185436e+01 1.948669e+01 2.234130e+01 1.169174e+01 1.012883e+01 1.117244e+01 1.371726e+01 1.878317e+01 1.136629e+01 1.435530e+01 1.060435e+01
<GCONST> 5.326711e+01
<STATE> 5
<MEAN> 12
 -7.821403e+00 4.411552e+00 4.658941e+00 1.035224e+01 -1.895088e+00 8.002715e+00 1.386189e+00 -1.135365e+00 2.413266e+00 3.043411e+00 6.878078e+00 -1.054504e+00
<VARIANCE> 12
 1.516462e+01 2.267151e+01 1.948669e+01 1.944500e+01 2.239700e+01 7.386838e+00 1.574009e+01 1.208674e+01 4.838393e+01 1.809957e+01 1.542972e+01 1.698974e+01
<GCONST> 5.653283e+01
<STATE> 6
<MEAN> 12
 4.128414e+00 -5.684322e+00 -8.622837e+00 9.838068e+00 -9.991501e+00 -1.741449e+01 4.093367e-01 8.669212e+00 -3.037655e-01 -9.457075e+00 -6.209702e+00 2.178818e-01
<VARIANCE> 12
 1.180288e+01 5.826560e+00 2.472975e+01 9.271457e+00 9.328574e+00 7.386838e+00 9.414504e+00 1.131899e+01 4.170502e+00 9.446075e+00 7.190348e+00 9.806417e+00
<GCONST> 4.855117e+01
<STATE> 7
<MEAN> 12
 6.843504e+00 -6.433793e+00 -2.001311e+01 4.334796e+00 -4.647391e-01 -2.976333e+00 -7.646780e+00 4.508352e+00 1.439057e-01 -5.137424e+00 -6.895748e+00 2.537845e+00
<VARIANCE> 12
 1.180288e+01 5.826560e+00 1.948669e+01 1.731451e+01 9.328574e+00 3.509088e+01 8.947998e+00 4.421000e+01 8.681130e+00 5.869563e+00 1.386470e+01 1.153656e+01
<GCONST> 5.288377e+01
<STATE> 8
<MEAN> 12
 9.798842e+00 -2.953629e+00 -5.548236e+00 -3.642061e+00 -4.607452e+00 -1.894120e+00 -9.513584e-02 -1.190494e+01 3.170194e+00 -6.709455e+00 -1.877243e+00 8.989149e-02
<VARIANCE> 12
 1.180288e+01 5.826560e+00 4.648820e+01 9.271457e+00 9.328574e+00 2.331850e+01 8.070029e+00 1.131899e+01 1.393060e+01 1.286969e+01 2.423839e+01 3.097834e+01
<GCONST> 5.405859e+01
<STATE> 9
<MEAN> 12
 5.902815e+00 -5.425600e+00 2.950267e+00 1.929412e+00 -8.871793e+00 4.832370e+00 6.075615e-01 -8.455875e+00 -3.315518e+00 4.414189e+00 -2.139607e-01 -1.084564e+00
<VARIANCE> 12
 1.180288e+01 5.826560e+00 1.948669e+01 1.015330e+01 9.328574e+00 7.386838e+00 8.070029e+00 1.731131e+01 1.793607e+01 3.703976e+01 1.673967e+01 2.981374e+01
<GCONST> 5.345668e+01
<TRANSP> 10
 0.000000e+00 1.000000e+00 0.000000e+00 0.000000e+00 0.000000e+00 0.000000e+00 0.000000e+00 0.000000e+00 0.000000e+00 0.000000e+00
 0.000000e+00 8.888928e-01 1.111072e-01 0.000000e+00 0.000000e+00 0.000000e+00 0.000000e+00 0.000000e+00 0.000000e+00 0.000000e+00
 0.000000e+00 0.000000e+00 8.888522e-01 1.111478e-01 0.000000e+00 0.000000e+00 0.000000e+00 0.000000e+00 0.000000e+00 0.000000e+00
 0.000000e+00 0.000000e+00 0.000000e+00 8.205868e-01 1.794132e-01 0.000000e+00 0.000000e+00 0.000000e+00 0.000000e+00 0.000000e+00
 0.000000e+00 0.000000e+00 0.000000e+00 0.000000e+00 8.939433e-01 1.060567e-01 0.000000e+00 0.000000e+00 0.000000e+00 0.000000e+00
 0.000000e+00 0.000000e+00 0.000000e+00 0.000000e+00 0.000000e+00 5.948986e-01 4.051014e-01 0.000000e+00 0.000000e+00 0.000000e+00
 0.000000e+00 0.000000e+00 0.000000e+00 0.000000e+00 0.000000e+00 0.000000e+00 8.939716e-01 1.060284e-01 0.000000e+00 0.000000e+00
 0.000000e+00 0.000000e+00 0.000000e+00 0.000000e+00 0.000000e+00 0.000000e+00 0.000000e+00 9.097319e-01 9.026809e-02 0.000000e+00
 0.000000e+00 0.000000e+00 0.000000e+00 0.000000e+00 0.000000e+00 0.000000e+00 0.000000e+00 0.000000e+00 8.753419e-01 1.246581e-01
 0.000000e+00 0.000000e+00 0.000000e+00 0.000000e+00 0.000000e+00 0.000000e+00 0.000000e+00 0.000000e+00 0.000000e+00 0.000000e+00
<ENDHMM>
