~o
<STREAMINFO> 1 12
<VECSIZE> 12<NULLD><MFCC_Z><DIAGC>
~h "s005"
<BEGINHMM>
<NUMSTATES> 10
<STATE> 2
<MEAN> 12
 -2.250361e+00 5.903405e+00 5.612321e+00 -7.417675e+00 4.775386e-01 -7.031735e+00 1.118499e+01 9.030370e-01 -8.409243e-01 5.396664e-01 4.889625e+00 -1.476845e+00
<VARIANCE> 12
 6.761742e+00 7.181815e+01 6.102625e+01 1.546235e+01 8.773843e+01 8.011828e+00 1.908891e+01 3.561623e+01 8.005005e+00 4.958157e+01 5.362382e+01 2.767704e+00
<GCONST> 5.915054e+01
<STATE> 3
<MEAN> 12
 9.194355e-01 -5.948278e+00 -8.564528e+00 -5.437670e-01 1.167151e+01 4.821815e+00 -6.092356e+00 7.034678e+00 2.744882e-01 5.176775e-01 4.378567e+00 -3.084913e-01
<VARIANCE> 12
 2.691709e+00 9.269497e+00 1.927720e+01 7.568515e+00 5.785631e+00 2.679362e+01 2.566776e+01 7.304942e+00 1.138134e+01 4.078941e+00 1.088581e+01 2.767704e+00
<GCONST> 4.777497e+01
<STATE> 4
<MEAN> 12
 3.874810e+00 5.609632e+00 -1.405705e+01 -8.899368e+00 1.941610e+00 9.668160e+00 -3.902957e+00 2.358536e+00 7.692869e+00 3.956999e+00 -3.469061e+00 1.818138e+00
<VARIANCE> 12
 1.966727e+00 9.269497e+00 1.187667e+01 1.501388e+01 3.572392e+01 8.142928e+00 1.402596e+01 2.272356e+01 8.005005e+00 4.085679e+00 2.403502e+01 2.767704e+00
<GCONST> 4.926354e+01
<STATE> 5
<MEAN> 12
 5.063152e+00 1.269004e+01 -2.336560e-01 -3.963662e+00 -1.272572e+00 -4.143289e+00 -1.407505e+01 -1.394028e+01 1.190265e+01 4.293958e+00 7.791197e+00 7.822300e+00
<VARIANCE> 12
 1.966727e+00 9.269497e+00 1.423920e+01 7.568515e+00 5.785631e+00 1.484723e+01 9.722310e+00 8.748722e+00 1.186825e+01 1.417602e+01 1.120283e+01 5.133568e+00
<GCONST> 4.771152e+01
<STATE> 6
<MEAN> 12
 1.087471e+00 2.615821e+00 -5.815330e+00 -3.200273e+00 -2.839383e+00 -3.923657e+00 1.427603e-03 7.133951e+00 7.394647e+00 -6.534347e+00 -2.905988e+00 3.462355e+00
<VARIANCE> 12
 3.426672e+00 1.216924e+01 1.120471e+01 1.526609e+01 5.785631e+00 5.114498e+00 9.722310e+00 7.304942e+00 2.899836e+01 9.337740e+00 2.548276e+01 1.428074e+01
<GCONST> 5.007565e+01
<STATE> 7
<MEAN> 12
 -4.106364e+00 -5.129333e+00 -2.094404e-01 8.010985e+00 -3.302661e+00 -1.061405e+00 4.941774e-01 4.953374e+00 -1.315415e+00 -5.660053e-01 4.661508e-01 2.207237e+00
<VARIANCE> 12
 2.758565e+00 9.269497e+00 1.506496e+01 1.744748e+01 5.785631e+00 5.114498e+00 9.722310e+00 1.018368e+01 8.005005e+00 5.261130e+00 6.873589e+00 4.562502e+00
<GCONST> 4.603617e+01
<STATE> 8
<MEAN> 12
 -3.084615e+00 -7.556470e+00 4.408103e+00 6.112484e+00 -2.846429e+00 -2.940329e-01 5.816116e+00 1.174665e+00 -6.995881e+00 -3.705376e-01 -4.033352e-01 -2.747188e+00
<VARIANCE> 12
 4.754156e+00 9.269497e+00 1.120471e+01 1.985758e+01 6.331061e+00 5.114498e+00 9.722310e+00 7.304942e+00 8.005005e+00 2.021883e+01 1.324698e+01 2.767704e+00
<GCONST> 4.767418e+01
<STATE> 9
<MEAN> 12
 1.271461e+00 -1.368488e+00 1.033719e+01 4.184903e+00 -1.984439e+00 -5.796226e-01 -1.972421e-01 -5.009846e+00 -6.899787e+00 -5.317331e+00 -1.006400e+01 -5.118483e+00
<VARIANCE> 12
 1.999905e+00 1.052201e+01 1.120471e+01 7.568515e+00 5.785631e+00 1.600085e+01 1.489435e+01 7.304942e+00 1.669443e+01 1.879320e+01 6.873589e+00 9.468763e+00
<GCONST> 4.868323e+01
<TRANSP> 10
 0.000000e+00 1.000000e+00 0.000000e+00 0.000000e+00 0.000000e+00 0.000000e+00 0.000000e+00 0.000000e+00 0.000000e+00 0.000000e+00
 0.000000e+00 8.685006e-01 1.314994e-01 0.000000e+00 0.000000e+00 0.000000e+00 0.000000e+00 0.000000e+00 0.000000e+00 0.000000e+00
 0.000000e+00 0.000000e+00 8.415955e-01 1.584044e-01 0.000000e+00 0.000000e+00 0.000000e+00 0.000000e+00 0.000000e+00 0.000000e+00
 0.000000e+00 0.000000e+00 0.000000e+00 8.764965e-01 1.235035e-01 0.000000e+00 0.000000e+00 0.000000e+00 0.000000e+00 0.000000e+00
 0.000000e+00 0.000000e+00 0.000000e+00 0.000000e+00 8.569098e-01 1.430902e-01 0.000000e+00 0.000000e+00 0.000000e+00 0.000000e+00
 0.000000e+00 0.000000e+00 0.000000e+00 0.000000e+00 0.000000e+00 6.439636e-01 3.560364e-01 0.000000e+00 0.000000e+00 0.000000e+00
 0.000000e+00 0.000000e+00 0.000000e+00 0.000000e+00 0.000000e+00 0.000000e+00 8.370341e-01 1.629659e-01 0.000000e+00 0.000000e+00
 0.000000e+00 0.000000e+00 0.000000e+00 0.000000e+00 0.000000e+00 0.000000e+00 0.000000e+00 9.289899e-01 7.101004e-02 0.000000e+00
 0.000000e+00 0.000000e+00 0.000000e+00 0.000000e+00 0.000000e+00 0.000000e+00 0.000000e+00 0.000000e+00 8.745206e-01 1.254794e-01
 0.000000e+00 0.000000e+00 0.000000e+00 0.000000e+00 0.000000e+00 0.000000e+00 0.000000e+00 0.000000e+00 0.000000e+00 0.000000e+00
<ENDHMM>
