~o
<STREAMINFO> 1 12
<VECSIZE> 12<NULLD><MFCC_Z><DIAGC>
~h "s045"
<BEGINHMM>
<NUMSTATES> 8
<STATE> 2
<MEAN> 12
 -1.601676e-01 -3.882609e-01 -1.392516e+00 7.916398e+00 -2.878553e+00 -5.343672e+00 1.180679e+01 -9.194124e+00 8.886673e-01 -1.997586e+00 1.561789e+00 -1.492961e-01
<VARIANCE> 12
 2.354514e+01 6.615868e+01 2.097411e+01 3.804993e+01 6.308109e+01 2.063999e+01 5.613876e+01 3.202908e+01 1.149741e+01 1.056075e+01 1.886449e+01 1.330363e+01
<GCONST> 6.107839e+01
<STATE> 3
<MEAN> 12
 -3.888822e+00 -5.412490e+00 -4.761106e+00 5.297157e+00 2.271026e+00 -3.644285e+00 8.595907e+00 -7.760250e+00 7.818944e-01 -1.649225e+00 2.350343e-01 -1.374280e+00
<VARIANCE> 12
 1.819848e+01 5.569632e+01 1.670567e+01 1.060813e+02 4.022919e+01 3.991307e+01 1.027658e+02 6.703505e+01 1.506059e+01 2.411403e+01 2.506715e+01 1.417974e+01
<GCONST> 6.444295e+01
<STATE> 4
<MEAN> 12
 -2.936343e+00 -2.976704e+00 -3.952054e+00 -1.861649e+00 1.885030e+00 -1.171310e+00 -4.049966e-02 -2.337211e+00 -1.369945e-01 -1.319003e+00 -1.247767e+00 -9.349666e-01
<VARIANCE> 12
 2.429223e+01 5.594967e+01 2.877945e+01 1.321078e+02 1.955635e+01 3.811109e+01 1.179368e+02 1.063640e+02 2.174381e+01 3.475605e+01 2.222284e+01 2.120777e+01
<GCONST> 6.634641e+01
<STATE> 5
<MEAN> 12
 5.679065e-01 1.633675e+00 1.863312e-02 -6.821893e+00 -2.361207e-01 4.595220e-01 -7.199873e+00 3.804581e+00 -1.253190e+00 9.124203e-02 -5.418029e-01 -4.244961e-01
<VARIANCE> 12
 2.514892e+01 3.485355e+01 4.223653e+01 7.388702e+01 1.348771e+01 2.440870e+01 7.237285e+01 7.171888e+01 3.093823e+01 3.627921e+01 2.255106e+01 2.339488e+01
<GCONST> 6.451916e+01
<STATE> 6
<MEAN> 12
 3.107857e+00 3.916359e+00 4.085079e+00 -5.071959e+00 -1.251184e+00 2.429558e+00 -9.274978e+00 7.054131e+00 -7.995614e-01 2.310667e+00 1.187990e+00 4.979757e-01
<VARIANCE> 12
 1.060154e+01 1.002394e+01 2.509453e+01 5.467066e+01 1.100315e+01 2.728472e+01 4.509689e+01 2.848401e+01 3.194362e+01 2.904779e+01 2.602869e+01 2.304716e+01
<GCONST> 6.003680e+01
<STATE> 7
<MEAN> 12
 3.309576e+00 3.227411e+00 6.001975e+00 5.419379e-01 2.098078e-01 7.270182e+00 -3.887401e+00 8.432853e+00 5.191700e-01 2.563877e+00 -1.195263e+00 2.385091e+00
<VARIANCE> 12
 4.976411e+00 9.778956e+00 7.777809e+00 3.722206e+01 1.562734e+01 4.741652e+01 7.016653e+01 2.031861e+01 1.567819e+01 2.354456e+01 3.661620e+01 2.430899e+01
<GCONST> 5.818054e+01
<TRANSP> 8
 0.000000e+00 1.000000e+00 0.000000e+00 0.000000e+00 0.000000e+00 0.000000e+00 0.000000e+00 0.000000e+00
 0.000000e+00 8.846154e-01 1.153846e-01 0.000000e+00 0.000000e+00 0.000000e+00 0.000000e+00 0.000000e+00
 0.000000e+00 0.000000e+00 8.846154e-01 1.153846e-01 0.000000e+00 0.000000e+00 0.000000e+00 0.000000e+00
 0.000000e+00 0.000000e+00 0.000000e+00 8.846154e-01 1.153846e-01 0.000000e+00 0.000000e+00 0.000000e+00
 0.000000e+00 0.000000e+00 0.000000e+00 0.000000e+00 8.846154e-01 1.153846e-01 0.000000e+00 0.000000e+00
 0.000000e+00 0.000000e+00 0.000000e+00 0.000000e+00 0.000000e+00 8.846154e-01 1.153846e-01 0.000000e+00
 0.000000e+00 0.000000e+00 0.000000e+00 0.000000e+00 0.000000e+00 0.000000e+00 8.846154e-01 1.153846e-01
 0.000000e+00 0.000000e+00 0.000000e+00 0.000000e+00 0.000000e+00 0.000000e+00 0.000000e+00 0.000000e+00
<ENDHMM>
