~o
<STREAMINFO> 1 12
<VECSIZE> 12<NULLD><MFCC_Z><DIAGC>
~h "s080"
<BEGINHMM>
<NUMSTATES> 7
<STATE> 2
<MEAN> 12
 3.449460e-07 4.666917e-07 -4.869826e-07 -1.826185e-07 3.145096e-07 4.464007e-07 -4.464007e-07 -2.840732e-07 -6.087283e-08 2.029094e-08 6.087283e-08 -1.014547e-08
<VARIANCE> 12
 2.743939e+01 5.922755e+01 7.739435e+01 1.288416e+02 3.029759e+01 1.491117e+01 2.962891e+01 6.606377e+01 3.019603e+01 4.360546e+01 2.638097e+01 1.910542e+01
<GCONST> 6.575345e+01
<STATE> 3
<MEAN> 12
 3.449460e-07 4.666917e-07 -4.869826e-07 -1.826185e-07 3.145096e-07 4.464007e-07 -4.464007e-07 -2.840732e-07 -6.087283e-08 2.029094e-08 6.087283e-08 -1.014547e-08
<VARIANCE> 12
 2.743939e+01 5.922755e+01 7.739435e+01 1.288416e+02 3.029759e+01 1.491117e+01 2.962891e+01 6.606377e+01 3.019603e+01 4.360546e+01 2.638097e+01 1.910542e+01
<GCONST> 6.575345e+01
<STATE> 4
<MEAN> 12
 3.449460e-07 4.666917e-07 -4.869826e-07 -1.826185e-07 3.145096e-07 4.464007e-07 -4.464007e-07 -2.840732e-07 -6.087283e-08 2.029094e-08 6.087283e-08 -1.014547e-08
<VARIANCE> 12
 2.743939e+01 5.922755e+01 7.739435e+01 1.288416e+02 3.029759e+01 1.491117e+01 2.962891e+01 6.606377e+01 3.019603e+01 4.360546e+01 2.638097e+01 1.910542e+01
<GCONST> 6.575345e+01
<STATE> 5
<MEAN> 12
 3.449460e-07 4.666917e-07 -4.869826e-07 -1.826185e-07 3.145096e-07 4.464007e-07 -4.464007e-07 -2.840732e-07 -6.087283e-08 2.029094e-08 6.087283e-08 -1.014547e-08
<VARIANCE> 12
 2.743939e+01 5.922755e+01 7.739435e+01 1.288416e+02 3.029759e+01 1.491117e+01 2.962891e+01 6.606377e+01 3.019603e+01 4.360546e+01 2.638097e+01 1.910542e+01
<GCONST> 6.575345e+01
<STATE> 6
<MEAN> 12
 3.449460e-07 4.666917e-07 -4.869826e-07 -1.826185e-07 3.145096e-07 4.464007e-07 -4.464007e-07 -2.840732e-07 -6.087283e-08 2.029094e-08 6.087283e-08 -1.014547e-08
<VARIANCE> 12
 2.743939e+01 5.922755e+01 7.739435e+01 1.288416e+02 3.029759e+01 1.491117e+01 2.962891e+01 6.606377e+01 3.019603e+01 4.360546e+01 2.638097e+01 1.910542e+01
<GCONST> 6.575345e+01
<TRANSP> 7
 0.000000e+00 1.000000e+00 0.000000e+00 0.000000e+00 0.000000e+00 0.000000e+00 0.000000e+00
 0.000000e+00 9.000000e-01 9.999999e-02 0.000000e+00 0.000000e+00 0.000000e+00 0.000000e+00
 0.000000e+00 0.000000e+00 9.000000e-01 9.999999e-02 0.000000e+00 0.000000e+00 0.000000e+00
 0.000000e+00 0.000000e+00 0.000000e+00 9.000000e-01 9.999999e-02 0.000000e+00 0.000000e+00
 0.000000e+00 0.000000e+00 0.000000e+00 0.000000e+00 9.000000e-01 9.999999e-02 0.000000e+00
 0.000000e+00 0.000000e+00 0.000000e+00 0.000000e+00 0.000000e+00 9.000000e-01 9.999999e-02
 0.000000e+00 0.000000e+00 0.000000e+00 0.000000e+00 0.000000e+00 0.000000e+00 0.000000e+00
<ENDHMM>
