~o
<STREAMINFO> 1 12
<VECSIZE> 12<NULLD><MFCC_Z><DIAGC>
~h "T1375865101"
<BEGINHMM>
<NUMSTATES> 14
<STATE> 2
<MEAN> 12
 3.949639e+00 -1.093089e+00 -7.017177e-01 5.208242e+00 -6.940829e-01 8.711947e-01 3.409471e+00 2.713850e+00 7.335377e-01 -1.684708e+00 3.075225e+00 -1.111457e+00
<VARIANCE> 12
 2.311890e+00 4.584722e+00 2.004511e+02 1.277192e+01 2.427462e+01 5.495732e+00 5.280404e+01 9.003889e+00 8.060804e+00 1.850419e+01 5.940469e+00 4.264065e+00
<GCONST> 5.155780e+01
<STATE> 3
<MEAN> 12
 4.842735e+00 1.818681e+00 -1.323375e+01 -3.751991e+00 1.234175e+00 2.131747e+00 -2.932296e+00 -8.818426e+00 -3.431968e+00 9.715619e-01 1.919739e+00 6.957280e+00
<VARIANCE> 12
 2.311890e+00 4.584722e+00 2.086250e+01 6.780902e+00 7.478952e+00 1.720649e+01 1.116121e+01 1.125847e+01 8.060804e+00 6.323346e+00 4.860290e+00 3.672550e+00
<GCONST> 4.587157e+01
<STATE> 4
<MEAN> 12
 1.198469e+00 4.859392e+00 -3.084076e+00 -2.790402e+00 3.901515e+00 -5.368546e+00 -9.753484e+00 -1.759662e+01 1.459896e+01 3.708332e+00 -6.133442e+00 -1.699892e+00
<VARIANCE> 12
 2.311890e+00 4.584722e+00 1.435162e+01 6.005912e+00 7.478952e+00 1.205471e+01 1.305304e+01 2.855826e+01 2.392354e+01 7.655304e+00 4.860290e+00 3.623599e+00
<GCONST> 4.737327e+01
<STATE> 5
<MEAN> 12
 -1.211614e-01 -1.846856e+00 -2.232823e+00 3.095615e+00 -6.349575e+00 -5.911376e+00 9.967186e+00 -2.909890e+00 -2.035542e+00 8.488622e-01 1.324096e+00 3.480407e+00
<VARIANCE> 12
 4.339325e+00 1.565412e+01 1.435162e+01 6.005912e+00 7.478952e+00 2.438506e+01 3.223556e+01 2.050995e+01 3.051537e+01 4.052971e+00 8.340077e+00 6.210862e+00
<GCONST> 5.119468e+01
<STATE> 6
<MEAN> 12
 6.780546e-01 -7.533178e-01 2.255680e+00 -2.806951e+00 -9.205393e+00 -7.427599e-02 4.142963e+00 -2.052202e+00 -4.148329e+00 2.515587e+00 -3.432267e-04 3.708209e+00
<VARIANCE> 12
 1.045616e+01 8.962339e+00 1.435162e+01 1.713211e+01 1.170185e+01 4.337679e+01 7.025000e+01 1.359898e+01 1.220276e+01 1.766252e+01 1.597968e+01 6.639093e+00
<GCONST> 5.522869e+01
<STATE> 7
<MEAN> 12
 -5.974914e+00 1.988534e+00 5.615817e+00 -1.251045e+01 -5.344493e+00 5.203091e+00 -4.838796e+00 1.074337e+00 -4.060586e-01 -7.219825e-01 -2.505494e+00 -3.894706e+00
<VARIANCE> 12
 2.311890e+00 4.584722e+00 1.435162e+01 9.672246e+00 7.478952e+00 5.831607e+00 1.326345e+01 3.048281e+01 8.060804e+00 3.971188e+00 2.290079e+01 3.543917e+00
<GCONST> 4.698849e+01
<STATE> 8
<MEAN> 12
 -5.380219e+00 -8.018705e+00 -3.517941e+00 -2.101755e+00 -3.518207e+00 1.495823e+01 1.372726e+01 -3.636210e+00 -1.257025e+01 -1.297505e+00 -7.792425e+00 -8.287150e+00
<VARIANCE> 12
 2.311890e+00 7.077096e+00 1.435162e+01 4.992021e+01 7.478952e+00 7.370343e+00 2.448577e+01 1.766752e+01 5.417617e+01 1.050523e+01 2.483752e+01 3.543917e+00
<GCONST> 5.232482e+01
<STATE> 9
<MEAN> 12
 2.171581e-01 -9.495790e+00 -1.480739e+01 8.151486e+00 6.013519e+00 4.661856e+00 5.686914e+00 3.685478e+00 -8.910605e+00 -4.186026e+00 -8.694970e+00 2.593101e-01
<VARIANCE> 12
 2.838368e+00 4.584722e+00 1.435162e+01 6.005912e+00 7.979355e+00 2.572049e+01 1.402897e+01 8.905709e+00 7.035766e+01 7.535604e+00 9.485904e+00 7.844567e+00
<GCONST> 4.981191e+01
<STATE> 10
<MEAN> 12
 2.673609e+00 -6.305252e+00 -6.176002e+00 6.250394e+00 4.377126e+00 -5.371800e+00 -2.588541e+00 2.745615e+00 4.163928e-01 3.163583e+00 -1.675276e+00 9.895303e-01
<VARIANCE> 12
 2.311890e+00 4.584722e+00 5.168980e+01 8.507378e+00 3.155021e+01 5.495732e+00 1.698280e+01 2.345144e+01 8.060804e+00 3.471323e+00 1.395198e+01 2.918097e+01
<GCONST> 5.098489e+01
<STATE> 11
<MEAN> 12
 -7.276709e+00 2.100053e+00 2.218974e+00 6.150268e+00 9.275731e+00 -6.678801e-01 5.267606e+00 2.304043e+00 6.415761e+00 -3.324512e+00 -1.678506e+00 -4.878270e-01
<VARIANCE> 12
 8.447981e+00 4.584722e+00 1.474302e+01 1.375398e+01 1.572680e+01 5.495732e+00 2.496913e+01 8.905709e+00 3.213192e+01 5.108511e+00 1.933968e+01 2.052090e+01
<GCONST> 5.197131e+01
<STATE> 12
<MEAN> 12
 -3.914995e-01 8.697001e+00 1.313750e+01 -1.179780e+00 7.472447e+00 -4.806444e+00 -1.030346e+01 5.963889e+00 1.792665e+00 -2.400817e+00 7.919219e+00 -5.283399e+00
<VARIANCE> 12
 2.311890e+00 4.584722e+00 1.435162e+01 6.005912e+00 7.478952e+00 5.495732e+00 1.116121e+01 8.905709e+00 8.060804e+00 2.533537e+00 6.477447e+00 1.565617e+01
<GCONST> 4.482295e+01
<STATE> 13
<MEAN> 12
 -1.307850e+00 5.771848e+00 1.234614e+01 -4.112926e+00 2.051837e+00 1.858919e+00 -7.390761e+00 1.036346e+01 4.919002e+00 -2.554935e+00 6.752166e+00 -4.249227e+00
<VARIANCE> 12
 2.311890e+00 2.720124e+01 1.435162e+01 1.140502e+01 9.399284e+00 1.374219e+01 3.206882e+01 8.905709e+00 1.279706e+01 1.268402e+01 6.393258e+00 3.786314e+00
<GCONST> 5.008565e+01
<TRANSP> 14
 0.000000e+00 1.000000e+00 0.000000e+00 0.000000e+00 0.000000e+00 0.000000e+00 0.000000e+00 0.000000e+00 0.000000e+00 0.000000e+00 0.000000e+00 0.000000e+00 0.000000e+00 0.000000e+00
 0.000000e+00 8.824028e-01 1.175973e-01 0.000000e+00 0.000000e+00 0.000000e+00 0.000000e+00 0.000000e+00 0.000000e+00 0.000000e+00 0.000000e+00 0.000000e+00 0.000000e+00 0.000000e+00
 0.000000e+00 0.000000e+00 8.460447e-01 1.539553e-01 0.000000e+00 0.000000e+00 0.000000e+00 0.000000e+00 0.000000e+00 0.000000e+00 0.000000e+00 0.000000e+00 0.000000e+00 0.000000e+00
 0.000000e+00 0.000000e+00 0.000000e+00 8.335024e-01 1.664976e-01 0.000000e+00 0.000000e+00 0.000000e+00 0.000000e+00 0.000000e+00 0.000000e+00 0.000000e+00 0.000000e+00 0.000000e+00
 0.000000e+00 0.000000e+00 0.000000e+00 0.000000e+00 7.163028e-01 2.836972e-01 0.000000e+00 0.000000e+00 0.000000e+00 0.000000e+00 0.000000e+00 0.000000e+00 0.000000e+00 0.000000e+00
 0.000000e+00 0.000000e+00 0.000000e+00 0.000000e+00 0.000000e+00 9.457469e-01 5.425309e-02 0.000000e+00 0.000000e+00 0.000000e+00 0.000000e+00 0.000000e+00 0.000000e+00 0.000000e+00
 0.000000e+00 0.000000e+00 0.000000e+00 0.000000e+00 0.000000e+00 0.000000e+00 7.927071e-01 2.072929e-01 0.000000e+00 0.000000e+00 0.000000e+00 0.000000e+00 0.000000e+00 0.000000e+00
 0.000000e+00 0.000000e+00 0.000000e+00 0.000000e+00 0.000000e+00 0.000000e+00 0.000000e+00 6.684305e-01 3.315695e-01 0.000000e+00 0.000000e+00 0.000000e+00 0.000000e+00 0.000000e+00
 0.000000e+00 0.000000e+00 0.000000e+00 0.000000e+00 0.000000e+00 0.000000e+00 0.000000e+00 0.000000e+00 8.313158e-01 1.686843e-01 0.000000e+00 0.000000e+00 0.000000e+00 0.000000e+00
 0.000000e+00 0.000000e+00 0.000000e+00 0.000000e+00 0.000000e+00 0.000000e+00 0.000000e+00 0.000000e+00 0.000000e+00 8.920901e-01 1.079099e-01 0.000000e+00 0.000000e+00 0.000000e+00
 0.000000e+00 0.000000e+00 0.000000e+00 0.000000e+00 0.000000e+00 0.000000e+00 0.000000e+00 0.000000e+00 0.000000e+00 0.000000e+00 8.571506e-01 1.428494e-01 0.000000e+00 0.000000e+00
 0.000000e+00 0.000000e+00 0.000000e+00 0.000000e+00 0.000000e+00 0.000000e+00 0.000000e+00 0.000000e+00 0.000000e+00 0.000000e+00 0.000000e+00 8.249962e-01 1.750038e-01 0.000000e+00
 0.000000e+00 0.000000e+00 0.000000e+00 0.000000e+00 0.000000e+00 0.000000e+00 0.000000e+00 0.000000e+00 0.000000e+00 0.000000e+00 0.000000e+00 0.000000e+00 8.923351e-01 1.076649e-01
 0.000000e+00 0.000000e+00 0.000000e+00 0.000000e+00 0.000000e+00 0.000000e+00 0.000000e+00 0.000000e+00 0.000000e+00 0.000000e+00 0.000000e+00 0.000000e+00 0.000000e+00 0.000000e+00
<ENDHMM>
