~o
<STREAMINFO> 1 12
<VECSIZE> 12<NULLD><MFCC_Z><DIAGC>
~h "s006"
<BEGINHMM>
<NUMSTATES> 10
<STATE> 2
<MEAN> 12
 6.877761e+00 -8.365538e+00 -2.208527e+00 9.621775e+00 1.100567e+00 -1.111404e+01 1.530228e+00 7.235440e+00 -8.605919e-02 -2.014709e+00 -6.264179e+00 7.037541e+00
<VARIANCE> 12
 1.071027e+01 2.412934e+01 8.325676e+00 1.312919e+01 4.138546e+00 4.747653e+01 8.181052e+01 6.785490e+01 3.697939e+01 6.648784e+01 9.328970e+00 1.308193e+01
<GCONST> 5.881743e+01
<STATE> 3
<MEAN> 12
 -3.381722e+00 -1.146872e+01 -7.506247e-01 -8.099221e+00 -4.474976e+00 1.305668e+01 6.224370e+00 3.173445e+00 -7.927096e+00 -1.238938e+00 -9.855791e+00 -2.889832e+00
<VARIANCE> 12
 7.416768e+00 1.672935e+01 2.786210e+00 2.467473e+01 4.138546e+00 3.480085e+01 2.870148e+01 1.174819e+01 3.041878e+01 3.625949e+01 9.328970e+00 1.308193e+01
<GCONST> 5.370665e+01
<STATE> 4
<MEAN> 12
 -3.688894e+00 5.767136e-01 -2.189616e+00 -8.084081e+00 -2.234227e+00 1.668607e+00 -3.424428e+00 5.070247e+00 -5.559512e-01 2.087558e-01 6.269500e-01 -3.004858e+00
<VARIANCE> 12
 7.416768e+00 8.057399e+00 3.136846e+00 1.312919e+01 4.138546e+00 1.227650e+01 7.469099e+00 8.244114e+00 6.319770e+00 1.036272e+01 1.530590e+01 1.308193e+01
<GCONST> 4.739259e+01
<STATE> 5
<MEAN> 12
 -3.766600e+00 5.873813e+00 2.273706e+00 3.423025e+00 -4.228565e+00 -2.648660e+00 -2.245789e-01 8.769016e-01 2.209897e+00 -2.775178e+00 9.173512e-01 -4.796403e+00
<VARIANCE> 12
 1.652795e+01 8.057399e+00 2.872798e+00 4.290966e+01 8.320187e+00 1.227650e+01 8.604763e+00 3.009309e+01 7.030077e+00 9.723526e+00 9.328970e+00 2.161611e+01
<GCONST> 5.147485e+01
<STATE> 6
<MEAN> 12
 -6.667386e+00 4.883990e+00 6.328440e-01 -1.209710e+00 9.129688e-01 -4.440490e+00 -3.875208e+00 -2.052088e+00 -2.094871e+00 -4.455682e+00 2.817759e-01 -9.638566e+00
<VARIANCE> 12
 7.766687e+00 8.057399e+00 2.065140e+00 5.707394e+01 1.367006e+01 1.227650e+01 1.284126e+01 9.197270e+00 3.050604e+01 1.836931e+01 7.644266e+01 5.537978e+01
<GCONST> 5.553433e+01
<STATE> 7
<MEAN> 12
 1.164624e+00 2.146272e+00 -5.438491e+00 -1.014962e+01 6.223982e+00 -2.914588e+00 -2.143394e+00 -2.124543e+00 -4.150518e+00 2.274878e+00 1.224517e+01 2.284019e+00
<VARIANCE> 12
 7.416768e+00 8.057399e+00 2.065140e+00 1.312919e+01 1.034027e+01 1.227650e+01 5.420608e+00 7.107424e+00 1.507193e+01 2.775296e+01 1.293237e+01 4.458885e+01
<GCONST> 5.033337e+01
<STATE> 8
<MEAN> 12
 7.735396e+00 1.685012e+00 -1.716227e+00 7.204155e-01 4.675731e+00 -1.782662e+00 -2.035980e-01 -4.907079e+00 2.120681e+00 6.228014e+00 1.891983e+00 9.393574e+00
<VARIANCE> 12
 7.416768e+00 8.057399e+00 4.933664e+00 1.395169e+01 7.275893e+00 1.336247e+01 5.681041e+00 1.063603e+01 6.319770e+00 1.754266e+01 9.328970e+00 1.308193e+01
<GCONST> 4.856761e+01
<STATE> 9
<MEAN> 12
 6.847573e+00 -2.237727e+00 3.740178e+00 6.564364e+00 2.732901e+00 7.748691e+00 2.498513e+00 -5.506498e+00 5.871828e+00 5.155676e+00 1.155134e+00 8.634275e+00
<VARIANCE> 12
 7.416768e+00 8.057399e+00 3.506826e+00 1.535756e+01 1.131012e+01 1.275082e+01 1.012972e+01 7.107424e+00 8.373299e+00 2.040347e+01 9.636776e+00 1.308193e+01
<GCONST> 4.935666e+01
<TRANSP> 10
 0.000000e+00 1.000000e+00 0.000000e+00 0.000000e+00 0.000000e+00 0.000000e+00 0.000000e+00 0.000000e+00 0.000000e+00 0.000000e+00
 0.000000e+00 8.333338e-01 1.666662e-01 0.000000e+00 0.000000e+00 0.000000e+00 0.000000e+00 0.000000e+00 0.000000e+00 0.000000e+00
 0.000000e+00 0.000000e+00 8.449434e-01 1.550566e-01 0.000000e+00 0.000000e+00 0.000000e+00 0.000000e+00 0.000000e+00 0.000000e+00
 0.000000e+00 0.000000e+00 0.000000e+00 8.469256e-01 1.530744e-01 0.000000e+00 0.000000e+00 0.000000e+00 0.000000e+00 0.000000e+00
 0.000000e+00 0.000000e+00 0.000000e+00 0.000000e+00 9.228539e-01 7.714611e-02 0.000000e+00 0.000000e+00 0.000000e+00 0.000000e+00
 0.000000e+00 0.000000e+00 0.000000e+00 0.000000e+00 0.000000e+00 8.895864e-01 1.104135e-01 0.000000e+00 0.000000e+00 0.000000e+00
 0.000000e+00 0.000000e+00 0.000000e+00 0.000000e+00 0.000000e+00 0.000000e+00 7.990828e-01 2.009172e-01 0.000000e+00 0.000000e+00
 0.000000e+00 0.000000e+00 0.000000e+00 0.000000e+00 0.000000e+00 0.000000e+00 0.000000e+00 8.290743e-01 1.709257e-01 0.000000e+00
 0.000000e+00 0.000000e+00 0.000000e+00 0.000000e+00 0.000000e+00 0.000000e+00 0.000000e+00 0.000000e+00 8.909607e-01 1.090393e-01
 0.000000e+00 0.000000e+00 0.000000e+00 0.000000e+00 0.000000e+00 0.000000e+00 0.000000e+00 0.000000e+00 0.000000e+00 0.000000e+00
<ENDHMM>
