~o
<STREAMINFO> 1 12
<VECSIZE> 12<NULLD><MFCC_Z><DIAGC>
~h "s091"
<BEGINHMM>
<NUMSTATES> 9
<STATE> 2
<MEAN> 12
 2.321124e+00 5.147125e+00 -9.430502e+00 -1.295726e+00 -5.263744e+00 -3.106309e+00 -1.058310e+01 -1.944901e+00 1.008355e+01 -1.439325e+00 4.135733e+00 -6.313200e+00
<VARIANCE> 12
 1.448728e+00 6.911270e+00 2.854554e+01 1.224034e+01 2.900604e+01 5.374201e+01 2.747245e+01 1.032054e+02 1.008757e+01 6.982787e+01 2.283785e+01 1.860643e+01
<GCONST> 5.812547e+01
<STATE> 3
<MEAN> 12
 3.343031e+00 3.239213e+00 -6.028125e+00 8.676826e+00 -2.212747e+00 -4.013365e+00 -9.508632e+00 -3.181648e+00 3.400239e+00 -9.049720e+00 -6.591032e+00 -2.847097e+00
<VARIANCE> 12
 6.813746e+00 6.911270e+00 3.648117e+01 2.255254e+01 1.490773e+01 1.940069e+01 1.383451e+01 1.710750e+01 1.008757e+01 2.750925e+01 6.815885e+00 1.849349e+01
<GCONST> 5.421563e+01
<STATE> 4
<MEAN> 12
 -2.092166e+00 -4.374650e+00 4.166997e+00 7.038386e+00 1.525247e+00 -1.108330e+01 -2.206353e+00 4.860163e-01 -3.144583e+00 -6.165854e+00 -4.692944e+00 -4.267941e+00
<VARIANCE> 12
 2.660451e+00 3.159590e+01 1.083564e+01 1.224034e+01 1.763780e+01 1.940069e+01 1.424547e+01 1.683961e+01 1.463948e+01 2.366598e+01 2.252713e+01 9.192128e+00
<GCONST> 5.386998e+01
<STATE> 5
<MEAN> 12
 -2.547671e+00 -6.700020e+00 2.000107e+00 -3.339490e+00 4.433103e-01 -2.864437e+00 8.454767e+00 -4.813125e+00 -5.766509e+00 3.055219e+00 1.798042e+00 -3.612682e+00
<VARIANCE> 12
 1.448728e+00 3.509326e+01 1.083564e+01 4.280688e+01 4.491934e+01 3.273618e+01 4.059621e+01 1.088376e+01 2.633033e+01 2.627303e+01 1.586541e+01 1.407583e+01
<GCONST> 5.745492e+01
<STATE> 6
<MEAN> 12
 -9.468388e-01 4.349377e+00 8.169286e+00 -9.957920e+00 1.753624e+00 1.330998e+01 5.326671e+00 -1.141122e-01 -2.453360e+00 6.240289e+00 -7.421727e-01 5.008982e+00
<VARIANCE> 12
 1.448728e+00 6.911270e+00 1.083564e+01 2.157801e+01 2.260914e+01 5.741619e+01 1.671418e+01 8.630904e+00 2.517665e+01 4.268255e+01 1.570887e+01 2.751979e+01
<GCONST> 5.500201e+01
<STATE> 7
<MEAN> 12
 -1.085184e+00 -8.088894e-03 4.684558e+00 3.583189e+00 5.362980e+00 5.827046e+00 5.233279e+00 1.818946e+00 -7.006997e+00 6.666652e+00 6.317744e+00 5.718773e+00
<VARIANCE> 12
 1.448728e+00 1.167726e+01 1.523747e+01 8.033994e+01 6.358390e+00 6.501698e+01 1.383451e+01 1.267467e+01 1.008757e+01 2.724610e+01 1.632895e+01 1.061231e+01
<GCONST> 5.395524e+01
<STATE> 8
<MEAN> 12
 2.276094e+00 -1.824757e+00 -4.574512e+00 4.696765e+00 2.190796e-01 -3.627048e-01 8.349583e-01 7.957949e+00 2.473341e+00 -3.490341e+00 -2.994077e+00 7.938250e+00
<VARIANCE> 12
 8.979220e+00 7.003726e+00 1.234916e+01 1.224034e+01 9.621389e+00 2.263259e+01 1.817740e+01 8.630904e+00 1.434948e+01 1.212574e+01 2.523255e+01 1.171307e+01
<GCONST> 5.250100e+01
<TRANSP> 9
 0.000000e+00 1.000000e+00 0.000000e+00 0.000000e+00 0.000000e+00 0.000000e+00 0.000000e+00 0.000000e+00 0.000000e+00
 0.000000e+00 9.124073e-01 8.759274e-02 0.000000e+00 0.000000e+00 0.000000e+00 0.000000e+00 0.000000e+00 0.000000e+00
 0.000000e+00 0.000000e+00 7.485087e-01 2.514913e-01 0.000000e+00 0.000000e+00 0.000000e+00 0.000000e+00 0.000000e+00
 0.000000e+00 0.000000e+00 0.000000e+00 8.840271e-01 1.159728e-01 0.000000e+00 0.000000e+00 0.000000e+00 0.000000e+00
 0.000000e+00 0.000000e+00 0.000000e+00 0.000000e+00 8.977821e-01 1.022178e-01 0.000000e+00 0.000000e+00 0.000000e+00
 0.000000e+00 0.000000e+00 0.000000e+00 0.000000e+00 0.000000e+00 9.082837e-01 9.171627e-02 0.000000e+00 0.000000e+00
 0.000000e+00 0.000000e+00 0.000000e+00 0.000000e+00 0.000000e+00 0.000000e+00 8.235400e-01 1.764600e-01 0.000000e+00
 0.000000e+00 0.000000e+00 0.000000e+00 0.000000e+00 0.000000e+00 0.000000e+00 0.000000e+00 8.841428e-01 1.158572e-01
 0.000000e+00 0.000000e+00 0.000000e+00 0.000000e+00 0.000000e+00 0.000000e+00 0.000000e+00 0.000000e+00 0.000000e+00
<ENDHMM>
