~o
<STREAMINFO> 1 12
<VECSIZE> 12<NULLD><MFCC_Z><DIAGC>
~h "s064"
<BEGINHMM>
<NUMSTATES> 8
<STATE> 2
<MEAN> 12
 -6.675720e-08 -2.288818e-07 -2.861023e-08 5.531311e-07 -2.098083e-07 -4.768372e-08 -2.861023e-07 -3.623962e-07 -4.768372e-08 1.525879e-07 -4.768372e-08 2.098083e-07
<VARIANCE> 12
 1.835557e+01 5.393216e+01 1.753987e+01 7.913373e+01 2.844973e+01 2.809023e+01 5.896357e+01 4.294044e+01 2.332106e+01 2.964071e+01 2.983539e+01 5.719720e+01
<GCONST> 6.468880e+01
<STATE> 3
<MEAN> 12
 -6.675720e-08 -2.288818e-07 -2.861023e-08 5.531311e-07 -2.098083e-07 -4.768372e-08 -2.861023e-07 -3.623962e-07 -4.768372e-08 1.525879e-07 -4.768372e-08 2.098083e-07
<VARIANCE> 12
 1.835557e+01 5.393216e+01 1.753987e+01 7.913373e+01 2.844973e+01 2.809023e+01 5.896357e+01 4.294044e+01 2.332106e+01 2.964071e+01 2.983539e+01 5.719720e+01
<GCONST> 6.468880e+01
<STATE> 4
<MEAN> 12
 -6.675720e-08 -2.288818e-07 -2.861023e-08 5.531311e-07 -2.098083e-07 -4.768372e-08 -2.861023e-07 -3.623962e-07 -4.768372e-08 1.525879e-07 -4.768372e-08 2.098083e-07
<VARIANCE> 12
 1.835557e+01 5.393216e+01 1.753987e+01 7.913373e+01 2.844973e+01 2.809023e+01 5.896357e+01 4.294044e+01 2.332106e+01 2.964071e+01 2.983539e+01 5.719720e+01
<GCONST> 6.468880e+01
<STATE> 5
<MEAN> 12
 -6.675720e-08 -2.288818e-07 -2.861023e-08 5.531311e-07 -2.098083e-07 -4.768372e-08 -2.861023e-07 -3.623962e-07 -4.768372e-08 1.525879e-07 -4.768372e-08 2.098083e-07
<VARIANCE> 12
 1.835557e+01 5.393216e+01 1.753987e+01 7.913373e+01 2.844973e+01 2.809023e+01 5.896357e+01 4.294044e+01 2.332106e+01 2.964071e+01 2.983539e+01 5.719720e+01
<GCONST> 6.468880e+01
<STATE> 6
<MEAN> 12
 -6.675720e-08 -2.288818e-07 -2.861023e-08 5.531311e-07 -2.098083e-07 -4.768372e-08 -2.861023e-07 -3.623962e-07 -4.768372e-08 1.525879e-07 -4.768372e-08 2.098083e-07
<VARIANCE> 12
 1.835557e+01 5.393216e+01 1.753987e+01 7.913373e+01 2.844973e+01 2.809023e+01 5.896357e+01 4.294044e+01 2.332106e+01 2.964071e+01 2.983539e+01 5.719720e+01
<GCONST> 6.468880e+01
<STATE> 7
<MEAN> 12
 -6.675720e-08 -2.288818e-07 -2.861023e-08 5.531311e-07 -2.098083e-07 -4.768372e-08 -2.861023e-07 -3.623962e-07 -4.768372e-08 1.525879e-07 -4.768372e-08 2.098083e-07
<VARIANCE> 12
 1.835557e+01 5.393216e+01 1.753987e+01 7.913373e+01 2.844973e+01 2.809023e+01 5.896357e+01 4.294044e+01 2.332106e+01 2.964071e+01 2.983539e+01 5.719720e+01
<GCONST> 6.468880e+01
<TRANSP> 8
 0.000000e+00 1.000000e+00 0.000000e+00 0.000000e+00 0.000000e+00 0.000000e+00 0.000000e+00 0.000000e+00
 0.000000e+00 9.000000e-01 9.999999e-02 0.000000e+00 0.000000e+00 0.000000e+00 0.000000e+00 0.000000e+00
 0.000000e+00 0.000000e+00 9.000000e-01 9.999999e-02 0.000000e+00 0.000000e+00 0.000000e+00 0.000000e+00
 0.000000e+00 0.000000e+00 0.000000e+00 9.000000e-01 9.999999e-02 0.000000e+00 0.000000e+00 0.000000e+00
 0.000000e+00 0.000000e+00 0.000000e+00 0.000000e+00 9.000000e-01 9.999999e-02 0.000000e+00 0.000000e+00
 0.000000e+00 0.000000e+00 0.000000e+00 0.000000e+00 0.000000e+00 9.000000e-01 9.999999e-02 0.000000e+00
 0.000000e+00 0.000000e+00 0.000000e+00 0.000000e+00 0.000000e+00 0.000000e+00 9.000000e-01 9.999999e-02
 0.000000e+00 0.000000e+00 0.000000e+00 0.000000e+00 0.000000e+00 0.000000e+00 0.000000e+00 0.000000e+00
<ENDHMM>
