~o
<STREAMINFO> 1 12
<VECSIZE> 12<NULLD><MFCC_Z><DIAGC>
~h "s006"
<BEGINHMM>
<NUMSTATES> 10
<STATE> 2
<MEAN> 12
 -2.814121e-07 -7.035302e-08 7.817003e-08 -8.129683e-07 -2.266931e-07 6.097262e-07 -4.064841e-07 2.657781e-07 2.188761e-07 2.071506e-07 3.908501e-09 -1.016210e-07
<VARIANCE> 12
 3.708384e+01 4.028699e+01 1.032570e+01 6.564596e+01 2.069273e+01 6.138249e+01 2.710304e+01 3.553712e+01 3.159885e+01 3.658042e+01 4.664485e+01 6.540965e+01
<GCONST> 6.497565e+01
<STATE> 3
<MEAN> 12
 -2.814121e-07 -7.035302e-08 7.817003e-08 -8.129683e-07 -2.266931e-07 6.097262e-07 -4.064841e-07 2.657781e-07 2.188761e-07 2.071506e-07 3.908501e-09 -1.016210e-07
<VARIANCE> 12
 3.708384e+01 4.028699e+01 1.032570e+01 6.564596e+01 2.069273e+01 6.138249e+01 2.710304e+01 3.553712e+01 3.159885e+01 3.658042e+01 4.664485e+01 6.540965e+01
<GCONST> 6.497565e+01
<STATE> 4
<MEAN> 12
 -2.814121e-07 -7.035302e-08 7.817003e-08 -8.129683e-07 -2.266931e-07 6.097262e-07 -4.064841e-07 2.657781e-07 2.188761e-07 2.071506e-07 3.908501e-09 -1.016210e-07
<VARIANCE> 12
 3.708384e+01 4.028699e+01 1.032570e+01 6.564596e+01 2.069273e+01 6.138249e+01 2.710304e+01 3.553712e+01 3.159885e+01 3.658042e+01 4.664485e+01 6.540965e+01
<GCONST> 6.497565e+01
<STATE> 5
<MEAN> 12
 -2.814121e-07 -7.035302e-08 7.817003e-08 -8.129683e-07 -2.266931e-07 6.097262e-07 -4.064841e-07 2.657781e-07 2.188761e-07 2.071506e-07 3.908501e-09 -1.016210e-07
<VARIANCE> 12
 3.708384e+01 4.028699e+01 1.032570e+01 6.564596e+01 2.069273e+01 6.138249e+01 2.710304e+01 3.553712e+01 3.159885e+01 3.658042e+01 4.664485e+01 6.540965e+01
<GCONST> 6.497565e+01
<STATE> 6
<MEAN> 12
 -2.814121e-07 -7.035302e-08 7.817003e-08 -8.129683e-07 -2.266931e-07 6.097262e-07 -4.064841e-07 2.657781e-07 2.188761e-07 2.071506e-07 3.908501e-09 -1.016210e-07
<VARIANCE> 12
 3.708384e+01 4.028699e+01 1.032570e+01 6.564596e+01 2.069273e+01 6.138249e+01 2.710304e+01 3.553712e+01 3.159885e+01 3.658042e+01 4.664485e+01 6.540965e+01
<GCONST> 6.497565e+01
<STATE> 7
<MEAN> 12
 -2.814121e-07 -7.035302e-08 7.817003e-08 -8.129683e-07 -2.266931e-07 6.097262e-07 -4.064841e-07 2.657781e-07 2.188761e-07 2.071506e-07 3.908501e-09 -1.016210e-07
<VARIANCE> 12
 3.708384e+01 4.028699e+01 1.032570e+01 6.564596e+01 2.069273e+01 6.138249e+01 2.710304e+01 3.553712e+01 3.159885e+01 3.658042e+01 4.664485e+01 6.540965e+01
<GCONST> 6.497565e+01
<STATE> 8
<MEAN> 12
 -2.814121e-07 -7.035302e-08 7.817003e-08 -8.129683e-07 -2.266931e-07 6.097262e-07 -4.064841e-07 2.657781e-07 2.188761e-07 2.071506e-07 3.908501e-09 -1.016210e-07
<VARIANCE> 12
 3.708384e+01 4.028699e+01 1.032570e+01 6.564596e+01 2.069273e+01 6.138249e+01 2.710304e+01 3.553712e+01 3.159885e+01 3.658042e+01 4.664485e+01 6.540965e+01
<GCONST> 6.497565e+01
<STATE> 9
<MEAN> 12
 -2.814121e-07 -7.035302e-08 7.817003e-08 -8.129683e-07 -2.266931e-07 6.097262e-07 -4.064841e-07 2.657781e-07 2.188761e-07 2.071506e-07 3.908501e-09 -1.016210e-07
<VARIANCE> 12
 3.708384e+01 4.028699e+01 1.032570e+01 6.564596e+01 2.069273e+01 6.138249e+01 2.710304e+01 3.553712e+01 3.159885e+01 3.658042e+01 4.664485e+01 6.540965e+01
<GCONST> 6.497565e+01
<TRANSP> 10
 0.000000e+00 1.000000e+00 0.000000e+00 0.000000e+00 0.000000e+00 0.000000e+00 0.000000e+00 0.000000e+00 0.000000e+00 0.000000e+00
 0.000000e+00 9.000000e-01 9.999999e-02 0.000000e+00 0.000000e+00 0.000000e+00 0.000000e+00 0.000000e+00 0.000000e+00 0.000000e+00
 0.000000e+00 0.000000e+00 9.000000e-01 9.999999e-02 0.000000e+00 0.000000e+00 0.000000e+00 0.000000e+00 0.000000e+00 0.000000e+00
 0.000000e+00 0.000000e+00 0.000000e+00 9.000000e-01 9.999999e-02 0.000000e+00 0.000000e+00 0.000000e+00 0.000000e+00 0.000000e+00
 0.000000e+00 0.000000e+00 0.000000e+00 0.000000e+00 9.000000e-01 9.999999e-02 0.000000e+00 0.000000e+00 0.000000e+00 0.000000e+00
 0.000000e+00 0.000000e+00 0.000000e+00 0.000000e+00 0.000000e+00 9.000000e-01 9.999999e-02 0.000000e+00 0.000000e+00 0.000000e+00
 0.000000e+00 0.000000e+00 0.000000e+00 0.000000e+00 0.000000e+00 0.000000e+00 9.000000e-01 9.999999e-02 0.000000e+00 0.000000e+00
 0.000000e+00 0.000000e+00 0.000000e+00 0.000000e+00 0.000000e+00 0.000000e+00 0.000000e+00 9.000000e-01 9.999999e-02 0.000000e+00
 0.000000e+00 0.000000e+00 0.000000e+00 0.000000e+00 0.000000e+00 0.000000e+00 0.000000e+00 0.000000e+00 9.000000e-01 9.999999e-02
 0.000000e+00 0.000000e+00 0.000000e+00 0.000000e+00 0.000000e+00 0.000000e+00 0.000000e+00 0.000000e+00 0.000000e+00 0.000000e+00
<ENDHMM>
