~o
<STREAMINFO> 1 12
<VECSIZE> 12<NULLD><MFCC_Z><DIAGC>
~h "T1375423470"
<BEGINHMM>
<NUMSTATES> 9
<STATE> 2
<MEAN> 12
 -6.026874e+00 -2.351817e+00 6.966505e+00 3.684061e+00 -2.549956e+00 1.704601e+00 4.692724e+00 3.738072e-01 -4.030759e-01 1.342721e+00 1.923606e+00 7.313383e-01
<VARIANCE> 12
 6.436439e+01 1.014957e+01 2.403898e+01 2.980515e+01 3.091570e+01 1.488262e+01 1.106287e+01 1.809712e+01 1.755103e+01 2.354531e+01 2.878461e+01 8.498909e+00
<GCONST> 5.806550e+01
<STATE> 3
<MEAN> 12
 8.910757e-01 -1.532256e+00 1.813530e+00 4.816703e-01 8.315534e-02 -5.410754e-01 2.090909e+00 7.338812e-01 -8.567708e-01 -1.030589e-01 -1.069222e+00 1.400042e+00
<VARIANCE> 12
 4.235117e+01 1.485664e+01 3.465841e+01 4.293480e+01 3.152884e+01 1.018512e+01 1.162432e+01 1.402281e+01 1.525002e+01 2.411918e+01 2.499828e+01 9.373173e+00
<GCONST> 5.803405e+01
<STATE> 4
<MEAN> 12
 3.332040e+00 6.094084e-01 -1.861118e+00 -3.514086e+00 -1.363688e+00 -1.639549e+00 5.794329e-01 1.898228e-01 -3.583035e-01 -3.177188e-01 -1.076185e+00 3.886749e-01
<VARIANCE> 12
 9.339411e+00 1.717617e+01 2.393812e+01 3.575888e+01 3.435016e+01 1.190040e+01 1.462285e+01 1.281583e+01 1.701196e+01 1.948743e+01 1.939459e+01 9.112430e+00
<GCONST> 5.610933e+01
<STATE> 5
<MEAN> 12
 3.218620e+00 1.151480e+00 -3.477182e+00 -4.140617e+00 -2.178647e+00 -2.478343e+00 -5.873781e-01 -5.854059e-01 5.358341e-01 -2.463354e-01 -3.162960e-01 -4.265918e-01
<VARIANCE> 12
 4.848289e+00 1.798167e+01 1.546521e+01 3.254695e+01 3.229834e+01 1.299862e+01 1.712345e+01 1.283038e+01 1.574790e+01 1.653572e+01 1.683181e+01 7.155755e+00
<GCONST> 5.452932e+01
<STATE> 6
<MEAN> 12
 2.188457e+00 8.350487e-02 -3.793760e+00 -1.760579e+00 -3.116331e-01 -1.659839e+00 -1.624788e+00 -5.511347e-01 8.023382e-01 -5.064459e-01 -3.716559e-01 -6.113095e-01
<VARIANCE> 12
 7.311574e+00 1.742746e+01 1.276775e+01 3.451883e+01 2.948623e+01 1.709611e+01 1.549754e+01 1.202333e+01 1.350917e+01 1.441663e+01 1.420436e+01 7.072169e+00
<GCONST> 5.432223e+01
<STATE> 7
<MEAN> 12
 -7.776746e-02 -4.292271e-02 -2.190915e+00 1.319714e+00 2.018512e+00 9.887869e-01 -2.475635e+00 -2.355913e-03 5.122632e-01 -2.604262e-01 -4.855994e-02 -6.676087e-01
<VARIANCE> 12
 1.216673e+01 1.351342e+01 1.984897e+01 2.392276e+01 1.786759e+01 2.067534e+01 1.211506e+01 1.199988e+01 1.220642e+01 1.325150e+01 1.415770e+01 8.267466e+00
<GCONST> 5.405983e+01
<STATE> 8
<MEAN> 12
 -3.525497e+00 2.082623e+00 2.542859e+00 3.929732e+00 4.302241e+00 3.625372e+00 -2.675274e+00 -1.586504e-01 -2.322685e-01 9.124883e-02 9.582878e-01 -8.145738e-01
<VARIANCE> 12
 1.061734e+01 9.761552e+00 2.811159e+01 1.125887e+01 1.385326e+01 1.291309e+01 1.266959e+01 1.179862e+01 1.288685e+01 1.033556e+01 1.127037e+01 8.673539e+00
<GCONST> 5.212101e+01
<TRANSP> 9
 0.000000e+00 1.000000e+00 0.000000e+00 0.000000e+00 0.000000e+00 0.000000e+00 0.000000e+00 0.000000e+00 0.000000e+00
 0.000000e+00 8.793104e-01 1.206897e-01 0.000000e+00 0.000000e+00 0.000000e+00 0.000000e+00 0.000000e+00 0.000000e+00
 0.000000e+00 0.000000e+00 8.793104e-01 1.206897e-01 0.000000e+00 0.000000e+00 0.000000e+00 0.000000e+00 0.000000e+00
 0.000000e+00 0.000000e+00 0.000000e+00 8.793103e-01 1.206897e-01 0.000000e+00 0.000000e+00 0.000000e+00 0.000000e+00
 0.000000e+00 0.000000e+00 0.000000e+00 0.000000e+00 8.793104e-01 1.206897e-01 0.000000e+00 0.000000e+00 0.000000e+00
 0.000000e+00 0.000000e+00 0.000000e+00 0.000000e+00 0.000000e+00 8.793103e-01 1.206896e-01 0.000000e+00 0.000000e+00
 0.000000e+00 0.000000e+00 0.000000e+00 0.000000e+00 0.000000e+00 0.000000e+00 8.793103e-01 1.206897e-01 0.000000e+00
 0.000000e+00 0.000000e+00 0.000000e+00 0.000000e+00 0.000000e+00 0.000000e+00 0.000000e+00 8.793104e-01 1.206897e-01
 0.000000e+00 0.000000e+00 0.000000e+00 0.000000e+00 0.000000e+00 0.000000e+00 0.000000e+00 0.000000e+00 0.000000e+00
<ENDHMM>
