~o
<STREAMINFO> 1 12
<VECSIZE> 12<NULLD><MFCC_Z><DIAGC>
~h "s098"
<BEGINHMM>
<NUMSTATES> 11
<STATE> 2
<MEAN> 12
 -5.252301e+00 -1.899397e+00 -7.480852e-01 -3.221851e-01 -9.780944e+00 4.330853e+00 2.850673e+00 -4.639191e+00 -2.514908e+00 -4.378002e+00 5.339930e+00 -6.006864e+00
<VARIANCE> 12
 5.118663e+01 6.482579e+01 1.169407e+01 3.493083e+01 5.769506e+01 9.673054e+00 1.014620e+01 1.840387e+01 2.997112e+01 3.696320e+01 4.821024e+01 3.314660e+01
<GCONST> 6.211501e+01
<STATE> 3
<MEAN> 12
 -1.333233e+00 -1.073577e+01 -1.075216e+01 8.645896e+00 1.287123e+00 -9.613474e+00 4.957154e-01 1.309173e+00 -7.207246e+00 -3.276862e+00 -5.121623e-01 -2.263454e+00
<VARIANCE> 12
 2.538644e+00 1.295407e+01 1.169407e+01 3.493083e+01 1.094691e+01 1.821202e+01 1.014620e+01 2.641396e+01 3.728371e+01 1.137541e+01 5.834712e+01 7.311261e+00
<GCONST> 5.455198e+01
<STATE> 4
<MEAN> 12
 1.963086e+00 -4.936164e+00 -1.057225e+01 7.954667e+00 -3.315029e-01 -6.078862e+00 2.468467e+00 -3.927141e+00 2.177431e+00 -7.606513e+00 -5.056922e+00 2.435868e+00
<VARIANCE> 12
 6.455307e+00 1.295407e+01 2.138119e+01 3.835962e+01 1.567781e+01 9.673054e+00 2.286903e+01 2.601008e+01 6.418311e+00 1.645351e+01 9.863818e+00 8.159459e+00
<GCONST> 5.364796e+01
<STATE> 5
<MEAN> 12
 -7.031590e-01 -7.273454e+00 4.947938e+00 1.436022e+01 1.123453e+01 -5.772595e+00 7.172837e+00 -2.306737e-01 2.819826e+00 4.693677e+00 -3.451464e+00 3.221201e+00
<VARIANCE> 12
 2.538644e+00 1.295407e+01 1.169407e+01 3.493083e+01 3.098236e+01 9.673054e+00 2.703621e+01 3.042920e+01 1.532294e+01 3.932307e+01 1.793297e+01 4.785702e+00
<GCONST> 5.482879e+01
<STATE> 6
<MEAN> 12
 -1.374185e+00 -3.083901e+00 8.432368e+00 2.689332e+00 1.223001e+01 9.845037e+00 4.571095e+00 -9.364856e+00 -5.794827e+00 8.933896e+00 -4.842104e+00 4.454957e+00
<VARIANCE> 12
 2.538644e+00 1.295407e+01 1.169407e+01 3.493083e+01 1.405349e+01 1.064011e+01 1.014620e+01 9.376928e+00 9.657028e+00 1.137541e+01 9.511265e+00 4.273395e+00
<GCONST> 4.952689e+01
<STATE> 7
<MEAN> 12
 -2.611768e-01 1.891466e+00 3.635025e+00 -1.626395e+01 8.211527e-01 6.185212e+00 2.071157e+00 -1.794994e+00 1.669976e+00 1.558118e+00 -2.779326e+00 2.881953e+00
<VARIANCE> 12
 2.538644e+00 1.295407e+01 1.169407e+01 3.493083e+01 1.094691e+01 9.673054e+00 1.065079e+01 8.880627e+00 5.562942e+00 1.137541e+01 8.670063e+00 1.451237e+01
<GCONST> 4.975439e+01
<STATE> 8
<MEAN> 12
 -1.082157e+00 1.046096e+01 6.240790e+00 -2.167922e+01 -3.522920e+00 2.779645e+00 -1.150919e+01 6.825043e+00 -8.309496e-01 -4.474174e+00 4.484379e+00 -2.374424e+00
<VARIANCE> 12
 2.538644e+00 1.295407e+01 1.169407e+01 3.493083e+01 1.094691e+01 1.035491e+01 2.192265e+01 1.379161e+01 7.810200e+00 1.137541e+01 1.442777e+01 1.174686e+01
<GCONST> 5.162174e+01
<STATE> 9
<MEAN> 12
 3.944582e+00 9.844884e+00 4.347147e+00 -2.691158e+00 -3.855436e+00 6.823626e-01 -1.129056e+00 4.720532e+00 4.039180e+00 4.958053e+00 2.829719e+00 5.523598e-01
<VARIANCE> 12
 6.214250e+00 1.295407e+01 1.169407e+01 7.072795e+01 1.094691e+01 1.854750e+01 1.014620e+01 2.025571e+01 1.282168e+01 1.512831e+01 1.073256e+01 1.618738e+01
<GCONST> 5.422485e+01
<STATE> 10
<MEAN> 12
 2.047414e+00 1.081590e+00 7.936032e-01 8.788761e+00 -3.098442e+00 6.687888e+00 2.900948e+00 -4.527756e-01 3.098145e+00 9.886685e+00 1.745098e+00 -7.888706e-01
<VARIANCE> 12
 2.538644e+00 1.295407e+01 1.169407e+01 3.493083e+01 1.094691e+01 1.737476e+01 1.434043e+01 3.865945e+01 1.521637e+01 2.857235e+01 9.154370e+00 2.029834e+01
<GCONST> 5.442555e+01
<TRANSP> 11
 0.000000e+00 1.000000e+00 0.000000e+00 0.000000e+00 0.000000e+00 0.000000e+00 0.000000e+00 0.000000e+00 0.000000e+00 0.000000e+00 0.000000e+00
 0.000000e+00 8.301858e-01 1.698142e-01 0.000000e+00 0.000000e+00 0.000000e+00 0.000000e+00 0.000000e+00 0.000000e+00 0.000000e+00 0.000000e+00
 0.000000e+00 0.000000e+00 8.620383e-01 1.379617e-01 0.000000e+00 0.000000e+00 0.000000e+00 0.000000e+00 0.000000e+00 0.000000e+00 0.000000e+00
 0.000000e+00 0.000000e+00 0.000000e+00 9.168126e-01 8.318742e-02 0.000000e+00 0.000000e+00 0.000000e+00 0.000000e+00 0.000000e+00 0.000000e+00
 0.000000e+00 0.000000e+00 0.000000e+00 0.000000e+00 8.712665e-01 1.287335e-01 0.000000e+00 0.000000e+00 0.000000e+00 0.000000e+00 0.000000e+00
 0.000000e+00 0.000000e+00 0.000000e+00 0.000000e+00 0.000000e+00 7.970569e-01 2.029430e-01 0.000000e+00 0.000000e+00 0.000000e+00 0.000000e+00
 0.000000e+00 0.000000e+00 0.000000e+00 0.000000e+00 0.000000e+00 0.000000e+00 6.755719e-01 3.244282e-01 0.000000e+00 0.000000e+00 0.000000e+00
 0.000000e+00 0.000000e+00 0.000000e+00 0.000000e+00 0.000000e+00 0.000000e+00 0.000000e+00 9.232436e-01 7.675641e-02 0.000000e+00 0.000000e+00
 0.000000e+00 0.000000e+00 0.000000e+00 0.000000e+00 0.000000e+00 0.000000e+00 0.000000e+00 0.000000e+00 8.578672e-01 1.421329e-01 0.000000e+00
 0.000000e+00 0.000000e+00 0.000000e+00 0.000000e+00 0.000000e+00 0.000000e+00 0.000000e+00 0.000000e+00 0.000000e+00 8.750008e-01 1.249993e-01
 0.000000e+00 0.000000e+00 0.000000e+00 0.000000e+00 0.000000e+00 0.000000e+00 0.000000e+00 0.000000e+00 0.000000e+00 0.000000e+00 0.000000e+00
<ENDHMM>
