~o
<STREAMINFO> 1 12
<VECSIZE> 12<NULLD><MFCC_Z><DIAGC>
~h "s069"
<BEGINHMM>
<NUMSTATES> 9
<STATE> 2
<MEAN> 12
 6.935813e-08 2.427535e-07 -7.802790e-08 -3.814697e-07 -5.375255e-07 9.016557e-07 5.028464e-07 -1.213767e-07 -2.470883e-07 6.068836e-08 3.467906e-08 -5.201860e-08
<VARIANCE> 12
 1.682451e+01 6.154629e+01 2.921936e+01 4.076123e+01 5.306443e+01 6.981915e+01 4.044778e+01 5.791798e+01 3.252882e+01 2.606485e+01 1.751982e+01 3.884077e+01
<GCONST> 6.532169e+01
<STATE> 3
<MEAN> 12
 6.935813e-08 2.427535e-07 -7.802790e-08 -3.814697e-07 -5.375255e-07 9.016557e-07 5.028464e-07 -1.213767e-07 -2.470883e-07 6.068836e-08 3.467906e-08 -5.201860e-08
<VARIANCE> 12
 1.682451e+01 6.154629e+01 2.921936e+01 4.076123e+01 5.306443e+01 6.981915e+01 4.044778e+01 5.791798e+01 3.252882e+01 2.606485e+01 1.751982e+01 3.884077e+01
<GCONST> 6.532169e+01
<STATE> 4
<MEAN> 12
 6.935813e-08 2.427535e-07 -7.802790e-08 -3.814697e-07 -5.375255e-07 9.016557e-07 5.028464e-07 -1.213767e-07 -2.470883e-07 6.068836e-08 3.467906e-08 -5.201860e-08
<VARIANCE> 12
 1.682451e+01 6.154629e+01 2.921936e+01 4.076123e+01 5.306443e+01 6.981915e+01 4.044778e+01 5.791798e+01 3.252882e+01 2.606485e+01 1.751982e+01 3.884077e+01
<GCONST> 6.532169e+01
<STATE> 5
<MEAN> 12
 6.935813e-08 2.427535e-07 -7.802790e-08 -3.814697e-07 -5.375255e-07 9.016557e-07 5.028464e-07 -1.213767e-07 -2.470883e-07 6.068836e-08 3.467906e-08 -5.201860e-08
<VARIANCE> 12
 1.682451e+01 6.154629e+01 2.921936e+01 4.076123e+01 5.306443e+01 6.981915e+01 4.044778e+01 5.791798e+01 3.252882e+01 2.606485e+01 1.751982e+01 3.884077e+01
<GCONST> 6.532169e+01
<STATE> 6
<MEAN> 12
 6.935813e-08 2.427535e-07 -7.802790e-08 -3.814697e-07 -5.375255e-07 9.016557e-07 5.028464e-07 -1.213767e-07 -2.470883e-07 6.068836e-08 3.467906e-08 -5.201860e-08
<VARIANCE> 12
 1.682451e+01 6.154629e+01 2.921936e+01 4.076123e+01 5.306443e+01 6.981915e+01 4.044778e+01 5.791798e+01 3.252882e+01 2.606485e+01 1.751982e+01 3.884077e+01
<GCONST> 6.532169e+01
<STATE> 7
<MEAN> 12
 6.935813e-08 2.427535e-07 -7.802790e-08 -3.814697e-07 -5.375255e-07 9.016557e-07 5.028464e-07 -1.213767e-07 -2.470883e-07 6.068836e-08 3.467906e-08 -5.201860e-08
<VARIANCE> 12
 1.682451e+01 6.154629e+01 2.921936e+01 4.076123e+01 5.306443e+01 6.981915e+01 4.044778e+01 5.791798e+01 3.252882e+01 2.606485e+01 1.751982e+01 3.884077e+01
<GCONST> 6.532169e+01
<STATE> 8
<MEAN> 12
 6.935813e-08 2.427535e-07 -7.802790e-08 -3.814697e-07 -5.375255e-07 9.016557e-07 5.028464e-07 -1.213767e-07 -2.470883e-07 6.068836e-08 3.467906e-08 -5.201860e-08
<VARIANCE> 12
 1.682451e+01 6.154629e+01 2.921936e+01 4.076123e+01 5.306443e+01 6.981915e+01 4.044778e+01 5.791798e+01 3.252882e+01 2.606485e+01 1.751982e+01 3.884077e+01
<GCONST> 6.532169e+01
<TRANSP> 9
 0.000000e+00 1.000000e+00 0.000000e+00 0.000000e+00 0.000000e+00 0.000000e+00 0.000000e+00 0.000000e+00 0.000000e+00
 0.000000e+00 9.000000e-01 9.999999e-02 0.000000e+00 0.000000e+00 0.000000e+00 0.000000e+00 0.000000e+00 0.000000e+00
 0.000000e+00 0.000000e+00 9.000000e-01 9.999999e-02 0.000000e+00 0.000000e+00 0.000000e+00 0.000000e+00 0.000000e+00
 0.000000e+00 0.000000e+00 0.000000e+00 9.000000e-01 9.999999e-02 0.000000e+00 0.000000e+00 0.000000e+00 0.000000e+00
 0.000000e+00 0.000000e+00 0.000000e+00 0.000000e+00 9.000000e-01 9.999999e-02 0.000000e+00 0.000000e+00 0.000000e+00
 0.000000e+00 0.000000e+00 0.000000e+00 0.000000e+00 0.000000e+00 9.000000e-01 9.999999e-02 0.000000e+00 0.000000e+00
 0.000000e+00 0.000000e+00 0.000000e+00 0.000000e+00 0.000000e+00 0.000000e+00 9.000000e-01 9.999999e-02 0.000000e+00
 0.000000e+00 0.000000e+00 0.000000e+00 0.000000e+00 0.000000e+00 0.000000e+00 0.000000e+00 9.000000e-01 9.999999e-02
 0.000000e+00 0.000000e+00 0.000000e+00 0.000000e+00 0.000000e+00 0.000000e+00 0.000000e+00 0.000000e+00 0.000000e+00
<ENDHMM>
