~o
<STREAMINFO> 1 12
<VECSIZE> 12<NULLD><MFCC_Z><DIAGC>
~h "s054"
<BEGINHMM>
<NUMSTATES> 9
<STATE> 2
<MEAN> 12
 -1.854367e-07 3.443824e-07 1.633609e-07 -2.472489e-07 8.830318e-09 -1.942670e-07 1.589457e-07 -8.477105e-07 1.766064e-08 -1.766063e-07 2.737399e-07 1.611533e-07
<VARIANCE> 12
 2.206704e+01 7.435439e+01 4.916827e+01 5.096643e+01 4.704422e+01 2.493883e+01 6.370311e+01 1.327435e+02 2.559941e+01 2.735723e+01 6.283797e+01 2.763398e+01
<GCONST> 6.740519e+01
<STATE> 3
<MEAN> 12
 -1.854367e-07 3.443824e-07 1.633609e-07 -2.472489e-07 8.830318e-09 -1.942670e-07 1.589457e-07 -8.477105e-07 1.766064e-08 -1.766063e-07 2.737399e-07 1.611533e-07
<VARIANCE> 12
 2.206704e+01 7.435439e+01 4.916827e+01 5.096643e+01 4.704422e+01 2.493883e+01 6.370311e+01 1.327435e+02 2.559941e+01 2.735723e+01 6.283797e+01 2.763398e+01
<GCONST> 6.740519e+01
<STATE> 4
<MEAN> 12
 -1.854367e-07 3.443824e-07 1.633609e-07 -2.472489e-07 8.830318e-09 -1.942670e-07 1.589457e-07 -8.477105e-07 1.766064e-08 -1.766063e-07 2.737399e-07 1.611533e-07
<VARIANCE> 12
 2.206704e+01 7.435439e+01 4.916827e+01 5.096643e+01 4.704422e+01 2.493883e+01 6.370311e+01 1.327435e+02 2.559941e+01 2.735723e+01 6.283797e+01 2.763398e+01
<GCONST> 6.740519e+01
<STATE> 5
<MEAN> 12
 -1.854367e-07 3.443824e-07 1.633609e-07 -2.472489e-07 8.830318e-09 -1.942670e-07 1.589457e-07 -8.477105e-07 1.766064e-08 -1.766063e-07 2.737399e-07 1.611533e-07
<VARIANCE> 12
 2.206704e+01 7.435439e+01 4.916827e+01 5.096643e+01 4.704422e+01 2.493883e+01 6.370311e+01 1.327435e+02 2.559941e+01 2.735723e+01 6.283797e+01 2.763398e+01
<GCONST> 6.740519e+01
<STATE> 6
<MEAN> 12
 -1.854367e-07 3.443824e-07 1.633609e-07 -2.472489e-07 8.830318e-09 -1.942670e-07 1.589457e-07 -8.477105e-07 1.766064e-08 -1.766063e-07 2.737399e-07 1.611533e-07
<VARIANCE> 12
 2.206704e+01 7.435439e+01 4.916827e+01 5.096643e+01 4.704422e+01 2.493883e+01 6.370311e+01 1.327435e+02 2.559941e+01 2.735723e+01 6.283797e+01 2.763398e+01
<GCONST> 6.740519e+01
<STATE> 7
<MEAN> 12
 -1.854367e-07 3.443824e-07 1.633609e-07 -2.472489e-07 8.830318e-09 -1.942670e-07 1.589457e-07 -8.477105e-07 1.766064e-08 -1.766063e-07 2.737399e-07 1.611533e-07
<VARIANCE> 12
 2.206704e+01 7.435439e+01 4.916827e+01 5.096643e+01 4.704422e+01 2.493883e+01 6.370311e+01 1.327435e+02 2.559941e+01 2.735723e+01 6.283797e+01 2.763398e+01
<GCONST> 6.740519e+01
<STATE> 8
<MEAN> 12
 -1.854367e-07 3.443824e-07 1.633609e-07 -2.472489e-07 8.830318e-09 -1.942670e-07 1.589457e-07 -8.477105e-07 1.766064e-08 -1.766063e-07 2.737399e-07 1.611533e-07
<VARIANCE> 12
 2.206704e+01 7.435439e+01 4.916827e+01 5.096643e+01 4.704422e+01 2.493883e+01 6.370311e+01 1.327435e+02 2.559941e+01 2.735723e+01 6.283797e+01 2.763398e+01
<GCONST> 6.740519e+01
<TRANSP> 9
 0.000000e+00 1.000000e+00 0.000000e+00 0.000000e+00 0.000000e+00 0.000000e+00 0.000000e+00 0.000000e+00 0.000000e+00
 0.000000e+00 9.000000e-01 9.999999e-02 0.000000e+00 0.000000e+00 0.000000e+00 0.000000e+00 0.000000e+00 0.000000e+00
 0.000000e+00 0.000000e+00 9.000000e-01 9.999999e-02 0.000000e+00 0.000000e+00 0.000000e+00 0.000000e+00 0.000000e+00
 0.000000e+00 0.000000e+00 0.000000e+00 9.000000e-01 9.999999e-02 0.000000e+00 0.000000e+00 0.000000e+00 0.000000e+00
 0.000000e+00 0.000000e+00 0.000000e+00 0.000000e+00 9.000000e-01 9.999999e-02 0.000000e+00 0.000000e+00 0.000000e+00
 0.000000e+00 0.000000e+00 0.000000e+00 0.000000e+00 0.000000e+00 9.000000e-01 9.999999e-02 0.000000e+00 0.000000e+00
 0.000000e+00 0.000000e+00 0.000000e+00 0.000000e+00 0.000000e+00 0.000000e+00 9.000000e-01 9.999999e-02 0.000000e+00
 0.000000e+00 0.000000e+00 0.000000e+00 0.000000e+00 0.000000e+00 0.000000e+00 0.000000e+00 9.000000e-01 9.999999e-02
 0.000000e+00 0.000000e+00 0.000000e+00 0.000000e+00 0.000000e+00 0.000000e+00 0.000000e+00 0.000000e+00 0.000000e+00
<ENDHMM>
