~o
<STREAMINFO> 1 12
<VECSIZE> 12<NULLD><MFCC_Z><DIAGC>
~h "T1375864876"
<BEGINHMM>
<NUMSTATES> 9
<STATE> 2
<MEAN> 12
 -5.604286e+00 7.004887e+00 1.131198e+01 -8.273975e+00 -9.936625e+00 -9.930720e-01 4.547618e-03 5.391549e+00 -1.385753e+00 -5.030182e+00 2.566151e+00 -3.290546e+00
<VARIANCE> 12
 4.425170e+00 2.988389e+01 3.549143e+01 6.664393e+01 2.581071e+01 2.511159e+01 7.553133e+01 3.333847e+01 8.428969e+00 2.950686e+01 5.601319e+00 2.407675e+01
<GCONST> 5.943374e+01
<STATE> 3
<MEAN> 12
 -8.233328e-01 -2.395502e-01 -5.939545e+00 2.156784e+00 2.533798e+00 -1.502999e+01 2.455471e+00 5.788498e+00 4.429253e+00 -2.434359e+00 -6.280733e+00 -2.095810e+00
<VARIANCE> 12
 4.425170e+00 7.264778e+00 1.008048e+01 5.517059e+00 8.057134e+00 7.707641e+00 3.053430e+01 7.844776e+00 3.209137e+01 1.495632e+01 6.282809e+00 2.487767e+00
<GCONST> 4.807371e+01
<STATE> 4
<MEAN> 12
 4.408464e+00 2.009221e+00 -9.626252e+00 5.328299e-02 1.865979e+00 -3.111915e+00 -3.440952e+00 -3.241848e+00 -1.375157e+00 7.285923e+00 -1.030567e-01 -2.784861e+00
<VARIANCE> 12
 4.425170e+00 7.264778e+00 1.526097e+01 5.517059e+00 6.306401e+00 1.340504e+01 8.883098e+00 6.760785e+00 1.506483e+01 4.502815e+00 1.035956e+01 3.985116e+00
<GCONST> 4.642805e+01
<STATE> 5
<MEAN> 12
 -9.187237e-01 -6.114908e+00 9.074239e-01 2.177967e+00 3.680993e+00 5.828416e+00 4.032258e+00 8.087096e-01 3.497135e+00 2.962249e+00 9.374952e-01 2.308212e+00
<VARIANCE> 12
 5.436691e+00 2.403654e+01 2.156279e+01 1.172021e+01 1.056592e+01 1.071353e+01 1.185770e+01 1.361214e+01 1.752871e+01 1.250361e+01 1.545822e+01 9.023335e+00
<GCONST> 5.260044e+01
<STATE> 6
<MEAN> 12
 -1.032151e+01 -1.325999e+01 4.554176e+00 9.366449e+00 5.069751e+00 3.719064e+00 4.032226e+00 9.023397e+00 5.873477e+00 6.902081e-01 -1.375931e+00 1.341577e+00
<VARIANCE> 12
 4.425170e+00 7.264778e+00 1.008048e+01 8.880420e+00 1.023182e+01 1.121615e+01 1.291614e+01 2.164211e+01 1.012709e+01 4.762350e+00 1.604228e+01 1.476608e+01
<GCONST> 4.973882e+01
<STATE> 7
<MEAN> 12
 5.164055e+00 4.569849e+00 -5.292593e+00 -3.700706e+00 -1.843590e+00 1.552854e+00 -1.755401e+00 -7.541546e+00 -6.612114e+00 -3.703893e+00 -1.088822e+00 2.522110e+00
<VARIANCE> 12
 4.425170e+00 9.425637e+00 3.011120e+01 8.125841e+00 9.478939e+00 1.830560e+01 5.769773e+00 1.464323e+01 4.252491e+00 1.385678e+01 1.373552e+01 1.610341e+01
<GCONST> 5.035340e+01
<STATE> 8
<MEAN> 12
 2.769534e+00 2.749290e+00 6.246743e+00 7.167495e-01 -6.672115e-01 2.641482e+00 -2.721758e+00 -3.133364e+00 -4.217784e-01 -1.814666e+00 2.834841e+00 8.580946e-01
<VARIANCE> 12
 1.003521e+01 7.264778e+00 1.008048e+01 8.277882e+00 8.677328e+00 1.638480e+01 2.263705e+01 1.592606e+01 8.097860e+00 1.308847e+01 1.227130e+01 8.103717e+00
<GCONST> 5.087538e+01
<TRANSP> 9
 0.000000e+00 1.000000e+00 0.000000e+00 0.000000e+00 0.000000e+00 0.000000e+00 0.000000e+00 0.000000e+00 0.000000e+00
 0.000000e+00 8.571385e-01 1.428615e-01 0.000000e+00 0.000000e+00 0.000000e+00 0.000000e+00 0.000000e+00 0.000000e+00
 0.000000e+00 0.000000e+00 7.995533e-01 2.004467e-01 0.000000e+00 0.000000e+00 0.000000e+00 0.000000e+00 0.000000e+00
 0.000000e+00 0.000000e+00 0.000000e+00 8.920640e-01 1.079360e-01 0.000000e+00 0.000000e+00 0.000000e+00 0.000000e+00
 0.000000e+00 0.000000e+00 0.000000e+00 0.000000e+00 8.862181e-01 1.137819e-01 0.000000e+00 0.000000e+00 0.000000e+00
 0.000000e+00 0.000000e+00 0.000000e+00 0.000000e+00 0.000000e+00 8.325377e-01 1.674623e-01 0.000000e+00 0.000000e+00
 0.000000e+00 0.000000e+00 0.000000e+00 0.000000e+00 0.000000e+00 0.000000e+00 8.930473e-01 1.069527e-01 0.000000e+00
 0.000000e+00 0.000000e+00 0.000000e+00 0.000000e+00 0.000000e+00 0.000000e+00 0.000000e+00 8.842116e-01 1.157884e-01
 0.000000e+00 0.000000e+00 0.000000e+00 0.000000e+00 0.000000e+00 0.000000e+00 0.000000e+00 0.000000e+00 0.000000e+00
<ENDHMM>
