~o
<STREAMINFO> 1 12
<VECSIZE> 12<NULLD><MFCC_Z><DIAGC>
~h "s014"
<BEGINHMM>
<NUMSTATES> 10
<STATE> 2
<MEAN> 12
 -1.227402e+01 1.174893e+00 3.302305e+00 -8.751900e-01 1.098402e+01 1.354506e+00 9.557551e+00 6.597101e+00 -2.605169e-01 5.008246e+00 2.966002e+00 4.185297e+00
<VARIANCE> 12
 4.502272e+01 2.694044e+01 3.788620e+01 3.971223e+01 2.194291e+01 3.608717e+01 7.784599e+01 3.039943e+01 2.357837e+01 1.957210e+01 2.114928e+01 5.072010e+01
<GCONST> 6.402747e+01
<STATE> 3
<MEAN> 12
 -6.168447e+00 5.032508e+00 7.882648e+00 -4.363291e+00 6.629036e+00 -1.334183e+00 1.609468e+00 5.288458e+00 -1.090750e+00 2.847944e+00 1.611223e+00 -6.523306e-01
<VARIANCE> 12
 5.355617e+01 3.100675e+01 5.723101e+01 6.555561e+01 5.188705e+01 4.156765e+01 8.753866e+01 3.237249e+01 3.214944e+01 1.427527e+01 1.926040e+01 5.051991e+01
<GCONST> 6.633458e+01
<STATE> 4
<MEAN> 12
 -2.807071e+00 5.254006e+00 7.444548e+00 -2.355777e+00 1.773304e+00 -4.049256e-01 -2.147132e+00 4.117071e+00 -4.760286e-01 1.678405e+00 1.697749e+00 -2.652247e+00
<VARIANCE> 12
 3.533139e+01 3.520872e+01 9.630943e+01 1.043971e+02 5.432438e+01 5.644324e+01 4.583390e+01 3.279245e+01 3.750334e+01 2.129753e+01 2.950920e+01 2.848081e+01
<GCONST> 6.715675e+01
<STATE> 5
<MEAN> 12
 -1.014378e+00 2.180568e+00 1.314408e+00 2.018765e+00 -1.288524e+00 1.336456e-01 -2.688901e+00 2.892234e+00 6.161333e-01 -2.314520e-01 7.271283e-01 -1.414475e+00
<VARIANCE> 12
 4.333917e+01 4.637949e+01 1.673541e+02 9.897131e+01 3.584496e+01 7.067516e+01 3.075029e+01 4.052354e+01 3.298042e+01 3.127577e+01 4.394857e+01 2.368174e+01
<GCONST> 6.822694e+01
<STATE> 6
<MEAN> 12
 2.022865e+00 -1.505469e+00 -6.074697e+00 3.518673e+00 -2.343504e+00 -8.654881e-01 -2.882925e+00 8.605204e-01 1.090043e+00 -2.704463e+00 -1.120264e+00 4.496336e-01
<VARIANCE> 12
 5.374332e+01 3.546742e+01 1.630015e+02 6.272670e+01 2.271212e+01 6.846040e+01 2.665410e+01 6.243140e+01 2.455243e+01 3.042131e+01 4.748122e+01 2.240665e+01
<GCONST> 6.719171e+01
<STATE> 7
<MEAN> 12
 5.756041e+00 -3.437361e+00 -9.014017e+00 1.463025e+00 -3.167420e+00 -1.420803e+00 -2.527677e+00 -3.297890e+00 1.211066e+00 -4.496815e+00 -2.452320e+00 8.789367e-01
<VARIANCE> 12
 3.713771e+01 1.489907e+01 1.114910e+02 4.101130e+01 1.766088e+01 4.926185e+01 2.123267e+01 7.986944e+01 2.032777e+01 2.287284e+01 3.716076e+01 2.412036e+01
<GCONST> 6.394293e+01
<STATE> 8
<MEAN> 12
 7.850826e+00 -3.797710e+00 -5.604286e+00 -5.557616e-01 -5.266984e+00 -2.625679e-01 -1.063312e+00 -8.022213e+00 3.453470e-02 -3.663700e+00 -2.544496e+00 -5.862659e-01
<VARIANCE> 12
 1.573717e+01 7.768746e+00 8.334992e+01 2.094379e+01 1.714019e+01 3.484242e+01 1.364323e+01 5.341056e+01 2.247928e+01 3.775761e+01 2.746145e+01 2.621125e+01
<GCONST> 6.063182e+01
<STATE> 9
<MEAN> 12
 6.634007e+00 -4.901573e+00 7.490004e-01 1.149782e+00 -7.319950e+00 2.800018e+00 1.430602e-01 -8.435198e+00 -1.124453e+00 1.561962e+00 -8.849902e-01 -2.084499e-01
<VARIANCE> 12
 1.573717e+01 7.768746e+00 4.235180e+01 1.557735e+01 1.243810e+01 2.215319e+01 1.076004e+01 2.794864e+01 2.307130e+01 5.610944e+01 1.903886e+01 2.840679e+01
<GCONST> 5.813644e+01
<TRANSP> 10
 0.000000e+00 1.000000e+00 0.000000e+00 0.000000e+00 0.000000e+00 0.000000e+00 0.000000e+00 0.000000e+00 0.000000e+00 0.000000e+00
 0.000000e+00 8.750001e-01 1.250000e-01 0.000000e+00 0.000000e+00 0.000000e+00 0.000000e+00 0.000000e+00 0.000000e+00 0.000000e+00
 0.000000e+00 0.000000e+00 8.750000e-01 1.250000e-01 0.000000e+00 0.000000e+00 0.000000e+00 0.000000e+00 0.000000e+00 0.000000e+00
 0.000000e+00 0.000000e+00 0.000000e+00 8.750000e-01 1.250000e-01 0.000000e+00 0.000000e+00 0.000000e+00 0.000000e+00 0.000000e+00
 0.000000e+00 0.000000e+00 0.000000e+00 0.000000e+00 8.750000e-01 1.250000e-01 0.000000e+00 0.000000e+00 0.000000e+00 0.000000e+00
 0.000000e+00 0.000000e+00 0.000000e+00 0.000000e+00 0.000000e+00 8.750000e-01 1.250000e-01 0.000000e+00 0.000000e+00 0.000000e+00
 0.000000e+00 0.000000e+00 0.000000e+00 0.000000e+00 0.000000e+00 0.000000e+00 8.750001e-01 1.250000e-01 0.000000e+00 0.000000e+00
 0.000000e+00 0.000000e+00 0.000000e+00 0.000000e+00 0.000000e+00 0.000000e+00 0.000000e+00 8.750000e-01 1.250000e-01 0.000000e+00
 0.000000e+00 0.000000e+00 0.000000e+00 0.000000e+00 0.000000e+00 0.000000e+00 0.000000e+00 0.000000e+00 8.749999e-01 1.250000e-01
 0.000000e+00 0.000000e+00 0.000000e+00 0.000000e+00 0.000000e+00 0.000000e+00 0.000000e+00 0.000000e+00 0.000000e+00 0.000000e+00
<ENDHMM>
