~o
<STREAMINFO> 1 12
<VECSIZE> 12<NULLD><MFCC_Z><DIAGC>
~h "T1375423460"
<BEGINHMM>
<NUMSTATES> 9
<STATE> 2
<MEAN> 12
 -2.501816e+00 -5.121250e+00 2.449288e+00 1.836912e+00 -6.828843e+00 -1.145175e+01 3.578175e+00 3.490057e+00 -1.361161e+00 -5.348957e+00 -7.739568e+00 1.142044e-01
<VARIANCE> 12
 3.581727e+00 3.823894e+00 1.221686e+01 2.322786e+00 4.873996e+01 9.593272e+00 3.664583e+01 1.767479e+01 1.917805e+01 2.259069e+01 1.256398e+01 7.751928e+00
<GCONST> 5.128830e+01
<STATE> 3
<MEAN> 12
 3.346118e+00 -2.349841e+00 -5.770784e+00 4.253939e-01 1.211753e+00 -9.728559e+00 -6.764874e+00 -1.653710e+00 5.327592e+00 2.290581e+00 -4.790011e+00 -6.255608e+00
<VARIANCE> 12
 3.581727e+00 1.013966e+01 5.806975e+00 8.490151e+00 5.311135e+00 2.106893e+01 4.410764e+00 7.883997e+00 4.748230e+00 6.649424e+00 6.401136e+00 5.503185e+00
<GCONST> 4.482538e+01
<STATE> 4
<MEAN> 12
 -8.375743e-01 1.051331e+00 2.308668e-01 -6.316216e-01 -4.205041e+00 2.119680e+00 -7.088447e-01 -6.879182e-01 1.287949e+00 -9.152520e-01 -6.550553e-01 -4.962418e+00
<VARIANCE> 12
 9.140984e+00 3.823894e+00 7.526204e+00 2.833159e+00 1.626862e+01 2.546558e+01 1.540726e+01 5.530617e+00 7.298574e+00 4.969912e+00 4.481133e+00 2.086777e+01
<GCONST> 4.726921e+01
<STATE> 5
<MEAN> 12
 -6.685721e+00 -3.508155e+00 3.280578e+00 3.689143e+00 3.830895e+00 7.554920e+00 -3.717179e-01 -1.790177e+00 4.278305e-01 1.698629e+00 5.099370e+00 3.334087e+00
<VARIANCE> 12
 4.271338e+00 9.415540e+00 8.334022e+00 1.618772e+01 2.617325e+01 9.593272e+00 1.605919e+01 1.900436e+01 1.257056e+01 8.475243e+00 1.159744e+01 1.286067e+01
<GCONST> 5.157363e+01
<STATE> 6
<MEAN> 12
 3.525606e+00 7.227893e+00 5.140534e+00 -2.218298e+00 -3.401549e+00 2.792145e+00 5.997475e+00 7.682822e-01 -4.532473e+00 -2.823647e+00 2.161066e+00 3.979405e+00
<VARIANCE> 12
 1.080074e+01 8.949460e+00 4.688763e+00 1.258558e+01 7.416409e+00 9.593272e+00 4.410764e+00 4.467872e+00 4.374584e+00 6.641433e+00 2.190172e+01 4.060029e+00
<GCONST> 4.580607e+01
<STATE> 7
<MEAN> 12
 5.474401e+00 5.110982e+00 -1.511539e+00 -4.995189e+00 7.258952e-01 5.327929e+00 2.117080e+00 -1.320660e+00 -2.100951e+00 5.733700e-01 2.946536e+00 3.462682e+00
<VARIANCE> 12
 3.581727e+00 4.537161e+00 1.820748e+01 2.322786e+00 1.451790e+01 9.593272e+00 8.405313e+00 9.727998e+00 2.202591e+01 1.290409e+01 8.123002e+00 1.027672e+01
<GCONST> 4.800194e+01
<STATE> 8
<MEAN> 12
 -2.080470e+00 -9.671556e-01 -2.759227e+00 -9.688345e-02 3.419153e+00 4.557443e+00 -1.186183e+00 1.967505e+00 -3.966097e-01 1.879967e+00 1.615624e+00 -1.013998e+00
<VARIANCE> 12
 1.492924e+01 4.685773e+00 2.305478e+01 9.183837e+00 1.084069e+01 9.593272e+00 8.390521e+00 1.005609e+01 1.279446e+01 1.224612e+01 9.836736e+00 6.268958e+00
<GCONST> 4.991330e+01
<TRANSP> 9
 0.000000e+00 1.000000e+00 0.000000e+00 0.000000e+00 0.000000e+00 0.000000e+00 0.000000e+00 0.000000e+00 0.000000e+00
 0.000000e+00 8.463305e-01 1.536696e-01 0.000000e+00 0.000000e+00 0.000000e+00 0.000000e+00 0.000000e+00 0.000000e+00
 0.000000e+00 0.000000e+00 9.146252e-01 8.537486e-02 0.000000e+00 0.000000e+00 0.000000e+00 0.000000e+00 0.000000e+00
 0.000000e+00 0.000000e+00 0.000000e+00 6.549909e-01 3.450092e-01 0.000000e+00 0.000000e+00 0.000000e+00 0.000000e+00
 0.000000e+00 0.000000e+00 0.000000e+00 0.000000e+00 9.050953e-01 9.490471e-02 0.000000e+00 0.000000e+00 0.000000e+00
 0.000000e+00 0.000000e+00 0.000000e+00 0.000000e+00 0.000000e+00 8.994966e-01 1.005034e-01 0.000000e+00 0.000000e+00
 0.000000e+00 0.000000e+00 0.000000e+00 0.000000e+00 0.000000e+00 0.000000e+00 8.389486e-01 1.610514e-01 0.000000e+00
 0.000000e+00 0.000000e+00 0.000000e+00 0.000000e+00 0.000000e+00 0.000000e+00 0.000000e+00 8.911270e-01 1.088730e-01
 0.000000e+00 0.000000e+00 0.000000e+00 0.000000e+00 0.000000e+00 0.000000e+00 0.000000e+00 0.000000e+00 0.000000e+00
<ENDHMM>
