~o
<STREAMINFO> 1 12
<VECSIZE> 12<NULLD><MFCC_Z><DIAGC>
~h "s044"
<BEGINHMM>
<NUMSTATES> 9
<STATE> 2
<MEAN> 12
 -3.150531e-07 3.405980e-07 1.362392e-07 -8.514949e-08 2.299036e-07 -6.811960e-07 5.108969e-07 4.768372e-07 1.362392e-07 6.811960e-08 3.746578e-07 -2.384186e-07
<VARIANCE> 12
 3.808683e+01 5.518504e+01 1.100296e+01 3.228256e+01 5.463801e+01 3.727471e+01 3.129799e+01 5.371341e+01 6.572219e+01 2.815794e+01 5.399739e+01 4.526562e+01
<GCONST> 6.594878e+01
<STATE> 3
<MEAN> 12
 -3.150531e-07 3.405980e-07 1.362392e-07 -8.514949e-08 2.299036e-07 -6.811960e-07 5.108969e-07 4.768372e-07 1.362392e-07 6.811960e-08 3.746578e-07 -2.384186e-07
<VARIANCE> 12
 3.808683e+01 5.518504e+01 1.100296e+01 3.228256e+01 5.463801e+01 3.727471e+01 3.129799e+01 5.371341e+01 6.572219e+01 2.815794e+01 5.399739e+01 4.526562e+01
<GCONST> 6.594878e+01
<STATE> 4
<MEAN> 12
 -3.150531e-07 3.405980e-07 1.362392e-07 -8.514949e-08 2.299036e-07 -6.811960e-07 5.108969e-07 4.768372e-07 1.362392e-07 6.811960e-08 3.746578e-07 -2.384186e-07
<VARIANCE> 12
 3.808683e+01 5.518504e+01 1.100296e+01 3.228256e+01 5.463801e+01 3.727471e+01 3.129799e+01 5.371341e+01 6.572219e+01 2.815794e+01 5.399739e+01 4.526562e+01
<GCONST> 6.594878e+01
<STATE> 5
<MEAN> 12
 -3.150531e-07 3.405980e-07 1.362392e-07 -8.514949e-08 2.299036e-07 -6.811960e-07 5.108969e-07 4.768372e-07 1.362392e-07 6.811960e-08 3.746578e-07 -2.384186e-07
<VARIANCE> 12
 3.808683e+01 5.518504e+01 1.100296e+01 3.228256e+01 5.463801e+01 3.727471e+01 3.129799e+01 5.371341e+01 6.572219e+01 2.815794e+01 5.399739e+01 4.526562e+01
<GCONST> 6.594878e+01
<STATE> 6
<MEAN> 12
 -3.150531e-07 3.405980e-07 1.362392e-07 -8.514949e-08 2.299036e-07 -6.811960e-07 5.108969e-07 4.768372e-07 1.362392e-07 6.811960e-08 3.746578e-07 -2.384186e-07
<VARIANCE> 12
 3.808683e+01 5.518504e+01 1.100296e+01 3.228256e+01 5.463801e+01 3.727471e+01 3.129799e+01 5.371341e+01 6.572219e+01 2.815794e+01 5.399739e+01 4.526562e+01
<GCONST> 6.594878e+01
<STATE> 7
<MEAN> 12
 -3.150531e-07 3.405980e-07 1.362392e-07 -8.514949e-08 2.299036e-07 -6.811960e-07 5.108969e-07 4.768372e-07 1.362392e-07 6.811960e-08 3.746578e-07 -2.384186e-07
<VARIANCE> 12
 3.808683e+01 5.518504e+01 1.100296e+01 3.228256e+01 5.463801e+01 3.727471e+01 3.129799e+01 5.371341e+01 6.572219e+01 2.815794e+01 5.399739e+01 4.526562e+01
<GCONST> 6.594878e+01
<STATE> 8
<MEAN> 12
 -3.150531e-07 3.405980e-07 1.362392e-07 -8.514949e-08 2.299036e-07 -6.811960e-07 5.108969e-07 4.768372e-07 1.362392e-07 6.811960e-08 3.746578e-07 -2.384186e-07
<VARIANCE> 12
 3.808683e+01 5.518504e+01 1.100296e+01 3.228256e+01 5.463801e+01 3.727471e+01 3.129799e+01 5.371341e+01 6.572219e+01 2.815794e+01 5.399739e+01 4.526562e+01
<GCONST> 6.594878e+01
<TRANSP> 9
 0.000000e+00 1.000000e+00 0.000000e+00 0.000000e+00 0.000000e+00 0.000000e+00 0.000000e+00 0.000000e+00 0.000000e+00
 0.000000e+00 9.000000e-01 9.999999e-02 0.000000e+00 0.000000e+00 0.000000e+00 0.000000e+00 0.000000e+00 0.000000e+00
 0.000000e+00 0.000000e+00 9.000000e-01 9.999999e-02 0.000000e+00 0.000000e+00 0.000000e+00 0.000000e+00 0.000000e+00
 0.000000e+00 0.000000e+00 0.000000e+00 9.000000e-01 9.999999e-02 0.000000e+00 0.000000e+00 0.000000e+00 0.000000e+00
 0.000000e+00 0.000000e+00 0.000000e+00 0.000000e+00 9.000000e-01 9.999999e-02 0.000000e+00 0.000000e+00 0.000000e+00
 0.000000e+00 0.000000e+00 0.000000e+00 0.000000e+00 0.000000e+00 9.000000e-01 9.999999e-02 0.000000e+00 0.000000e+00
 0.000000e+00 0.000000e+00 0.000000e+00 0.000000e+00 0.000000e+00 0.000000e+00 9.000000e-01 9.999999e-02 0.000000e+00
 0.000000e+00 0.000000e+00 0.000000e+00 0.000000e+00 0.000000e+00 0.000000e+00 0.000000e+00 9.000000e-01 9.999999e-02
 0.000000e+00 0.000000e+00 0.000000e+00 0.000000e+00 0.000000e+00 0.000000e+00 0.000000e+00 0.000000e+00 0.000000e+00
<ENDHMM>
