~o
<STREAMINFO> 1 12
<VECSIZE> 12<NULLD><MFCC_Z><DIAGC>
~h "T13771896784"
<BEGINHMM>
<NUMSTATES> 9
<STATE> 2
<MEAN> 12
 -6.869205e-01 -3.902790e+00 -2.124800e-01 -1.847829e+00 -1.135241e+01 -2.648265e+00 7.371546e+00 4.186224e+00 -5.913123e+00 -5.112213e+00 2.728945e+00 -3.969394e+00
<VARIANCE> 12
 1.567528e+01 5.692530e+00 1.137879e+01 1.196535e+01 3.988761e+01 2.130466e+01 2.673409e+01 5.431972e+01 1.538759e+01 2.903620e+01 3.163856e+01 1.399966e+01
<GCONST> 5.768087e+01
<STATE> 3
<MEAN> 12
 -7.661819e+00 3.711682e+00 1.589230e+00 -1.359605e+01 -6.928693e+00 7.579256e-01 -4.966047e+00 3.642927e+00 -4.644102e+00 -7.728124e-01 -6.053340e-01 1.423328e+00
<VARIANCE> 12
 3.782250e+00 1.141606e+01 8.066769e+00 1.176962e+01 1.664085e+01 6.079607e+00 6.452328e+01 4.912361e+00 1.105424e+01 5.926226e+00 7.999255e+00 7.533701e+00
<GCONST> 4.902966e+01
<STATE> 4
<MEAN> 12
 -2.983795e+00 2.430042e+00 8.302116e+00 -8.789529e+00 -3.217386e+00 -3.898872e+00 -8.868833e+00 4.091140e-02 5.467786e-01 5.060115e+00 4.500973e+00 1.640407e+00
<VARIANCE> 12
 4.367079e+00 3.722751e+00 8.066769e+00 2.689003e+01 9.219743e+00 1.890945e+01 6.691435e+00 1.406269e+01 5.474758e+01 8.535644e+00 1.431962e+01 7.128196e+00
<GCONST> 5.070062e+01
<STATE> 5
<MEAN> 12
 5.730221e-01 2.135027e+00 1.014792e+01 2.392607e+00 6.072097e-01 -4.250985e+00 -3.990728e+00 -6.485275e+00 3.321507e+00 5.403651e+00 6.214204e+00 1.352619e+00
<VARIANCE> 12
 4.925120e+00 3.722751e+00 1.303966e+01 1.176962e+01 1.096708e+01 1.461042e+01 1.184074e+01 1.432142e+01 2.161478e+01 2.412997e+01 6.834615e+00 2.207058e+00
<GCONST> 4.917728e+01
<STATE> 6
<MEAN> 12
 5.761609e+00 3.578294e+00 -1.504443e+00 2.837651e+00 3.220244e+00 3.335274e+00 1.698171e+00 -5.598758e+00 4.782810e+00 3.245553e+00 3.970493e+00 -2.297636e+00
<VARIANCE> 12
 3.782250e+00 3.722751e+00 2.639219e+01 1.176962e+01 9.219743e+00 9.596051e+00 6.691435e+00 8.376203e+00 1.416678e+01 1.466768e+01 1.286292e+01 7.920312e+00
<GCONST> 4.890714e+01
<STATE> 7
<MEAN> 12
 5.229749e+00 2.004430e+00 -1.128002e+01 8.039051e+00 6.680705e+00 1.482929e+00 2.317044e+00 -5.328196e-01 3.288848e+00 -6.355610e+00 -6.916228e+00 2.452387e+00
<VARIANCE> 12
 3.782250e+00 3.722751e+00 8.066769e+00 1.176962e+01 9.219743e+00 7.624672e+00 6.691435e+00 7.255969e+00 3.380979e+01 7.483206e+00 6.287488e+00 4.557263e+00
<GCONST> 4.627667e+01
<STATE> 8
<MEAN> 12
 6.336902e-01 -7.148908e+00 -6.043656e+00 1.051203e+01 9.210164e+00 1.830131e+00 3.904413e+00 3.407974e+00 -2.301330e-01 -2.858570e+00 -8.799040e+00 1.263086e+00
<VARIANCE> 12
 9.807375e+00 1.255340e+01 3.638327e+01 1.176962e+01 9.219743e+00 5.390903e+00 6.691435e+00 7.528191e+00 1.657889e+01 1.194511e+01 6.287488e+00 1.884668e+01
<GCONST> 5.081617e+01
<TRANSP> 9
 0.000000e+00 1.000000e+00 0.000000e+00 0.000000e+00 0.000000e+00 0.000000e+00 0.000000e+00 0.000000e+00 0.000000e+00
 0.000000e+00 8.626068e-01 1.373932e-01 0.000000e+00 0.000000e+00 0.000000e+00 0.000000e+00 0.000000e+00 0.000000e+00
 0.000000e+00 0.000000e+00 8.881000e-01 1.119000e-01 0.000000e+00 0.000000e+00 0.000000e+00 0.000000e+00 0.000000e+00
 0.000000e+00 0.000000e+00 0.000000e+00 8.418135e-01 1.581866e-01 0.000000e+00 0.000000e+00 0.000000e+00 0.000000e+00
 0.000000e+00 0.000000e+00 0.000000e+00 0.000000e+00 8.290468e-01 1.709532e-01 0.000000e+00 0.000000e+00 0.000000e+00
 0.000000e+00 0.000000e+00 0.000000e+00 0.000000e+00 0.000000e+00 9.082794e-01 9.172063e-02 0.000000e+00 0.000000e+00
 0.000000e+00 0.000000e+00 0.000000e+00 0.000000e+00 0.000000e+00 0.000000e+00 7.271023e-01 2.728977e-01 0.000000e+00
 0.000000e+00 0.000000e+00 0.000000e+00 0.000000e+00 0.000000e+00 0.000000e+00 0.000000e+00 9.094762e-01 9.052382e-02
 0.000000e+00 0.000000e+00 0.000000e+00 0.000000e+00 0.000000e+00 0.000000e+00 0.000000e+00 0.000000e+00 0.000000e+00
<ENDHMM>
