~o
<STREAMINFO> 1 12
<VECSIZE> 12<NULLD><MFCC_Z><DIAGC>
~h "s075"
<BEGINHMM>
<NUMSTATES> 8
<STATE> 2
<MEAN> 12
 -6.001820e+00 -1.090791e+01 1.821804e+00 6.051919e+00 -3.303418e-01 3.950257e+00 1.013544e+00 -3.336061e+00 -1.938086e-01 -6.416471e+00 -1.655524e+00 -3.731490e+00
<VARIANCE> 12
 2.577428e+01 4.885060e+01 7.895558e+00 4.553356e+01 3.127949e+01 2.948918e+01 4.005006e+01 2.960979e+01 6.981868e+01 2.662111e+01 2.800720e+01 3.883818e+01
<GCONST> 6.350211e+01
<STATE> 3
<MEAN> 12
 -2.931827e+00 -6.877466e+00 1.488244e-01 1.558739e+00 -2.053079e+00 4.898700e+00 -9.355260e-01 -2.375393e+00 -2.208265e+00 -4.146112e+00 2.373357e+00 -3.246021e+00
<VARIANCE> 12
 1.495018e+01 8.885999e+01 1.131467e+01 3.418336e+01 2.441078e+01 2.782639e+01 2.509132e+01 2.295472e+01 4.289550e+01 3.575366e+01 3.348040e+01 3.343408e+01
<GCONST> 6.243716e+01
<STATE> 4
<MEAN> 12
 -1.689187e+00 4.426559e-01 -4.966749e-01 1.150837e+00 4.764166e-02 4.756693e+00 5.552200e-01 7.102298e-01 7.092351e-02 -1.233943e+00 4.449408e+00 -1.228100e+00
<VARIANCE> 12
 1.609013e+01 7.598615e+01 1.267485e+01 3.716842e+01 2.742935e+01 3.347228e+01 2.738638e+01 2.170271e+01 3.082326e+01 3.215362e+01 2.206659e+01 1.907719e+01
<GCONST> 6.146953e+01
<STATE> 5
<MEAN> 12
 3.453486e-02 5.815230e+00 6.956866e-02 -8.013088e-01 1.832461e+00 1.094452e+00 1.169363e+00 2.898056e+00 9.685279e-01 9.466166e-01 3.128096e+00 2.731337e-01
<VARIANCE> 12
 2.193650e+01 4.480897e+01 1.503675e+01 5.420027e+01 1.813786e+01 5.971461e+01 2.067321e+01 2.282597e+01 1.705879e+01 2.443012e+01 2.513956e+01 1.790773e+01
<GCONST> 6.093474e+01
<STATE> 6
<MEAN> 12
 3.339838e+00 6.970523e+00 -1.010995e-01 -4.586278e+00 1.434157e+00 -5.302870e+00 1.320011e-01 2.921807e+00 7.135462e-01 3.580978e+00 -7.255806e-01 2.749854e+00
<VARIANCE> 12
 2.284327e+01 3.008039e+01 1.421389e+01 5.373134e+01 1.201378e+01 8.211246e+01 1.272659e+01 3.254969e+01 1.377119e+01 2.797852e+01 4.050584e+01 2.441095e+01
<GCONST> 6.099636e+01
<STATE> 7
<MEAN> 12
 7.248431e+00 4.557062e+00 -1.442415e+00 -3.373885e+00 -9.308254e-01 -9.397151e+00 -1.934578e+00 -8.185759e-01 6.491039e-01 7.268881e+00 -7.569729e+00 5.182647e+00
<VARIANCE> 12
 1.210129e+01 1.750541e+01 8.964283e+00 4.333215e+01 1.536980e+01 6.106752e+01 6.940769e+00 3.842070e+01 1.490537e+01 2.198185e+01 4.901806e+01 1.340406e+01
<GCONST> 5.808257e+01
<TRANSP> 8
 0.000000e+00 1.000000e+00 0.000000e+00 0.000000e+00 0.000000e+00 0.000000e+00 0.000000e+00 0.000000e+00
 0.000000e+00 8.823529e-01 1.176471e-01 0.000000e+00 0.000000e+00 0.000000e+00 0.000000e+00 0.000000e+00
 0.000000e+00 0.000000e+00 8.823529e-01 1.176471e-01 0.000000e+00 0.000000e+00 0.000000e+00 0.000000e+00
 0.000000e+00 0.000000e+00 0.000000e+00 8.823529e-01 1.176470e-01 0.000000e+00 0.000000e+00 0.000000e+00
 0.000000e+00 0.000000e+00 0.000000e+00 0.000000e+00 8.823529e-01 1.176470e-01 0.000000e+00 0.000000e+00
 0.000000e+00 0.000000e+00 0.000000e+00 0.000000e+00 0.000000e+00 8.823529e-01 1.176471e-01 0.000000e+00
 0.000000e+00 0.000000e+00 0.000000e+00 0.000000e+00 0.000000e+00 0.000000e+00 8.823529e-01 1.176471e-01
 0.000000e+00 0.000000e+00 0.000000e+00 0.000000e+00 0.000000e+00 0.000000e+00 0.000000e+00 0.000000e+00
<ENDHMM>
