~o
<STREAMINFO> 1 12
<VECSIZE> 12<NULLD><MFCC_Z><DIAGC>
~h "s096"
<BEGINHMM>
<NUMSTATES> 5
<STATE> 2
<MEAN> 12
 -7.896627e-01 -1.651777e+00 -3.983398e+00 1.284105e+00 3.455333e+00 -6.909861e+00 1.135050e+00 3.982878e-02 -3.153656e+00 -2.634785e+00 -2.010915e+00 1.562544e+00
<VARIANCE> 12
 9.628917e+00 1.816456e+01 4.382929e+01 4.334781e+01 7.621309e+01 6.097316e+01 5.543150e+01 6.258852e+01 5.722925e+01 2.920882e+01 2.352318e+01 1.867812e+01
<GCONST> 6.487090e+01
<STATE> 3
<MEAN> 12
 -1.287714e+00 9.134769e-01 1.595183e+00 -2.759952e+00 -2.126191e+00 1.546356e-01 -8.839641e-02 -2.434835e+00 -3.532222e-01 -1.023117e+00 8.050612e-01 5.398353e-01
<VARIANCE> 12
 1.321090e+01 2.314256e+01 4.607702e+01 4.742873e+01 4.488296e+01 5.690196e+01 6.502312e+01 7.289142e+01 5.898040e+01 3.241142e+01 3.957537e+01 2.917054e+01
<GCONST> 6.638297e+01
<STATE> 4
<MEAN> 12
 2.077376e+00 7.383004e-01 2.388215e+00 1.475846e+00 -1.329141e+00 6.755225e+00 -1.046652e+00 2.395007e+00 3.506877e+00 3.657902e+00 1.205854e+00 -2.102380e+00
<VARIANCE> 12
 1.577066e+01 1.134859e+01 2.553216e+01 5.058777e+01 3.003557e+01 6.092912e+01 3.126829e+01 5.161235e+01 1.906972e+01 5.435218e+01 3.024159e+01 2.850988e+01
<GCONST> 6.300693e+01
<TRANSP> 5
 0.000000e+00 1.000000e+00 0.000000e+00 0.000000e+00 0.000000e+00
 0.000000e+00 9.117647e-01 8.823528e-02 0.000000e+00 0.000000e+00
 0.000000e+00 0.000000e+00 9.117647e-01 8.823530e-02 0.000000e+00
 0.000000e+00 0.000000e+00 0.000000e+00 9.117647e-01 8.823530e-02
 0.000000e+00 0.000000e+00 0.000000e+00 0.000000e+00 0.000000e+00
<ENDHMM>
