~o
<STREAMINFO> 1 12
<VECSIZE> 12<NULLD><MFCC_Z><DIAGC>
~h "s010"
<BEGINHMM>
<NUMSTATES> 11
<STATE> 2
<MEAN> 12
 -3.342088e+00 -5.368842e+00 -3.163187e+00 1.105940e-01 3.879000e+00 -1.984583e+00 -6.046702e-01 -2.924239e+00 -5.215286e+00 -6.958012e+00 2.040414e+00 -1.462041e+00
<VARIANCE> 12
 8.704083e+00 3.128761e+01 1.060461e+01 1.240460e+01 5.485272e+01 1.010169e+02 5.369062e+01 1.547249e+01 2.062622e+01 7.547362e+01 1.829782e+01 4.703678e+01
<GCONST> 6.199119e+01
<STATE> 3
<MEAN> 12
 -2.396595e+00 -8.265131e+00 -8.542594e-01 2.010693e+00 6.196207e+00 -3.985257e+00 -3.498017e+00 -6.462128e-01 -4.056946e+00 -1.075002e-01 2.211632e+00 -4.641743e+00
<VARIANCE> 12
 1.299116e+01 2.041595e+01 1.235479e+01 1.807122e+01 3.602600e+01 6.984267e+01 4.076845e+01 1.775418e+01 4.169169e+01 4.580979e+01 2.403788e+01 1.613323e+01
<GCONST> 6.097380e+01
<STATE> 4
<MEAN> 12
 -8.761489e-01 -6.064883e+00 1.409216e+00 2.690911e+00 5.942020e+00 5.900854e-01 -3.358113e+00 1.163723e+00 -5.303674e-02 1.707621e+00 1.356813e+00 -4.190275e+00
<VARIANCE> 12
 1.808914e+01 4.407114e+01 1.660234e+01 2.556602e+01 4.752029e+01 8.530434e+01 4.191695e+01 1.637234e+01 5.369125e+01 2.488623e+01 2.386700e+01 1.788840e+01
<GCONST> 6.287933e+01
<STATE> 5
<MEAN> 12
 4.093122e-01 -1.327294e+00 3.275838e+00 1.776372e+00 2.318310e+00 2.752710e+00 -3.029763e+00 2.069508e+00 3.047110e+00 1.326372e+00 5.258091e-01 -2.687749e+00
<VARIANCE> 12
 1.783983e+01 7.027022e+01 2.351827e+01 3.142560e+01 8.580513e+01 7.442113e+01 4.910247e+01 1.843343e+01 4.253220e+01 2.112409e+01 2.276127e+01 2.386161e+01
<GCONST> 6.446161e+01
<STATE> 6
<MEAN> 12
 1.265218e+00 3.667992e+00 3.637221e+00 1.520854e-01 -3.049347e+00 6.134233e-01 -2.221170e+00 2.488703e+00 3.428644e+00 9.515900e-01 -3.421432e-01 -4.936820e-01
<VARIANCE> 12
 1.480663e+01 6.304363e+01 3.125819e+01 2.900768e+01 9.916868e+01 7.701249e+01 5.359020e+01 2.067148e+01 3.537855e+01 2.000491e+01 2.429648e+01 2.610682e+01
<GCONST> 6.466879e+01
<STATE> 7
<MEAN> 12
 1.746768e+00 6.572720e+00 1.678489e+00 -1.324385e+00 -7.496416e+00 -2.808397e+00 -2.325957e-01 2.027101e+00 2.037744e+00 9.258596e-01 -1.311561e+00 2.055582e+00
<VARIANCE> 12
 9.928072e+00 3.618185e+01 3.805305e+01 2.203538e+01 7.792583e+01 6.366179e+01 5.665730e+01 2.398624e+01 3.158312e+01 1.838959e+01 2.931003e+01 2.541570e+01
<GCONST> 6.337162e+01
<STATE> 8
<MEAN> 12
 1.671618e+00 6.101761e+00 -1.311100e+00 -2.341780e+00 -8.105955e+00 -3.247192e+00 2.923281e+00 4.408365e-01 5.717382e-01 6.055605e-01 -2.549514e+00 4.310078e+00
<VARIANCE> 12
 6.204338e+00 2.626865e+01 2.987398e+01 1.519780e+01 7.760922e+01 5.666816e+01 5.612665e+01 2.664205e+01 2.339112e+01 1.565963e+01 3.299084e+01 2.524060e+01
<GCONST> 6.159341e+01
<STATE> 9
<MEAN> 12
 1.290532e+00 3.224652e+00 -2.667802e+00 -2.227588e+00 -3.455311e+00 1.068760e+00 5.810658e+00 -1.611747e+00 -9.698395e-02 4.359455e-01 -2.618349e+00 4.546374e+00
<VARIANCE> 12
 4.309950e+00 2.365635e+01 1.609369e+01 1.085910e+01 9.979283e+01 7.249134e+01 4.107128e+01 2.292901e+01 1.771540e+01 1.260666e+01 3.290417e+01 3.099809e+01
<GCONST> 5.991298e+01
<STATE> 10
<MEAN> 12
 2.313000e-01 1.459084e+00 -2.004391e+00 -8.469583e-01 3.771487e+00 7.000611e+00 4.210421e+00 -3.007645e+00 3.370562e-01 1.112365e+00 6.868506e-01 2.563463e+00
<VARIANCE> 12
 3.858162e+00 1.085066e+01 9.310739e+00 8.397807e+00 5.850864e+01 4.203619e+01 3.600145e+01 1.477927e+01 1.588974e+01 1.172349e+01 2.971744e+01 2.460966e+01
<GCONST> 5.605471e+01
<TRANSP> 11
 0.000000e+00 1.000000e+00 0.000000e+00 0.000000e+00 0.000000e+00 0.000000e+00 0.000000e+00 0.000000e+00 0.000000e+00 0.000000e+00 0.000000e+00
 0.000000e+00 8.695652e-01 1.304348e-01 0.000000e+00 0.000000e+00 0.000000e+00 0.000000e+00 0.000000e+00 0.000000e+00 0.000000e+00 0.000000e+00
 0.000000e+00 0.000000e+00 8.695652e-01 1.304348e-01 0.000000e+00 0.000000e+00 0.000000e+00 0.000000e+00 0.000000e+00 0.000000e+00 0.000000e+00
 0.000000e+00 0.000000e+00 0.000000e+00 8.695652e-01 1.304348e-01 0.000000e+00 0.000000e+00 0.000000e+00 0.000000e+00 0.000000e+00 0.000000e+00
 0.000000e+00 0.000000e+00 0.000000e+00 0.000000e+00 8.695652e-01 1.304348e-01 0.000000e+00 0.000000e+00 0.000000e+00 0.000000e+00 0.000000e+00
 0.000000e+00 0.000000e+00 0.000000e+00 0.000000e+00 0.000000e+00 8.695652e-01 1.304348e-01 0.000000e+00 0.000000e+00 0.000000e+00 0.000000e+00
 0.000000e+00 0.000000e+00 0.000000e+00 0.000000e+00 0.000000e+00 0.000000e+00 8.695652e-01 1.304348e-01 0.000000e+00 0.000000e+00 0.000000e+00
 0.000000e+00 0.000000e+00 0.000000e+00 0.000000e+00 0.000000e+00 0.000000e+00 0.000000e+00 8.695652e-01 1.304348e-01 0.000000e+00 0.000000e+00
 0.000000e+00 0.000000e+00 0.000000e+00 0.000000e+00 0.000000e+00 0.000000e+00 0.000000e+00 0.000000e+00 8.695652e-01 1.304348e-01 0.000000e+00
 0.000000e+00 0.000000e+00 0.000000e+00 0.000000e+00 0.000000e+00 0.000000e+00 0.000000e+00 0.000000e+00 0.000000e+00 8.695652e-01 1.304348e-01
 0.000000e+00 0.000000e+00 0.000000e+00 0.000000e+00 0.000000e+00 0.000000e+00 0.000000e+00 0.000000e+00 0.000000e+00 0.000000e+00 0.000000e+00
<ENDHMM>
