~o
<STREAMINFO> 1 12
<VECSIZE> 12<NULLD><MFCC_Z><DIAGC>
~h "s036"
<BEGINHMM>
<NUMSTATES> 8
<STATE> 2
<MEAN> 12
 -2.670336e+00 4.968980e+00 5.523256e+00 -1.100009e+01 -1.469984e+01 7.957405e+00 -4.210970e+00 -5.176129e+00 -4.976142e+00 2.215394e+00 -7.293772e+00 -7.176833e+00
<VARIANCE> 12
 8.968564e+00 4.137138e+00 1.399775e+01 2.299124e+01 1.103302e+01 4.707418e+01 3.093633e+01 5.193699e+01 2.995500e+01 4.648317e+01 2.266529e+01 1.080556e+01
<GCONST> 5.781653e+01
<STATE> 3
<MEAN> 12
 1.908767e+00 1.961583e+00 -4.876315e-01 -2.592331e-01 -8.558475e+00 -6.861093e+00 -1.045950e+01 1.101643e+01 1.738587e+00 -2.890932e+00 3.710623e-01 -7.074975e+00
<VARIANCE> 12
 3.486463e+00 4.137138e+00 1.347394e+01 9.945587e+00 2.910781e+01 4.144166e+01 1.394269e+01 2.024182e+01 1.825238e+01 2.811440e+01 4.565306e+00 1.584385e+01
<GCONST> 5.288115e+01
<STATE> 4
<MEAN> 12
 4.901730e+00 2.626468e+00 -2.617042e+00 3.669903e+00 2.838972e+00 -4.572702e+00 -6.257673e+00 1.858570e+00 9.753566e+00 2.082266e+00 1.809378e+00 -1.299280e+00
<VARIANCE> 12
 9.937489e+00 8.207121e+00 3.168195e+01 2.342349e+01 1.760632e+01 9.338126e+01 4.002114e+01 2.295204e+01 1.823144e+01 3.712614e+01 8.732759e+00 1.593473e+01
<GCONST> 5.874614e+01
<STATE> 5
<MEAN> 12
 -5.902308e+00 -2.502539e-01 1.180166e+01 -2.151365e+00 2.011864e+00 9.278655e+00 -4.391687e-02 -3.277837e-02 2.761559e+00 2.191394e+00 7.802577e+00 1.494055e+00
<VARIANCE> 12
 3.087695e+01 1.472754e+01 2.389655e+01 2.224467e+01 1.652338e+01 4.301781e+01 2.441165e+01 1.441210e+01 5.008323e+01 9.321699e+00 2.037186e+01 2.784379e+01
<GCONST> 5.936641e+01
<STATE> 6
<MEAN> 12
 -6.167337e-01 4.004497e-01 1.637843e+00 -3.147014e+00 6.328075e+00 -5.788487e+00 9.288122e+00 9.091591e+00 -2.922880e+00 8.914173e-01 -7.314974e-01 2.548132e+00
<VARIANCE> 12
 3.263932e+00 4.137138e+00 5.040526e+01 1.336593e+01 1.103302e+01 1.195213e+01 9.302298e+00 1.012280e+01 9.099398e+00 5.357631e+00 6.326143e+00 5.414981e+00
<GCONST> 4.801772e+01
<STATE> 7
<MEAN> 12
 2.265839e-01 -8.275216e+00 -1.023667e+01 9.664748e+00 5.500370e+00 -8.821527e-01 5.891357e+00 -7.713785e+00 -6.597737e+00 -5.856139e+00 3.714765e-01 6.691433e+00
<VARIANCE> 12
 6.445165e+00 7.019287e+00 1.067189e+01 1.179812e+01 1.103302e+01 1.195213e+01 9.302298e+00 4.300545e+01 1.442747e+01 1.947894e+01 6.694958e+00 8.469336e+00
<GCONST> 5.125174e+01
<TRANSP> 8
 0.000000e+00 1.000000e+00 0.000000e+00 0.000000e+00 0.000000e+00 0.000000e+00 0.000000e+00 0.000000e+00
 0.000000e+00 8.972957e-01 1.027043e-01 0.000000e+00 0.000000e+00 0.000000e+00 0.000000e+00 0.000000e+00
 0.000000e+00 0.000000e+00 6.023576e-01 3.976424e-01 0.000000e+00 0.000000e+00 0.000000e+00 0.000000e+00
 0.000000e+00 0.000000e+00 0.000000e+00 9.209561e-01 7.904392e-02 0.000000e+00 0.000000e+00 0.000000e+00
 0.000000e+00 0.000000e+00 0.000000e+00 0.000000e+00 8.433550e-01 1.566451e-01 0.000000e+00 0.000000e+00
 0.000000e+00 0.000000e+00 0.000000e+00 0.000000e+00 0.000000e+00 8.890405e-01 1.109595e-01 0.000000e+00
 0.000000e+00 0.000000e+00 0.000000e+00 0.000000e+00 0.000000e+00 0.000000e+00 9.065520e-01 9.344803e-02
 0.000000e+00 0.000000e+00 0.000000e+00 0.000000e+00 0.000000e+00 0.000000e+00 0.000000e+00 0.000000e+00
<ENDHMM>
