~o
<STREAMINFO> 1 12
<VECSIZE> 12<NULLD><MFCC_Z><DIAGC>
~h "T1375864876"
<BEGINHMM>
<NUMSTATES> 9
<STATE> 2
<MEAN> 12
 1.457002e-07 2.649095e-08 -1.236244e-07 3.355521e-07 -2.560792e-07 5.828010e-07 -1.059638e-07 1.589457e-07 -2.649095e-08 4.017795e-07 -1.766064e-08 -2.649095e-07
<VARIANCE> 12
 2.950113e+01 4.843185e+01 6.720319e+01 3.678039e+01 3.074879e+01 4.629236e+01 3.086442e+01 4.507190e+01 2.834994e+01 3.001876e+01 1.805748e+01 1.658512e+01
<GCONST> 6.407899e+01
<STATE> 3
<MEAN> 12
 1.457002e-07 2.649095e-08 -1.236244e-07 3.355521e-07 -2.560792e-07 5.828010e-07 -1.059638e-07 1.589457e-07 -2.649095e-08 4.017795e-07 -1.766064e-08 -2.649095e-07
<VARIANCE> 12
 2.950113e+01 4.843185e+01 6.720319e+01 3.678039e+01 3.074879e+01 4.629236e+01 3.086442e+01 4.507190e+01 2.834994e+01 3.001876e+01 1.805748e+01 1.658512e+01
<GCONST> 6.407899e+01
<STATE> 4
<MEAN> 12
 1.457002e-07 2.649095e-08 -1.236244e-07 3.355521e-07 -2.560792e-07 5.828010e-07 -1.059638e-07 1.589457e-07 -2.649095e-08 4.017795e-07 -1.766064e-08 -2.649095e-07
<VARIANCE> 12
 2.950113e+01 4.843185e+01 6.720319e+01 3.678039e+01 3.074879e+01 4.629236e+01 3.086442e+01 4.507190e+01 2.834994e+01 3.001876e+01 1.805748e+01 1.658512e+01
<GCONST> 6.407899e+01
<STATE> 5
<MEAN> 12
 1.457002e-07 2.649095e-08 -1.236244e-07 3.355521e-07 -2.560792e-07 5.828010e-07 -1.059638e-07 1.589457e-07 -2.649095e-08 4.017795e-07 -1.766064e-08 -2.649095e-07
<VARIANCE> 12
 2.950113e+01 4.843185e+01 6.720319e+01 3.678039e+01 3.074879e+01 4.629236e+01 3.086442e+01 4.507190e+01 2.834994e+01 3.001876e+01 1.805748e+01 1.658512e+01
<GCONST> 6.407899e+01
<STATE> 6
<MEAN> 12
 1.457002e-07 2.649095e-08 -1.236244e-07 3.355521e-07 -2.560792e-07 5.828010e-07 -1.059638e-07 1.589457e-07 -2.649095e-08 4.017795e-07 -1.766064e-08 -2.649095e-07
<VARIANCE> 12
 2.950113e+01 4.843185e+01 6.720319e+01 3.678039e+01 3.074879e+01 4.629236e+01 3.086442e+01 4.507190e+01 2.834994e+01 3.001876e+01 1.805748e+01 1.658512e+01
<GCONST> 6.407899e+01
<STATE> 7
<MEAN> 12
 1.457002e-07 2.649095e-08 -1.236244e-07 3.355521e-07 -2.560792e-07 5.828010e-07 -1.059638e-07 1.589457e-07 -2.649095e-08 4.017795e-07 -1.766064e-08 -2.649095e-07
<VARIANCE> 12
 2.950113e+01 4.843185e+01 6.720319e+01 3.678039e+01 3.074879e+01 4.629236e+01 3.086442e+01 4.507190e+01 2.834994e+01 3.001876e+01 1.805748e+01 1.658512e+01
<GCONST> 6.407899e+01
<STATE> 8
<MEAN> 12
 1.457002e-07 2.649095e-08 -1.236244e-07 3.355521e-07 -2.560792e-07 5.828010e-07 -1.059638e-07 1.589457e-07 -2.649095e-08 4.017795e-07 -1.766064e-08 -2.649095e-07
<VARIANCE> 12
 2.950113e+01 4.843185e+01 6.720319e+01 3.678039e+01 3.074879e+01 4.629236e+01 3.086442e+01 4.507190e+01 2.834994e+01 3.001876e+01 1.805748e+01 1.658512e+01
<GCONST> 6.407899e+01
<TRANSP> 9
 0.000000e+00 1.000000e+00 0.000000e+00 0.000000e+00 0.000000e+00 0.000000e+00 0.000000e+00 0.000000e+00 0.000000e+00
 0.000000e+00 9.000000e-01 9.999999e-02 0.000000e+00 0.000000e+00 0.000000e+00 0.000000e+00 0.000000e+00 0.000000e+00
 0.000000e+00 0.000000e+00 9.000000e-01 9.999999e-02 0.000000e+00 0.000000e+00 0.000000e+00 0.000000e+00 0.000000e+00
 0.000000e+00 0.000000e+00 0.000000e+00 9.000000e-01 9.999999e-02 0.000000e+00 0.000000e+00 0.000000e+00 0.000000e+00
 0.000000e+00 0.000000e+00 0.000000e+00 0.000000e+00 9.000000e-01 9.999999e-02 0.000000e+00 0.000000e+00 0.000000e+00
 0.000000e+00 0.000000e+00 0.000000e+00 0.000000e+00 0.000000e+00 9.000000e-01 9.999999e-02 0.000000e+00 0.000000e+00
 0.000000e+00 0.000000e+00 0.000000e+00 0.000000e+00 0.000000e+00 0.000000e+00 9.000000e-01 9.999999e-02 0.000000e+00
 0.000000e+00 0.000000e+00 0.000000e+00 0.000000e+00 0.000000e+00 0.000000e+00 0.000000e+00 9.000000e-01 9.999999e-02
 0.000000e+00 0.000000e+00 0.000000e+00 0.000000e+00 0.000000e+00 0.000000e+00 0.000000e+00 0.000000e+00 0.000000e+00
<ENDHMM>
