~o
<STREAMINFO> 1 12
<VECSIZE> 12<NULLD><MFCC_Z><DIAGC>
~h "s021"
<BEGINHMM>
<NUMSTATES> 10
<STATE> 2
<MEAN> 12
 -1.291493e+01 3.956392e+00 5.130337e+00 6.315429e+00 1.259159e+01 4.192257e+00 1.089110e+01 6.836638e+00 2.737149e+00 7.803424e+00 3.142042e+00 5.735962e+00
<VARIANCE> 12
 7.905635e+00 1.273293e+01 8.626215e+00 6.433856e+00 1.061384e+01 1.847032e+01 1.040930e+01 1.210995e+01 4.647439e+01 2.721263e+01 2.107259e+01 1.107450e+01
<GCONST> 5.339292e+01
<STATE> 3
<MEAN> 12
 -3.040981e+00 2.534759e+00 3.329909e+00 4.083337e+00 1.877025e+00 -8.018450e-01 9.480589e-01 -1.000178e+00 -5.951276e+00 5.329076e+00 -5.609889e+00 2.006797e+00
<VARIANCE> 12
 3.680837e+01 4.833222e+01 4.077870e+00 1.416026e+01 1.418563e+02 6.831004e+00 1.040930e+01 1.539149e+01 1.528840e+01 4.287665e+01 1.305786e+01 2.230019e+01
<GCONST> 5.770657e+01
<STATE> 4
<MEAN> 12
 2.187427e+00 -1.382828e+01 1.018862e+00 2.692143e+00 -7.473978e+00 8.587743e-02 -1.403947e+00 -7.153567e+00 -5.360353e+00 -1.180125e+00 -4.688923e+00 2.617816e-01
<VARIANCE> 12
 6.063828e+00 1.273293e+01 4.077870e+00 1.361939e+01 1.611724e+01 6.831004e+00 1.040930e+01 1.210995e+01 5.606731e+00 8.601117e+00 1.431651e+01 9.817032e+00
<GCONST> 4.877761e+01
<STATE> 5
<MEAN> 12
 1.344061e+00 -6.543193e+00 -1.139982e+00 -4.047244e+00 -3.542243e+00 -4.072766e+00 -6.883116e+00 -2.519152e+00 -1.203445e+00 -4.031073e+00 -5.294008e+00 -3.302651e+00
<VARIANCE> 12
 6.063828e+00 2.220657e+01 6.179821e+00 6.433856e+00 1.061384e+01 1.411675e+01 1.040930e+01 1.210995e+01 9.697815e+00 7.159079e+00 1.926505e+01 3.837649e+01
<GCONST> 5.133239e+01
<STATE> 6
<MEAN> 12
 3.996242e+00 8.542375e+00 -6.545387e+00 -4.185458e+00 -7.068213e+00 -6.802032e+00 -1.037991e+01 4.099361e+00 -2.553146e+00 6.151602e-01 3.442270e+00 -8.169948e+00
<VARIANCE> 12
 6.063828e+00 2.253662e+01 1.861697e+01 6.512068e+00 1.095985e+01 1.759710e+01 1.380869e+01 3.699261e+01 4.106839e+01 7.490180e+00 6.669951e+00 2.347130e+01
<GCONST> 5.404995e+01
<STATE> 7
<MEAN> 12
 2.480741e+00 1.070129e+01 -7.000313e-01 -7.949600e+00 -6.373872e-01 -5.447230e+00 1.051380e+00 1.253710e+01 4.415836e+00 -9.729827e-01 -1.404774e-01 -5.772475e+00
<VARIANCE> 12
 6.063828e+00 1.273293e+01 4.077870e+00 6.433856e+00 1.069851e+01 1.525758e+01 1.040930e+01 1.210995e+01 2.039082e+01 1.839720e+01 2.225623e+01 8.789431e+00
<GCONST> 5.080357e+01
<STATE> 8
<MEAN> 12
 8.726697e-02 2.099304e+00 9.484441e-01 -9.115446e+00 2.118120e+00 1.927894e+00 5.409589e+00 7.404894e+00 4.500379e+00 -1.045528e+01 -4.277645e-01 3.835033e+00
<VARIANCE> 12
 6.063828e+00 1.607615e+01 4.077870e+00 6.433856e+00 1.061384e+01 8.846583e+00 1.040930e+01 2.759478e+01 1.233828e+01 9.612566e+00 2.007416e+01 2.181748e+01
<GCONST> 5.096179e+01
<STATE> 9
<MEAN> 12
 3.215797e+00 -6.046241e+00 3.645036e+00 4.591859e+00 5.668366e+00 8.624890e+00 6.100522e+00 -1.182032e+01 3.824651e+00 -2.441237e+00 -9.700428e-01 7.926434e+00
<VARIANCE> 12
 6.063828e+00 1.273293e+01 5.452578e+00 5.385844e+01 1.795393e+01 1.252551e+01 1.040930e+01 2.646894e+01 5.606731e+00 3.296995e+01 5.798892e+00 2.859954e+01
<GCONST> 5.344838e+01
<TRANSP> 10
 0.000000e+00 1.000000e+00 0.000000e+00 0.000000e+00 0.000000e+00 0.000000e+00 0.000000e+00 0.000000e+00 0.000000e+00 0.000000e+00
 0.000000e+00 9.029791e-01 9.702084e-02 0.000000e+00 0.000000e+00 0.000000e+00 0.000000e+00 0.000000e+00 0.000000e+00 0.000000e+00
 0.000000e+00 0.000000e+00 1.280187e-01 8.719813e-01 0.000000e+00 0.000000e+00 0.000000e+00 0.000000e+00 0.000000e+00 0.000000e+00
 0.000000e+00 0.000000e+00 0.000000e+00 8.995270e-01 1.004730e-01 0.000000e+00 0.000000e+00 0.000000e+00 0.000000e+00 0.000000e+00
 0.000000e+00 0.000000e+00 0.000000e+00 0.000000e+00 7.450916e-01 2.549085e-01 0.000000e+00 0.000000e+00 0.000000e+00 0.000000e+00
 0.000000e+00 0.000000e+00 0.000000e+00 0.000000e+00 0.000000e+00 9.367230e-01 6.327704e-02 0.000000e+00 0.000000e+00 0.000000e+00
 0.000000e+00 0.000000e+00 0.000000e+00 0.000000e+00 0.000000e+00 0.000000e+00 7.589594e-01 2.410405e-01 0.000000e+00 0.000000e+00
 0.000000e+00 0.000000e+00 0.000000e+00 0.000000e+00 0.000000e+00 0.000000e+00 0.000000e+00 7.211222e-01 2.788778e-01 0.000000e+00
 0.000000e+00 0.000000e+00 0.000000e+00 0.000000e+00 0.000000e+00 0.000000e+00 0.000000e+00 0.000000e+00 9.101706e-01 8.982938e-02
 0.000000e+00 0.000000e+00 0.000000e+00 0.000000e+00 0.000000e+00 0.000000e+00 0.000000e+00 0.000000e+00 0.000000e+00 0.000000e+00
<ENDHMM>
