~o
<STREAMINFO> 1 12
<VECSIZE> 12<NULLD><MFCC_Z><DIAGC>
~h "s016"
<BEGINHMM>
<NUMSTATES> 8
<STATE> 2
<MEAN> 12
 -1.448753e+01 5.812395e+00 -1.608083e+00 3.945475e+00 1.484830e+01 1.584421e+00 1.249113e+01 1.545106e+00 6.339513e+00 6.226277e+00 4.264750e+00 8.991007e-01
<VARIANCE> 12
 1.006160e+01 1.394541e+01 1.571580e+01 2.095210e+01 2.331924e+01 6.731414e+00 1.644688e+01 6.796653e+00 1.533217e+01 6.238524e+00 2.438274e+01 2.391864e+01
<GCONST> 5.349717e+01
<STATE> 3
<MEAN> 12
 -5.567633e-02 1.196149e+01 1.124504e+01 -1.235740e+01 -7.449188e+00 -5.487063e-01 -1.180640e+01 3.531994e-01 2.148302e+00 -9.327330e-01 1.070687e+01 -5.784010e+00
<VARIANCE> 12
 1.006160e+01 1.394541e+01 1.571580e+01 2.095210e+01 9.598419e+01 1.311528e+01 7.723948e+01 6.796653e+00 9.087967e+00 2.959140e+01 3.849152e+01 2.318141e+01
<GCONST> 5.858483e+01
<STATE> 4
<MEAN> 12
 1.168964e+00 1.942477e+00 5.711342e+00 -8.597008e+00 -1.331561e+01 1.401260e+00 -2.483887e-01 5.069665e+00 -1.001724e+00 3.086385e-01 -3.737242e+00 1.562487e+00
<VARIANCE> 12
 1.006160e+01 1.394541e+01 1.571580e+01 2.095210e+01 3.155530e+01 3.321670e+01 1.644688e+01 2.383635e+01 1.159005e+01 6.838866e+00 7.574464e+01 2.722482e+01
<GCONST> 5.772572e+01
<STATE> 5
<MEAN> 12
 6.981815e-01 -5.088567e+00 2.815256e+00 -1.402158e+00 2.804659e+00 7.261272e+00 4.792507e+00 -3.651809e+00 -8.817970e+00 2.600487e+00 -8.248659e-01 6.121186e-01
<VARIANCE> 12
 1.006160e+01 1.449916e+01 1.571580e+01 9.873367e+01 4.101623e+01 2.447894e+01 1.644688e+01 5.752329e+01 4.013845e+01 1.344173e+01 4.550529e+01 1.108453e+01
<GCONST> 6.066262e+01
<STATE> 6
<MEAN> 12
 3.214833e+00 -1.127904e+01 -5.236310e+00 1.260067e+01 7.659643e+00 -6.071424e+00 3.728872e+00 -2.063483e-01 -7.745432e+00 1.680321e+00 3.573177e-01 2.939771e+00
<VARIANCE> 12
 1.006160e+01 1.394541e+01 3.788995e+01 2.095210e+01 2.331924e+01 1.204872e+01 1.644688e+01 2.399256e+01 1.722775e+01 6.238524e+00 3.494575e+01 3.017635e+01
<GCONST> 5.692957e+01
<STATE> 7
<MEAN> 12
 7.368788e+00 -6.703813e+00 -1.210278e+01 8.543718e+00 7.842308e-02 -2.914954e+00 -3.534480e+00 -2.939830e+00 4.306379e+00 -6.541792e+00 -9.395343e+00 1.214178e+00
<VARIANCE> 12
 1.006160e+01 1.394541e+01 1.571580e+01 2.095210e+01 2.331924e+01 8.577413e+00 1.644688e+01 3.896092e+01 1.262561e+01 1.919120e+01 1.683050e+01 4.552892e+01
<GCONST> 5.668814e+01
<TRANSP> 8
 0.000000e+00 1.000000e+00 0.000000e+00 0.000000e+00 0.000000e+00 0.000000e+00 0.000000e+00 0.000000e+00
 0.000000e+00 8.730974e-01 1.269026e-01 0.000000e+00 0.000000e+00 0.000000e+00 0.000000e+00 0.000000e+00
 0.000000e+00 0.000000e+00 8.966312e-01 1.033687e-01 0.000000e+00 0.000000e+00 0.000000e+00 0.000000e+00
 0.000000e+00 0.000000e+00 0.000000e+00 8.818291e-01 1.181709e-01 0.000000e+00 0.000000e+00 0.000000e+00
 0.000000e+00 0.000000e+00 0.000000e+00 0.000000e+00 8.555330e-01 1.444670e-01 0.000000e+00 0.000000e+00
 0.000000e+00 0.000000e+00 0.000000e+00 0.000000e+00 0.000000e+00 8.386589e-01 1.613411e-01 0.000000e+00
 0.000000e+00 0.000000e+00 0.000000e+00 0.000000e+00 0.000000e+00 0.000000e+00 9.079484e-01 9.205162e-02
 0.000000e+00 0.000000e+00 0.000000e+00 0.000000e+00 0.000000e+00 0.000000e+00 0.000000e+00 0.000000e+00
<ENDHMM>
