~o
<STREAMINFO> 1 12
<VECSIZE> 12<NULLD><MFCC_Z><DIAGC>
~h "s010"
<BEGINHMM>
<NUMSTATES> 11
<STATE> 2
<MEAN> 12
 -2.794793e+00 -2.002443e+00 -5.327167e+00 -1.371104e+00 -9.080663e-01 1.575152e+00 2.274044e+00 -5.031270e+00 -4.248668e+00 -1.445206e+01 1.274225e+00 -2.405912e-01
<VARIANCE> 12
 8.504337e+00 2.335081e+01 7.413505e+00 7.636276e+00 5.070332e+01 8.979031e+01 3.663496e+01 1.445360e+01 1.502547e+01 9.746389e+00 1.336448e+01 7.386198e+01
<GCONST> 5.795881e+01
<STATE> 3
<MEAN> 12
 -4.141612e+00 -1.039311e+01 -1.345173e+00 1.695073e+00 7.706351e+00 -7.993262e+00 -4.956493e+00 1.079439e-01 -7.164049e+00 2.245455e+00 1.334092e+00 -4.814071e+00
<VARIANCE> 12
 3.224339e+00 9.469024e+00 4.000367e+00 8.847872e+00 1.481159e+01 2.700174e+01 3.303959e+01 1.244842e+01 1.112434e+01 2.320651e+01 2.566338e+01 6.889700e+00
<GCONST> 5.177911e+01
<STATE> 4
<MEAN> 12
 3.531408e+00 -6.695004e+00 1.412900e+00 7.682105e+00 1.034169e+01 7.779802e+00 2.060328e+00 -5.465107e-02 3.909179e+00 2.537146e+00 3.321383e+00 -6.210992e+00
<VARIANCE> 12
 2.222203e+00 9.469024e+00 4.000367e+00 2.195317e+01 1.481159e+01 3.640815e+01 2.436262e+01 1.241718e+01 1.891636e+01 1.253466e+01 2.092472e+01 1.771741e+01
<GCONST> 5.296268e+01
<STATE> 5
<MEAN> 12
 -4.770788e+00 -2.754189e+00 3.800052e+00 -7.842936e-01 5.792661e+00 1.077023e+01 -1.082520e+01 2.925271e+00 6.737216e+00 -1.400419e+00 2.300698e+00 4.209967e-01
<VARIANCE> 12
 8.048865e+00 2.669692e+01 4.000367e+00 3.339301e+00 1.481159e+01 1.231930e+01 1.736202e+01 2.665597e+01 2.304998e+01 1.265002e+01 1.140658e+01 7.816151e+00
<GCONST> 5.152633e+01
<STATE> 6
<MEAN> 12
 3.827950e+00 7.909996e+00 1.301340e+01 -5.330498e+00 -9.680478e+00 2.953523e+00 -4.751484e+00 3.132427e+00 9.715965e+00 -1.193183e+00 -1.774414e+00 -3.091958e+00
<VARIANCE> 12
 2.155540e+00 9.469024e+00 4.000367e+00 3.339301e+00 1.481159e+01 1.231930e+01 2.363546e+01 6.330558e+00 5.863386e+00 2.750478e+01 8.937829e+00 1.160441e+01
<GCONST> 4.760221e+01
<STATE> 7
<MEAN> 12
 3.443878e+00 1.221918e+01 4.067913e+00 2.409456e+00 -9.555434e+00 -8.224866e+00 3.310985e+00 4.564062e+00 8.975878e-01 3.332676e+00 -5.058370e+00 1.149736e+00
<VARIANCE> 12
 2.062418e+00 9.469024e+00 7.516188e+00 1.636851e+01 1.481159e+01 1.231930e+01 1.294115e+01 7.329966e+00 1.485512e+01 1.242935e+01 4.417000e+00 8.438806e+00
<GCONST> 4.843452e+01
<STATE> 8
<MEAN> 12
 1.714875e+00 8.568213e+00 -3.177081e+00 -3.374928e+00 -1.440313e+01 -8.607809e+00 5.880758e-01 1.445608e+00 -5.379751e-01 1.641706e+00 3.498666e-01 4.625834e+00
<VARIANCE> 12
 4.224830e+00 9.469024e+00 5.464337e+00 9.397479e+00 2.734076e+01 1.231930e+01 5.537302e+01 3.002920e+01 2.062365e+01 1.072605e+01 3.883486e+01 5.600724e+00
<GCONST> 5.369935e+01
<STATE> 9
<MEAN> 12
 1.248919e+00 1.186085e+00 -5.622433e+00 -3.191042e+00 -1.204777e+00 1.375206e+00 8.637124e+00 -3.626876e+00 -1.462825e+00 -2.935035e+00 -7.340576e+00 1.072916e+01
<VARIANCE> 12
 4.344882e+00 9.469024e+00 4.000367e+00 7.494981e+00 3.651060e+01 1.747801e+01 8.783478e+00 1.270179e+01 1.248898e+01 5.038904e+00 9.249184e+00 5.892996e+00
<GCONST> 4.848567e+01
<STATE> 10
<MEAN> 12
 1.638869e-01 4.467916e-02 -9.055167e-01 -2.108379e-01 6.911441e+00 1.052353e+01 4.964585e+00 -3.361180e+00 4.956290e-01 2.210021e+00 2.357483e+00 -2.440617e-01
<VARIANCE> 12
 3.113160e+00 9.469024e+00 7.074934e+00 5.510730e+00 1.481159e+01 1.231930e+01 3.760617e+01 1.177067e+01 1.543705e+01 6.982120e+00 1.360102e+01 1.062805e+01
<GCONST> 5.005457e+01
<TRANSP> 11
 0.000000e+00 1.000000e+00 0.000000e+00 0.000000e+00 0.000000e+00 0.000000e+00 0.000000e+00 0.000000e+00 0.000000e+00 0.000000e+00 0.000000e+00
 0.000000e+00 8.003723e-01 1.996277e-01 0.000000e+00 0.000000e+00 0.000000e+00 0.000000e+00 0.000000e+00 0.000000e+00 0.000000e+00 0.000000e+00
 0.000000e+00 0.000000e+00 9.229959e-01 7.700408e-02 0.000000e+00 0.000000e+00 0.000000e+00 0.000000e+00 0.000000e+00 0.000000e+00 0.000000e+00
 0.000000e+00 0.000000e+00 0.000000e+00 8.748550e-01 1.251450e-01 0.000000e+00 0.000000e+00 0.000000e+00 0.000000e+00 0.000000e+00 0.000000e+00
 0.000000e+00 0.000000e+00 0.000000e+00 0.000000e+00 8.337073e-01 1.662928e-01 0.000000e+00 0.000000e+00 0.000000e+00 0.000000e+00 0.000000e+00
 0.000000e+00 0.000000e+00 0.000000e+00 0.000000e+00 0.000000e+00 7.996828e-01 2.003172e-01 0.000000e+00 0.000000e+00 0.000000e+00 0.000000e+00
 0.000000e+00 0.000000e+00 0.000000e+00 0.000000e+00 0.000000e+00 0.000000e+00 8.342033e-01 1.657967e-01 0.000000e+00 0.000000e+00 0.000000e+00
 0.000000e+00 0.000000e+00 0.000000e+00 0.000000e+00 0.000000e+00 0.000000e+00 0.000000e+00 9.085243e-01 9.147564e-02 0.000000e+00 0.000000e+00
 0.000000e+00 0.000000e+00 0.000000e+00 0.000000e+00 0.000000e+00 0.000000e+00 0.000000e+00 0.000000e+00 8.484871e-01 1.515129e-01 0.000000e+00
 0.000000e+00 0.000000e+00 0.000000e+00 0.000000e+00 0.000000e+00 0.000000e+00 0.000000e+00 0.000000e+00 0.000000e+00 8.815810e-01 1.184190e-01
 0.000000e+00 0.000000e+00 0.000000e+00 0.000000e+00 0.000000e+00 0.000000e+00 0.000000e+00 0.000000e+00 0.000000e+00 0.000000e+00 0.000000e+00
<ENDHMM>
