~o
<STREAMINFO> 1 12
<VECSIZE> 12<NULLD><MFCC_Z><DIAGC>
~h "s013"
<BEGINHMM>
<NUMSTATES> 9
<STATE> 2
<MEAN> 12
 -4.866575e+00 -5.895918e+00 8.059287e-01 4.041807e-01 2.818069e+00 -2.254643e+00 7.438360e-01 4.080509e+00 -6.002803e+00 2.052623e+00 2.435219e+00 1.363233e-01
<VARIANCE> 12
 4.240686e+01 1.142507e+02 2.427678e+01 8.070108e+01 7.838407e+01 4.837354e+01 4.457739e+01 2.393787e+01 8.182867e+01 8.962351e+01 4.303545e+01 2.770432e+01
<GCONST> 6.931762e+01
<STATE> 3
<MEAN> 12
 6.797124e-01 -1.002148e+01 -2.806175e+00 5.787510e+00 4.389670e-01 -3.936498e+00 -1.640023e+00 3.066165e-01 -4.084493e+00 -3.953049e+00 2.395760e+00 -2.520916e-01
<VARIANCE> 12
 2.248255e+01 7.783578e+01 2.211079e+01 5.123056e+01 4.106985e+01 4.244087e+01 3.811032e+01 4.544835e+01 1.041184e+02 4.953035e+01 3.687904e+01 1.320183e+01
<GCONST> 6.621083e+01
<STATE> 4
<MEAN> 12
 3.204860e+00 -4.354807e+00 -3.253743e+00 5.128160e+00 -6.976396e-01 -4.641008e+00 -1.454628e+00 -2.621889e+00 8.266497e-01 -2.868382e+00 1.737822e+00 -8.540786e-01
<VARIANCE> 12
 2.129317e+01 1.163633e+02 2.017795e+01 3.217517e+01 2.858690e+01 3.134851e+01 1.910722e+01 4.715887e+01 7.625108e+01 5.327637e+01 3.141689e+01 1.181626e+01
<GCONST> 6.417346e+01
<STATE> 5
<MEAN> 12
 2.967548e+00 3.830937e+00 -9.096632e-01 2.382784e+00 -1.643971e+00 -3.122259e+00 -8.923113e-01 -1.529943e+00 2.134846e+00 5.359001e-01 1.685265e+00 -2.142415e+00
<VARIANCE> 12
 2.264172e+01 1.277175e+02 2.707561e+01 3.531602e+01 1.989974e+01 3.317281e+01 1.181128e+01 6.481955e+01 4.428738e+01 4.694653e+01 3.297713e+01 1.398745e+01
<GCONST> 6.379390e+01
<STATE> 6
<MEAN> 12
 5.529587e-01 9.456566e+00 1.622633e+00 -1.652022e+00 -1.377782e+00 -5.314696e-01 -5.646520e-01 2.658555e+00 2.259021e+00 2.781856e+00 1.546798e+00 -1.839824e+00
<VARIANCE> 12
 2.037532e+01 1.061598e+02 2.203239e+01 5.078541e+01 1.278684e+01 3.579457e+01 9.758395e+00 8.011948e+01 2.889232e+01 2.643686e+01 4.285706e+01 2.606712e+01
<GCONST> 6.319866e+01
<STATE> 7
<MEAN> 12
 -1.634879e+00 7.667606e+00 2.493495e+00 -6.178331e+00 -5.953731e-01 3.555708e+00 5.450060e-01 3.518770e+00 2.800609e+00 2.260195e+00 -1.668424e+00 1.339232e+00
<VARIANCE> 12
 1.056827e+01 1.230508e+02 1.240913e+01 4.585816e+01 8.692733e+00 5.271410e+01 8.560631e+00 1.056173e+02 1.601356e+01 2.087494e+01 6.355962e+01 4.358757e+01
<GCONST> 6.224207e+01
<STATE> 8
<MEAN> 12
 -9.035499e-01 -6.827064e-01 2.047500e+00 -5.872184e+00 1.057764e+00 1.093014e+01 3.262746e+00 -6.412724e+00 2.066300e+00 -8.090964e-01 -8.132383e+00 3.612776e+00
<VARIANCE> 12
 9.162438e+00 9.187278e+01 7.115700e+00 3.578093e+01 1.010962e+01 6.838011e+01 1.091220e+01 1.806759e+02 1.047838e+01 2.494433e+01 4.745344e+01 2.970805e+01
<GCONST> 6.127205e+01
<TRANSP> 9
 0.000000e+00 1.000000e+00 0.000000e+00 0.000000e+00 0.000000e+00 0.000000e+00 0.000000e+00 0.000000e+00 0.000000e+00
 0.000000e+00 8.771930e-01 1.228070e-01 0.000000e+00 0.000000e+00 0.000000e+00 0.000000e+00 0.000000e+00 0.000000e+00
 0.000000e+00 0.000000e+00 8.771930e-01 1.228070e-01 0.000000e+00 0.000000e+00 0.000000e+00 0.000000e+00 0.000000e+00
 0.000000e+00 0.000000e+00 0.000000e+00 8.771930e-01 1.228070e-01 0.000000e+00 0.000000e+00 0.000000e+00 0.000000e+00
 0.000000e+00 0.000000e+00 0.000000e+00 0.000000e+00 8.771930e-01 1.228070e-01 0.000000e+00 0.000000e+00 0.000000e+00
 0.000000e+00 0.000000e+00 0.000000e+00 0.000000e+00 0.000000e+00 8.771930e-01 1.228070e-01 0.000000e+00 0.000000e+00
 0.000000e+00 0.000000e+00 0.000000e+00 0.000000e+00 0.000000e+00 0.000000e+00 8.771930e-01 1.228070e-01 0.000000e+00
 0.000000e+00 0.000000e+00 0.000000e+00 0.000000e+00 0.000000e+00 0.000000e+00 0.000000e+00 8.771930e-01 1.228070e-01
 0.000000e+00 0.000000e+00 0.000000e+00 0.000000e+00 0.000000e+00 0.000000e+00 0.000000e+00 0.000000e+00 0.000000e+00
<ENDHMM>
