~o
<STREAMINFO> 1 12
<VECSIZE> 12<NULLD><MFCC_Z><DIAGC>
~h "s082"
<BEGINHMM>
<NUMSTATES> 8
<STATE> 2
<MEAN> 12
 -3.471056e+00 -2.801260e+00 1.006983e-01 2.223584e+00 3.926316e+00 -1.048107e+00 2.496135e+00 -1.793314e+00 -1.148277e+00 -4.351277e+00 3.180986e+00 -2.940204e-02
<VARIANCE> 12
 3.005635e+01 5.335366e+01 1.350801e+02 2.778946e+01 4.703209e+01 6.449947e+01 1.550764e+01 2.080345e+01 5.857451e+01 2.759972e+01 5.871059e+01 2.332479e+01
<GCONST> 6.606924e+01
<STATE> 3
<MEAN> 12
 1.962578e+00 -4.276680e+00 -7.858035e+00 4.853038e+00 5.515655e+00 -4.671505e+00 8.948059e-01 -4.457200e+00 -1.034381e+00 -3.456798e+00 1.679586e-01 -1.683035e+00
<VARIANCE> 12
 3.027803e+01 2.219790e+01 7.009986e+01 1.748617e+01 3.765253e+01 3.998948e+01 1.719975e+01 3.395029e+01 4.245871e+01 5.633993e+01 4.808527e+01 2.694574e+01
<GCONST> 6.430982e+01
<STATE> 4
<MEAN> 12
 4.659304e+00 -8.509574e-01 -5.483088e+00 5.091456e+00 2.776731e+00 -3.566683e+00 -5.536465e-01 -4.017301e+00 6.227384e-01 1.136420e+00 -1.113434e+00 -1.807309e+00
<VARIANCE> 12
 2.595873e+01 1.913619e+01 7.203751e+01 2.760584e+01 5.196119e+01 2.813290e+01 2.028806e+01 4.012307e+01 2.761210e+01 6.888358e+01 2.928222e+01 2.007952e+01
<GCONST> 6.377460e+01
<STATE> 5
<MEAN> 12
 2.894594e+00 1.710438e+00 4.706351e-01 2.249233e+00 -2.410127e+00 -1.768550e+00 -7.794140e-01 -5.681720e-01 9.572929e-01 4.164449e+00 -3.002076e-01 -4.691037e-01
<VARIANCE> 12
 4.391659e+01 9.142629e+00 6.789587e+01 6.974752e+01 7.155229e+01 3.301637e+01 2.825524e+01 4.189584e+01 2.850820e+01 4.139388e+01 2.265629e+01 1.450592e+01
<GCONST> 6.422484e+01
<STATE> 6
<MEAN> 12
 -1.861718e+00 2.555382e+00 4.927708e+00 -4.281850e+00 -6.206019e+00 2.049957e+00 -4.998840e-01 3.579999e+00 3.143378e-01 3.092567e+00 -6.167096e-01 1.232403e+00
<VARIANCE> 12
 4.766504e+01 5.430065e+00 3.261192e+01 9.846494e+01 5.942719e+01 5.477807e+01 3.502361e+01 3.222260e+01 2.767973e+01 2.763186e+01 2.093408e+01 1.152434e+01
<GCONST> 6.292730e+01
<STATE> 7
<MEAN> 12
 -4.183642e+00 3.663138e+00 7.842095e+00 -1.013544e+01 -3.602589e+00 9.004889e+00 -1.557963e+00 7.255960e+00 2.882799e-01 -5.853288e-01 -1.318601e+00 2.756411e+00
<VARIANCE> 12
 2.010452e+01 5.430065e+00 1.891715e+01 4.140400e+01 4.757841e+01 4.887685e+01 2.445727e+01 1.420458e+01 1.628334e+01 1.892405e+01 1.452363e+01 6.349852e+00
<GCONST> 5.726783e+01
<TRANSP> 8
 0.000000e+00 1.000000e+00 0.000000e+00 0.000000e+00 0.000000e+00 0.000000e+00 0.000000e+00 0.000000e+00
 0.000000e+00 8.823529e-01 1.176471e-01 0.000000e+00 0.000000e+00 0.000000e+00 0.000000e+00 0.000000e+00
 0.000000e+00 0.000000e+00 8.823529e-01 1.176471e-01 0.000000e+00 0.000000e+00 0.000000e+00 0.000000e+00
 0.000000e+00 0.000000e+00 0.000000e+00 8.823529e-01 1.176470e-01 0.000000e+00 0.000000e+00 0.000000e+00
 0.000000e+00 0.000000e+00 0.000000e+00 0.000000e+00 8.823529e-01 1.176470e-01 0.000000e+00 0.000000e+00
 0.000000e+00 0.000000e+00 0.000000e+00 0.000000e+00 0.000000e+00 8.823529e-01 1.176471e-01 0.000000e+00
 0.000000e+00 0.000000e+00 0.000000e+00 0.000000e+00 0.000000e+00 0.000000e+00 8.823529e-01 1.176471e-01
 0.000000e+00 0.000000e+00 0.000000e+00 0.000000e+00 0.000000e+00 0.000000e+00 0.000000e+00 0.000000e+00
<ENDHMM>
