~o
<STREAMINFO> 1 12
<VECSIZE> 12<NULLD><MFCC_Z><DIAGC>
~h "s008"
<BEGINHMM>
<NUMSTATES> 11
<STATE> 2
<MEAN> 12
 -6.968886e-01 1.292898e+01 1.508697e+01 -1.357094e+01 -1.342488e+01 3.088650e+00 4.382568e-02 6.632385e-01 3.728519e-02 2.604876e+00 1.852450e+00 -2.089335e+00
<VARIANCE> 12
 1.094065e+01 6.066300e+00 2.077847e+01 3.659402e+01 8.073594e+00 1.059063e+01 5.690770e+00 5.021345e+01 1.695939e+01 1.238339e+01 5.906494e+00 6.011866e+01
<GCONST> 5.420681e+01
<STATE> 3
<MEAN> 12
 -5.842684e-01 5.122065e+00 3.258765e+00 -1.109189e+01 -1.247653e+01 -8.129515e+00 3.710047e+00 1.280277e+01 -2.909629e+00 -2.123711e+00 4.766287e+00 -1.010411e+01
<VARIANCE> 12
 2.189381e+00 6.066300e+00 2.077847e+01 1.720603e+01 2.869981e+01 1.059063e+01 4.503114e+00 1.171594e+01 5.591520e+00 3.636290e+01 7.262517e+00 2.120942e+01
<GCONST> 5.055463e+01
<STATE> 4
<MEAN> 12
 2.888264e+00 9.167568e-01 -4.131381e+00 -8.249415e+00 -3.163939e+00 -7.864545e+00 -1.572281e+00 5.616392e+00 5.397163e+00 -7.242753e+00 -3.367728e+00 -4.487300e+00
<VARIANCE> 12
 1.605140e+00 1.434624e+01 4.068129e+01 1.635880e+01 2.044184e+01 1.699122e+01 8.031329e+00 1.670218e+01 1.665157e+01 1.238339e+01 4.910395e+00 7.382962e+00
<GCONST> 5.136032e+01
<STATE> 5
<MEAN> 12
 -6.882930e-01 -6.431230e+00 -8.017620e+00 1.623450e+00 4.450892e+00 -7.148695e+00 2.558954e+00 -2.823586e+00 -2.616466e-01 -1.234185e+01 5.353652e+00 5.975637e+00
<VARIANCE> 12
 1.605140e+00 6.066300e+00 2.077847e+01 1.142130e+01 8.073594e+00 1.518358e+01 5.279188e+00 7.864296e+00 1.484518e+01 1.238339e+01 3.529696e+00 1.037276e+01
<GCONST> 4.714923e+01
<STATE> 6
<MEAN> 12
 5.165305e-01 -2.129812e+00 -1.587848e+01 6.499614e+00 5.950397e+00 -3.594952e+00 -5.744035e+00 1.152031e+00 2.733700e+00 -6.713889e+00 1.880131e+00 3.202113e+00
<VARIANCE> 12
 6.614717e+00 9.102503e+00 2.077847e+01 2.198153e+01 8.073594e+00 1.059063e+01 8.882740e+00 7.864296e+00 2.954543e+01 1.238339e+01 1.998376e+01 1.687238e+01
<GCONST> 5.269439e+01
<STATE> 7
<MEAN> 12
 4.317827e+00 1.415151e+00 -8.909112e+00 2.390889e+00 2.501481e+00 -9.586781e-01 -1.347603e-01 3.610120e+00 -3.852435e-01 -4.451854e+00 -2.384297e+00 5.484887e+00
<VARIANCE> 12
 9.543234e+00 1.114031e+01 2.077847e+01 1.142130e+01 8.073594e+00 3.162404e+01 2.328437e+01 4.965170e+01 3.804446e+01 1.238339e+01 1.339740e+01 1.193987e+01
<GCONST> 5.601571e+01
<STATE> 8
<MEAN> 12
 -4.308468e+00 -5.026190e+00 1.093793e+00 6.939950e+00 5.774667e+00 -3.408819e-01 2.046733e-01 -1.740986e+00 -1.029842e+01 7.886416e+00 4.951762e+00 -1.964784e-01
<VARIANCE> 12
 1.605140e+00 6.066300e+00 2.077847e+01 1.142130e+01 8.073594e+00 1.059063e+01 7.090969e+00 1.180728e+01 8.186036e+00 1.511937e+01 2.632275e+01 2.251262e+01
<GCONST> 4.987890e+01
<STATE> 9
<MEAN> 12
 -4.283416e+00 -6.203015e+00 9.042138e+00 6.558992e+00 3.695877e+00 4.660469e+00 1.913325e+00 -4.090641e+00 -6.037917e+00 1.514631e+01 -4.704309e+00 -1.714662e+00
<VARIANCE> 12
 1.605140e+00 6.066300e+00 2.077847e+01 1.142130e+01 8.073594e+00 1.059063e+01 1.136806e+01 1.021999e+01 7.021091e+00 1.238339e+01 1.920188e+01 1.085000e+01
<GCONST> 4.880805e+01
<STATE> 10
<MEAN> 12
 -7.620631e-02 -1.661258e+00 1.407272e+01 5.879657e+00 2.327451e+00 1.523505e+01 5.185666e+00 -1.033158e+01 1.654858e+00 9.772053e+00 -3.119412e+00 1.728956e+00
<VARIANCE> 12
 5.006208e+00 1.801086e+01 2.077847e+01 1.142130e+01 8.073594e+00 2.642395e+01 3.883998e+01 1.227663e+01 1.274526e+01 3.204072e+01 3.529696e+00 6.502015e+00
<GCONST> 5.270108e+01
<TRANSP> 11
 0.000000e+00 1.000000e+00 0.000000e+00 0.000000e+00 0.000000e+00 0.000000e+00 0.000000e+00 0.000000e+00 0.000000e+00 0.000000e+00 0.000000e+00
 0.000000e+00 8.751339e-01 1.248660e-01 0.000000e+00 0.000000e+00 0.000000e+00 0.000000e+00 0.000000e+00 0.000000e+00 0.000000e+00 0.000000e+00
 0.000000e+00 0.000000e+00 7.361820e-01 2.638180e-01 0.000000e+00 0.000000e+00 0.000000e+00 0.000000e+00 0.000000e+00 0.000000e+00 0.000000e+00
 0.000000e+00 0.000000e+00 0.000000e+00 9.107215e-01 8.927856e-02 0.000000e+00 0.000000e+00 0.000000e+00 0.000000e+00 0.000000e+00 0.000000e+00
 0.000000e+00 0.000000e+00 0.000000e+00 0.000000e+00 7.870760e-01 2.129240e-01 0.000000e+00 0.000000e+00 0.000000e+00 0.000000e+00 0.000000e+00
 0.000000e+00 0.000000e+00 0.000000e+00 0.000000e+00 0.000000e+00 9.210647e-01 7.893528e-02 0.000000e+00 0.000000e+00 0.000000e+00 0.000000e+00
 0.000000e+00 0.000000e+00 0.000000e+00 0.000000e+00 0.000000e+00 0.000000e+00 8.229927e-01 1.770073e-01 0.000000e+00 0.000000e+00 0.000000e+00
 0.000000e+00 0.000000e+00 0.000000e+00 0.000000e+00 0.000000e+00 0.000000e+00 0.000000e+00 8.303252e-01 1.696747e-01 0.000000e+00 0.000000e+00
 0.000000e+00 0.000000e+00 0.000000e+00 0.000000e+00 0.000000e+00 0.000000e+00 0.000000e+00 0.000000e+00 8.359209e-01 1.640791e-01 0.000000e+00
 0.000000e+00 0.000000e+00 0.000000e+00 0.000000e+00 0.000000e+00 0.000000e+00 0.000000e+00 0.000000e+00 0.000000e+00 8.999717e-01 1.000283e-01
 0.000000e+00 0.000000e+00 0.000000e+00 0.000000e+00 0.000000e+00 0.000000e+00 0.000000e+00 0.000000e+00 0.000000e+00 0.000000e+00 0.000000e+00
<ENDHMM>
