~o
<STREAMINFO> 1 12
<VECSIZE> 12<NULLD><MFCC_Z><DIAGC>
~h "s018"
<BEGINHMM>
<NUMSTATES> 12
<STATE> 2
<MEAN> 12
 9.411260e-08 -4.109583e-07 -3.764504e-08 -1.882252e-07 -3.576279e-07 1.003868e-07 5.678127e-07 -1.003868e-07 -1.129351e-07 -4.391921e-08 -1.756768e-07 -4.893855e-07
<VARIANCE> 12
 4.877599e+01 1.135801e+02 2.860507e+01 6.169130e+01 6.254776e+01 3.343155e+01 4.766888e+01 4.075046e+01 4.427325e+01 4.428340e+01 3.792202e+01 4.216348e+01
<GCONST> 6.832525e+01
<STATE> 3
<MEAN> 12
 9.411260e-08 -4.109583e-07 -3.764504e-08 -1.882252e-07 -3.576279e-07 1.003868e-07 5.678127e-07 -1.003868e-07 -1.129351e-07 -4.391921e-08 -1.756768e-07 -4.893855e-07
<VARIANCE> 12
 4.877599e+01 1.135801e+02 2.860507e+01 6.169130e+01 6.254776e+01 3.343155e+01 4.766888e+01 4.075046e+01 4.427325e+01 4.428340e+01 3.792202e+01 4.216348e+01
<GCONST> 6.832525e+01
<STATE> 4
<MEAN> 12
 9.411260e-08 -4.109583e-07 -3.764504e-08 -1.882252e-07 -3.576279e-07 1.003868e-07 5.678127e-07 -1.003868e-07 -1.129351e-07 -4.391921e-08 -1.756768e-07 -4.893855e-07
<VARIANCE> 12
 4.877599e+01 1.135801e+02 2.860507e+01 6.169130e+01 6.254776e+01 3.343155e+01 4.766888e+01 4.075046e+01 4.427325e+01 4.428340e+01 3.792202e+01 4.216348e+01
<GCONST> 6.832525e+01
<STATE> 5
<MEAN> 12
 9.411260e-08 -4.109583e-07 -3.764504e-08 -1.882252e-07 -3.576279e-07 1.003868e-07 5.678127e-07 -1.003868e-07 -1.129351e-07 -4.391921e-08 -1.756768e-07 -4.893855e-07
<VARIANCE> 12
 4.877599e+01 1.135801e+02 2.860507e+01 6.169130e+01 6.254776e+01 3.343155e+01 4.766888e+01 4.075046e+01 4.427325e+01 4.428340e+01 3.792202e+01 4.216348e+01
<GCONST> 6.832525e+01
<STATE> 6
<MEAN> 12
 9.411260e-08 -4.109583e-07 -3.764504e-08 -1.882252e-07 -3.576279e-07 1.003868e-07 5.678127e-07 -1.003868e-07 -1.129351e-07 -4.391921e-08 -1.756768e-07 -4.893855e-07
<VARIANCE> 12
 4.877599e+01 1.135801e+02 2.860507e+01 6.169130e+01 6.254776e+01 3.343155e+01 4.766888e+01 4.075046e+01 4.427325e+01 4.428340e+01 3.792202e+01 4.216348e+01
<GCONST> 6.832525e+01
<STATE> 7
<MEAN> 12
 9.411260e-08 -4.109583e-07 -3.764504e-08 -1.882252e-07 -3.576279e-07 1.003868e-07 5.678127e-07 -1.003868e-07 -1.129351e-07 -4.391921e-08 -1.756768e-07 -4.893855e-07
<VARIANCE> 12
 4.877599e+01 1.135801e+02 2.860507e+01 6.169130e+01 6.254776e+01 3.343155e+01 4.766888e+01 4.075046e+01 4.427325e+01 4.428340e+01 3.792202e+01 4.216348e+01
<GCONST> 6.832525e+01
<STATE> 8
<MEAN> 12
 9.411260e-08 -4.109583e-07 -3.764504e-08 -1.882252e-07 -3.576279e-07 1.003868e-07 5.678127e-07 -1.003868e-07 -1.129351e-07 -4.391921e-08 -1.756768e-07 -4.893855e-07
<VARIANCE> 12
 4.877599e+01 1.135801e+02 2.860507e+01 6.169130e+01 6.254776e+01 3.343155e+01 4.766888e+01 4.075046e+01 4.427325e+01 4.428340e+01 3.792202e+01 4.216348e+01
<GCONST> 6.832525e+01
<STATE> 9
<MEAN> 12
 9.411260e-08 -4.109583e-07 -3.764504e-08 -1.882252e-07 -3.576279e-07 1.003868e-07 5.678127e-07 -1.003868e-07 -1.129351e-07 -4.391921e-08 -1.756768e-07 -4.893855e-07
<VARIANCE> 12
 4.877599e+01 1.135801e+02 2.860507e+01 6.169130e+01 6.254776e+01 3.343155e+01 4.766888e+01 4.075046e+01 4.427325e+01 4.428340e+01 3.792202e+01 4.216348e+01
<GCONST> 6.832525e+01
<STATE> 10
<MEAN> 12
 9.411260e-08 -4.109583e-07 -3.764504e-08 -1.882252e-07 -3.576279e-07 1.003868e-07 5.678127e-07 -1.003868e-07 -1.129351e-07 -4.391921e-08 -1.756768e-07 -4.893855e-07
<VARIANCE> 12
 4.877599e+01 1.135801e+02 2.860507e+01 6.169130e+01 6.254776e+01 3.343155e+01 4.766888e+01 4.075046e+01 4.427325e+01 4.428340e+01 3.792202e+01 4.216348e+01
<GCONST> 6.832525e+01
<STATE> 11
<MEAN> 12
 9.411260e-08 -4.109583e-07 -3.764504e-08 -1.882252e-07 -3.576279e-07 1.003868e-07 5.678127e-07 -1.003868e-07 -1.129351e-07 -4.391921e-08 -1.756768e-07 -4.893855e-07
<VARIANCE> 12
 4.877599e+01 1.135801e+02 2.860507e+01 6.169130e+01 6.254776e+01 3.343155e+01 4.766888e+01 4.075046e+01 4.427325e+01 4.428340e+01 3.792202e+01 4.216348e+01
<GCONST> 6.832525e+01
<TRANSP> 12
 0.000000e+00 1.000000e+00 0.000000e+00 0.000000e+00 0.000000e+00 0.000000e+00 0.000000e+00 0.000000e+00 0.000000e+00 0.000000e+00 0.000000e+00 0.000000e+00
 0.000000e+00 9.000000e-01 9.999999e-02 0.000000e+00 0.000000e+00 0.000000e+00 0.000000e+00 0.000000e+00 0.000000e+00 0.000000e+00 0.000000e+00 0.000000e+00
 0.000000e+00 0.000000e+00 9.000000e-01 9.999999e-02 0.000000e+00 0.000000e+00 0.000000e+00 0.000000e+00 0.000000e+00 0.000000e+00 0.000000e+00 0.000000e+00
 0.000000e+00 0.000000e+00 0.000000e+00 9.000000e-01 9.999999e-02 0.000000e+00 0.000000e+00 0.000000e+00 0.000000e+00 0.000000e+00 0.000000e+00 0.000000e+00
 0.000000e+00 0.000000e+00 0.000000e+00 0.000000e+00 9.000000e-01 9.999999e-02 0.000000e+00 0.000000e+00 0.000000e+00 0.000000e+00 0.000000e+00 0.000000e+00
 0.000000e+00 0.000000e+00 0.000000e+00 0.000000e+00 0.000000e+00 9.000000e-01 9.999999e-02 0.000000e+00 0.000000e+00 0.000000e+00 0.000000e+00 0.000000e+00
 0.000000e+00 0.000000e+00 0.000000e+00 0.000000e+00 0.000000e+00 0.000000e+00 9.000000e-01 9.999999e-02 0.000000e+00 0.000000e+00 0.000000e+00 0.000000e+00
 0.000000e+00 0.000000e+00 0.000000e+00 0.000000e+00 0.000000e+00 0.000000e+00 0.000000e+00 9.000000e-01 9.999999e-02 0.000000e+00 0.000000e+00 0.000000e+00
 0.000000e+00 0.000000e+00 0.000000e+00 0.000000e+00 0.000000e+00 0.000000e+00 0.000000e+00 0.000000e+00 9.000000e-01 9.999999e-02 0.000000e+00 0.000000e+00
 0.000000e+00 0.000000e+00 0.000000e+00 0.000000e+00 0.000000e+00 0.000000e+00 0.000000e+00 0.000000e+00 0.000000e+00 9.000000e-01 9.999999e-02 0.000000e+00
 0.000000e+00 0.000000e+00 0.000000e+00 0.000000e+00 0.000000e+00 0.000000e+00 0.000000e+00 0.000000e+00 0.000000e+00 0.000000e+00 9.000000e-01 9.999999e-02
 0.000000e+00 0.000000e+00 0.000000e+00 0.000000e+00 0.000000e+00 0.000000e+00 0.000000e+00 0.000000e+00 0.000000e+00 0.000000e+00 0.000000e+00 0.000000e+00
<ENDHMM>
