~o
<STREAMINFO> 1 12
<VECSIZE> 12<NULLD><MFCC_Z><DIAGC>
~h "s004"
<BEGINHMM>
<NUMSTATES> 7
<STATE> 2
<MEAN> 12
 1.434075e-01 2.043721e+00 3.658036e+00 2.291302e-01 -4.617595e-01 -1.655797e+00 7.123884e+00 -1.038558e+00 -2.659664e+00 -5.216973e+00 3.367699e+00 2.048198e+00
<VARIANCE> 12
 3.750437e+00 3.630046e+01 5.674862e+01 4.716055e+01 6.230209e+01 1.148272e+01 3.394677e+01 1.107259e+01 1.818561e+01 3.837339e+01 2.359990e+01 1.059157e+01
<GCONST> 5.943182e+01
<STATE> 3
<MEAN> 12
 4.961463e+00 5.896028e+00 -7.584028e+00 -5.682376e+00 4.132396e+00 6.868863e+00 1.000743e+00 -4.377374e+00 7.222682e+00 -5.104764e+00 -5.180082e-01 -3.438490e+00
<VARIANCE> 12
 3.750437e+00 1.212048e+01 6.905014e+00 1.577481e+01 1.736243e+01 1.421401e+01 1.018033e+01 1.023467e+01 1.570319e+01 1.970951e+01 5.692218e+00 1.687478e+01
<GCONST> 5.101662e+01
<STATE> 4
<MEAN> 12
 4.567100e+00 8.013530e+00 1.374984e+00 -5.929542e+00 -6.496880e+00 9.871064e+00 -9.016870e+00 2.778891e+00 1.381976e+00 4.555956e+00 -4.235531e+00 -2.220840e+00
<VARIANCE> 12
 7.616961e+00 9.621481e+00 3.344954e+01 7.855640e+00 7.611620e+00 4.516618e+01 3.572408e+01 2.325397e+01 2.604935e+01 1.561061e+01 1.086471e+01 2.454056e+01
<GCONST> 5.607629e+01
<STATE> 5
<MEAN> 12
 -4.755839e+00 -4.895234e+00 -8.122044e+00 1.517675e+00 -1.888359e+00 -7.194251e+00 1.528053e+00 2.789280e+00 -8.870776e+00 -3.262249e+00 -2.333374e+00 8.486017e+00
<VARIANCE> 12
 7.886168e+00 1.872966e+01 1.896806e+01 3.286854e+01 1.631332e+01 1.148272e+01 1.282513e+01 5.562450e+00 8.983301e+00 1.147455e+01 3.175361e+01 1.437401e+01
<GCONST> 5.374421e+01
<STATE> 6
<MEAN> 12
 -5.261966e+00 -9.266533e+00 2.930506e+00 6.900368e+00 2.112172e+00 -8.165618e+00 -5.170752e-03 1.223642e+00 -2.084570e+00 4.438277e+00 1.150581e+00 6.942024e-01
<VARIANCE> 12
 9.167548e+00 9.621481e+00 1.070042e+01 2.005942e+01 1.093855e+01 2.703934e+01 7.030002e+00 1.763831e+01 1.139918e+01 2.069720e+01 2.182878e+01 1.650603e+01
<GCONST> 5.376352e+01
<TRANSP> 7
 0.000000e+00 1.000000e+00 0.000000e+00 0.000000e+00 0.000000e+00 0.000000e+00 0.000000e+00
 0.000000e+00 8.990307e-01 1.009693e-01 0.000000e+00 0.000000e+00 0.000000e+00 0.000000e+00
 0.000000e+00 0.000000e+00 8.932417e-01 1.067583e-01 0.000000e+00 0.000000e+00 0.000000e+00
 0.000000e+00 0.000000e+00 0.000000e+00 8.924878e-01 1.075122e-01 0.000000e+00 0.000000e+00
 0.000000e+00 0.000000e+00 0.000000e+00 0.000000e+00 6.195570e-01 3.804431e-01 0.000000e+00
 0.000000e+00 0.000000e+00 0.000000e+00 0.000000e+00 0.000000e+00 9.324290e-01 6.757096e-02
 0.000000e+00 0.000000e+00 0.000000e+00 0.000000e+00 0.000000e+00 0.000000e+00 0.000000e+00
<ENDHMM>
