~o
<STREAMINFO> 1 12
<VECSIZE> 12<NULLD><MFCC_Z><DIAGC>
~h "s059"
<BEGINHMM>
<NUMSTATES> 11
<STATE> 2
<MEAN> 12
 -1.924778e+00 5.419666e+00 1.809374e+00 -4.674394e+00 -1.641651e+00 -1.308965e+00 -5.721597e+00 1.357587e+00 1.075639e+00 -5.979180e-01 -2.132687e+00 -9.507848e-01
<VARIANCE> 12
 1.587767e+01 7.951829e+00 2.020267e+01 9.992989e+01 8.900597e+00 2.483775e+01 5.959494e+01 9.471550e+01 9.823161e+00 3.579911e+01 3.434210e+01 9.127472e+01
<GCONST> 6.245297e+01
<STATE> 3
<MEAN> 12
 -3.887465e+00 5.701015e+00 2.817222e+00 -1.008260e+01 1.780498e-01 -2.594359e+00 -1.025492e+01 8.520130e+00 2.356821e+00 -3.818256e+00 3.874066e-01 -6.273903e+00
<VARIANCE> 12
 5.348928e+00 1.133045e+01 3.063811e+01 4.651026e+01 1.140070e+01 3.096959e+01 6.831570e+01 5.908290e+01 1.197154e+01 2.583257e+01 3.052945e+01 8.031158e+01
<GCONST> 6.112937e+01
<STATE> 4
<MEAN> 12
 -3.636038e+00 3.758504e+00 5.251456e+00 -7.833638e+00 8.733035e-01 -1.831098e+00 -7.781466e+00 8.595423e+00 2.656011e+00 -3.222848e+00 9.973893e-01 -5.087568e+00
<VARIANCE> 12
 1.053615e+01 2.255923e+01 2.771819e+01 7.546730e+01 1.792314e+01 3.400505e+01 1.154107e+02 4.869923e+01 1.925252e+01 2.493880e+01 2.248125e+01 7.732907e+01
<GCONST> 6.385285e+01
<STATE> 5
<MEAN> 12
 -2.884391e+00 9.481336e-01 5.015200e+00 -3.097871e+00 8.974088e-01 -1.444879e+00 -2.093837e+00 5.577952e+00 1.700850e+00 -1.122269e+00 5.246269e-01 -1.251579e+00
<VARIANCE> 12
 2.119106e+01 3.059240e+01 3.357176e+01 8.094259e+01 2.231213e+01 3.784586e+01 1.172148e+02 4.879349e+01 2.766729e+01 2.634235e+01 2.065304e+01 6.259513e+01
<GCONST> 6.558252e+01
<STATE> 6
<MEAN> 12
 -1.111715e+00 -1.548388e+00 1.882995e+00 3.524412e-01 7.432151e-02 -2.239338e+00 2.606927e+00 1.736799e+00 -4.314062e-01 5.039942e-01 -6.709583e-01 1.517172e+00
<VARIANCE> 12
 3.155503e+01 2.642265e+01 4.836129e+01 5.131595e+01 2.168391e+01 4.061491e+01 6.641475e+01 5.564465e+01 2.970370e+01 2.246283e+01 2.153734e+01 4.103191e+01
<GCONST> 6.488006e+01
<STATE> 7
<MEAN> 12
 1.665193e+00 -2.653989e+00 -2.137761e+00 1.791753e+00 -1.153494e+00 -2.684930e+00 4.761249e+00 -2.906471e+00 -2.181580e+00 1.873638e+00 -1.615261e+00 2.827910e+00
<VARIANCE> 12
 3.120045e+01 1.575853e+01 4.231631e+01 3.205300e+01 1.788731e+01 3.585497e+01 2.818162e+01 6.709602e+01 2.184136e+01 1.947490e+01 2.214382e+01 3.087360e+01
<GCONST> 6.205366e+01
<STATE> 8
<MEAN> 12
 4.109760e+00 -2.724522e+00 -4.774537e+00 3.638910e+00 -1.615479e+00 -1.107399e+00 5.144264e+00 -7.376753e+00 -2.465861e+00 3.159061e+00 -9.159394e-01 3.351897e+00
<VARIANCE> 12
 1.870017e+01 8.929242e+00 2.162975e+01 3.542020e+01 1.617005e+01 3.545104e+01 1.882504e+01 5.584726e+01 1.463960e+01 1.724680e+01 2.614777e+01 2.403514e+01
<GCONST> 5.909750e+01
<STATE> 9
<MEAN> 12
 4.608842e+00 -3.432603e+00 -5.142046e+00 7.626792e+00 -1.649347e-01 3.190162e+00 5.448245e+00 -9.013223e+00 -1.721904e+00 2.975912e+00 1.359291e+00 3.632772e+00
<VARIANCE> 12
 9.390629e+00 7.689339e+00 9.457351e+00 4.208640e+01 1.921180e+01 4.524464e+01 1.882504e+01 3.457240e+01 1.102401e+01 2.044196e+01 2.743332e+01 1.625500e+01
<GCONST> 5.708427e+01
<STATE> 10
<MEAN> 12
 3.060523e+00 -5.467916e+00 -4.721835e+00 1.227882e+01 2.552521e+00 1.002094e+01 7.891340e+00 -6.491495e+00 -9.886152e-01 2.486941e-01 2.066040e+00 2.234215e+00
<VARIANCE> 12
 5.605393e+00 6.532851e+00 8.523295e+00 2.246938e+01 1.220728e+01 4.182527e+01 1.882504e+01 2.565722e+01 6.545118e+00 2.127692e+01 2.094212e+01 1.387330e+01
<GCONST> 5.393367e+01
<TRANSP> 11
 0.000000e+00 1.000000e+00 0.000000e+00 0.000000e+00 0.000000e+00 0.000000e+00 0.000000e+00 0.000000e+00 0.000000e+00 0.000000e+00 0.000000e+00
 0.000000e+00 8.732394e-01 1.267606e-01 0.000000e+00 0.000000e+00 0.000000e+00 0.000000e+00 0.000000e+00 0.000000e+00 0.000000e+00 0.000000e+00
 0.000000e+00 0.000000e+00 8.732395e-01 1.267606e-01 0.000000e+00 0.000000e+00 0.000000e+00 0.000000e+00 0.000000e+00 0.000000e+00 0.000000e+00
 0.000000e+00 0.000000e+00 0.000000e+00 8.732395e-01 1.267605e-01 0.000000e+00 0.000000e+00 0.000000e+00 0.000000e+00 0.000000e+00 0.000000e+00
 0.000000e+00 0.000000e+00 0.000000e+00 0.000000e+00 8.732395e-01 1.267606e-01 0.000000e+00 0.000000e+00 0.000000e+00 0.000000e+00 0.000000e+00
 0.000000e+00 0.000000e+00 0.000000e+00 0.000000e+00 0.000000e+00 8.732394e-01 1.267606e-01 0.000000e+00 0.000000e+00 0.000000e+00 0.000000e+00
 0.000000e+00 0.000000e+00 0.000000e+00 0.000000e+00 0.000000e+00 0.000000e+00 8.732395e-01 1.267605e-01 0.000000e+00 0.000000e+00 0.000000e+00
 0.000000e+00 0.000000e+00 0.000000e+00 0.000000e+00 0.000000e+00 0.000000e+00 0.000000e+00 8.732394e-01 1.267606e-01 0.000000e+00 0.000000e+00
 0.000000e+00 0.000000e+00 0.000000e+00 0.000000e+00 0.000000e+00 0.000000e+00 0.000000e+00 0.000000e+00 8.732394e-01 1.267606e-01 0.000000e+00
 0.000000e+00 0.000000e+00 0.000000e+00 0.000000e+00 0.000000e+00 0.000000e+00 0.000000e+00 0.000000e+00 0.000000e+00 8.732395e-01 1.267606e-01
 0.000000e+00 0.000000e+00 0.000000e+00 0.000000e+00 0.000000e+00 0.000000e+00 0.000000e+00 0.000000e+00 0.000000e+00 0.000000e+00 0.000000e+00
<ENDHMM>
