~o
<STREAMINFO> 1 12
<VECSIZE> 12<NULLD><MFCC_Z><DIAGC>
~h "s032"
<BEGINHMM>
<NUMSTATES> 12
<STATE> 2
<MEAN> 12
 6.953875e-08 3.377596e-07 1.291434e-07 1.324548e-07 4.503462e-07 -4.371007e-07 -2.119276e-07 -1.821253e-07 1.721912e-07 2.715323e-07 3.013346e-07 1.457002e-07
<VARIANCE> 12
 1.463989e+01 7.313843e+01 5.815133e+01 1.258692e+02 8.776326e+01 5.375965e+01 8.729024e+01 6.620211e+01 7.346320e+01 4.888879e+01 5.460302e+01 3.976059e+01
<GCONST> 7.091933e+01
<STATE> 3
<MEAN> 12
 6.953875e-08 3.377596e-07 1.291434e-07 1.324548e-07 4.503462e-07 -4.371007e-07 -2.119276e-07 -1.821253e-07 1.721912e-07 2.715323e-07 3.013346e-07 1.457002e-07
<VARIANCE> 12
 1.463989e+01 7.313843e+01 5.815133e+01 1.258692e+02 8.776326e+01 5.375965e+01 8.729024e+01 6.620211e+01 7.346320e+01 4.888879e+01 5.460302e+01 3.976059e+01
<GCONST> 7.091933e+01
<STATE> 4
<MEAN> 12
 6.953875e-08 3.377596e-07 1.291434e-07 1.324548e-07 4.503462e-07 -4.371007e-07 -2.119276e-07 -1.821253e-07 1.721912e-07 2.715323e-07 3.013346e-07 1.457002e-07
<VARIANCE> 12
 1.463989e+01 7.313843e+01 5.815133e+01 1.258692e+02 8.776326e+01 5.375965e+01 8.729024e+01 6.620211e+01 7.346320e+01 4.888879e+01 5.460302e+01 3.976059e+01
<GCONST> 7.091933e+01
<STATE> 5
<MEAN> 12
 6.953875e-08 3.377596e-07 1.291434e-07 1.324548e-07 4.503462e-07 -4.371007e-07 -2.119276e-07 -1.821253e-07 1.721912e-07 2.715323e-07 3.013346e-07 1.457002e-07
<VARIANCE> 12
 1.463989e+01 7.313843e+01 5.815133e+01 1.258692e+02 8.776326e+01 5.375965e+01 8.729024e+01 6.620211e+01 7.346320e+01 4.888879e+01 5.460302e+01 3.976059e+01
<GCONST> 7.091933e+01
<STATE> 6
<MEAN> 12
 6.953875e-08 3.377596e-07 1.291434e-07 1.324548e-07 4.503462e-07 -4.371007e-07 -2.119276e-07 -1.821253e-07 1.721912e-07 2.715323e-07 3.013346e-07 1.457002e-07
<VARIANCE> 12
 1.463989e+01 7.313843e+01 5.815133e+01 1.258692e+02 8.776326e+01 5.375965e+01 8.729024e+01 6.620211e+01 7.346320e+01 4.888879e+01 5.460302e+01 3.976059e+01
<GCONST> 7.091933e+01
<STATE> 7
<MEAN> 12
 6.953875e-08 3.377596e-07 1.291434e-07 1.324548e-07 4.503462e-07 -4.371007e-07 -2.119276e-07 -1.821253e-07 1.721912e-07 2.715323e-07 3.013346e-07 1.457002e-07
<VARIANCE> 12
 1.463989e+01 7.313843e+01 5.815133e+01 1.258692e+02 8.776326e+01 5.375965e+01 8.729024e+01 6.620211e+01 7.346320e+01 4.888879e+01 5.460302e+01 3.976059e+01
<GCONST> 7.091933e+01
<STATE> 8
<MEAN> 12
 6.953875e-08 3.377596e-07 1.291434e-07 1.324548e-07 4.503462e-07 -4.371007e-07 -2.119276e-07 -1.821253e-07 1.721912e-07 2.715323e-07 3.013346e-07 1.457002e-07
<VARIANCE> 12
 1.463989e+01 7.313843e+01 5.815133e+01 1.258692e+02 8.776326e+01 5.375965e+01 8.729024e+01 6.620211e+01 7.346320e+01 4.888879e+01 5.460302e+01 3.976059e+01
<GCONST> 7.091933e+01
<STATE> 9
<MEAN> 12
 6.953875e-08 3.377596e-07 1.291434e-07 1.324548e-07 4.503462e-07 -4.371007e-07 -2.119276e-07 -1.821253e-07 1.721912e-07 2.715323e-07 3.013346e-07 1.457002e-07
<VARIANCE> 12
 1.463989e+01 7.313843e+01 5.815133e+01 1.258692e+02 8.776326e+01 5.375965e+01 8.729024e+01 6.620211e+01 7.346320e+01 4.888879e+01 5.460302e+01 3.976059e+01
<GCONST> 7.091933e+01
<STATE> 10
<MEAN> 12
 6.953875e-08 3.377596e-07 1.291434e-07 1.324548e-07 4.503462e-07 -4.371007e-07 -2.119276e-07 -1.821253e-07 1.721912e-07 2.715323e-07 3.013346e-07 1.457002e-07
<VARIANCE> 12
 1.463989e+01 7.313843e+01 5.815133e+01 1.258692e+02 8.776326e+01 5.375965e+01 8.729024e+01 6.620211e+01 7.346320e+01 4.888879e+01 5.460302e+01 3.976059e+01
<GCONST> 7.091933e+01
<STATE> 11
<MEAN> 12
 6.953875e-08 3.377596e-07 1.291434e-07 1.324548e-07 4.503462e-07 -4.371007e-07 -2.119276e-07 -1.821253e-07 1.721912e-07 2.715323e-07 3.013346e-07 1.457002e-07
<VARIANCE> 12
 1.463989e+01 7.313843e+01 5.815133e+01 1.258692e+02 8.776326e+01 5.375965e+01 8.729024e+01 6.620211e+01 7.346320e+01 4.888879e+01 5.460302e+01 3.976059e+01
<GCONST> 7.091933e+01
<TRANSP> 12
 0.000000e+00 1.000000e+00 0.000000e+00 0.000000e+00 0.000000e+00 0.000000e+00 0.000000e+00 0.000000e+00 0.000000e+00 0.000000e+00 0.000000e+00 0.000000e+00
 0.000000e+00 9.000000e-01 9.999999e-02 0.000000e+00 0.000000e+00 0.000000e+00 0.000000e+00 0.000000e+00 0.000000e+00 0.000000e+00 0.000000e+00 0.000000e+00
 0.000000e+00 0.000000e+00 9.000000e-01 9.999999e-02 0.000000e+00 0.000000e+00 0.000000e+00 0.000000e+00 0.000000e+00 0.000000e+00 0.000000e+00 0.000000e+00
 0.000000e+00 0.000000e+00 0.000000e+00 9.000000e-01 9.999999e-02 0.000000e+00 0.000000e+00 0.000000e+00 0.000000e+00 0.000000e+00 0.000000e+00 0.000000e+00
 0.000000e+00 0.000000e+00 0.000000e+00 0.000000e+00 9.000000e-01 9.999999e-02 0.000000e+00 0.000000e+00 0.000000e+00 0.000000e+00 0.000000e+00 0.000000e+00
 0.000000e+00 0.000000e+00 0.000000e+00 0.000000e+00 0.000000e+00 9.000000e-01 9.999999e-02 0.000000e+00 0.000000e+00 0.000000e+00 0.000000e+00 0.000000e+00
 0.000000e+00 0.000000e+00 0.000000e+00 0.000000e+00 0.000000e+00 0.000000e+00 9.000000e-01 9.999999e-02 0.000000e+00 0.000000e+00 0.000000e+00 0.000000e+00
 0.000000e+00 0.000000e+00 0.000000e+00 0.000000e+00 0.000000e+00 0.000000e+00 0.000000e+00 9.000000e-01 9.999999e-02 0.000000e+00 0.000000e+00 0.000000e+00
 0.000000e+00 0.000000e+00 0.000000e+00 0.000000e+00 0.000000e+00 0.000000e+00 0.000000e+00 0.000000e+00 9.000000e-01 9.999999e-02 0.000000e+00 0.000000e+00
 0.000000e+00 0.000000e+00 0.000000e+00 0.000000e+00 0.000000e+00 0.000000e+00 0.000000e+00 0.000000e+00 0.000000e+00 9.000000e-01 9.999999e-02 0.000000e+00
 0.000000e+00 0.000000e+00 0.000000e+00 0.000000e+00 0.000000e+00 0.000000e+00 0.000000e+00 0.000000e+00 0.000000e+00 0.000000e+00 9.000000e-01 9.999999e-02
 0.000000e+00 0.000000e+00 0.000000e+00 0.000000e+00 0.000000e+00 0.000000e+00 0.000000e+00 0.000000e+00 0.000000e+00 0.000000e+00 0.000000e+00 0.000000e+00
<ENDHMM>
