~o
<STREAMINFO> 1 12
<VECSIZE> 12<NULLD><MFCC_Z><DIAGC>
~h "s091"
<BEGINHMM>
<NUMSTATES> 9
<STATE> 2
<MEAN> 12
 -4.849191e-08 -7.273787e-08 -3.515664e-07 2.990335e-07 -1.737627e-07 -2.424596e-07 4.040993e-07 6.546409e-07 2.586235e-07 8.081986e-08 2.424596e-08 -1.697217e-07
<VARIANCE> 12
 7.243641e+00 3.455635e+01 5.417818e+01 6.120168e+01 3.179195e+01 9.700343e+01 6.917252e+01 4.315452e+01 5.043782e+01 6.062870e+01 3.407942e+01 4.596064e+01
<GCONST> 6.710103e+01
<STATE> 3
<MEAN> 12
 -4.849191e-08 -7.273787e-08 -3.515664e-07 2.990335e-07 -1.737627e-07 -2.424596e-07 4.040993e-07 6.546409e-07 2.586235e-07 8.081986e-08 2.424596e-08 -1.697217e-07
<VARIANCE> 12
 7.243641e+00 3.455635e+01 5.417818e+01 6.120168e+01 3.179195e+01 9.700343e+01 6.917252e+01 4.315452e+01 5.043782e+01 6.062870e+01 3.407942e+01 4.596064e+01
<GCONST> 6.710103e+01
<STATE> 4
<MEAN> 12
 -4.849191e-08 -7.273787e-08 -3.515664e-07 2.990335e-07 -1.737627e-07 -2.424596e-07 4.040993e-07 6.546409e-07 2.586235e-07 8.081986e-08 2.424596e-08 -1.697217e-07
<VARIANCE> 12
 7.243641e+00 3.455635e+01 5.417818e+01 6.120168e+01 3.179195e+01 9.700343e+01 6.917252e+01 4.315452e+01 5.043782e+01 6.062870e+01 3.407942e+01 4.596064e+01
<GCONST> 6.710103e+01
<STATE> 5
<MEAN> 12
 -4.849191e-08 -7.273787e-08 -3.515664e-07 2.990335e-07 -1.737627e-07 -2.424596e-07 4.040993e-07 6.546409e-07 2.586235e-07 8.081986e-08 2.424596e-08 -1.697217e-07
<VARIANCE> 12
 7.243641e+00 3.455635e+01 5.417818e+01 6.120168e+01 3.179195e+01 9.700343e+01 6.917252e+01 4.315452e+01 5.043782e+01 6.062870e+01 3.407942e+01 4.596064e+01
<GCONST> 6.710103e+01
<STATE> 6
<MEAN> 12
 -4.849191e-08 -7.273787e-08 -3.515664e-07 2.990335e-07 -1.737627e-07 -2.424596e-07 4.040993e-07 6.546409e-07 2.586235e-07 8.081986e-08 2.424596e-08 -1.697217e-07
<VARIANCE> 12
 7.243641e+00 3.455635e+01 5.417818e+01 6.120168e+01 3.179195e+01 9.700343e+01 6.917252e+01 4.315452e+01 5.043782e+01 6.062870e+01 3.407942e+01 4.596064e+01
<GCONST> 6.710103e+01
<STATE> 7
<MEAN> 12
 -4.849191e-08 -7.273787e-08 -3.515664e-07 2.990335e-07 -1.737627e-07 -2.424596e-07 4.040993e-07 6.546409e-07 2.586235e-07 8.081986e-08 2.424596e-08 -1.697217e-07
<VARIANCE> 12
 7.243641e+00 3.455635e+01 5.417818e+01 6.120168e+01 3.179195e+01 9.700343e+01 6.917252e+01 4.315452e+01 5.043782e+01 6.062870e+01 3.407942e+01 4.596064e+01
<GCONST> 6.710103e+01
<STATE> 8
<MEAN> 12
 -4.849191e-08 -7.273787e-08 -3.515664e-07 2.990335e-07 -1.737627e-07 -2.424596e-07 4.040993e-07 6.546409e-07 2.586235e-07 8.081986e-08 2.424596e-08 -1.697217e-07
<VARIANCE> 12
 7.243641e+00 3.455635e+01 5.417818e+01 6.120168e+01 3.179195e+01 9.700343e+01 6.917252e+01 4.315452e+01 5.043782e+01 6.062870e+01 3.407942e+01 4.596064e+01
<GCONST> 6.710103e+01
<TRANSP> 9
 0.000000e+00 1.000000e+00 0.000000e+00 0.000000e+00 0.000000e+00 0.000000e+00 0.000000e+00 0.000000e+00 0.000000e+00
 0.000000e+00 9.000000e-01 9.999999e-02 0.000000e+00 0.000000e+00 0.000000e+00 0.000000e+00 0.000000e+00 0.000000e+00
 0.000000e+00 0.000000e+00 9.000000e-01 9.999999e-02 0.000000e+00 0.000000e+00 0.000000e+00 0.000000e+00 0.000000e+00
 0.000000e+00 0.000000e+00 0.000000e+00 9.000000e-01 9.999999e-02 0.000000e+00 0.000000e+00 0.000000e+00 0.000000e+00
 0.000000e+00 0.000000e+00 0.000000e+00 0.000000e+00 9.000000e-01 9.999999e-02 0.000000e+00 0.000000e+00 0.000000e+00
 0.000000e+00 0.000000e+00 0.000000e+00 0.000000e+00 0.000000e+00 9.000000e-01 9.999999e-02 0.000000e+00 0.000000e+00
 0.000000e+00 0.000000e+00 0.000000e+00 0.000000e+00 0.000000e+00 0.000000e+00 9.000000e-01 9.999999e-02 0.000000e+00
 0.000000e+00 0.000000e+00 0.000000e+00 0.000000e+00 0.000000e+00 0.000000e+00 0.000000e+00 9.000000e-01 9.999999e-02
 0.000000e+00 0.000000e+00 0.000000e+00 0.000000e+00 0.000000e+00 0.000000e+00 0.000000e+00 0.000000e+00 0.000000e+00
<ENDHMM>
