~o
<STREAMINFO> 1 12
<VECSIZE> 12<NULLD><MFCC_Z><DIAGC>
~h "s051"
<BEGINHMM>
<NUMSTATES> 10
<STATE> 2
<MEAN> 12
 2.549047e-01 -1.804883e+00 -9.206797e-01 -6.130264e+00 -6.274298e+00 1.841911e-01 2.602146e+00 2.880634e+00 -3.089238e+00 6.234468e-01 2.851379e-01 -4.904383e+00
<VARIANCE> 12
 2.419737e+01 4.611004e+01 9.982803e+01 1.953756e+01 9.823328e+01 4.816520e+01 2.607130e+01 5.297382e+01 1.749987e+01 1.047104e+02 8.521127e+01 4.123405e+01
<GCONST> 6.801799e+01
<STATE> 3
<MEAN> 12
 2.694562e+00 -1.564982e+00 -5.333550e+00 -5.856956e+00 -3.532695e+00 -3.336683e+00 -1.476586e-01 4.582389e+00 -1.685737e+00 7.591713e-01 -4.212397e+00 -6.337751e+00
<VARIANCE> 12
 1.579452e+01 5.642375e+01 9.074293e+01 2.742216e+01 5.061263e+01 2.960683e+01 5.245704e+01 3.300521e+01 2.077508e+01 6.709229e+01 9.301429e+01 2.541390e+01
<GCONST> 6.644321e+01
<STATE> 4
<MEAN> 12
 1.317762e+00 4.081482e+00 -6.516487e-01 -6.709537e+00 -2.326194e+00 -1.342181e+00 -2.912084e+00 2.882987e+00 6.907252e-01 2.301564e+00 -1.905958e+00 -4.576120e+00
<VARIANCE> 12
 3.342785e+01 8.762079e+01 1.115318e+02 5.330435e+01 2.942766e+01 4.781478e+01 7.124482e+01 2.557030e+01 2.591226e+01 4.120855e+01 1.043455e+02 3.736884e+01
<GCONST> 6.872599e+01
<STATE> 5
<MEAN> 12
 -1.900062e+00 7.898201e+00 4.664279e+00 -5.662169e+00 -1.093221e+00 2.249989e+00 -3.330936e+00 3.646625e-01 2.535866e+00 1.577849e+00 2.482994e+00 -1.962327e+00
<VARIANCE> 12
 4.277828e+01 9.208916e+01 7.659870e+01 7.698280e+01 3.371886e+01 6.585677e+01 6.955545e+01 3.058658e+01 3.453918e+01 3.092010e+01 7.888403e+01 4.261930e+01
<GCONST> 6.947749e+01
<STATE> 6
<MEAN> 12
 -4.106095e+00 5.991127e+00 5.720440e+00 -1.436699e+00 1.498190e+00 3.594582e+00 -1.807563e+00 -2.184433e+00 2.180553e+00 3.924974e-01 4.024806e+00 4.899863e-01
<VARIANCE> 12
 3.797133e+01 1.258672e+02 5.794308e+01 8.859911e+01 3.458489e+01 8.889137e+01 5.174023e+01 2.872036e+01 5.253023e+01 3.061874e+01 3.904481e+01 3.869303e+01
<GCONST> 6.910822e+01
<STATE> 7
<MEAN> 12
 -3.212131e+00 -5.934638e-01 2.177310e+00 4.261808e+00 3.558438e+00 1.105393e+00 5.982781e-02 -3.781217e+00 3.090683e-02 -1.743700e+00 2.937111e+00 2.515915e+00
<VARIANCE> 12
 3.763936e+01 1.355383e+02 7.385080e+01 6.923837e+01 2.528086e+01 1.069221e+02 3.253657e+01 1.997642e+01 5.786254e+01 3.811264e+01 2.206389e+01 3.488985e+01
<GCONST> 6.785525e+01
<STATE> 8
<MEAN> 12
 3.491824e-01 -6.378583e+00 -2.460571e+00 9.220290e+00 3.838109e+00 -2.090490e+00 1.998363e+00 -3.327457e+00 -1.058293e+00 -3.467325e+00 6.137118e-01 5.393352e+00
<VARIANCE> 12
 3.443019e+01 6.663761e+01 5.550962e+01 3.630141e+01 2.016760e+01 7.020051e+01 2.102428e+01 1.594104e+01 3.759402e+01 4.095655e+01 2.056431e+01 3.529259e+01
<GCONST> 6.439774e+01
<STATE> 9
<MEAN> 12
 4.601800e+00 -7.628715e+00 -3.195306e+00 1.231344e+01 4.331605e+00 -3.645827e-01 3.537932e+00 -1.417587e+00 3.952903e-01 -4.434581e-01 -4.225223e+00 9.381428e+00
<VARIANCE> 12
 1.782319e+01 2.110830e+01 2.460138e+01 1.953756e+01 1.773563e+01 3.732386e+01 1.005383e+01 1.205062e+01 2.004898e+01 4.419134e+01 3.435895e+01 2.440797e+01
<GCONST> 5.897058e+01
<TRANSP> 10
 0.000000e+00 1.000000e+00 0.000000e+00 0.000000e+00 0.000000e+00 0.000000e+00 0.000000e+00 0.000000e+00 0.000000e+00 0.000000e+00
 0.000000e+00 8.666667e-01 1.333333e-01 0.000000e+00 0.000000e+00 0.000000e+00 0.000000e+00 0.000000e+00 0.000000e+00 0.000000e+00
 0.000000e+00 0.000000e+00 8.666667e-01 1.333333e-01 0.000000e+00 0.000000e+00 0.000000e+00 0.000000e+00 0.000000e+00 0.000000e+00
 0.000000e+00 0.000000e+00 0.000000e+00 8.666667e-01 1.333333e-01 0.000000e+00 0.000000e+00 0.000000e+00 0.000000e+00 0.000000e+00
 0.000000e+00 0.000000e+00 0.000000e+00 0.000000e+00 8.666667e-01 1.333333e-01 0.000000e+00 0.000000e+00 0.000000e+00 0.000000e+00
 0.000000e+00 0.000000e+00 0.000000e+00 0.000000e+00 0.000000e+00 8.666666e-01 1.333334e-01 0.000000e+00 0.000000e+00 0.000000e+00
 0.000000e+00 0.000000e+00 0.000000e+00 0.000000e+00 0.000000e+00 0.000000e+00 8.666667e-01 1.333333e-01 0.000000e+00 0.000000e+00
 0.000000e+00 0.000000e+00 0.000000e+00 0.000000e+00 0.000000e+00 0.000000e+00 0.000000e+00 8.666667e-01 1.333333e-01 0.000000e+00
 0.000000e+00 0.000000e+00 0.000000e+00 0.000000e+00 0.000000e+00 0.000000e+00 0.000000e+00 0.000000e+00 8.666667e-01 1.333333e-01
 0.000000e+00 0.000000e+00 0.000000e+00 0.000000e+00 0.000000e+00 0.000000e+00 0.000000e+00 0.000000e+00 0.000000e+00 0.000000e+00
<ENDHMM>
