~o
<STREAMINFO> 1 12
<VECSIZE> 12<NULLD><MFCC_Z><DIAGC>
~h "s057"
<BEGINHMM>
<NUMSTATES> 10
<STATE> 2
<MEAN> 12
 -1.787898e+00 8.463386e+00 8.453690e+00 1.988431e+00 -8.789626e+00 5.657417e+00 3.170905e-02 1.810598e+00 1.065187e+01 -4.975410e+00 4.831386e+00 -3.798703e+00
<VARIANCE> 12
 7.433735e+00 2.365783e+01 1.260019e+01 6.501363e+01 2.931640e+01 1.842422e+01 2.984243e+01 2.261615e+01 2.535673e+01 6.940521e+00 2.463227e+01 7.121354e+00
<GCONST> 5.707654e+01
<STATE> 3
<MEAN> 12
 -3.598271e+00 -1.161257e+01 -1.861816e+00 6.180976e+00 7.057921e+00 -8.588023e-01 5.605914e+00 -5.715172e+00 -3.213124e+00 1.598409e+00 8.869842e-01 1.355313e+00
<VARIANCE> 12
 1.034809e+01 1.551859e+01 3.045881e+01 2.786709e+01 7.906472e+00 8.799498e+01 1.881227e+01 1.157561e+01 1.472233e+01 3.059539e+01 1.058721e+01 2.246564e+01
<GCONST> 5.738741e+01
<STATE> 4
<MEAN> 12
 3.229821e+00 -3.376928e+00 -7.834864e+00 -1.308227e+00 -7.161075e-01 -3.986691e+00 -3.658970e+00 1.340672e+00 -2.077473e+00 4.100172e+00 -3.525538e+00 2.236895e+00
<VARIANCE> 12
 3.647395e+00 1.551859e+01 4.227142e+01 6.395396e+01 2.286082e+01 1.443510e+01 2.095224e+01 3.062001e+01 3.160766e+01 9.926185e+00 8.720443e+00 1.879766e+01
<GCONST> 5.710382e+01
<STATE> 5
<MEAN> 12
 -1.112796e+00 5.114964e+00 7.750481e+00 -1.600391e+01 -4.229314e+00 6.227509e+00 -1.668319e+01 5.144279e+00 -1.304409e+01 2.595995e+00 -6.598009e+00 -6.086640e+00
<VARIANCE> 12
 8.314909e+00 2.812008e+01 1.260019e+01 2.048156e+01 3.839058e+01 2.143277e+01 4.256938e+01 2.830569e+01 1.472233e+01 3.632298e+01 2.480708e+01 1.095156e+01
<GCONST> 5.875565e+01
<STATE> 6
<MEAN> 12
 -4.720266e+00 1.257880e+01 7.105700e+00 -9.711926e+00 -1.667546e+00 -1.689391e+00 -6.442731e+00 9.743527e+00 1.859921e+00 -5.311179e-02 6.277906e+00 -4.476127e+00
<VARIANCE> 12
 3.647395e+00 1.551859e+01 1.260019e+01 2.048156e+01 7.983729e+00 3.210275e+01 4.125311e+01 2.747336e+01 4.745702e+01 1.327598e+01 1.523509e+01 9.421289e+00
<GCONST> 5.563546e+01
<STATE> 7
<MEAN> 12
 9.575768e-01 -5.341323e+00 1.741863e+00 9.192492e+00 6.276323e+00 2.173069e-01 7.808115e+00 -1.399938e+00 -7.568459e+00 4.761317e+00 5.637237e+00 2.821689e+00
<VARIANCE> 12
 3.647395e+00 1.551859e+01 1.260019e+01 6.942204e+01 1.404858e+01 2.525565e+01 1.881227e+01 1.157561e+01 2.070350e+01 1.210254e+01 1.390176e+01 1.745980e+01
<GCONST> 5.513511e+01
<STATE> 8
<MEAN> 12
 4.324935e+00 -6.321403e+00 -1.224816e+01 9.767683e+00 2.811817e+00 -6.530254e+00 4.708857e+00 -2.448898e-01 8.586603e+00 -7.428868e+00 -3.564543e+00 1.079144e+01
<VARIANCE> 12
 3.647395e+00 1.551859e+01 1.260019e+01 2.450966e+01 1.027017e+01 8.747289e+00 1.881227e+01 1.157561e+01 1.472233e+01 7.899549e+00 9.197118e+00 7.121354e+00
<GCONST> 5.064292e+01
<STATE> 9
<MEAN> 12
 4.949325e+00 -1.283136e+00 -4.860375e+00 5.032009e+00 -1.105188e+00 4.491158e-01 9.058531e+00 -8.630405e+00 5.128217e+00 -1.272451e+00 -3.220787e+00 9.729893e-01
<VARIANCE> 12
 5.829979e+00 1.551859e+01 1.260019e+01 2.048156e+01 1.262469e+01 8.747289e+00 1.881227e+01 3.190645e+01 1.752424e+01 3.991426e+01 1.180818e+01 1.633700e+01
<GCONST> 5.502708e+01
<TRANSP> 10
 0.000000e+00 1.000000e+00 0.000000e+00 0.000000e+00 0.000000e+00 0.000000e+00 0.000000e+00 0.000000e+00 0.000000e+00 0.000000e+00
 0.000000e+00 8.333333e-01 1.666667e-01 0.000000e+00 0.000000e+00 0.000000e+00 0.000000e+00 0.000000e+00 0.000000e+00 0.000000e+00
 0.000000e+00 0.000000e+00 8.997173e-01 1.002827e-01 0.000000e+00 0.000000e+00 0.000000e+00 0.000000e+00 0.000000e+00 0.000000e+00
 0.000000e+00 0.000000e+00 0.000000e+00 8.435460e-01 1.564540e-01 0.000000e+00 0.000000e+00 0.000000e+00 0.000000e+00 0.000000e+00
 0.000000e+00 0.000000e+00 0.000000e+00 0.000000e+00 8.711326e-01 1.288675e-01 0.000000e+00 0.000000e+00 0.000000e+00 0.000000e+00
 0.000000e+00 0.000000e+00 0.000000e+00 0.000000e+00 0.000000e+00 8.978553e-01 1.021447e-01 0.000000e+00 0.000000e+00 0.000000e+00
 0.000000e+00 0.000000e+00 0.000000e+00 0.000000e+00 0.000000e+00 0.000000e+00 8.001606e-01 1.998394e-01 0.000000e+00 0.000000e+00
 0.000000e+00 0.000000e+00 0.000000e+00 0.000000e+00 0.000000e+00 0.000000e+00 0.000000e+00 8.254970e-01 1.745030e-01 0.000000e+00
 0.000000e+00 0.000000e+00 0.000000e+00 0.000000e+00 0.000000e+00 0.000000e+00 0.000000e+00 0.000000e+00 9.034004e-01 9.659960e-02
 0.000000e+00 0.000000e+00 0.000000e+00 0.000000e+00 0.000000e+00 0.000000e+00 0.000000e+00 0.000000e+00 0.000000e+00 0.000000e+00
<ENDHMM>
