~o
<STREAMINFO> 1 12
<VECSIZE> 12<NULLD><MFCC_Z><DIAGC>
~h "s018"
<BEGINHMM>
<NUMSTATES> 12
<STATE> 2
<MEAN> 12
 -1.417912e+01 4.760246e+00 -5.391553e+00 3.156271e+00 1.128162e+01 1.911108e+00 6.822332e+00 7.285226e+00 7.483007e+00 9.002128e+00 -2.136932e-01 8.973651e+00
<VARIANCE> 12
 9.755198e+00 2.271602e+01 5.721014e+00 2.987363e+01 1.250955e+01 2.136095e+01 9.533775e+00 1.014899e+01 1.439602e+01 1.941513e+01 7.584404e+00 2.608318e+01
<GCONST> 5.367718e+01
<STATE> 3
<MEAN> 12
 2.714650e+00 -3.086337e+00 -2.711604e-01 7.645413e-01 5.473622e+00 -5.090640e+00 7.411963e+00 2.346469e+00 -7.761456e+00 -4.033923e+00 -1.869915e+00 7.538240e+00
<VARIANCE> 12
 1.047688e+01 3.720099e+01 5.100912e+01 5.587125e+01 5.611296e+01 2.068662e+01 2.297296e+01 1.986340e+01 1.983685e+01 3.335410e+01 2.257496e+01 3.155500e+01
<GCONST> 6.221843e+01
<STATE> 4
<MEAN> 12
 8.767944e+00 -2.204745e+00 -7.754457e+00 1.158010e+01 1.005297e+01 -4.572753e-02 5.549546e+00 2.318186e+00 4.974345e+00 -3.846262e+00 -6.284348e+00 1.905127e+00
<VARIANCE> 12
 9.755198e+00 2.271602e+01 1.575994e+01 1.233826e+01 1.250955e+01 4.830620e+01 2.817316e+01 3.173872e+01 1.455314e+01 1.051888e+01 1.054112e+01 2.306028e+01
<GCONST> 5.644991e+01
<STATE> 5
<MEAN> 12
 -1.092275e+01 -2.488007e+00 1.215627e+00 1.834201e+00 1.517378e+00 7.542525e+00 2.449577e+00 2.912321e+00 7.185197e+00 4.048256e+00 -3.435954e+00 4.358223e-01
<VARIANCE> 12
 1.090417e+01 2.271602e+01 8.002503e+00 1.233826e+01 1.250955e+01 6.686310e+00 1.358962e+01 3.526092e+01 2.478154e+01 8.856680e+00 3.348790e+01 8.432696e+00
<GCONST> 5.379241e+01
<STATE> 6
<MEAN> 12
 -3.874298e+00 -6.442876e+00 1.006690e+01 1.133265e+00 2.267451e+00 2.356792e+00 -1.211276e-01 -5.280572e+00 -2.117365e+00 -2.941160e-01 -5.002994e+00 -4.183560e+00
<VARIANCE> 12
 5.456749e+01 2.271602e+01 9.594067e+00 1.233826e+01 5.828052e+01 3.530723e+01 1.698480e+01 8.150092e+00 8.854650e+00 3.927618e+01 1.705088e+01 1.209046e+01
<GCONST> 5.769077e+01
<STATE> 7
<MEAN> 12
 3.780985e+00 -1.772868e+01 2.410467e+00 1.473356e+00 -9.052922e+00 3.652800e+00 -7.608712e+00 -1.693551e+00 -4.724841e+00 -9.607505e+00 2.594985e+00 -7.799119e-01
<VARIANCE> 12
 9.755198e+00 2.271602e+01 5.721014e+00 1.233826e+01 1.250955e+01 1.898371e+01 9.533775e+00 8.150092e+00 1.220778e+01 3.043979e+01 7.584404e+00 1.765171e+01
<GCONST> 5.234995e+01
<STATE> 8
<MEAN> 12
 -3.551119e+00 -5.015382e+00 1.487560e+00 -7.847281e+00 -4.384943e+00 9.419332e-01 1.074125e-01 -7.074735e+00 -4.036166e+00 1.775601e+00 -3.043930e+00 -4.121308e+00
<VARIANCE> 12
 9.755198e+00 4.608718e+01 1.420203e+01 6.662613e+01 1.250955e+01 2.297995e+01 2.351381e+01 2.658511e+01 2.719832e+01 1.804979e+01 2.621683e+01 2.307640e+01
<GCONST> 5.971590e+01
<STATE> 9
<MEAN> 12
 6.454374e-01 1.104520e+01 7.801474e-02 -2.344565e+00 -7.344994e+00 -2.000646e+00 -3.867374e+00 -1.836978e+00 -6.294097e+00 7.224150e-01 3.002264e+00 -5.746478e+00
<VARIANCE> 12
 9.755198e+00 2.271602e+01 5.721014e+00 2.366033e+01 1.250955e+01 4.495867e+01 9.533775e+00 2.142554e+01 1.357626e+01 8.856680e+00 7.584404e+00 8.432696e+00
<GCONST> 5.296271e+01
<STATE> 10
<MEAN> 12
 2.231553e+00 1.668898e+01 2.035756e+00 -6.205481e+00 -5.230851e+00 -4.396204e+00 -7.319989e+00 4.628815e+00 2.846176e+00 2.623936e+00 8.572504e+00 -5.084217e+00
<VARIANCE> 12
 9.755198e+00 2.271602e+01 5.721014e+00 1.233826e+01 1.514004e+01 6.686310e+00 1.930517e+01 8.600402e+00 9.074885e+00 1.161467e+01 1.450403e+01 1.298339e+01
<GCONST> 5.133771e+01
<STATE> 11
<MEAN> 12
 3.352993e+00 5.613555e+00 2.089393e+00 2.654139e+00 -1.548657e+00 7.427008e-01 -1.522808e+00 -4.795472e+00 3.004647e+00 4.008432e+00 2.233697e+00 7.519687e-01
<VARIANCE> 12
 9.755198e+00 2.271602e+01 5.721014e+00 1.233826e+01 1.657052e+01 1.082097e+01 9.533775e+00 2.128280e+01 1.928794e+01 2.346802e+01 1.094103e+01 1.880826e+01
<GCONST> 5.365603e+01
<TRANSP> 12
 0.000000e+00 1.000000e+00 0.000000e+00 0.000000e+00 0.000000e+00 0.000000e+00 0.000000e+00 0.000000e+00 0.000000e+00 0.000000e+00 0.000000e+00 0.000000e+00
 0.000000e+00 8.333333e-01 1.666667e-01 0.000000e+00 0.000000e+00 0.000000e+00 0.000000e+00 0.000000e+00 0.000000e+00 0.000000e+00 0.000000e+00 0.000000e+00
 0.000000e+00 0.000000e+00 8.889859e-01 1.110141e-01 0.000000e+00 0.000000e+00 0.000000e+00 0.000000e+00 0.000000e+00 0.000000e+00 0.000000e+00 0.000000e+00
 0.000000e+00 0.000000e+00 0.000000e+00 8.990136e-01 1.009864e-01 0.000000e+00 0.000000e+00 0.000000e+00 0.000000e+00 0.000000e+00 0.000000e+00 0.000000e+00
 0.000000e+00 0.000000e+00 0.000000e+00 0.000000e+00 8.018925e-01 1.981075e-01 0.000000e+00 0.000000e+00 0.000000e+00 0.000000e+00 0.000000e+00 0.000000e+00
 0.000000e+00 0.000000e+00 0.000000e+00 0.000000e+00 0.000000e+00 6.055285e-01 3.944716e-01 0.000000e+00 0.000000e+00 0.000000e+00 0.000000e+00 0.000000e+00
 0.000000e+00 0.000000e+00 0.000000e+00 0.000000e+00 0.000000e+00 0.000000e+00 8.856664e-01 1.143337e-01 0.000000e+00 0.000000e+00 0.000000e+00 0.000000e+00
 0.000000e+00 0.000000e+00 0.000000e+00 0.000000e+00 0.000000e+00 0.000000e+00 0.000000e+00 9.234153e-01 7.658470e-02 0.000000e+00 0.000000e+00 0.000000e+00
 0.000000e+00 0.000000e+00 0.000000e+00 0.000000e+00 0.000000e+00 0.000000e+00 0.000000e+00 0.000000e+00 6.189557e-01 3.810442e-01 0.000000e+00 0.000000e+00
 0.000000e+00 0.000000e+00 0.000000e+00 0.000000e+00 0.000000e+00 0.000000e+00 0.000000e+00 0.000000e+00 0.000000e+00 9.176096e-01 8.239041e-02 0.000000e+00
 0.000000e+00 0.000000e+00 0.000000e+00 0.000000e+00 0.000000e+00 0.000000e+00 0.000000e+00 0.000000e+00 0.000000e+00 0.000000e+00 8.559399e-01 1.440602e-01
 0.000000e+00 0.000000e+00 0.000000e+00 0.000000e+00 0.000000e+00 0.000000e+00 0.000000e+00 0.000000e+00 0.000000e+00 0.000000e+00 0.000000e+00 0.000000e+00
<ENDHMM>
