~o
<STREAMINFO> 1 12
<VECSIZE> 12<NULLD><MFCC_Z><DIAGC>
~h "T1375868502"
<BEGINHMM>
<NUMSTATES> 32
<STATE> 2
<MEAN> 12
 -1.974397e+00 -6.667181e-01 -1.197845e-01 -1.296767e+01 -6.165500e-01 5.945249e+00 -5.549142e+00 4.493274e+00 -2.480072e+00 -4.565053e+00 -5.673525e+00 3.611427e+00
<VARIANCE> 12
 4.466856e+00 1.312641e+01 3.207396e+00 1.098554e+01 1.299813e+01 1.485255e+01 5.418766e+00 3.401899e+01 4.859807e+00 6.658738e+00 4.056739e+00 4.887998e+00
<GCONST> 4.663173e+01
<STATE> 3
<MEAN> 12
 6.055790e+00 2.613068e+00 -1.791142e+00 -1.273157e+01 -7.254494e+00 -1.157734e+01 -6.788137e+00 -3.761591e+00 -5.026272e+00 -5.406896e-01 -2.760574e+00 6.404403e+00
<VARIANCE> 12
 1.041227e+01 9.370795e+00 5.020926e+00 2.206699e+01 4.588348e+00 4.292622e+01 6.807147e+00 5.625915e+00 1.232846e+01 6.001196e+00 6.523890e+00 1.871088e+01
<GCONST> 4.937961e+01
<STATE> 4
<MEAN> 12
 -3.734096e-01 8.930262e+00 -5.207640e+00 -1.591234e+00 -6.199963e+00 -8.888766e+00 -9.912465e+00 -6.602545e-01 -3.058427e+00 -4.032324e+00 5.661202e+00 -8.793743e+00
<VARIANCE> 12
 1.266867e+01 7.831856e+00 5.534850e+00 1.278651e+01 4.588348e+00 8.286922e+00 1.022211e+01 1.993842e+01 5.799332e+00 8.255611e+00 1.427885e+01 2.227110e+01
<GCONST> 4.949742e+01
<STATE> 5
<MEAN> 12
 -1.244523e+00 1.353421e+01 -6.284281e+00 -2.931075e+00 -4.443612e+00 -7.163172e+00 -8.626846e+00 4.225714e+00 -4.057613e-01 -1.813987e-01 8.814342e+00 -7.945093e+00
<VARIANCE> 12
 4.466856e+00 7.271332e+00 1.323254e+01 1.089300e+01 1.055736e+01 7.320475e+00 7.384899e+00 5.625915e+00 1.323395e+01 6.319854e+00 6.718359e+00 1.180828e+01
<GCONST> 4.738039e+01
<STATE> 6
<MEAN> 12
 5.804487e-01 7.120194e+00 2.265563e+00 4.176654e+00 2.668234e+00 -7.504951e+00 -2.119164e+00 2.122666e+00 4.194891e+00 4.800253e-01 6.992883e+00 -6.611993e-01
<VARIANCE> 12
 5.580467e+00 1.956997e+01 1.267988e+01 3.299615e+01 1.420457e+01 7.320475e+00 1.955109e+01 8.561744e+00 5.815339e+00 1.923648e+01 2.212315e+01 8.973869e+00
<GCONST> 5.255703e+01
<STATE> 7
<MEAN> 12
 -1.710453e+00 2.600905e+00 1.332009e+00 8.489090e-01 4.723404e+00 -5.354133e+00 1.199344e-01 2.431158e+00 4.461152e+00 -3.503507e+00 2.216274e+00 9.687714e-02
<VARIANCE> 12
 6.921209e+00 7.271332e+00 1.264953e+01 3.407192e+01 1.471264e+01 1.252907e+01 1.031131e+01 1.256133e+01 6.021170e+00 1.959906e+01 3.239564e+01 8.442253e+00
<GCONST> 5.250181e+01
<STATE> 8
<MEAN> 12
 7.515962e-01 -6.380083e-02 7.527592e-01 -7.931998e+00 -5.036573e-01 1.406219e+00 -4.663636e+00 1.180110e+00 2.667609e+00 1.375879e+00 -3.120405e+00 -7.503589e-01
<VARIANCE> 12
 6.950520e+00 7.271332e+00 5.095686e+00 7.515330e+00 1.609911e+01 2.916200e+01 1.055258e+01 1.394178e+01 8.719934e+00 3.872540e+01 7.667574e+00 7.096298e+00
<GCONST> 5.058419e+01
<STATE> 9
<MEAN> 12
 3.356383e+00 3.014750e+00 1.476038e+00 -7.041632e+00 -2.254695e+00 -7.953653e-01 -4.120340e+00 3.163324e+00 -1.124515e+00 4.497245e+00 -1.416789e+00 -5.540841e-01
<VARIANCE> 12
 1.012899e+01 1.812073e+01 1.225703e+01 7.515330e+00 6.667144e+00 3.365672e+01 1.022568e+01 2.033016e+01 1.544871e+01 3.146308e+01 9.215656e+00 9.522004e+00
<GCONST> 5.320129e+01
<STATE> 10
<MEAN> 12
 1.175295e+00 7.487062e+00 4.830092e+00 -8.688655e+00 -8.448104e-01 2.380522e+00 -4.018569e+00 1.141296e+01 -3.314885e+00 4.132782e+00 8.672455e-01 -3.422842e+00
<VARIANCE> 12
 4.466856e+00 1.494609e+01 5.394235e+00 4.055938e+01 5.641204e+00 1.105628e+01 1.606125e+01 2.976011e+01 2.005345e+01 4.571891e+01 7.831151e+00 1.582543e+01
<GCONST> 5.358708e+01
<STATE> 11
<MEAN> 12
 -1.408049e+00 9.563647e-01 5.714700e+00 1.835074e+00 -1.367797e+00 1.216374e+00 7.985159e-01 3.992479e+00 3.159281e+00 1.090415e+01 -1.103240e+00 -1.971322e+00
<VARIANCE> 12
 5.781564e+00 1.545432e+01 4.919343e+00 2.553775e+01 7.060829e+00 8.815449e+00 1.749268e+01 2.971462e+01 2.542090e+01 2.142661e+01 2.394430e+01 1.969073e+01
<GCONST> 5.422100e+01
<STATE> 12
<MEAN> 12
 -5.021056e+00 -5.592525e+00 4.077224e+00 4.449265e+00 -2.038752e+00 2.716252e+00 3.488447e+00 -3.390320e+00 5.849403e+00 9.454782e+00 -5.221550e+00 2.997702e+00
<VARIANCE> 12
 4.695654e+00 1.643648e+01 5.665761e+00 7.515330e+00 4.588348e+00 9.778765e+00 6.692995e+00 1.279465e+01 1.009598e+01 1.256996e+01 9.747390e+00 1.463041e+01
<GCONST> 4.820942e+01
<STATE> 13
<MEAN> 12
 -4.293478e+00 -8.601825e+00 2.063093e+00 6.511563e+00 -1.990155e+00 -1.401274e+00 1.374269e+00 -7.878674e+00 2.569649e+00 4.239292e+00 -6.745039e+00 2.113771e+00
<VARIANCE> 12
 1.603301e+01 7.271332e+00 7.010732e+00 1.802357e+01 5.027847e+00 1.424616e+01 9.565283e+00 6.088130e+00 2.049069e+01 1.886373e+01 1.418712e+01 2.451721e+01
<GCONST> 5.179712e+01
<STATE> 14
<MEAN> 12
 7.051156e-01 -1.042406e+01 -1.537456e+00 6.394406e+00 -4.360662e+00 -4.110218e+00 4.939698e-01 -8.227535e+00 -5.256628e+00 2.064028e+00 -5.218645e+00 -2.524326e-01
<VARIANCE> 12
 7.502880e+00 7.271332e+00 8.510743e+00 8.372355e+00 6.177843e+00 7.320475e+00 5.418766e+00 1.375604e+01 1.704263e+01 8.686327e+00 2.565104e+01 1.312387e+01
<GCONST> 4.925950e+01
<STATE> 15
<MEAN> 12
 3.982136e+00 -5.822699e+00 -4.065105e+00 7.239144e+00 -2.207527e-01 -4.610065e+00 2.672668e+00 1.250646e+00 -7.426733e+00 2.876574e+00 9.334880e-01 1.866934e+00
<VARIANCE> 12
 6.067151e+00 2.275752e+01 4.605861e+00 7.515330e+00 1.779282e+01 1.056990e+01 6.112607e+00 4.078495e+01 8.512356e+00 1.043594e+01 1.189993e+01 1.269257e+01
<GCONST> 5.078638e+01
<STATE> 16
<MEAN> 12
 5.972829e+00 -3.140558e+00 -3.094060e+00 6.849918e+00 1.841553e+00 -3.484462e+00 2.768718e+00 7.649894e-01 -7.464560e+00 2.417127e+00 3.103548e+00 6.506571e-01
<VARIANCE> 12
 5.463574e+00 3.632163e+01 4.911623e+00 1.671100e+01 1.144567e+01 2.274635e+01 1.166866e+01 3.275588e+01 1.409689e+01 9.139239e+00 1.203458e+01 1.957466e+01
<GCONST> 5.358127e+01
<STATE> 17
<MEAN> 12
 7.287127e+00 3.468314e+00 -6.360873e-01 1.236845e+00 -4.769447e+00 -4.215851e+00 5.223155e+00 -7.317085e-01 -4.456827e+00 5.412141e-01 3.605298e+00 1.762638e-01
<VARIANCE> 12
 8.550902e+00 2.176060e+01 3.232311e+00 8.441724e+00 2.515054e+01 2.970292e+01 2.924507e+01 1.419620e+01 8.327830e+00 9.271462e+00 5.455904e+00 6.313941e+00
<GCONST> 5.111785e+01
<STATE> 18
<MEAN> 12
 1.712657e+00 -4.094052e+00 -2.698545e+00 1.948649e+00 -5.347088e+00 2.914821e+00 9.871993e+00 -1.858019e+00 -1.156213e+00 -5.676885e+00 -1.419891e+00 -1.730393e+00
<VARIANCE> 12
 5.912332e+00 1.531764e+01 7.664861e+00 7.515330e+00 3.786568e+01 1.183142e+01 1.773757e+01 9.886613e+00 8.619705e+00 1.724770e+01 8.201332e+00 3.772066e+00
<GCONST> 5.031948e+01
<STATE> 19
<MEAN> 12
 -2.696328e-01 -5.873117e+00 -2.578343e+00 3.560224e+00 7.820016e-01 3.056901e+00 6.874067e+00 9.385337e-01 6.238234e-01 -5.178852e+00 -1.917796e+00 -5.774218e-01
<VARIANCE> 12
 5.570067e+00 7.271332e+00 6.797944e+00 7.515330e+00 4.611306e+01 1.031966e+01 2.723157e+01 1.583967e+01 2.012839e+01 1.692928e+01 1.418238e+01 7.260571e+00
<GCONST> 5.238712e+01
<STATE> 20
<MEAN> 12
 -5.464499e+00 -7.892226e+00 -2.241970e+00 2.185460e+00 1.599624e+00 4.610358e+00 3.207659e+00 8.921258e-01 7.522645e+00 -1.200586e+00 3.018384e+00 2.315664e+00
<VARIANCE> 12
 1.952909e+01 7.271332e+00 4.931720e+00 7.515330e+00 2.272694e+01 2.064676e+01 1.771858e+01 2.797191e+01 8.109217e+01 2.469933e+01 3.742304e+01 1.444604e+01
<GCONST> 5.687500e+01
<STATE> 21
<MEAN> 12
 -5.768606e+00 -1.151579e+01 2.777663e-01 -3.320356e-01 1.286409e+00 9.048482e+00 2.914254e+00 -5.009351e+00 3.539140e+00 -2.014170e+00 -3.474599e+00 2.466882e+00
<VARIANCE> 12
 1.927637e+01 9.373128e+00 7.850199e+00 1.254865e+01 7.552085e+00 2.156695e+01 1.095694e+01 1.779500e+01 4.868855e+01 1.156173e+01 3.586598e+01 2.119317e+01
<GCONST> 5.517390e+01
<STATE> 22
<MEAN> 12
 -1.354253e+00 -8.323879e+00 -9.904953e-01 -1.430769e+00 4.828390e-01 8.293543e+00 3.718178e+00 -8.155283e+00 8.766792e-01 -2.299523e+00 -1.812436e+00 5.087109e-02
<VARIANCE> 12
 1.555170e+01 3.629652e+01 8.473742e+00 1.546501e+01 8.162117e+00 1.042272e+01 9.114977e+00 1.201681e+01 1.885746e+01 7.869110e+00 2.559101e+01 1.317258e+01
<GCONST> 5.322591e+01
<STATE> 23
<MEAN> 12
 2.720966e+00 2.009454e+00 1.908044e-01 2.868790e+00 -4.221322e+00 8.165714e+00 8.410620e+00 -6.281233e+00 2.576785e+00 -3.514960e+00 1.551280e-02 -4.864829e+00
<VARIANCE> 12
 4.466856e+00 9.307727e+00 8.842217e+00 7.515330e+00 1.268358e+01 7.320475e+00 1.053081e+01 6.814308e+00 1.012207e+01 9.075257e+00 1.814096e+01 1.701136e+01
<GCONST> 4.903518e+01
<STATE> 24
<MEAN> 12
 -5.222963e-01 3.684623e+00 4.792100e+00 3.176861e+00 -6.099550e-01 1.042506e+01 6.020124e+00 -5.004595e+00 2.772931e+00 -3.748834e+00 1.080611e+00 -5.555203e+00
<VARIANCE> 12
 3.113971e+01 7.271332e+00 1.353790e+01 1.436732e+01 2.997356e+01 7.320475e+00 3.312802e+01 1.018835e+01 4.859807e+00 5.813990e+00 8.395565e+00 1.098380e+01
<GCONST> 5.182540e+01
<STATE> 25
<MEAN> 12
 -1.093909e+01 3.609828e+00 1.371023e+00 6.374115e+00 5.229720e+00 7.981790e+00 1.390874e+00 -3.603594e+00 6.546898e+00 -3.554074e+00 3.152507e+00 1.911899e+00
<VARIANCE> 12
 2.115799e+01 9.058490e+00 2.734739e+01 1.195791e+01 1.316253e+01 1.964017e+01 2.827708e+01 1.046273e+01 1.699936e+01 1.295634e+01 6.613489e+00 5.021973e+01
<GCONST> 5.554536e+01
<STATE> 26
<MEAN> 12
 -8.866594e+00 9.949335e-01 -4.700310e-01 1.846625e+00 -1.981880e-01 1.473596e+00 5.653538e+00 -3.848459e+00 6.149828e+00 -1.509148e+00 1.820050e+00 6.174049e+00
<VARIANCE> 12
 4.234301e+01 7.271332e+00 1.587971e+01 2.975019e+01 6.696584e+01 3.898145e+01 2.332316e+01 1.035338e+01 3.574229e+01 1.301778e+01 2.163198e+01 3.113920e+01
<GCONST> 5.995147e+01
<STATE> 27
<MEAN> 12
 1.429186e+00 5.471626e-01 4.697028e+00 -4.237832e-01 -4.193373e+00 -5.935248e+00 1.923663e+00 -1.925071e+00 1.374780e+00 1.182305e+00 -2.857044e+00 -1.125661e+00
<VARIANCE> 12
 1.158768e+01 7.271332e+00 6.028312e+00 6.968233e+01 1.002851e+02 1.169760e+01 1.978696e+01 9.084661e+00 5.360744e+00 1.085576e+01 8.887178e+00 8.825361e+00
<GCONST> 5.321387e+01
<STATE> 28
<MEAN> 12
 -4.182103e+00 -1.061455e+00 1.351357e-01 1.949509e+00 6.814143e+00 -6.682039e-01 -2.432277e+00 5.591871e-01 3.224360e-01 1.928366e+00 4.828053e-01 9.016100e-01
<VARIANCE> 12
 2.672728e+01 7.271332e+00 1.821760e+01 4.979346e+01 3.227542e+01 1.817547e+01 1.514063e+01 1.424290e+01 5.261224e+00 5.049740e+00 2.459454e+01 9.113637e+00
<GCONST> 5.457443e+01
<STATE> 29
<MEAN> 12
 -2.464255e+00 3.264199e+00 -2.553216e+00 -2.083615e+00 6.932089e+00 -2.394860e+00 -1.110569e+00 5.038916e+00 3.127212e+00 1.357427e+00 4.344012e+00 1.379584e-01
<VARIANCE> 12
 1.792780e+01 1.839653e+01 1.280685e+01 1.656314e+01 1.881161e+01 9.086691e+00 1.085702e+01 2.955835e+01 9.457699e+00 9.356703e+00 9.061134e+00 8.763184e+00
<GCONST> 5.298014e+01
<STATE> 30
<MEAN> 12
 1.902866e+00 7.982957e+00 2.357675e+00 -8.072133e-03 4.676173e+00 8.873387e-02 -5.068496e+00 5.431625e+00 1.515834e+00 -5.268830e+00 -1.338322e+00 -2.562937e+00
<VARIANCE> 12
 4.466856e+00 7.271332e+00 5.985471e+00 9.575091e+00 8.805111e+00 2.128377e+01 1.272589e+01 1.691779e+01 1.296802e+01 8.664174e+00 3.810119e+01 1.363212e+01
<GCONST> 5.116329e+01
<STATE> 31
<MEAN> 12
 5.161394e+00 4.928533e+00 3.763996e+00 2.445834e+00 2.815906e+00 -5.010891e+00 -2.672552e+00 1.218246e+00 1.411405e+00 -3.146194e-01 -1.783037e+00 3.201965e+00
<VARIANCE> 12
 4.466856e+00 7.271332e+00 2.734510e+00 9.523258e+00 4.588348e+00 2.057657e+01 1.064768e+01 1.288695e+01 1.519142e+01 1.295036e+01 4.056739e+00 1.573013e+01
<GCONST> 4.770188e+01
<TRANSP> 32
 0.000000e+00 1.000000e+00 0.000000e+00 0.000000e+00 0.000000e+00 0.000000e+00 0.000000e+00 0.000000e+00 0.000000e+00 0.000000e+00 0.000000e+00 0.000000e+00 0.000000e+00 0.000000e+00 0.000000e+00 0.000000e+00 0.000000e+00 0.000000e+00 0.000000e+00 0.000000e+00 0.000000e+00 0.000000e+00 0.000000e+00 0.000000e+00 0.000000e+00 0.000000e+00 0.000000e+00 0.000000e+00 0.000000e+00 0.000000e+00 0.000000e+00 0.000000e+00
 0.000000e+00 8.724672e-01 1.275328e-01 0.000000e+00 0.000000e+00 0.000000e+00 0.000000e+00 0.000000e+00 0.000000e+00 0.000000e+00 0.000000e+00 0.000000e+00 0.000000e+00 0.000000e+00 0.000000e+00 0.000000e+00 0.000000e+00 0.000000e+00 0.000000e+00 0.000000e+00 0.000000e+00 0.000000e+00 0.000000e+00 0.000000e+00 0.000000e+00 0.000000e+00 0.000000e+00 0.000000e+00 0.000000e+00 0.000000e+00 0.000000e+00 0.000000e+00
 0.000000e+00 0.000000e+00 8.298835e-01 1.701164e-01 0.000000e+00 0.000000e+00 0.000000e+00 0.000000e+00 0.000000e+00 0.000000e+00 0.000000e+00 0.000000e+00 0.000000e+00 0.000000e+00 0.000000e+00 0.000000e+00 0.000000e+00 0.000000e+00 0.000000e+00 0.000000e+00 0.000000e+00 0.000000e+00 0.000000e+00 0.000000e+00 0.000000e+00 0.000000e+00 0.000000e+00 0.000000e+00 0.000000e+00 0.000000e+00 0.000000e+00 0.000000e+00
 0.000000e+00 0.000000e+00 0.000000e+00 7.658688e-01 2.341312e-01 0.000000e+00 0.000000e+00 0.000000e+00 0.000000e+00 0.000000e+00 0.000000e+00 0.000000e+00 0.000000e+00 0.000000e+00 0.000000e+00 0.000000e+00 0.000000e+00 0.000000e+00 0.000000e+00 0.000000e+00 0.000000e+00 0.000000e+00 0.000000e+00 0.000000e+00 0.000000e+00 0.000000e+00 0.000000e+00 0.000000e+00 0.000000e+00 0.000000e+00 0.000000e+00 0.000000e+00
 0.000000e+00 0.000000e+00 0.000000e+00 0.000000e+00 8.541574e-01 1.458426e-01 0.000000e+00 0.000000e+00 0.000000e+00 0.000000e+00 0.000000e+00 0.000000e+00 0.000000e+00 0.000000e+00 0.000000e+00 0.000000e+00 0.000000e+00 0.000000e+00 0.000000e+00 0.000000e+00 0.000000e+00 0.000000e+00 0.000000e+00 0.000000e+00 0.000000e+00 0.000000e+00 0.000000e+00 0.000000e+00 0.000000e+00 0.000000e+00 0.000000e+00 0.000000e+00
 0.000000e+00 0.000000e+00 0.000000e+00 0.000000e+00 0.000000e+00 7.998192e-01 2.001809e-01 0.000000e+00 0.000000e+00 0.000000e+00 0.000000e+00 0.000000e+00 0.000000e+00 0.000000e+00 0.000000e+00 0.000000e+00 0.000000e+00 0.000000e+00 0.000000e+00 0.000000e+00 0.000000e+00 0.000000e+00 0.000000e+00 0.000000e+00 0.000000e+00 0.000000e+00 0.000000e+00 0.000000e+00 0.000000e+00 0.000000e+00 0.000000e+00 0.000000e+00
 0.000000e+00 0.000000e+00 0.000000e+00 0.000000e+00 0.000000e+00 0.000000e+00 8.191419e-01 1.808581e-01 0.000000e+00 0.000000e+00 0.000000e+00 0.000000e+00 0.000000e+00 0.000000e+00 0.000000e+00 0.000000e+00 0.000000e+00 0.000000e+00 0.000000e+00 0.000000e+00 0.000000e+00 0.000000e+00 0.000000e+00 0.000000e+00 0.000000e+00 0.000000e+00 0.000000e+00 0.000000e+00 0.000000e+00 0.000000e+00 0.000000e+00 0.000000e+00
 0.000000e+00 0.000000e+00 0.000000e+00 0.000000e+00 0.000000e+00 0.000000e+00 0.000000e+00 8.545744e-01 1.454256e-01 0.000000e+00 0.000000e+00 0.000000e+00 0.000000e+00 0.000000e+00 0.000000e+00 0.000000e+00 0.000000e+00 0.000000e+00 0.000000e+00 0.000000e+00 0.000000e+00 0.000000e+00 0.000000e+00 0.000000e+00 0.000000e+00 0.000000e+00 0.000000e+00 0.000000e+00 0.000000e+00 0.000000e+00 0.000000e+00 0.000000e+00
 0.000000e+00 0.000000e+00 0.000000e+00 0.000000e+00 0.000000e+00 0.000000e+00 0.000000e+00 0.000000e+00 9.271511e-01 7.284890e-02 0.000000e+00 0.000000e+00 0.000000e+00 0.000000e+00 0.000000e+00 0.000000e+00 0.000000e+00 0.000000e+00 0.000000e+00 0.000000e+00 0.000000e+00 0.000000e+00 0.000000e+00 0.000000e+00 0.000000e+00 0.000000e+00 0.000000e+00 0.000000e+00 0.000000e+00 0.000000e+00 0.000000e+00 0.000000e+00
 0.000000e+00 0.000000e+00 0.000000e+00 0.000000e+00 0.000000e+00 0.000000e+00 0.000000e+00 0.000000e+00 0.000000e+00 8.693540e-01 1.306460e-01 0.000000e+00 0.000000e+00 0.000000e+00 0.000000e+00 0.000000e+00 0.000000e+00 0.000000e+00 0.000000e+00 0.000000e+00 0.000000e+00 0.000000e+00 0.000000e+00 0.000000e+00 0.000000e+00 0.000000e+00 0.000000e+00 0.000000e+00 0.000000e+00 0.000000e+00 0.000000e+00 0.000000e+00
 0.000000e+00 0.000000e+00 0.000000e+00 0.000000e+00 0.000000e+00 0.000000e+00 0.000000e+00 0.000000e+00 0.000000e+00 0.000000e+00 6.961253e-01 3.038747e-01 0.000000e+00 0.000000e+00 0.000000e+00 0.000000e+00 0.000000e+00 0.000000e+00 0.000000e+00 0.000000e+00 0.000000e+00 0.000000e+00 0.000000e+00 0.000000e+00 0.000000e+00 0.000000e+00 0.000000e+00 0.000000e+00 0.000000e+00 0.000000e+00 0.000000e+00 0.000000e+00
 0.000000e+00 0.000000e+00 0.000000e+00 0.000000e+00 0.000000e+00 0.000000e+00 0.000000e+00 0.000000e+00 0.000000e+00 0.000000e+00 0.000000e+00 7.000787e-01 2.999213e-01 0.000000e+00 0.000000e+00 0.000000e+00 0.000000e+00 0.000000e+00 0.000000e+00 0.000000e+00 0.000000e+00 0.000000e+00 0.000000e+00 0.000000e+00 0.000000e+00 0.000000e+00 0.000000e+00 0.000000e+00 0.000000e+00 0.000000e+00 0.000000e+00 0.000000e+00
 0.000000e+00 0.000000e+00 0.000000e+00 0.000000e+00 0.000000e+00 0.000000e+00 0.000000e+00 0.000000e+00 0.000000e+00 0.000000e+00 0.000000e+00 0.000000e+00 7.215079e-01 2.784922e-01 0.000000e+00 0.000000e+00 0.000000e+00 0.000000e+00 0.000000e+00 0.000000e+00 0.000000e+00 0.000000e+00 0.000000e+00 0.000000e+00 0.000000e+00 0.000000e+00 0.000000e+00 0.000000e+00 0.000000e+00 0.000000e+00 0.000000e+00 0.000000e+00
 0.000000e+00 0.000000e+00 0.000000e+00 0.000000e+00 0.000000e+00 0.000000e+00 0.000000e+00 0.000000e+00 0.000000e+00 0.000000e+00 0.000000e+00 0.000000e+00 0.000000e+00 7.504695e-01 2.495305e-01 0.000000e+00 0.000000e+00 0.000000e+00 0.000000e+00 0.000000e+00 0.000000e+00 0.000000e+00 0.000000e+00 0.000000e+00 0.000000e+00 0.000000e+00 0.000000e+00 0.000000e+00 0.000000e+00 0.000000e+00 0.000000e+00 0.000000e+00
 0.000000e+00 0.000000e+00 0.000000e+00 0.000000e+00 0.000000e+00 0.000000e+00 0.000000e+00 0.000000e+00 0.000000e+00 0.000000e+00 0.000000e+00 0.000000e+00 0.000000e+00 0.000000e+00 9.114452e-01 8.855479e-02 0.000000e+00 0.000000e+00 0.000000e+00 0.000000e+00 0.000000e+00 0.000000e+00 0.000000e+00 0.000000e+00 0.000000e+00 0.000000e+00 0.000000e+00 0.000000e+00 0.000000e+00 0.000000e+00 0.000000e+00 0.000000e+00
 0.000000e+00 0.000000e+00 0.000000e+00 0.000000e+00 0.000000e+00 0.000000e+00 0.000000e+00 0.000000e+00 0.000000e+00 0.000000e+00 0.000000e+00 0.000000e+00 0.000000e+00 0.000000e+00 0.000000e+00 9.193861e-01 8.061390e-02 0.000000e+00 0.000000e+00 0.000000e+00 0.000000e+00 0.000000e+00 0.000000e+00 0.000000e+00 0.000000e+00 0.000000e+00 0.000000e+00 0.000000e+00 0.000000e+00 0.000000e+00 0.000000e+00 0.000000e+00
 0.000000e+00 0.000000e+00 0.000000e+00 0.000000e+00 0.000000e+00 0.000000e+00 0.000000e+00 0.000000e+00 0.000000e+00 0.000000e+00 0.000000e+00 0.000000e+00 0.000000e+00 0.000000e+00 0.000000e+00 0.000000e+00 7.190803e-01 2.809198e-01 0.000000e+00 0.000000e+00 0.000000e+00 0.000000e+00 0.000000e+00 0.000000e+00 0.000000e+00 0.000000e+00 0.000000e+00 0.000000e+00 0.000000e+00 0.000000e+00 0.000000e+00 0.000000e+00
 0.000000e+00 0.000000e+00 0.000000e+00 0.000000e+00 0.000000e+00 0.000000e+00 0.000000e+00 0.000000e+00 0.000000e+00 0.000000e+00 0.000000e+00 0.000000e+00 0.000000e+00 0.000000e+00 0.000000e+00 0.000000e+00 0.000000e+00 8.051851e-01 1.948150e-01 0.000000e+00 0.000000e+00 0.000000e+00 0.000000e+00 0.000000e+00 0.000000e+00 0.000000e+00 0.000000e+00 0.000000e+00 0.000000e+00 0.000000e+00 0.000000e+00 0.000000e+00
 0.000000e+00 0.000000e+00 0.000000e+00 0.000000e+00 0.000000e+00 0.000000e+00 0.000000e+00 0.000000e+00 0.000000e+00 0.000000e+00 0.000000e+00 0.000000e+00 0.000000e+00 0.000000e+00 0.000000e+00 0.000000e+00 0.000000e+00 0.000000e+00 8.614934e-01 1.385066e-01 0.000000e+00 0.000000e+00 0.000000e+00 0.000000e+00 0.000000e+00 0.000000e+00 0.000000e+00 0.000000e+00 0.000000e+00 0.000000e+00 0.000000e+00 0.000000e+00
 0.000000e+00 0.000000e+00 0.000000e+00 0.000000e+00 0.000000e+00 0.000000e+00 0.000000e+00 0.000000e+00 0.000000e+00 0.000000e+00 0.000000e+00 0.000000e+00 0.000000e+00 0.000000e+00 0.000000e+00 0.000000e+00 0.000000e+00 0.000000e+00 0.000000e+00 7.788648e-01 2.211353e-01 0.000000e+00 0.000000e+00 0.000000e+00 0.000000e+00 0.000000e+00 0.000000e+00 0.000000e+00 0.000000e+00 0.000000e+00 0.000000e+00 0.000000e+00
 0.000000e+00 0.000000e+00 0.000000e+00 0.000000e+00 0.000000e+00 0.000000e+00 0.000000e+00 0.000000e+00 0.000000e+00 0.000000e+00 0.000000e+00 0.000000e+00 0.000000e+00 0.000000e+00 0.000000e+00 0.000000e+00 0.000000e+00 0.000000e+00 0.000000e+00 0.000000e+00 8.650898e-01 1.349102e-01 0.000000e+00 0.000000e+00 0.000000e+00 0.000000e+00 0.000000e+00 0.000000e+00 0.000000e+00 0.000000e+00 0.000000e+00 0.000000e+00
 0.000000e+00 0.000000e+00 0.000000e+00 0.000000e+00 0.000000e+00 0.000000e+00 0.000000e+00 0.000000e+00 0.000000e+00 0.000000e+00 0.000000e+00 0.000000e+00 0.000000e+00 0.000000e+00 0.000000e+00 0.000000e+00 0.000000e+00 0.000000e+00 0.000000e+00 0.000000e+00 0.000000e+00 8.939241e-01 1.060760e-01 0.000000e+00 0.000000e+00 0.000000e+00 0.000000e+00 0.000000e+00 0.000000e+00 0.000000e+00 0.000000e+00 0.000000e+00
 0.000000e+00 0.000000e+00 0.000000e+00 0.000000e+00 0.000000e+00 0.000000e+00 0.000000e+00 0.000000e+00 0.000000e+00 0.000000e+00 0.000000e+00 0.000000e+00 0.000000e+00 0.000000e+00 0.000000e+00 0.000000e+00 0.000000e+00 0.000000e+00 0.000000e+00 0.000000e+00 0.000000e+00 0.000000e+00 8.123258e-01 1.876743e-01 0.000000e+00 0.000000e+00 0.000000e+00 0.000000e+00 0.000000e+00 0.000000e+00 0.000000e+00 0.000000e+00
 0.000000e+00 0.000000e+00 0.000000e+00 0.000000e+00 0.000000e+00 0.000000e+00 0.000000e+00 0.000000e+00 0.000000e+00 0.000000e+00 0.000000e+00 0.000000e+00 0.000000e+00 0.000000e+00 0.000000e+00 0.000000e+00 0.000000e+00 0.000000e+00 0.000000e+00 0.000000e+00 0.000000e+00 0.000000e+00 0.000000e+00 7.929271e-01 2.070729e-01 0.000000e+00 0.000000e+00 0.000000e+00 0.000000e+00 0.000000e+00 0.000000e+00 0.000000e+00
 0.000000e+00 0.000000e+00 0.000000e+00 0.000000e+00 0.000000e+00 0.000000e+00 0.000000e+00 0.000000e+00 0.000000e+00 0.000000e+00 0.000000e+00 0.000000e+00 0.000000e+00 0.000000e+00 0.000000e+00 0.000000e+00 0.000000e+00 0.000000e+00 0.000000e+00 0.000000e+00 0.000000e+00 0.000000e+00 0.000000e+00 0.000000e+00 8.721052e-01 1.278948e-01 0.000000e+00 0.000000e+00 0.000000e+00 0.000000e+00 0.000000e+00 0.000000e+00
 0.000000e+00 0.000000e+00 0.000000e+00 0.000000e+00 0.000000e+00 0.000000e+00 0.000000e+00 0.000000e+00 0.000000e+00 0.000000e+00 0.000000e+00 0.000000e+00 0.000000e+00 0.000000e+00 0.000000e+00 0.000000e+00 0.000000e+00 0.000000e+00 0.000000e+00 0.000000e+00 0.000000e+00 0.000000e+00 0.000000e+00 0.000000e+00 0.000000e+00 7.930076e-01 2.069924e-01 0.000000e+00 0.000000e+00 0.000000e+00 0.000000e+00 0.000000e+00
 0.000000e+00 0.000000e+00 0.000000e+00 0.000000e+00 0.000000e+00 0.000000e+00 0.000000e+00 0.000000e+00 0.000000e+00 0.000000e+00 0.000000e+00 0.000000e+00 0.000000e+00 0.000000e+00 0.000000e+00 0.000000e+00 0.000000e+00 0.000000e+00 0.000000e+00 0.000000e+00 0.000000e+00 0.000000e+00 0.000000e+00 0.000000e+00 0.000000e+00 0.000000e+00 7.945617e-01 2.054383e-01 0.000000e+00 0.000000e+00 0.000000e+00 0.000000e+00
 0.000000e+00 0.000000e+00 0.000000e+00 0.000000e+00 0.000000e+00 0.000000e+00 0.000000e+00 0.000000e+00 0.000000e+00 0.000000e+00 0.000000e+00 0.000000e+00 0.000000e+00 0.000000e+00 0.000000e+00 0.000000e+00 0.000000e+00 0.000000e+00 0.000000e+00 0.000000e+00 0.000000e+00 0.000000e+00 0.000000e+00 0.000000e+00 0.000000e+00 0.000000e+00 0.000000e+00 9.053954e-01 9.460462e-02 0.000000e+00 0.000000e+00 0.000000e+00
 0.000000e+00 0.000000e+00 0.000000e+00 0.000000e+00 0.000000e+00 0.000000e+00 0.000000e+00 0.000000e+00 0.000000e+00 0.000000e+00 0.000000e+00 0.000000e+00 0.000000e+00 0.000000e+00 0.000000e+00 0.000000e+00 0.000000e+00 0.000000e+00 0.000000e+00 0.000000e+00 0.000000e+00 0.000000e+00 0.000000e+00 0.000000e+00 0.000000e+00 0.000000e+00 0.000000e+00 0.000000e+00 6.454283e-01 3.545717e-01 0.000000e+00 0.000000e+00
 0.000000e+00 0.000000e+00 0.000000e+00 0.000000e+00 0.000000e+00 0.000000e+00 0.000000e+00 0.000000e+00 0.000000e+00 0.000000e+00 0.000000e+00 0.000000e+00 0.000000e+00 0.000000e+00 0.000000e+00 0.000000e+00 0.000000e+00 0.000000e+00 0.000000e+00 0.000000e+00 0.000000e+00 0.000000e+00 0.000000e+00 0.000000e+00 0.000000e+00 0.000000e+00 0.000000e+00 0.000000e+00 0.000000e+00 8.258125e-01 1.741876e-01 0.000000e+00
 0.000000e+00 0.000000e+00 0.000000e+00 0.000000e+00 0.000000e+00 0.000000e+00 0.000000e+00 0.000000e+00 0.000000e+00 0.000000e+00 0.000000e+00 0.000000e+00 0.000000e+00 0.000000e+00 0.000000e+00 0.000000e+00 0.000000e+00 0.000000e+00 0.000000e+00 0.000000e+00 0.000000e+00 0.000000e+00 0.000000e+00 0.000000e+00 0.000000e+00 0.000000e+00 0.000000e+00 0.000000e+00 0.000000e+00 0.000000e+00 8.932608e-01 1.067392e-01
 0.000000e+00 0.000000e+00 0.000000e+00 0.000000e+00 0.000000e+00 0.000000e+00 0.000000e+00 0.000000e+00 0.000000e+00 0.000000e+00 0.000000e+00 0.000000e+00 0.000000e+00 0.000000e+00 0.000000e+00 0.000000e+00 0.000000e+00 0.000000e+00 0.000000e+00 0.000000e+00 0.000000e+00 0.000000e+00 0.000000e+00 0.000000e+00 0.000000e+00 0.000000e+00 0.000000e+00 0.000000e+00 0.000000e+00 0.000000e+00 0.000000e+00 0.000000e+00
<ENDHMM>
