~o
<STREAMINFO> 1 12
<VECSIZE> 12<NULLD><MFCC_Z><DIAGC>
~h "T1375423456"
<BEGINHMM>
<NUMSTATES> 9
<STATE> 2
<MEAN> 12
 -9.379522e-01 -7.709102e+00 3.489916e+00 6.273248e-01 1.786577e+00 2.372827e+00 3.918951e+00 -3.213363e+00 -5.263027e+00 -3.435422e-01 2.696768e+00 8.275382e-01
<VARIANCE> 12
 3.209848e+00 2.618902e+01 1.200238e+01 3.887636e+01 1.538450e+01 1.886744e+01 2.370238e+01 2.252940e+01 3.332825e+01 3.010312e+01 2.792804e+01 2.222177e+01
<GCONST> 5.792452e+01
<STATE> 3
<MEAN> 12
 -1.756214e+00 -3.692183e+00 5.446681e+00 -2.458777e+00 1.656151e+00 4.732666e+00 2.065916e+00 -1.425320e+00 -1.472503e+00 -1.537870e+00 -3.696437e-01 1.887682e+00
<VARIANCE> 12
 4.854968e+00 5.897646e+01 8.558974e+00 6.346222e+01 1.771599e+01 2.809189e+01 1.496631e+01 3.234608e+01 2.603192e+01 4.107715e+01 3.885214e+01 2.913398e+01
<GCONST> 6.040778e+01
<STATE> 4
<MEAN> 12
 -1.620853e+00 9.361916e-01 4.382134e+00 -2.665416e+00 -1.007248e+00 3.306025e+00 1.992277e+00 1.206366e+00 -7.170309e-01 -2.906957e+00 -1.297246e-01 2.668091e+00
<VARIANCE> 12
 1.218492e+01 4.279351e+01 1.928797e+01 6.026081e+01 2.885447e+01 5.212912e+01 2.194466e+01 2.591298e+01 2.541381e+01 3.535689e+01 4.042441e+01 2.613090e+01
<GCONST> 6.279187e+01
<STATE> 5
<MEAN> 12
 -4.421819e-01 2.403657e+00 1.264971e+00 -1.152864e+00 -2.757920e+00 -7.902952e-01 3.508179e-01 1.340956e+00 -1.677473e-01 -1.549290e+00 6.457394e-01 1.006866e+00
<VARIANCE> 12
 2.483000e+01 1.848343e+01 4.520808e+01 4.417361e+01 3.789894e+01 7.603786e+01 3.803491e+01 2.169219e+01 3.519262e+01 3.295138e+01 3.719152e+01 2.618623e+01
<GCONST> 6.440165e+01
<STATE> 6
<MEAN> 12
 1.981262e+00 2.398490e+00 -3.095103e+00 -5.769151e-01 -2.014348e+00 -4.356243e+00 -2.285761e+00 2.224431e-01 1.674102e+00 1.025610e+00 -3.082056e-01 -1.311543e+00
<VARIANCE> 12
 3.031149e+01 8.903920e+00 5.786070e+01 3.203761e+01 4.534405e+01 6.327235e+01 3.922515e+01 2.120704e+01 3.703717e+01 3.069957e+01 2.940637e+01 2.093028e+01
<GCONST> 6.332145e+01
<STATE> 7
<MEAN> 12
 3.142748e+00 2.770215e+00 -5.925663e+00 1.148634e+00 5.191239e-01 -4.161060e+00 -3.478805e+00 3.658284e-01 3.427264e+00 2.328529e+00 -1.582724e+00 -2.634168e+00
<VARIANCE> 12
 2.540679e+01 5.672770e+00 3.659338e+01 3.687193e+01 3.635223e+01 4.024684e+01 2.450849e+01 1.968593e+01 2.397704e+01 2.330913e+01 1.640512e+01 1.364883e+01
<GCONST> 5.943694e+01
<STATE> 8
<MEAN> 12
 -3.668365e-01 2.892811e+00 -5.562961e+00 5.078030e+00 1.817546e+00 -1.103977e+00 -2.563334e+00 1.503150e+00 2.518826e+00 2.983453e+00 -9.521201e-01 -2.444430e+00
<VARIANCE> 12
 2.889948e+01 5.672770e+00 1.466939e+01 2.786175e+01 1.611028e+01 2.029433e+01 1.636927e+01 1.488440e+01 1.766953e+01 1.701823e+01 1.672724e+01 8.644626e+00
<GCONST> 5.513266e+01
<TRANSP> 9
 0.000000e+00 1.000000e+00 0.000000e+00 0.000000e+00 0.000000e+00 0.000000e+00 0.000000e+00 0.000000e+00 0.000000e+00
 0.000000e+00 8.813559e-01 1.186441e-01 0.000000e+00 0.000000e+00 0.000000e+00 0.000000e+00 0.000000e+00 0.000000e+00
 0.000000e+00 0.000000e+00 8.813559e-01 1.186441e-01 0.000000e+00 0.000000e+00 0.000000e+00 0.000000e+00 0.000000e+00
 0.000000e+00 0.000000e+00 0.000000e+00 8.813559e-01 1.186441e-01 0.000000e+00 0.000000e+00 0.000000e+00 0.000000e+00
 0.000000e+00 0.000000e+00 0.000000e+00 0.000000e+00 8.813559e-01 1.186441e-01 0.000000e+00 0.000000e+00 0.000000e+00
 0.000000e+00 0.000000e+00 0.000000e+00 0.000000e+00 0.000000e+00 8.813559e-01 1.186441e-01 0.000000e+00 0.000000e+00
 0.000000e+00 0.000000e+00 0.000000e+00 0.000000e+00 0.000000e+00 0.000000e+00 8.813559e-01 1.186441e-01 0.000000e+00
 0.000000e+00 0.000000e+00 0.000000e+00 0.000000e+00 0.000000e+00 0.000000e+00 0.000000e+00 8.813559e-01 1.186441e-01
 0.000000e+00 0.000000e+00 0.000000e+00 0.000000e+00 0.000000e+00 0.000000e+00 0.000000e+00 0.000000e+00 0.000000e+00
<ENDHMM>
