~o
<STREAMINFO> 1 12
<VECSIZE> 12<NULLD><MFCC_Z><DIAGC>
~h "s067"
<BEGINHMM>
<NUMSTATES> 11
<STATE> 2
<MEAN> 12
 -3.759142e+00 2.410454e+00 6.034122e+00 -1.308548e+01 -5.350309e+00 4.526446e+00 -6.125479e+00 -9.163139e-01 4.974012e-02 3.282129e+00 -5.107545e+00 4.292327e+00
<VARIANCE> 12
 2.868356e+00 1.944905e+01 8.753001e+00 3.014114e+01 1.393888e+01 1.594553e+01 1.515490e+01 1.144796e+01 1.556655e+01 5.507421e+01 1.777722e+01 8.546428e+00
<GCONST> 5.398859e+01
<STATE> 3
<MEAN> 12
 -1.057186e+00 1.340260e+01 -2.265433e+00 -1.316726e+01 -5.982377e+00 -3.370645e+00 -1.080185e+01 2.106982e+00 -1.248024e+00 -1.664061e+00 8.798949e+00 -6.438601e+00
<VARIANCE> 12
 3.506263e+00 1.944905e+01 1.120537e+01 2.745095e+01 9.528971e+00 1.594553e+01 2.131169e+01 5.902024e+00 1.530717e+01 1.015252e+01 3.815385e+01 5.692148e+01
<GCONST> 5.459308e+01
<STATE> 4
<MEAN> 12
 -4.798164e+00 1.382144e+01 6.783886e+00 -8.839458e+00 -3.962687e+00 -2.179746e+00 -6.312517e+00 5.368302e+00 4.198070e+00 -8.441395e-01 6.725156e-01 -2.197953e+00
<VARIANCE> 12
 2.868356e+00 1.944905e+01 1.778137e+01 6.212878e+01 5.773316e+00 3.234252e+01 1.515490e+01 2.663694e+01 2.826912e+01 6.589047e+00 1.447762e+01 2.804617e+01
<GCONST> 5.554731e+01
<STATE> 5
<MEAN> 12
 -4.534640e+00 1.135945e+00 6.624833e+00 -1.191600e+01 3.496004e-01 1.009331e+01 3.831286e+00 -2.840331e+00 -3.996525e+00 1.674560e+00 -3.129679e+00 -1.547064e-01
<VARIANCE> 12
 2.868356e+00 2.813794e+01 8.158601e+00 2.745095e+01 5.773316e+00 1.972269e+01 1.515490e+01 1.773431e+01 4.737894e+01 3.615270e+01 2.500103e+01 8.434196e+00
<GCONST> 5.498284e+01
<STATE> 6
<MEAN> 12
 -2.486660e+00 -7.858307e+00 5.547842e-01 8.290749e-02 5.488551e+00 -1.945315e+00 4.946677e+00 -3.234125e+00 -1.145829e+01 8.006830e+00 5.516335e+00 -1.176937e+00
<VARIANCE> 12
 2.868356e+00 1.944905e+01 9.195626e+00 3.717734e+01 7.141669e+00 6.154140e+01 1.515490e+01 5.094298e+00 1.647987e+01 1.548564e+01 1.909643e+01 9.179898e+00
<GCONST> 5.305116e+01
<STATE> 7
<MEAN> 12
 1.688997e+00 -1.144462e+01 -5.949804e+00 8.633778e+00 4.365571e+00 -1.446738e+01 1.846255e-01 5.430465e-01 -1.645820e+00 -9.385728e-01 1.738839e-01 7.222975e+00
<VARIANCE> 12
 7.603036e+00 1.944905e+01 6.234772e+00 2.745095e+01 1.283529e+01 1.594553e+01 1.810061e+01 1.790815e+01 2.110039e+01 1.164958e+01 3.806112e+01 1.573461e+01
<GCONST> 5.519561e+01
<STATE> 8
<MEAN> 12
 5.829643e+00 -5.344262e+00 -4.969726e+00 1.192219e+01 4.571894e+00 -6.562719e+00 -4.708113e-01 -7.745529e-01 3.216672e+00 -3.341439e+00 -7.418858e+00 3.340926e+00
<VARIANCE> 12
 3.308483e+00 1.944905e+01 6.234772e+00 2.745095e+01 5.773316e+00 3.848503e+01 1.743305e+01 2.145868e+01 1.524951e+01 1.474961e+01 2.837536e+01 2.491859e+01
<GCONST> 5.466626e+01
<STATE> 9
<MEAN> 12
 2.470170e+00 -2.772942e+00 1.168458e+00 1.193092e+01 3.547019e-01 7.506219e+00 7.057996e+00 -1.962426e+00 2.705714e-01 -9.710918e-01 -1.648525e+00 1.318553e-01
<VARIANCE> 12
 3.988114e+00 1.944905e+01 1.893159e+01 2.745095e+01 6.699115e+00 1.594553e+01 2.678184e+01 2.050859e+01 8.554243e+00 1.752859e+01 2.945325e+01 2.534441e+01
<GCONST> 5.526422e+01
<STATE> 10
<MEAN> 12
 1.480690e+00 -1.079953e+01 -2.325573e+00 6.569519e+00 5.477120e+00 9.953141e+00 1.371462e+01 -1.523865e+00 3.076428e+00 1.526731e+00 -7.429499e-01 -2.803826e+00
<VARIANCE> 12
 3.574313e+00 1.944905e+01 1.259039e+01 2.745095e+01 9.477226e+00 1.594553e+01 1.515490e+01 2.143279e+01 5.738201e+00 1.593012e+01 2.274186e+01 8.434196e+00
<GCONST> 5.271461e+01
<TRANSP> 11
 0.000000e+00 1.000000e+00 0.000000e+00 0.000000e+00 0.000000e+00 0.000000e+00 0.000000e+00 0.000000e+00 0.000000e+00 0.000000e+00 0.000000e+00
 0.000000e+00 8.643436e-01 1.356564e-01 0.000000e+00 0.000000e+00 0.000000e+00 0.000000e+00 0.000000e+00 0.000000e+00 0.000000e+00 0.000000e+00
 0.000000e+00 0.000000e+00 9.150414e-01 8.495864e-02 0.000000e+00 0.000000e+00 0.000000e+00 0.000000e+00 0.000000e+00 0.000000e+00 0.000000e+00
 0.000000e+00 0.000000e+00 0.000000e+00 8.643665e-01 1.356335e-01 0.000000e+00 0.000000e+00 0.000000e+00 0.000000e+00 0.000000e+00 0.000000e+00
 0.000000e+00 0.000000e+00 0.000000e+00 0.000000e+00 6.946777e-01 3.053224e-01 0.000000e+00 0.000000e+00 0.000000e+00 0.000000e+00 0.000000e+00
 0.000000e+00 0.000000e+00 0.000000e+00 0.000000e+00 0.000000e+00 7.250937e-01 2.749063e-01 0.000000e+00 0.000000e+00 0.000000e+00 0.000000e+00
 0.000000e+00 0.000000e+00 0.000000e+00 0.000000e+00 0.000000e+00 0.000000e+00 8.792191e-01 1.207809e-01 0.000000e+00 0.000000e+00 0.000000e+00
 0.000000e+00 0.000000e+00 0.000000e+00 0.000000e+00 0.000000e+00 0.000000e+00 0.000000e+00 8.693950e-01 1.306050e-01 0.000000e+00 0.000000e+00
 0.000000e+00 0.000000e+00 0.000000e+00 0.000000e+00 0.000000e+00 0.000000e+00 0.000000e+00 0.000000e+00 9.156656e-01 8.433442e-02 0.000000e+00
 0.000000e+00 0.000000e+00 0.000000e+00 0.000000e+00 0.000000e+00 0.000000e+00 0.000000e+00 0.000000e+00 0.000000e+00 8.714435e-01 1.285565e-01
 0.000000e+00 0.000000e+00 0.000000e+00 0.000000e+00 0.000000e+00 0.000000e+00 0.000000e+00 0.000000e+00 0.000000e+00 0.000000e+00 0.000000e+00
<ENDHMM>
