~o
<STREAMINFO> 1 12
<VECSIZE> 12<NULLD><MFCC_Z><DIAGC>
~h "s097"
<BEGINHMM>
<NUMSTATES> 14
<STATE> 2
<MEAN> 12
 8.127906e-09 -1.137907e-07 1.625581e-08 4.660000e-07 2.167442e-07 2.600930e-07 4.605813e-07 -4.876744e-07 1.192093e-07 4.876744e-08 -1.503663e-07 -3.305348e-07
<VARIANCE> 12
 2.918391e+01 6.824495e+01 8.221760e+01 1.122411e+02 7.041694e+01 4.668748e+01 3.550548e+01 4.543238e+01 3.056395e+01 5.888661e+01 3.759306e+01 5.071764e+01
<GCONST> 6.931362e+01
<STATE> 3
<MEAN> 12
 8.127906e-09 -1.137907e-07 1.625581e-08 4.660000e-07 2.167442e-07 2.600930e-07 4.605813e-07 -4.876744e-07 1.192093e-07 4.876744e-08 -1.503663e-07 -3.305348e-07
<VARIANCE> 12
 2.918391e+01 6.824495e+01 8.221760e+01 1.122411e+02 7.041694e+01 4.668748e+01 3.550548e+01 4.543238e+01 3.056395e+01 5.888661e+01 3.759306e+01 5.071764e+01
<GCONST> 6.931362e+01
<STATE> 4
<MEAN> 12
 8.127906e-09 -1.137907e-07 1.625581e-08 4.660000e-07 2.167442e-07 2.600930e-07 4.605813e-07 -4.876744e-07 1.192093e-07 4.876744e-08 -1.503663e-07 -3.305348e-07
<VARIANCE> 12
 2.918391e+01 6.824495e+01 8.221760e+01 1.122411e+02 7.041694e+01 4.668748e+01 3.550548e+01 4.543238e+01 3.056395e+01 5.888661e+01 3.759306e+01 5.071764e+01
<GCONST> 6.931362e+01
<STATE> 5
<MEAN> 12
 8.127906e-09 -1.137907e-07 1.625581e-08 4.660000e-07 2.167442e-07 2.600930e-07 4.605813e-07 -4.876744e-07 1.192093e-07 4.876744e-08 -1.503663e-07 -3.305348e-07
<VARIANCE> 12
 2.918391e+01 6.824495e+01 8.221760e+01 1.122411e+02 7.041694e+01 4.668748e+01 3.550548e+01 4.543238e+01 3.056395e+01 5.888661e+01 3.759306e+01 5.071764e+01
<GCONST> 6.931362e+01
<STATE> 6
<MEAN> 12
 8.127906e-09 -1.137907e-07 1.625581e-08 4.660000e-07 2.167442e-07 2.600930e-07 4.605813e-07 -4.876744e-07 1.192093e-07 4.876744e-08 -1.503663e-07 -3.305348e-07
<VARIANCE> 12
 2.918391e+01 6.824495e+01 8.221760e+01 1.122411e+02 7.041694e+01 4.668748e+01 3.550548e+01 4.543238e+01 3.056395e+01 5.888661e+01 3.759306e+01 5.071764e+01
<GCONST> 6.931362e+01
<STATE> 7
<MEAN> 12
 8.127906e-09 -1.137907e-07 1.625581e-08 4.660000e-07 2.167442e-07 2.600930e-07 4.605813e-07 -4.876744e-07 1.192093e-07 4.876744e-08 -1.503663e-07 -3.305348e-07
<VARIANCE> 12
 2.918391e+01 6.824495e+01 8.221760e+01 1.122411e+02 7.041694e+01 4.668748e+01 3.550548e+01 4.543238e+01 3.056395e+01 5.888661e+01 3.759306e+01 5.071764e+01
<GCONST> 6.931362e+01
<STATE> 8
<MEAN> 12
 8.127906e-09 -1.137907e-07 1.625581e-08 4.660000e-07 2.167442e-07 2.600930e-07 4.605813e-07 -4.876744e-07 1.192093e-07 4.876744e-08 -1.503663e-07 -3.305348e-07
<VARIANCE> 12
 2.918391e+01 6.824495e+01 8.221760e+01 1.122411e+02 7.041694e+01 4.668748e+01 3.550548e+01 4.543238e+01 3.056395e+01 5.888661e+01 3.759306e+01 5.071764e+01
<GCONST> 6.931362e+01
<STATE> 9
<MEAN> 12
 8.127906e-09 -1.137907e-07 1.625581e-08 4.660000e-07 2.167442e-07 2.600930e-07 4.605813e-07 -4.876744e-07 1.192093e-07 4.876744e-08 -1.503663e-07 -3.305348e-07
<VARIANCE> 12
 2.918391e+01 6.824495e+01 8.221760e+01 1.122411e+02 7.041694e+01 4.668748e+01 3.550548e+01 4.543238e+01 3.056395e+01 5.888661e+01 3.759306e+01 5.071764e+01
<GCONST> 6.931362e+01
<STATE> 10
<MEAN> 12
 8.127906e-09 -1.137907e-07 1.625581e-08 4.660000e-07 2.167442e-07 2.600930e-07 4.605813e-07 -4.876744e-07 1.192093e-07 4.876744e-08 -1.503663e-07 -3.305348e-07
<VARIANCE> 12
 2.918391e+01 6.824495e+01 8.221760e+01 1.122411e+02 7.041694e+01 4.668748e+01 3.550548e+01 4.543238e+01 3.056395e+01 5.888661e+01 3.759306e+01 5.071764e+01
<GCONST> 6.931362e+01
<STATE> 11
<MEAN> 12
 8.127906e-09 -1.137907e-07 1.625581e-08 4.660000e-07 2.167442e-07 2.600930e-07 4.605813e-07 -4.876744e-07 1.192093e-07 4.876744e-08 -1.503663e-07 -3.305348e-07
<VARIANCE> 12
 2.918391e+01 6.824495e+01 8.221760e+01 1.122411e+02 7.041694e+01 4.668748e+01 3.550548e+01 4.543238e+01 3.056395e+01 5.888661e+01 3.759306e+01 5.071764e+01
<GCONST> 6.931362e+01
<STATE> 12
<MEAN> 12
 8.127906e-09 -1.137907e-07 1.625581e-08 4.660000e-07 2.167442e-07 2.600930e-07 4.605813e-07 -4.876744e-07 1.192093e-07 4.876744e-08 -1.503663e-07 -3.305348e-07
<VARIANCE> 12
 2.918391e+01 6.824495e+01 8.221760e+01 1.122411e+02 7.041694e+01 4.668748e+01 3.550548e+01 4.543238e+01 3.056395e+01 5.888661e+01 3.759306e+01 5.071764e+01
<GCONST> 6.931362e+01
<STATE> 13
<MEAN> 12
 8.127906e-09 -1.137907e-07 1.625581e-08 4.660000e-07 2.167442e-07 2.600930e-07 4.605813e-07 -4.876744e-07 1.192093e-07 4.876744e-08 -1.503663e-07 -3.305348e-07
<VARIANCE> 12
 2.918391e+01 6.824495e+01 8.221760e+01 1.122411e+02 7.041694e+01 4.668748e+01 3.550548e+01 4.543238e+01 3.056395e+01 5.888661e+01 3.759306e+01 5.071764e+01
<GCONST> 6.931362e+01
<TRANSP> 14
 0.000000e+00 1.000000e+00 0.000000e+00 0.000000e+00 0.000000e+00 0.000000e+00 0.000000e+00 0.000000e+00 0.000000e+00 0.000000e+00 0.000000e+00 0.000000e+00 0.000000e+00 0.000000e+00
 0.000000e+00 9.000000e-01 9.999999e-02 0.000000e+00 0.000000e+00 0.000000e+00 0.000000e+00 0.000000e+00 0.000000e+00 0.000000e+00 0.000000e+00 0.000000e+00 0.000000e+00 0.000000e+00
 0.000000e+00 0.000000e+00 9.000000e-01 9.999999e-02 0.000000e+00 0.000000e+00 0.000000e+00 0.000000e+00 0.000000e+00 0.000000e+00 0.000000e+00 0.000000e+00 0.000000e+00 0.000000e+00
 0.000000e+00 0.000000e+00 0.000000e+00 9.000000e-01 9.999999e-02 0.000000e+00 0.000000e+00 0.000000e+00 0.000000e+00 0.000000e+00 0.000000e+00 0.000000e+00 0.000000e+00 0.000000e+00
 0.000000e+00 0.000000e+00 0.000000e+00 0.000000e+00 9.000000e-01 9.999999e-02 0.000000e+00 0.000000e+00 0.000000e+00 0.000000e+00 0.000000e+00 0.000000e+00 0.000000e+00 0.000000e+00
 0.000000e+00 0.000000e+00 0.000000e+00 0.000000e+00 0.000000e+00 9.000000e-01 9.999999e-02 0.000000e+00 0.000000e+00 0.000000e+00 0.000000e+00 0.000000e+00 0.000000e+00 0.000000e+00
 0.000000e+00 0.000000e+00 0.000000e+00 0.000000e+00 0.000000e+00 0.000000e+00 9.000000e-01 9.999999e-02 0.000000e+00 0.000000e+00 0.000000e+00 0.000000e+00 0.000000e+00 0.000000e+00
 0.000000e+00 0.000000e+00 0.000000e+00 0.000000e+00 0.000000e+00 0.000000e+00 0.000000e+00 9.000000e-01 9.999999e-02 0.000000e+00 0.000000e+00 0.000000e+00 0.000000e+00 0.000000e+00
 0.000000e+00 0.000000e+00 0.000000e+00 0.000000e+00 0.000000e+00 0.000000e+00 0.000000e+00 0.000000e+00 9.000000e-01 9.999999e-02 0.000000e+00 0.000000e+00 0.000000e+00 0.000000e+00
 0.000000e+00 0.000000e+00 0.000000e+00 0.000000e+00 0.000000e+00 0.000000e+00 0.000000e+00 0.000000e+00 0.000000e+00 9.000000e-01 9.999999e-02 0.000000e+00 0.000000e+00 0.000000e+00
 0.000000e+00 0.000000e+00 0.000000e+00 0.000000e+00 0.000000e+00 0.000000e+00 0.000000e+00 0.000000e+00 0.000000e+00 0.000000e+00 9.000000e-01 9.999999e-02 0.000000e+00 0.000000e+00
 0.000000e+00 0.000000e+00 0.000000e+00 0.000000e+00 0.000000e+00 0.000000e+00 0.000000e+00 0.000000e+00 0.000000e+00 0.000000e+00 0.000000e+00 9.000000e-01 9.999999e-02 0.000000e+00
 0.000000e+00 0.000000e+00 0.000000e+00 0.000000e+00 0.000000e+00 0.000000e+00 0.000000e+00 0.000000e+00 0.000000e+00 0.000000e+00 0.000000e+00 0.000000e+00 9.000000e-01 9.999999e-02
 0.000000e+00 0.000000e+00 0.000000e+00 0.000000e+00 0.000000e+00 0.000000e+00 0.000000e+00 0.000000e+00 0.000000e+00 0.000000e+00 0.000000e+00 0.000000e+00 0.000000e+00 0.000000e+00
<ENDHMM>
