~o
<STREAMINFO> 1 12
<VECSIZE> 12<NULLD><MFCC_Z><DIAGC>
~h "s017"
<BEGINHMM>
<NUMSTATES> 8
<STATE> 2
<MEAN> 12
 -1.301995e+00 1.268334e+01 2.902615e+00 -5.068058e+00 -7.134535e+00 -5.972636e+00 -7.861821e+00 3.179690e+00 5.489126e+00 -2.399691e+00 -1.415809e-01 -9.320342e-01
<VARIANCE> 12
 9.977242e+00 1.229742e+01 2.605772e+01 5.033043e+01 1.670407e+01 1.914631e+01 3.380996e+01 2.878008e+01 1.969620e+01 4.802471e+01 6.010055e+01 7.632547e+00
<GCONST> 5.967193e+01
<STATE> 3
<MEAN> 12
 2.271097e+00 3.076643e+00 5.043678e+00 -7.862911e+00 -1.259885e+01 -1.092906e+01 -9.090709e+00 1.106434e+01 4.590727e+00 4.505750e+00 2.036832e+00 -8.229009e+00
<VARIANCE> 12
 1.382129e+01 5.473090e+01 3.227937e+01 3.581668e+01 3.481367e+01 2.649852e+01 6.420811e+01 1.414703e+01 2.084848e+01 1.785729e+01 7.952908e+00 3.854773e+01
<GCONST> 6.101987e+01
<STATE> 4
<MEAN> 12
 6.402942e+00 -7.450056e+00 -1.002777e+01 6.251634e+00 -5.069148e+00 -1.549215e+01 3.128111e-01 1.096506e+01 4.594687e+00 -4.005536e+00 -7.774194e-01 -3.297484e+00
<VARIANCE> 12
 3.887211e+00 1.229742e+01 2.255231e+01 1.356172e+01 2.108054e+01 1.914631e+01 2.424370e+01 1.414703e+01 5.417881e+01 3.838658e+01 1.893570e+01 2.855087e+01
<GCONST> 5.741555e+01
<STATE> 5
<MEAN> 12
 5.375057e-01 -1.160708e+01 -1.163912e+01 7.408434e+00 -5.036387e+00 -2.254979e+00 1.061119e+01 3.449986e+00 -1.044317e+01 1.590927e-01 3.505873e+00 2.769243e+00
<VARIANCE> 12
 8.755420e+00 1.229742e+01 9.958180e+00 8.756304e+00 1.591399e+01 9.694535e+01 2.088341e+01 1.021063e+02 3.882933e+01 5.141032e+01 2.387644e+01 6.345661e+00
<GCONST> 5.882775e+01
<STATE> 6
<MEAN> 12
 -3.234267e+00 -7.215236e+00 6.340923e-01 3.977531e+00 8.785509e+00 1.280164e+01 2.895563e+00 -1.220568e+01 -3.939397e+00 -4.391592e-01 -1.061210e+00 7.280732e+00
<VARIANCE> 12
 2.164621e+00 1.229742e+01 1.857621e+01 2.945895e+01 2.140221e+01 1.914631e+01 1.299064e+01 1.414703e+01 1.849770e+01 3.269434e+01 8.313416e+00 2.101984e+01
<GCONST> 5.443856e+01
<STATE> 7
<MEAN> 12
 1.767052e-01 7.429998e-01 2.094931e+00 6.102862e-01 1.168716e+01 8.361688e+00 7.636416e+00 -4.262460e+00 -2.837639e+00 1.754188e+00 -1.193335e+00 -9.698561e-01
<VARIANCE> 12
 3.117691e+00 1.229742e+01 9.341618e+00 2.750365e+01 1.591399e+01 2.379617e+01 3.146790e+01 1.414703e+01 1.370809e+01 2.293149e+01 1.381249e+01 6.907635e+00
<GCONST> 5.359370e+01
<TRANSP> 8
 0.000000e+00 1.000000e+00 0.000000e+00 0.000000e+00 0.000000e+00 0.000000e+00 0.000000e+00 0.000000e+00
 0.000000e+00 9.089397e-01 9.106038e-02 0.000000e+00 0.000000e+00 0.000000e+00 0.000000e+00 0.000000e+00
 0.000000e+00 0.000000e+00 8.654100e-01 1.345900e-01 0.000000e+00 0.000000e+00 0.000000e+00 0.000000e+00
 0.000000e+00 0.000000e+00 0.000000e+00 7.971898e-01 2.028102e-01 0.000000e+00 0.000000e+00 0.000000e+00
 0.000000e+00 0.000000e+00 0.000000e+00 0.000000e+00 7.567313e-01 2.432687e-01 0.000000e+00 0.000000e+00
 0.000000e+00 0.000000e+00 0.000000e+00 0.000000e+00 0.000000e+00 9.150731e-01 8.492690e-02 0.000000e+00
 0.000000e+00 0.000000e+00 0.000000e+00 0.000000e+00 0.000000e+00 0.000000e+00 8.976675e-01 1.023325e-01
 0.000000e+00 0.000000e+00 0.000000e+00 0.000000e+00 0.000000e+00 0.000000e+00 0.000000e+00 0.000000e+00
<ENDHMM>
