~o
<STREAMINFO> 1 12
<VECSIZE> 12<NULLD><MFCC_Z><DIAGC>
~h "s000"
<BEGINHMM>
<NUMSTATES> 15
<STATE> 2
<MEAN> 12
 -8.990239e-01 1.182128e+01 3.212241e+00 -6.433880e+00 -9.682000e+00 -3.370752e+00 -9.267107e+00 1.423221e+00 8.364729e-02 8.575174e+00 -4.754018e+00 -2.293942e+00
<VARIANCE> 12
 7.590191e+00 1.958939e+01 4.308683e+01 2.621142e+01 2.502042e+01 1.300787e+01 1.838460e+01 1.752197e+01 2.351683e+01 3.118526e+01 8.226960e+01 1.940586e+01
<GCONST> 5.961924e+01
<STATE> 3
<MEAN> 12
 -1.452794e+00 1.357965e+01 -1.089643e+00 -3.118273e+00 -5.152508e+00 -1.232335e+00 -9.834846e+00 7.668728e-01 5.448719e-01 5.181630e+00 1.970718e+00 -3.378192e+00
<VARIANCE> 12
 7.189958e+00 2.513470e+01 2.451775e+01 3.912819e+01 4.402269e+01 2.063481e+01 3.113275e+01 2.230708e+01 2.866836e+01 2.155841e+01 5.837055e+01 2.828859e+01
<GCONST> 6.130838e+01
<STATE> 4
<MEAN> 12
 -5.333313e-01 1.124021e+01 -1.278166e+00 2.189066e-02 -1.176184e+00 2.846754e-01 -8.127719e+00 -1.077783e+00 8.170824e-01 3.080604e+00 3.480508e+00 -1.617992e+00
<VARIANCE> 12
 9.743283e+00 5.383550e+01 1.938975e+01 3.155722e+01 5.052806e+01 2.800204e+01 5.277024e+01 2.541774e+01 3.394279e+01 2.683938e+01 3.716054e+01 3.350197e+01
<GCONST> 6.313118e+01
<STATE> 5
<MEAN> 12
 1.029365e-02 6.780457e+00 -9.072886e-01 1.130781e+00 1.574327e+00 2.551257e-01 -4.595854e+00 -2.040222e+00 1.043670e+00 4.488345e-01 2.251270e+00 1.038037e+00
<VARIANCE> 12
 1.179395e+01 7.801836e+01 2.229467e+01 2.678768e+01 4.099304e+01 3.335880e+01 6.533088e+01 2.940098e+01 4.224563e+01 3.735667e+01 4.109525e+01 2.991839e+01
<GCONST> 6.453094e+01
<STATE> 6
<MEAN> 12
 4.601227e-01 2.201125e+00 -1.461734e+00 1.164219e+00 3.070022e+00 -8.498343e-01 -6.551096e-01 -2.156733e+00 9.160975e-01 -2.078227e+00 7.589371e-01 2.853247e+00
<VARIANCE> 12
 1.500065e+01 7.763683e+01 2.549725e+01 2.713409e+01 3.104804e+01 3.376656e+01 5.909732e+01 3.976520e+01 4.918463e+01 4.320126e+01 4.161272e+01 2.337199e+01
<GCONST> 6.491260e+01
<STATE> 7
<MEAN> 12
 1.099453e+00 -1.366341e+00 -2.107633e+00 1.527707e+00 3.874465e+00 -1.857585e+00 2.673907e+00 -1.562819e+00 7.262449e-01 -3.409120e+00 6.237878e-02 3.257545e+00
<VARIANCE> 12
 1.856441e+01 5.944421e+01 2.777321e+01 2.832086e+01 2.726731e+01 2.949146e+01 4.360361e+01 5.606489e+01 4.944493e+01 4.718978e+01 3.516912e+01 2.304646e+01
<GCONST> 6.467264e+01
<STATE> 8
<MEAN> 12
 1.427954e+00 -3.665258e+00 -1.904137e+00 2.522498e+00 3.996671e+00 -2.399548e+00 5.037974e+00 1.765930e-01 4.234616e-01 -3.288145e+00 3.145304e-02 2.421316e+00
<VARIANCE> 12
 2.161205e+01 4.011824e+01 3.020308e+01 3.047809e+01 2.735376e+01 2.992290e+01 3.100750e+01 7.337052e+01 4.304264e+01 5.184178e+01 2.774034e+01 2.836561e+01
<GCONST> 6.446024e+01
<STATE> 9
<MEAN> 12
 1.114020e+00 -4.929559e+00 -1.067515e+00 3.287404e+00 3.120618e+00 -2.725150e+00 6.370591e+00 2.771160e+00 -4.067871e-01 -2.643521e+00 -1.516373e-02 9.663308e-01
<VARIANCE> 12
 2.340800e+01 2.673848e+01 3.199639e+01 3.366205e+01 2.915957e+01 4.034969e+01 2.762722e+01 7.632672e+01 3.462354e+01 5.221364e+01 2.265737e+01 3.128193e+01
<GCONST> 6.426330e+01
<STATE> 10
<MEAN> 12
 5.561420e-01 -5.382109e+00 -1.740118e-01 2.625723e+00 1.322837e+00 -2.534118e+00 6.495841e+00 4.661423e+00 -1.509602e+00 -2.514099e+00 -4.208999e-01 -4.119307e-01
<VARIANCE> 12
 2.184086e+01 1.958939e+01 3.382635e+01 4.122159e+01 3.022139e+01 5.942028e+01 3.506596e+01 6.211458e+01 2.720769e+01 4.729351e+01 1.918312e+01 2.773896e+01
<GCONST> 6.396964e+01
<STATE> 11
<MEAN> 12
 6.113357e-02 -5.438910e+00 8.613311e-01 3.368103e-01 -9.004654e-01 -6.975302e-01 5.043281e+00 4.371500e+00 -2.072436e+00 -2.714035e+00 -9.341162e-01 -1.427561e+00
<VARIANCE> 12
 1.769631e+01 1.958939e+01 3.608522e+01 4.673404e+01 2.914526e+01 8.007910e+01 5.105643e+01 5.233639e+01 2.315382e+01 3.977140e+01 1.508630e+01 2.199617e+01
<GCONST> 6.360912e+01
<STATE> 12
<MEAN> 12
 -6.970466e-01 -6.188145e+00 1.956743e+00 -1.957076e+00 -2.386199e+00 2.876355e+00 2.364714e+00 1.641786e+00 -1.786795e+00 -2.145622e+00 -1.137421e+00 -1.960058e+00
<VARIANCE> 12
 1.349428e+01 1.958939e+01 3.210240e+01 3.825864e+01 2.827387e+01 7.788081e+01 5.773011e+01 5.641821e+01 2.219137e+01 3.300631e+01 1.096601e+01 1.908312e+01
<GCONST> 6.247078e+01
<STATE> 13
<MEAN> 12
 -1.379791e+00 -8.492085e+00 2.228823e+00 -1.895524e+00 -1.084961e+00 5.649646e+00 7.216545e-01 -2.805978e+00 -6.832131e-01 -3.918380e-01 -7.621722e-01 -1.133738e+00
<VARIANCE> 12
 1.045066e+01 2.177604e+01 2.045691e+01 2.789254e+01 3.727324e+01 4.461093e+01 4.268254e+01 5.718620e+01 2.226551e+01 2.617096e+01 9.671430e+00 2.076060e+01
<GCONST> 6.071495e+01
<STATE> 14
<MEAN> 12
 2.328988e-01 -1.016039e+01 1.731115e+00 7.876024e-01 3.423223e+00 6.600911e+00 3.772603e+00 -6.169117e+00 1.903662e+00 1.898662e+00 -5.315504e-01 1.686929e+00
<VARIANCE> 12
 1.254614e+01 1.958939e+01 1.013418e+01 1.728825e+01 3.273239e+01 2.321909e+01 4.859757e+01 3.291944e+01 1.873405e+01 1.966692e+01 9.939312e+00 1.705778e+01
<GCONST> 5.777823e+01
<TRANSP> 15
 0.000000e+00 1.000000e+00 0.000000e+00 0.000000e+00 0.000000e+00 0.000000e+00 0.000000e+00 0.000000e+00 0.000000e+00 0.000000e+00 0.000000e+00 0.000000e+00 0.000000e+00 0.000000e+00 0.000000e+00
 0.000000e+00 8.631579e-01 1.368421e-01 0.000000e+00 0.000000e+00 0.000000e+00 0.000000e+00 0.000000e+00 0.000000e+00 0.000000e+00 0.000000e+00 0.000000e+00 0.000000e+00 0.000000e+00 0.000000e+00
 0.000000e+00 0.000000e+00 8.631579e-01 1.368421e-01 0.000000e+00 0.000000e+00 0.000000e+00 0.000000e+00 0.000000e+00 0.000000e+00 0.000000e+00 0.000000e+00 0.000000e+00 0.000000e+00 0.000000e+00
 0.000000e+00 0.000000e+00 0.000000e+00 8.631578e-01 1.368421e-01 0.000000e+00 0.000000e+00 0.000000e+00 0.000000e+00 0.000000e+00 0.000000e+00 0.000000e+00 0.000000e+00 0.000000e+00 0.000000e+00
 0.000000e+00 0.000000e+00 0.000000e+00 0.000000e+00 8.631579e-01 1.368421e-01 0.000000e+00 0.000000e+00 0.000000e+00 0.000000e+00 0.000000e+00 0.000000e+00 0.000000e+00 0.000000e+00 0.000000e+00
 0.000000e+00 0.000000e+00 0.000000e+00 0.000000e+00 0.000000e+00 8.631579e-01 1.368421e-01 0.000000e+00 0.000000e+00 0.000000e+00 0.000000e+00 0.000000e+00 0.000000e+00 0.000000e+00 0.000000e+00
 0.000000e+00 0.000000e+00 0.000000e+00 0.000000e+00 0.000000e+00 0.000000e+00 8.631579e-01 1.368421e-01 0.000000e+00 0.000000e+00 0.000000e+00 0.000000e+00 0.000000e+00 0.000000e+00 0.000000e+00
 0.000000e+00 0.000000e+00 0.000000e+00 0.000000e+00 0.000000e+00 0.000000e+00 0.000000e+00 8.631579e-01 1.368421e-01 0.000000e+00 0.000000e+00 0.000000e+00 0.000000e+00 0.000000e+00 0.000000e+00
 0.000000e+00 0.000000e+00 0.000000e+00 0.000000e+00 0.000000e+00 0.000000e+00 0.000000e+00 0.000000e+00 8.631579e-01 1.368421e-01 0.000000e+00 0.000000e+00 0.000000e+00 0.000000e+00 0.000000e+00
 0.000000e+00 0.000000e+00 0.000000e+00 0.000000e+00 0.000000e+00 0.000000e+00 0.000000e+00 0.000000e+00 0.000000e+00 8.631579e-01 1.368421e-01 0.000000e+00 0.000000e+00 0.000000e+00 0.000000e+00
 0.000000e+00 0.000000e+00 0.000000e+00 0.000000e+00 0.000000e+00 0.000000e+00 0.000000e+00 0.000000e+00 0.000000e+00 0.000000e+00 8.631580e-01 1.368421e-01 0.000000e+00 0.000000e+00 0.000000e+00
 0.000000e+00 0.000000e+00 0.000000e+00 0.000000e+00 0.000000e+00 0.000000e+00 0.000000e+00 0.000000e+00 0.000000e+00 0.000000e+00 0.000000e+00 8.631579e-01 1.368421e-01 0.000000e+00 0.000000e+00
 0.000000e+00 0.000000e+00 0.000000e+00 0.000000e+00 0.000000e+00 0.000000e+00 0.000000e+00 0.000000e+00 0.000000e+00 0.000000e+00 0.000000e+00 0.000000e+00 8.631579e-01 1.368421e-01 0.000000e+00
 0.000000e+00 0.000000e+00 0.000000e+00 0.000000e+00 0.000000e+00 0.000000e+00 0.000000e+00 0.000000e+00 0.000000e+00 0.000000e+00 0.000000e+00 0.000000e+00 0.000000e+00 8.631579e-01 1.368421e-01
 0.000000e+00 0.000000e+00 0.000000e+00 0.000000e+00 0.000000e+00 0.000000e+00 0.000000e+00 0.000000e+00 0.000000e+00 0.000000e+00 0.000000e+00 0.000000e+00 0.000000e+00 0.000000e+00 0.000000e+00
<ENDHMM>
