~o
<STREAMINFO> 1 12
<VECSIZE> 12<NULLD><MFCC_Z><DIAGC>
~h "s071"
<BEGINHMM>
<NUMSTATES> 7
<STATE> 2
<MEAN> 12
 -4.772281e+00 4.091444e+00 2.717723e+00 -1.104499e+01 -5.363825e+00 2.863095e+00 -6.526677e+00 3.151180e+00 2.712004e+00 -1.016893e+00 -5.967712e+00 -2.749116e+00
<VARIANCE> 12
 6.514573e+00 1.115123e+01 5.365236e+00 1.953391e+01 1.441336e+01 1.354082e+01 2.012522e+01 2.335770e+01 2.977458e+01 1.789818e+01 2.583183e+01 4.728621e+00
<GCONST> 5.350257e+01
<STATE> 3
<MEAN> 12
 1.825903e+00 2.749180e+00 5.119278e+00 -7.858725e+00 -6.421544e+00 -2.954814e+00 -2.938704e+00 1.145214e-01 -8.903741e-01 1.488771e+00 1.115404e+01 -8.365034e+00
<VARIANCE> 12
 2.931273e+00 6.405803e+00 1.143425e+01 1.953391e+01 3.133784e+01 4.317360e+01 4.753944e+01 7.305895e+00 1.072004e+01 1.418257e+01 9.396754e+00 1.101442e+01
<GCONST> 5.311993e+01
<STATE> 4
<MEAN> 12
 1.511295e+00 3.605706e+00 -6.418185e+00 -1.515678e+00 -4.517358e+00 -3.563334e+00 7.459754e+00 4.770782e+00 -3.141638e+00 2.073452e-01 -1.507598e+00 4.501654e+00
<VARIANCE> 12
 2.931273e+00 6.405803e+00 5.672513e+00 1.953391e+01 1.441336e+01 1.035281e+01 9.823885e+00 2.250606e+01 4.513984e+00 9.945999e+00 1.703193e+01 2.039755e+01
<GCONST> 4.975382e+01
<STATE> 5
<MEAN> 12
 3.130682e+00 -1.321001e+00 -4.408530e+00 9.826952e+00 1.207005e+00 1.386397e+00 4.784477e+00 -1.769901e+00 -2.660267e+00 -8.565110e+00 7.738508e-01 2.871795e+00
<VARIANCE> 12
 8.534531e+00 6.405803e+00 1.244999e+01 3.015531e+01 1.441336e+01 4.512158e+00 3.241843e+01 1.484422e+01 1.417598e+01 1.981387e+01 9.421354e+00 4.728621e+00
<GCONST> 5.176974e+01
<STATE> 6
<MEAN> 12
 9.361422e-01 -8.822536e+00 3.532971e+00 1.053861e+01 1.349129e+01 -6.028165e-01 -8.602336e-01 -6.623910e+00 2.258672e+00 9.192735e+00 2.401285e+00 1.544970e+00
<VARIANCE> 12
 5.833457e+00 1.174110e+01 7.523538e+00 1.953391e+01 3.138358e+01 1.602169e+01 9.823885e+00 1.889579e+01 1.414482e+01 1.790961e+01 1.190749e+01 5.666565e+00
<GCONST> 5.246184e+01
<TRANSP> 7
 0.000000e+00 1.000000e+00 0.000000e+00 0.000000e+00 0.000000e+00 0.000000e+00 0.000000e+00
 0.000000e+00 9.230463e-01 7.695368e-02 0.000000e+00 0.000000e+00 0.000000e+00 0.000000e+00
 0.000000e+00 0.000000e+00 8.120639e-01 1.879361e-01 0.000000e+00 0.000000e+00 0.000000e+00
 0.000000e+00 0.000000e+00 0.000000e+00 8.787192e-01 1.212808e-01 0.000000e+00 0.000000e+00
 0.000000e+00 0.000000e+00 0.000000e+00 0.000000e+00 8.985924e-01 1.014076e-01 0.000000e+00
 0.000000e+00 0.000000e+00 0.000000e+00 0.000000e+00 0.000000e+00 8.955907e-01 1.044093e-01
 0.000000e+00 0.000000e+00 0.000000e+00 0.000000e+00 0.000000e+00 0.000000e+00 0.000000e+00
<ENDHMM>
