~o
<STREAMINFO> 1 12
<VECSIZE> 12<NULLD><MFCC_Z><DIAGC>
~h "s054"
<BEGINHMM>
<NUMSTATES> 9
<STATE> 2
<MEAN> 12
 1.366398e+00 7.628076e+00 9.352529e+00 -5.988591e+00 -2.592594e+00 -7.821766e-01 -1.003381e+01 1.147698e+01 1.077194e+00 -1.988319e+00 7.520529e+00 -2.299441e+00
<VARIANCE> 12
 1.194647e+01 1.651616e+01 2.113996e+01 3.647264e+01 2.973571e+01 1.869708e+01 5.985164e+01 2.654871e+01 8.304805e+00 1.234252e+01 1.630942e+01 2.040890e+01
<GCONST> 5.811620e+01
<STATE> 3
<MEAN> 12
 -1.643073e+00 8.000893e+00 5.110329e+00 -3.717223e+00 1.653704e+00 -1.342989e+00 -3.818952e+00 1.066044e+01 1.689065e+00 -4.893453e-01 4.597926e+00 5.053042e-01
<VARIANCE> 12
 1.502279e+01 4.576447e+01 2.839178e+01 5.821346e+01 6.033825e+01 2.785617e+01 1.000889e+02 2.654871e+01 2.064631e+01 2.517357e+01 2.515848e+01 3.188127e+01
<GCONST> 6.425043e+01
<STATE> 4
<MEAN> 12
 -2.536730e+00 3.089981e+00 2.082590e+00 -1.268911e+00 4.079178e+00 1.121308e+00 1.062560e+00 6.950963e+00 1.344272e+00 7.924343e-01 2.731133e+00 1.009856e+00
<VARIANCE> 12
 1.732162e+01 9.010471e+01 2.725822e+01 4.634738e+01 5.485483e+01 2.895980e+01 6.131477e+01 7.154823e+01 3.357615e+01 2.987013e+01 2.956019e+01 3.092083e+01
<GCONST> 6.603450e+01
<STATE> 5
<MEAN> 12
 -2.249571e+00 -3.288740e+00 -6.869498e-01 -3.969435e-01 3.082581e+00 2.514615e+00 2.681691e+00 4.788109e-01 1.786319e-01 1.786221e+00 6.599548e-01 2.938464e-01
<VARIANCE> 12
 1.787369e+01 7.687663e+01 2.917044e+01 3.410916e+01 4.514941e+01 1.956121e+01 3.166317e+01 1.031732e+02 3.581797e+01 2.821909e+01 4.722813e+01 2.617257e+01
<GCONST> 6.509602e+01
<STATE> 6
<MEAN> 12
 -9.518295e-01 -6.573589e+00 -3.812468e+00 1.046027e+00 3.602063e-01 1.389740e+00 3.061687e+00 -6.405079e+00 -5.496701e-01 1.763050e+00 -3.282550e+00 -2.454873e-02
<VARIANCE> 12
 2.166677e+01 3.540059e+01 2.139343e+01 2.605523e+01 3.941820e+01 2.118677e+01 1.761401e+01 7.632281e+01 2.674751e+01 2.830173e+01 6.309663e+01 2.371672e+01
<GCONST> 6.289182e+01
<STATE> 7
<MEAN> 12
 1.877391e+00 -5.643063e+00 -5.959399e+00 3.273228e+00 -2.790030e+00 -1.008696e+00 3.512787e+00 -1.108943e+01 -8.959160e-01 8.480036e-02 -6.763048e+00 -2.697406e-01
<VARIANCE> 12
 2.360907e+01 1.919955e+01 9.833654e+00 2.080758e+01 2.858764e+01 2.403108e+01 1.274062e+01 3.284469e+01 2.120522e+01 3.122519e+01 4.955272e+01 2.491418e+01
<GCONST> 5.967503e+01
<STATE> 8
<MEAN> 12
 4.137391e+00 -3.213632e+00 -6.086581e+00 7.052492e+00 -3.792951e+00 -1.891712e+00 3.534019e+00 -1.207265e+01 -2.843693e+00 -1.948861e+00 -5.463861e+00 7.847863e-01
<VARIANCE> 12
 9.418009e+00 1.487088e+01 9.833654e+00 2.176567e+01 1.332666e+01 1.775604e+01 1.274062e+01 2.654871e+01 1.785395e+01 2.144341e+01 3.699861e+01 2.808539e+01
<GCONST> 5.654675e+01
<TRANSP> 9
 0.000000e+00 1.000000e+00 0.000000e+00 0.000000e+00 0.000000e+00 0.000000e+00 0.000000e+00 0.000000e+00 0.000000e+00
 0.000000e+00 8.703704e-01 1.296296e-01 0.000000e+00 0.000000e+00 0.000000e+00 0.000000e+00 0.000000e+00 0.000000e+00
 0.000000e+00 0.000000e+00 8.703703e-01 1.296296e-01 0.000000e+00 0.000000e+00 0.000000e+00 0.000000e+00 0.000000e+00
 0.000000e+00 0.000000e+00 0.000000e+00 8.703704e-01 1.296296e-01 0.000000e+00 0.000000e+00 0.000000e+00 0.000000e+00
 0.000000e+00 0.000000e+00 0.000000e+00 0.000000e+00 8.703704e-01 1.296296e-01 0.000000e+00 0.000000e+00 0.000000e+00
 0.000000e+00 0.000000e+00 0.000000e+00 0.000000e+00 0.000000e+00 8.703704e-01 1.296296e-01 0.000000e+00 0.000000e+00
 0.000000e+00 0.000000e+00 0.000000e+00 0.000000e+00 0.000000e+00 0.000000e+00 8.703704e-01 1.296297e-01 0.000000e+00
 0.000000e+00 0.000000e+00 0.000000e+00 0.000000e+00 0.000000e+00 0.000000e+00 0.000000e+00 8.703704e-01 1.296296e-01
 0.000000e+00 0.000000e+00 0.000000e+00 0.000000e+00 0.000000e+00 0.000000e+00 0.000000e+00 0.000000e+00 0.000000e+00
<ENDHMM>
