~o
<STREAMINFO> 1 12
<VECSIZE> 12<NULLD><MFCC_Z><DIAGC>
~h "s073"
<BEGINHMM>
<NUMSTATES> 9
<STATE> 2
<MEAN> 12
 -5.253587e-01 -3.800225e+00 -1.047111e+01 3.191077e+00 4.907349e+00 -1.115176e+01 5.572382e+00 1.230041e+01 8.300186e-01 -5.995986e+00 3.210135e+00 -2.606900e+00
<VARIANCE> 12
 4.113035e+00 1.215363e+01 2.717666e+01 4.845469e+00 3.651035e+01 2.402470e+01 2.461323e+01 1.084098e+01 1.367896e+01 2.141747e+01 1.760691e+01 1.883824e+01
<GCONST> 5.469426e+01
<STATE> 3
<MEAN> 12
 4.979023e+00 1.404397e+00 -3.542813e+00 -2.812951e+00 6.959054e+00 -5.526019e+00 9.567492e-01 6.044195e+00 -2.054954e+00 8.614390e+00 -1.797200e+00 8.047154e+00
<VARIANCE> 12
 4.113035e+00 5.589889e+00 5.469297e+01 8.588992e+00 1.570863e+01 3.097486e+01 2.703863e+01 2.274783e+01 2.266893e+01 1.194707e+01 8.814725e+00 2.062988e+01
<GCONST> 5.475563e+01
<STATE> 4
<MEAN> 12
 3.627923e-02 2.143517e+00 9.798503e+00 5.530611e+00 -5.075940e-01 3.524629e+00 1.298153e-01 4.066696e+00 1.724849e+00 5.785242e+00 4.298537e+00 3.541807e+00
<VARIANCE> 12
 5.037281e+01 6.388343e+00 7.727181e+00 1.020943e+01 7.346343e+00 3.922645e+01 2.673460e+01 1.084098e+01 1.925102e+01 1.616766e+01 5.566054e+01 1.120174e+01
<GCONST> 5.570527e+01
<STATE> 5
<MEAN> 12
 -7.825511e+00 -6.978074e-01 7.138366e+00 -1.005593e+00 -7.060986e+00 5.501012e+00 -6.061175e-01 2.651234e+00 3.812380e+00 1.373818e+00 7.133035e+00 -5.892335e+00
<VARIANCE> 12
 1.468231e+01 2.522573e+01 7.727181e+00 3.715139e+01 3.848648e+01 1.136903e+01 2.054962e+01 1.689897e+01 2.535879e+01 3.571968e+01 2.267537e+01 2.534736e+01
<GCONST> 5.872285e+01
<STATE> 6
<MEAN> 12
 -6.145406e+00 -2.272272e+00 -6.502737e-01 -6.787858e+00 -7.283280e+00 7.053225e+00 3.796962e+00 -6.789337e+00 1.172947e+00 -2.342600e+00 -2.499508e+00 -2.142453e+00
<VARIANCE> 12
 7.791558e+00 5.268527e+00 1.040409e+01 1.253273e+01 7.346343e+00 1.623064e+01 1.583998e+01 2.774994e+01 1.274335e+01 1.201943e+01 3.117749e+01 1.576811e+01
<GCONST> 5.273596e+01
<STATE> 7
<MEAN> 12
 3.030122e+00 2.765627e+00 1.179088e+00 -6.552723e-02 -3.760872e+00 -3.014859e+00 -4.116642e+00 -9.628524e+00 4.668649e+00 -2.881258e+00 -3.611553e+00 -5.100404e+00
<VARIANCE> 12
 4.113035e+00 1.839332e+00 7.727181e+00 1.154178e+01 7.346343e+00 3.955991e+01 2.429616e+01 1.084098e+01 6.463919e+01 1.557154e+01 7.578615e+00 7.126735e+00
<GCONST> 5.071792e+01
<STATE> 8
<MEAN> 12
 8.667265e-01 -5.405788e-01 4.738257e+00 7.520546e+00 3.038781e+00 1.005085e+01 -5.038709e+00 -4.243626e+00 -9.035457e+00 -5.630450e+00 4.608855e-01 1.504844e+00
<VARIANCE> 12
 4.935756e+00 4.074726e+00 7.727181e+00 9.800582e+00 2.740171e+01 1.918365e+01 6.805853e+00 1.084098e+01 2.871981e+01 2.555454e+01 1.664309e+01 6.057874e+00
<GCONST> 5.116056e+01
<TRANSP> 9
 0.000000e+00 1.000000e+00 0.000000e+00 0.000000e+00 0.000000e+00 0.000000e+00 0.000000e+00 0.000000e+00 0.000000e+00
 0.000000e+00 8.610260e-01 1.389740e-01 0.000000e+00 0.000000e+00 0.000000e+00 0.000000e+00 0.000000e+00 0.000000e+00
 0.000000e+00 0.000000e+00 9.199139e-01 8.008614e-02 0.000000e+00 0.000000e+00 0.000000e+00 0.000000e+00 0.000000e+00
 0.000000e+00 0.000000e+00 0.000000e+00 7.323574e-01 2.676426e-01 0.000000e+00 0.000000e+00 0.000000e+00 0.000000e+00
 0.000000e+00 0.000000e+00 0.000000e+00 0.000000e+00 8.223430e-01 1.776570e-01 0.000000e+00 0.000000e+00 0.000000e+00
 0.000000e+00 0.000000e+00 0.000000e+00 0.000000e+00 0.000000e+00 8.849968e-01 1.150031e-01 0.000000e+00 0.000000e+00
 0.000000e+00 0.000000e+00 0.000000e+00 0.000000e+00 0.000000e+00 0.000000e+00 9.064868e-01 9.351314e-02 0.000000e+00
 0.000000e+00 0.000000e+00 0.000000e+00 0.000000e+00 0.000000e+00 0.000000e+00 0.000000e+00 8.677878e-01 1.322121e-01
 0.000000e+00 0.000000e+00 0.000000e+00 0.000000e+00 0.000000e+00 0.000000e+00 0.000000e+00 0.000000e+00 0.000000e+00
<ENDHMM>
