~o
<STREAMINFO> 1 12
<VECSIZE> 12<NULLD><MFCC_Z><DIAGC>
~h "s032"
<BEGINHMM>
<NUMSTATES> 12
<STATE> 2
<MEAN> 12
 2.991785e-01 -3.553698e+00 -4.941637e+00 -5.085706e+00 -1.326017e+01 -6.990923e+00 8.140127e+00 -5.655605e+00 2.144519e+00 -5.954138e+00 -5.713091e+00 -4.671429e+00
<VARIANCE> 12
 1.364037e+01 1.097076e+01 8.722699e+00 1.888039e+01 1.316449e+01 8.063948e+00 1.546289e+01 1.153335e+01 1.101948e+01 7.433953e+00 1.881358e+01 2.393810e+01
<GCONST> 5.253123e+01
<STATE> 3
<MEAN> 12
 4.028823e+00 3.690589e-01 -4.800463e+00 -1.236843e+01 -3.344518e+00 -3.200564e+00 3.503664e-01 -1.175706e+01 -2.129440e+00 -3.222399e+00 -8.343939e+00 2.495741e-02
<VARIANCE> 12
 2.195984e+00 1.097076e+01 8.722699e+00 1.888039e+01 1.824590e+01 8.063948e+00 1.309354e+01 9.930317e+00 1.888520e+01 7.333318e+00 1.254611e+01 8.187903e+00
<GCONST> 4.976237e+01
<STATE> 4
<MEAN> 12
 1.407009e+00 6.823170e+00 -8.310749e+00 -1.405513e+01 -2.042893e+00 8.974523e-01 -4.019593e+00 -1.048444e+01 -1.356366e+01 -1.742413e+00 -3.525484e+00 1.460998e+00
<VARIANCE> 12
 3.887804e+00 1.145451e+01 8.722699e+00 1.888039e+01 1.316449e+01 8.063948e+00 1.582406e+01 3.891660e+01 3.214325e+01 1.630326e+01 1.328806e+01 1.223342e+01
<GCONST> 5.339529e+01
<STATE> 5
<MEAN> 12
 -3.209139e+00 1.275601e+01 -1.595717e+00 -9.403668e+00 -6.933055e+00 1.542010e+00 -1.712128e+01 6.427119e+00 -1.187702e+01 6.048933e+00 -4.945510e+00 -8.126617e+00
<VARIANCE> 12
 2.195984e+00 1.097076e+01 1.221326e+01 1.888039e+01 1.316449e+01 8.063948e+00 1.309354e+01 3.083454e+01 2.982636e+01 3.788255e+01 1.896167e+01 1.778745e+01
<GCONST> 5.419352e+01
<STATE> 6
<MEAN> 12
 -1.010024e+00 1.465997e+01 6.482388e+00 -4.493449e+00 -4.546776e+00 3.326916e+00 -1.021067e+01 7.681422e+00 -2.803555e+00 1.150178e+01 4.655129e+00 -4.831174e+00
<VARIANCE> 12
 2.347488e+00 1.097076e+01 1.521776e+01 1.888039e+01 1.877394e+01 1.642427e+01 4.786110e+01 1.461494e+01 1.231201e+01 1.393505e+01 1.404902e+01 1.162832e+01
<GCONST> 5.348624e+01
<STATE> 7
<MEAN> 12
 -5.242692e+00 -2.682562e+00 1.575393e+01 -3.681941e+00 -1.031403e+00 1.130109e+01 -3.600620e+00 5.670676e+00 8.696582e+00 5.700584e+00 4.591632e+00 -5.405959e-02
<VARIANCE> 12
 1.039267e+01 7.458109e+01 1.334073e+01 1.888039e+01 1.316449e+01 1.303728e+01 3.342607e+01 2.219510e+01 4.656446e+01 2.745940e+01 4.401270e+01 1.494757e+01
<GCONST> 5.963358e+01
<STATE> 8
<MEAN> 12
 -7.385442e+00 -1.038098e+01 1.169672e+01 2.266449e+00 -7.022085e-01 5.279207e+00 3.945072e+00 1.311870e+00 8.514040e+00 5.792493e+00 -3.631024e+00 3.292789e+00
<VARIANCE> 12
 3.311641e+00 1.097076e+01 8.722699e+00 4.291166e+01 1.729149e+01 8.063948e+00 1.309354e+01 1.256419e+01 1.726593e+01 1.763487e+01 8.190454e+00 9.861980e+00
<GCONST> 5.172313e+01
<STATE> 9
<MEAN> 12
 2.653166e+00 -4.652715e+00 -1.728204e+00 8.151253e+00 7.123958e+00 -8.820167e+00 5.048959e+00 7.217606e+00 7.169108e+00 -2.617559e+00 -2.656084e+00 5.993278e+00
<VARIANCE> 12
 1.083725e+01 1.097076e+01 2.813369e+01 1.888039e+01 1.316449e+01 4.047595e+01 1.309354e+01 2.228779e+01 1.119122e+01 2.176940e+01 8.190454e+00 6.495631e+00
<GCONST> 5.453196e+01
<STATE> 10
<MEAN> 12
 1.054215e+00 -6.492320e+00 -4.211147e+00 1.014349e+01 1.055588e+01 -2.648695e+00 9.633514e+00 2.088387e+00 5.316775e-01 -5.022721e+00 6.703834e+00 8.544024e+00
<VARIANCE> 12
 2.195984e+00 1.097076e+01 8.722699e+00 1.888039e+01 1.316449e+01 2.699796e+01 1.309354e+01 3.600386e+01 2.198864e+01 1.534973e+01 3.667876e+01 1.375501e+01
<GCONST> 5.441470e+01
<STATE> 11
<MEAN> 12
 2.572869e+00 -7.189421e+00 1.396266e+00 2.007167e+01 1.341581e+01 5.677518e+00 3.867299e+00 -3.373787e+00 4.689224e+00 -1.899102e+00 8.643479e+00 1.392093e+00
<VARIANCE> 12
 3.717560e+00 1.097076e+01 8.722699e+00 1.888039e+01 1.316449e+01 2.862665e+01 1.309354e+01 9.930317e+00 1.815569e+01 1.990754e+01 2.240153e+01 8.741669e+00
<GCONST> 5.283377e+01
<TRANSP> 12
 0.000000e+00 1.000000e+00 0.000000e+00 0.000000e+00 0.000000e+00 0.000000e+00 0.000000e+00 0.000000e+00 0.000000e+00 0.000000e+00 0.000000e+00 0.000000e+00
 0.000000e+00 9.089299e-01 9.107012e-02 0.000000e+00 0.000000e+00 0.000000e+00 0.000000e+00 0.000000e+00 0.000000e+00 0.000000e+00 0.000000e+00 0.000000e+00
 0.000000e+00 0.000000e+00 8.083602e-01 1.916398e-01 0.000000e+00 0.000000e+00 0.000000e+00 0.000000e+00 0.000000e+00 0.000000e+00 0.000000e+00 0.000000e+00
 0.000000e+00 0.000000e+00 0.000000e+00 8.401245e-01 1.598755e-01 0.000000e+00 0.000000e+00 0.000000e+00 0.000000e+00 0.000000e+00 0.000000e+00 0.000000e+00
 0.000000e+00 0.000000e+00 0.000000e+00 0.000000e+00 8.803222e-01 1.196778e-01 0.000000e+00 0.000000e+00 0.000000e+00 0.000000e+00 0.000000e+00 0.000000e+00
 0.000000e+00 0.000000e+00 0.000000e+00 0.000000e+00 0.000000e+00 8.323575e-01 1.676426e-01 0.000000e+00 0.000000e+00 0.000000e+00 0.000000e+00 0.000000e+00
 0.000000e+00 0.000000e+00 0.000000e+00 0.000000e+00 0.000000e+00 0.000000e+00 8.668382e-01 1.331618e-01 0.000000e+00 0.000000e+00 0.000000e+00 0.000000e+00
 0.000000e+00 0.000000e+00 0.000000e+00 0.000000e+00 0.000000e+00 0.000000e+00 0.000000e+00 5.068963e-01 4.931038e-01 0.000000e+00 0.000000e+00 0.000000e+00
 0.000000e+00 0.000000e+00 0.000000e+00 0.000000e+00 0.000000e+00 0.000000e+00 0.000000e+00 0.000000e+00 8.759692e-01 1.240308e-01 0.000000e+00 0.000000e+00
 0.000000e+00 0.000000e+00 0.000000e+00 0.000000e+00 0.000000e+00 0.000000e+00 0.000000e+00 0.000000e+00 0.000000e+00 8.800405e-01 1.199595e-01 0.000000e+00
 0.000000e+00 0.000000e+00 0.000000e+00 0.000000e+00 0.000000e+00 0.000000e+00 0.000000e+00 0.000000e+00 0.000000e+00 0.000000e+00 8.923496e-01 1.076504e-01
 0.000000e+00 0.000000e+00 0.000000e+00 0.000000e+00 0.000000e+00 0.000000e+00 0.000000e+00 0.000000e+00 0.000000e+00 0.000000e+00 0.000000e+00 0.000000e+00
<ENDHMM>
