~o
<STREAMINFO> 1 12
<VECSIZE> 12<NULLD><MFCC_Z><DIAGC>
~h "s080"
<BEGINHMM>
<NUMSTATES> 7
<STATE> 2
<MEAN> 12
 3.976454e+00 -3.123855e+00 -6.500167e+00 1.049037e+01 3.593037e+00 8.963710e-01 6.675983e+00 -5.916116e+00 5.434350e+00 -2.582338e+00 3.392904e-01 -3.146343e-01
<VARIANCE> 12
 1.519432e+01 2.527615e+01 4.856249e+01 2.576833e+01 7.206571e+01 5.815895e+00 1.462178e+01 1.321275e+01 3.733272e+01 1.798551e+01 1.768656e+01 1.687621e+01
<GCONST> 5.864732e+01
<STATE> 3
<MEAN> 12
 -5.609307e-02 -7.917559e+00 -7.824411e+00 8.240802e+00 1.381748e+00 -1.415320e+00 4.095559e-01 -2.252780e+00 -1.859403e+00 -6.890065e+00 -3.294863e+00 2.732002e+00
<VARIANCE> 12
 5.487878e+00 1.184551e+01 2.889351e+01 6.642416e+01 1.834901e+01 2.189285e+01 1.255642e+01 1.321275e+01 2.328332e+01 8.721093e+00 7.422279e+00 1.056386e+01
<GCONST> 5.457124e+01
<STATE> 4
<MEAN> 12
 2.324206e+00 -3.536899e+00 2.921620e+00 -4.931800e+00 -1.138878e+00 -4.092073e+00 1.428034e+00 5.117897e+00 -7.818188e+00 -2.142106e+00 -4.477513e+00 7.495525e-01
<VARIANCE> 12
 1.055247e+01 1.184551e+01 3.251202e+01 2.576833e+01 7.837551e+00 4.189795e+01 9.103738e+00 1.321275e+01 6.039207e+00 1.793109e+01 5.276195e+00 8.237118e+00
<GCONST> 5.265428e+01
<STATE> 5
<MEAN> 12
 -7.054587e+00 9.711020e+00 8.669938e+00 -1.351199e+01 -4.139804e+00 9.208983e-01 -5.716149e+00 1.161502e+01 -8.976524e-01 5.692750e+00 1.869808e+00 -4.545220e+00
<VARIANCE> 12
 5.487878e+00 1.852569e+01 1.547887e+01 2.576833e+01 6.059518e+00 6.047297e+00 1.408255e+01 1.401841e+01 9.067980e+00 1.344537e+01 3.948390e+01 1.262573e+01
<GCONST> 5.256641e+01
<STATE> 6
<MEAN> 12
 3.778963e+00 4.076913e+00 6.786569e+00 -5.173605e+00 -4.008360e-01 1.108388e+00 -7.672733e-01 -5.627335e+00 3.964298e-01 6.337857e+00 3.337821e+00 1.394795e+00
<VARIANCE> 12
 1.462930e+01 1.184551e+01 1.547887e+01 4.342329e+01 6.126419e+00 7.312433e+00 1.000219e+01 4.603603e+01 1.471045e+01 8.721093e+00 1.636697e+01 7.045836e+00
<GCONST> 5.325639e+01
<TRANSP> 7
 0.000000e+00 1.000000e+00 0.000000e+00 0.000000e+00 0.000000e+00 0.000000e+00 0.000000e+00
 0.000000e+00 8.935305e-01 1.064694e-01 0.000000e+00 0.000000e+00 0.000000e+00 0.000000e+00
 0.000000e+00 0.000000e+00 9.291284e-01 7.087161e-02 0.000000e+00 0.000000e+00 0.000000e+00
 0.000000e+00 0.000000e+00 0.000000e+00 5.800391e-01 4.199609e-01 0.000000e+00 0.000000e+00
 0.000000e+00 0.000000e+00 0.000000e+00 0.000000e+00 9.111199e-01 8.888005e-02 0.000000e+00
 0.000000e+00 0.000000e+00 0.000000e+00 0.000000e+00 0.000000e+00 8.986348e-01 1.013652e-01
 0.000000e+00 0.000000e+00 0.000000e+00 0.000000e+00 0.000000e+00 0.000000e+00 0.000000e+00
<ENDHMM>
