~o
<STREAMINFO> 1 12
<VECSIZE> 12<NULLD><MFCC_Z><DIAGC>
~h "s046"
<BEGINHMM>
<NUMSTATES> 8
<STATE> 2
<MEAN> 12
 -2.300768e+00 4.959399e+00 1.046705e+01 4.248870e+00 -7.985685e+00 5.631139e+00 -5.587147e+00 1.972721e-02 1.008912e+01 -1.052411e+01 7.044448e+00 -4.851850e+00
<VARIANCE> 12
 1.140537e+01 1.560987e+01 1.003027e+01 8.274388e+01 2.932361e+01 3.620410e+01 7.733450e+01 2.318668e+01 2.392812e+01 2.689285e+01 2.036617e+01 1.124951e+01
<GCONST> 6.031827e+01
<STATE> 3
<MEAN> 12
 -4.007495e+00 -1.150888e+01 -1.917958e+00 1.012216e+01 7.046282e+00 -1.741824e+00 7.310107e+00 -6.290948e+00 -2.005997e+00 -5.906841e+00 3.496471e+00 1.828228e+00
<VARIANCE> 12
 8.410258e+00 1.108872e+01 4.149147e+01 3.671228e+01 1.756954e+01 7.235688e+01 6.590690e+00 2.617932e+01 2.002232e+01 1.362202e+01 1.207941e+01 1.173650e+01
<GCONST> 5.677965e+01
<STATE> 4
<MEAN> 12
 4.224808e+00 -5.353804e+00 -3.639700e+00 -2.029232e+00 4.938305e+00 -9.783339e+00 2.128890e+00 -6.018019e+00 1.756549e+00 -1.058161e+00 -4.097464e+00 3.953818e+00
<VARIANCE> 12
 2.742216e+00 1.108872e+01 7.958379e+00 1.702889e+01 8.190536e+00 1.345898e+01 1.769792e+01 3.086423e+01 8.285084e+00 2.641940e+01 1.879271e+01 5.651184e+00
<GCONST> 5.143791e+01
<STATE> 5
<MEAN> 12
 1.293759e+00 1.295462e+00 2.695559e+00 -1.239824e+01 -1.288414e+00 -5.941929e+00 -5.564489e+00 3.309091e+00 1.007587e+00 5.440801e+00 -1.166547e+01 -5.204668e+00
<VARIANCE> 12
 2.575156e+01 4.748183e+01 1.878499e+01 2.660322e+01 1.311508e+01 5.659148e+01 1.930041e+01 2.410558e+01 6.550793e+00 8.079788e+00 1.953273e+01 3.505447e+01
<GCONST> 5.862759e+01
<STATE> 6
<MEAN> 12
 -1.563940e+00 1.024492e+01 -8.427190e+00 -8.614328e+00 -1.858175e+00 1.003237e+00 -3.885863e+00 3.185155e+00 -7.118488e+00 4.980701e+00 3.141324e+00 -4.128825e-01
<VARIANCE> 12
 4.785484e+00 1.108872e+01 1.334990e+01 1.401698e+01 6.461895e+00 1.870267e+01 8.871219e+00 1.074623e+01 3.640525e+01 1.221241e+01 3.146189e+01 4.426312e+01
<GCONST> 5.394587e+01
<STATE> 7
<MEAN> 12
 3.478387e+00 3.941314e+00 3.966599e+00 3.710502e+00 -4.139008e+00 8.936860e+00 9.697798e-01 6.409463e+00 4.025609e-01 5.826616e+00 1.905681e-02 2.130379e+00
<VARIANCE> 12
 2.742216e+00 1.923524e+01 1.998065e+01 2.144818e+01 1.667470e+01 1.310536e+01 1.621580e+01 6.758290e+00 2.586485e+01 2.248818e+01 7.394050e+00 1.360271e+01
<GCONST> 5.314093e+01
<TRANSP> 8
 0.000000e+00 1.000000e+00 0.000000e+00 0.000000e+00 0.000000e+00 0.000000e+00 0.000000e+00 0.000000e+00
 0.000000e+00 8.397081e-01 1.602919e-01 0.000000e+00 0.000000e+00 0.000000e+00 0.000000e+00 0.000000e+00
 0.000000e+00 0.000000e+00 9.130391e-01 8.696090e-02 0.000000e+00 0.000000e+00 0.000000e+00 0.000000e+00
 0.000000e+00 0.000000e+00 0.000000e+00 8.620514e-01 1.379486e-01 0.000000e+00 0.000000e+00 0.000000e+00
 0.000000e+00 0.000000e+00 0.000000e+00 0.000000e+00 8.590822e-01 1.409178e-01 0.000000e+00 0.000000e+00
 0.000000e+00 0.000000e+00 0.000000e+00 0.000000e+00 0.000000e+00 8.883665e-01 1.116336e-01 0.000000e+00
 0.000000e+00 0.000000e+00 0.000000e+00 0.000000e+00 0.000000e+00 0.000000e+00 8.995850e-01 1.004150e-01
 0.000000e+00 0.000000e+00 0.000000e+00 0.000000e+00 0.000000e+00 0.000000e+00 0.000000e+00 0.000000e+00
<ENDHMM>
