~o
<STREAMINFO> 1 12
<VECSIZE> 12<NULLD><MFCC_Z><DIAGC>
~h "s079"
<BEGINHMM>
<NUMSTATES> 6
<STATE> 2
<MEAN> 12
 8.134753e-01 2.344058e-01 3.854364e+00 1.574718e-01 -5.979317e+00 -3.101613e+00 -4.553542e+00 5.623628e+00 7.027604e-01 2.667362e+00 -4.220896e+00 -5.020465e+00
<VARIANCE> 12
 1.242109e+01 3.120997e+01 1.306301e+01 3.487407e+01 1.623241e+01 1.132814e+01 2.578992e+01 8.234314e+01 3.767998e+01 2.260188e+01 1.671748e+01 1.619425e+01
<GCONST> 5.935964e+01
<STATE> 3
<MEAN> 12
 -5.958753e-01 3.878484e+00 3.577115e-01 4.847280e-01 -2.288424e+00 -2.820714e+00 -2.069651e+00 1.056327e+00 -2.493823e+00 -3.561606e-01 -5.601366e-01 -4.840597e+00
<VARIANCE> 12
 9.404489e+00 1.998978e+01 1.385481e+01 3.865415e+01 1.968752e+01 1.709147e+01 1.957620e+01 7.218139e+01 2.761797e+01 2.487123e+01 1.847769e+01 3.619870e+01
<GCONST> 5.968405e+01
<STATE> 4
<MEAN> 12
 -1.175250e+00 1.008957e+00 -2.162666e+00 -3.311685e-01 1.353211e+00 -2.201125e-01 3.456286e-01 -1.668398e+00 -1.529637e+00 -1.566443e+00 1.678255e+00 2.590998e-02
<VARIANCE> 12
 1.149727e+01 4.419267e+01 1.126677e+01 3.824661e+01 3.040364e+01 3.868723e+01 1.972076e+01 4.921854e+01 3.332500e+01 2.043051e+01 1.448061e+01 1.213012e+02
<GCONST> 6.229355e+01
<STATE> 5
<MEAN> 12
 9.576481e-01 -5.121846e+00 -2.049410e+00 -3.110337e-01 6.914530e+00 6.142440e+00 6.277565e+00 -5.011558e+00 3.320699e+00 -7.447594e-01 3.102777e+00 9.835151e+00
<VARIANCE> 12
 1.670059e+01 3.489725e+01 6.915491e+00 2.292881e+01 3.302571e+01 4.418498e+01 4.994532e+01 3.749304e+01 4.041079e+01 1.617900e+01 7.943190e+00 1.147318e+02
<GCONST> 6.160701e+01
<TRANSP> 6
 0.000000e+00 1.000000e+00 0.000000e+00 0.000000e+00 0.000000e+00 0.000000e+00
 0.000000e+00 9.000000e-01 9.999999e-02 0.000000e+00 0.000000e+00 0.000000e+00
 0.000000e+00 0.000000e+00 9.000000e-01 9.999998e-02 0.000000e+00 0.000000e+00
 0.000000e+00 0.000000e+00 0.000000e+00 9.000000e-01 1.000000e-01 0.000000e+00
 0.000000e+00 0.000000e+00 0.000000e+00 0.000000e+00 9.000000e-01 9.999999e-02
 0.000000e+00 0.000000e+00 0.000000e+00 0.000000e+00 0.000000e+00 0.000000e+00
<ENDHMM>
