~o
<STREAMINFO> 1 12
<VECSIZE> 12<NULLD><MFCC_Z><DIAGC>
~h "s002"
<BEGINHMM>
<NUMSTATES> 8
<STATE> 2
<MEAN> 12
 8.790787e+00 6.483769e+00 -1.416040e+01 -9.430043e-01 -1.643263e+00 -7.001378e+00 2.565325e+00 -9.217989e-01 1.433373e+01 -9.136600e+00 3.952364e-01 -4.993079e+00
<VARIANCE> 12
 1.368697e+01 3.551701e+01 4.564248e+01 2.632356e+01 4.148983e+01 1.233171e+01 2.020467e+01 6.128953e+00 1.979976e+01 6.456632e+00 3.575736e+00 9.184604e+00
<GCONST> 5.473132e+01
<STATE> 3
<MEAN> 12
 -2.791961e+00 -6.007179e+00 -9.611401e+00 7.085973e+00 -1.859098e+00 -1.004353e+01 9.887243e+00 3.930337e+00 -1.022275e+01 -2.403065e+00 2.809898e+00 6.251812e+00
<VARIANCE> 12
 3.147518e+00 5.970928e+00 3.479444e+01 1.027591e+01 1.918276e+01 1.334390e+01 4.433191e+00 6.128953e+00 1.823713e+01 4.770984e+01 3.575736e+00 4.810521e+00
<GCONST> 4.932809e+01
<STATE> 4
<MEAN> 12
 -2.030434e+00 4.064817e+00 2.052391e+00 -4.158764e+00 -3.312622e+00 5.074579e+00 -2.289899e+00 5.967894e+00 -5.270834e-01 -1.128024e+00 1.807012e+00 1.643745e+00
<VARIANCE> 12
 7.839252e+00 8.371151e+00 9.732358e+00 3.254035e+01 3.665184e+01 3.027007e+01 1.176821e+01 1.639739e+01 4.199907e+01 8.698675e+00 3.867910e+01 1.264640e+01
<GCONST> 5.636404e+01
<STATE> 5
<MEAN> 12
 2.334889e+00 -5.490483e+00 -6.671794e-01 2.622463e-01 -5.069944e+00 -8.782327e+00 5.788862e+00 2.307539e+00 -1.612315e+01 -3.689765e+00 -1.724326e+00 8.203166e-01
<VARIANCE> 12
 5.814961e+00 1.560421e+01 9.732358e+00 4.552922e+00 1.104160e+01 8.520501e+00 2.058906e+01 6.939774e+00 2.169743e+01 1.408064e+01 1.337819e+01 2.206703e+01
<GCONST> 5.126961e+01
<STATE> 6
<MEAN> 12
 -3.876230e+00 -8.410952e+00 1.649207e+00 2.380835e+00 -5.144073e-01 -3.338499e+00 -2.096157e-01 -9.304254e+00 -2.098320e+00 1.037494e+01 -1.713447e+00 -1.514068e+00
<VARIANCE> 12
 3.147518e+00 5.970928e+00 9.732358e+00 7.818452e+00 7.410143e+00 8.520501e+00 1.296594e+01 6.128953e+00 1.355956e+01 6.456632e+00 7.425183e+00 5.962313e+00
<GCONST> 4.610319e+01
<STATE> 7
<MEAN> 12
 1.453990e-02 -4.727669e-01 8.563224e+00 2.864307e+00 9.461022e+00 6.238503e+00 -4.102023e+00 -5.229764e+00 3.910113e+00 3.473072e+00 -2.230171e+00 -1.054098e+00
<VARIANCE> 12
 3.147518e+00 1.611502e+01 9.732358e+00 5.778591e+00 9.498624e+00 1.024602e+01 7.463604e+00 1.007034e+01 1.585734e+01 1.276290e+01 2.114602e+01 3.618812e+00
<GCONST> 4.855595e+01
<TRANSP> 8
 0.000000e+00 1.000000e+00 0.000000e+00 0.000000e+00 0.000000e+00 0.000000e+00 0.000000e+00 0.000000e+00
 0.000000e+00 8.571408e-01 1.428593e-01 0.000000e+00 0.000000e+00 0.000000e+00 0.000000e+00 0.000000e+00
 0.000000e+00 0.000000e+00 7.499881e-01 2.500119e-01 0.000000e+00 0.000000e+00 0.000000e+00 0.000000e+00
 0.000000e+00 0.000000e+00 0.000000e+00 9.415842e-01 5.841577e-02 0.000000e+00 0.000000e+00 0.000000e+00
 0.000000e+00 0.000000e+00 0.000000e+00 0.000000e+00 7.951273e-01 2.048728e-01 0.000000e+00 0.000000e+00
 0.000000e+00 0.000000e+00 0.000000e+00 0.000000e+00 0.000000e+00 8.573105e-01 1.426895e-01 0.000000e+00
 0.000000e+00 0.000000e+00 0.000000e+00 0.000000e+00 0.000000e+00 0.000000e+00 9.090275e-01 9.097255e-02
 0.000000e+00 0.000000e+00 0.000000e+00 0.000000e+00 0.000000e+00 0.000000e+00 0.000000e+00 0.000000e+00
<ENDHMM>
