~o
<STREAMINFO> 1 12
<VECSIZE> 12<NULLD><MFCC_Z><DIAGC>
~h "s027"
<BEGINHMM>
<NUMSTATES> 7
<STATE> 2
<MEAN> 12
 -5.082781e+00 2.176548e+00 1.170533e+01 -3.263787e-01 -7.504252e+00 -6.555495e+00 7.988747e+00 6.660539e+00 -6.348177e+00 1.354190e+00 4.954113e+00 -4.032566e+00
<VARIANCE> 12
 6.357153e+00 1.347585e+01 6.645011e+01 1.398275e+01 1.717354e+01 2.681328e+01 8.853418e+00 1.390307e+01 3.069798e+01 6.541807e+01 1.779687e+01 1.965829e+01
<GCONST> 5.774698e+01
<STATE> 3
<MEAN> 12
 -3.461178e+00 -3.376256e+00 -3.714707e+00 6.421016e+00 2.384274e+00 -1.841825e+00 5.764383e+00 5.387415e+00 -8.324140e-01 -7.731759e+00 7.031895e+00 4.299323e+00
<VARIANCE> 12
 4.392375e+00 2.497284e+00 9.240726e+00 6.411438e+00 4.002223e+00 6.220242e+00 7.075813e+00 1.050752e+01 1.285276e+01 1.648797e+01 6.692491e+00 6.480245e+00
<GCONST> 4.518067e+01
<STATE> 4
<MEAN> 12
 3.604678e+00 3.079174e+00 1.962869e+00 -5.763237e+00 5.216433e-01 1.765345e+00 1.078151e+00 -7.228815e+00 2.871092e-01 7.721471e-01 1.937806e+00 2.847522e+00
<VARIANCE> 12
 2.164966e+00 2.497284e+00 1.967021e+01 6.132499e+00 7.832344e+00 9.406202e+00 2.332134e+01 5.019955e+01 1.778560e+01 2.250746e+01 1.427844e+01 3.493594e+01
<GCONST> 5.210435e+01
<STATE> 5
<MEAN> 12
 7.588293e-01 1.261385e+00 -5.978030e+00 -3.669915e+00 -4.341474e-01 4.722224e+00 -7.012885e+00 -6.084548e+00 3.349411e+00 1.366115e+01 -3.448180e-01 -1.095471e+01
<VARIANCE> 12
 2.164966e+00 2.497284e+00 9.240726e+00 8.395739e+00 3.447554e+00 3.529839e+00 1.133462e+01 1.050752e+01 5.116088e+00 8.395095e+00 6.692491e+00 1.694183e+01
<GCONST> 4.386316e+01
<STATE> 6
<MEAN> 12
 -6.647564e-01 -5.148472e+00 -6.625890e+00 7.568790e+00 3.377834e+00 6.317354e-01 -7.015560e+00 6.601478e+00 2.886450e+00 -4.303829e+00 -9.858985e+00 1.066711e+00
<VARIANCE> 12
 6.013550e+00 3.793011e+00 1.315497e+01 1.160035e+01 1.580362e+01 1.510664e+01 1.496345e+01 1.500818e+01 2.378469e+01 1.050168e+01 6.692491e+00 1.521360e+01
<GCONST> 5.124287e+01
<TRANSP> 7
 0.000000e+00 1.000000e+00 0.000000e+00 0.000000e+00 0.000000e+00 0.000000e+00 0.000000e+00
 0.000000e+00 8.557796e-01 1.442204e-01 0.000000e+00 0.000000e+00 0.000000e+00 0.000000e+00
 0.000000e+00 0.000000e+00 8.026406e-01 1.973594e-01 0.000000e+00 0.000000e+00 0.000000e+00
 0.000000e+00 0.000000e+00 0.000000e+00 9.356874e-01 6.431259e-02 0.000000e+00 0.000000e+00
 0.000000e+00 0.000000e+00 0.000000e+00 0.000000e+00 7.753574e-01 2.246426e-01 0.000000e+00
 0.000000e+00 0.000000e+00 0.000000e+00 0.000000e+00 0.000000e+00 8.999869e-01 1.000131e-01
 0.000000e+00 0.000000e+00 0.000000e+00 0.000000e+00 0.000000e+00 0.000000e+00 0.000000e+00
<ENDHMM>
