~o
<STREAMINFO> 1 12
<VECSIZE> 12<NULLD><MFCC_Z><DIAGC>
~h "s009"
<BEGINHMM>
<NUMSTATES> 11
<STATE> 2
<MEAN> 12
 1.746164e-07 2.417766e-07 1.101427e-06 -9.402423e-08 -2.820727e-07 -8.059219e-08 2.014805e-08 2.048385e-07 2.686406e-08 -3.458748e-07 2.149125e-07 1.208883e-07
<VARIANCE> 12
 3.834293e+01 3.347291e+01 1.562666e+02 2.335189e+01 7.802843e+01 1.120511e+02 2.180741e+01 2.661868e+01 3.570074e+01 3.545506e+01 3.964827e+01 2.740797e+01
<GCONST> 6.698829e+01
<STATE> 3
<MEAN> 12
 1.746164e-07 2.417766e-07 1.101427e-06 -9.402423e-08 -2.820727e-07 -8.059219e-08 2.014805e-08 2.048385e-07 2.686406e-08 -3.458748e-07 2.149125e-07 1.208883e-07
<VARIANCE> 12
 3.834293e+01 3.347291e+01 1.562666e+02 2.335189e+01 7.802843e+01 1.120511e+02 2.180741e+01 2.661868e+01 3.570074e+01 3.545506e+01 3.964827e+01 2.740797e+01
<GCONST> 6.698829e+01
<STATE> 4
<MEAN> 12
 1.746164e-07 2.417766e-07 1.101427e-06 -9.402423e-08 -2.820727e-07 -8.059219e-08 2.014805e-08 2.048385e-07 2.686406e-08 -3.458748e-07 2.149125e-07 1.208883e-07
<VARIANCE> 12
 3.834293e+01 3.347291e+01 1.562666e+02 2.335189e+01 7.802843e+01 1.120511e+02 2.180741e+01 2.661868e+01 3.570074e+01 3.545506e+01 3.964827e+01 2.740797e+01
<GCONST> 6.698829e+01
<STATE> 5
<MEAN> 12
 1.746164e-07 2.417766e-07 1.101427e-06 -9.402423e-08 -2.820727e-07 -8.059219e-08 2.014805e-08 2.048385e-07 2.686406e-08 -3.458748e-07 2.149125e-07 1.208883e-07
<VARIANCE> 12
 3.834293e+01 3.347291e+01 1.562666e+02 2.335189e+01 7.802843e+01 1.120511e+02 2.180741e+01 2.661868e+01 3.570074e+01 3.545506e+01 3.964827e+01 2.740797e+01
<GCONST> 6.698829e+01
<STATE> 6
<MEAN> 12
 1.746164e-07 2.417766e-07 1.101427e-06 -9.402423e-08 -2.820727e-07 -8.059219e-08 2.014805e-08 2.048385e-07 2.686406e-08 -3.458748e-07 2.149125e-07 1.208883e-07
<VARIANCE> 12
 3.834293e+01 3.347291e+01 1.562666e+02 2.335189e+01 7.802843e+01 1.120511e+02 2.180741e+01 2.661868e+01 3.570074e+01 3.545506e+01 3.964827e+01 2.740797e+01
<GCONST> 6.698829e+01
<STATE> 7
<MEAN> 12
 1.746164e-07 2.417766e-07 1.101427e-06 -9.402423e-08 -2.820727e-07 -8.059219e-08 2.014805e-08 2.048385e-07 2.686406e-08 -3.458748e-07 2.149125e-07 1.208883e-07
<VARIANCE> 12
 3.834293e+01 3.347291e+01 1.562666e+02 2.335189e+01 7.802843e+01 1.120511e+02 2.180741e+01 2.661868e+01 3.570074e+01 3.545506e+01 3.964827e+01 2.740797e+01
<GCONST> 6.698829e+01
<STATE> 8
<MEAN> 12
 1.746164e-07 2.417766e-07 1.101427e-06 -9.402423e-08 -2.820727e-07 -8.059219e-08 2.014805e-08 2.048385e-07 2.686406e-08 -3.458748e-07 2.149125e-07 1.208883e-07
<VARIANCE> 12
 3.834293e+01 3.347291e+01 1.562666e+02 2.335189e+01 7.802843e+01 1.120511e+02 2.180741e+01 2.661868e+01 3.570074e+01 3.545506e+01 3.964827e+01 2.740797e+01
<GCONST> 6.698829e+01
<STATE> 9
<MEAN> 12
 1.746164e-07 2.417766e-07 1.101427e-06 -9.402423e-08 -2.820727e-07 -8.059219e-08 2.014805e-08 2.048385e-07 2.686406e-08 -3.458748e-07 2.149125e-07 1.208883e-07
<VARIANCE> 12
 3.834293e+01 3.347291e+01 1.562666e+02 2.335189e+01 7.802843e+01 1.120511e+02 2.180741e+01 2.661868e+01 3.570074e+01 3.545506e+01 3.964827e+01 2.740797e+01
<GCONST> 6.698829e+01
<STATE> 10
<MEAN> 12
 1.746164e-07 2.417766e-07 1.101427e-06 -9.402423e-08 -2.820727e-07 -8.059219e-08 2.014805e-08 2.048385e-07 2.686406e-08 -3.458748e-07 2.149125e-07 1.208883e-07
<VARIANCE> 12
 3.834293e+01 3.347291e+01 1.562666e+02 2.335189e+01 7.802843e+01 1.120511e+02 2.180741e+01 2.661868e+01 3.570074e+01 3.545506e+01 3.964827e+01 2.740797e+01
<GCONST> 6.698829e+01
<TRANSP> 11
 0.000000e+00 1.000000e+00 0.000000e+00 0.000000e+00 0.000000e+00 0.000000e+00 0.000000e+00 0.000000e+00 0.000000e+00 0.000000e+00 0.000000e+00
 0.000000e+00 9.000000e-01 9.999999e-02 0.000000e+00 0.000000e+00 0.000000e+00 0.000000e+00 0.000000e+00 0.000000e+00 0.000000e+00 0.000000e+00
 0.000000e+00 0.000000e+00 9.000000e-01 9.999999e-02 0.000000e+00 0.000000e+00 0.000000e+00 0.000000e+00 0.000000e+00 0.000000e+00 0.000000e+00
 0.000000e+00 0.000000e+00 0.000000e+00 9.000000e-01 9.999999e-02 0.000000e+00 0.000000e+00 0.000000e+00 0.000000e+00 0.000000e+00 0.000000e+00
 0.000000e+00 0.000000e+00 0.000000e+00 0.000000e+00 9.000000e-01 9.999999e-02 0.000000e+00 0.000000e+00 0.000000e+00 0.000000e+00 0.000000e+00
 0.000000e+00 0.000000e+00 0.000000e+00 0.000000e+00 0.000000e+00 9.000000e-01 9.999999e-02 0.000000e+00 0.000000e+00 0.000000e+00 0.000000e+00
 0.000000e+00 0.000000e+00 0.000000e+00 0.000000e+00 0.000000e+00 0.000000e+00 9.000000e-01 9.999999e-02 0.000000e+00 0.000000e+00 0.000000e+00
 0.000000e+00 0.000000e+00 0.000000e+00 0.000000e+00 0.000000e+00 0.000000e+00 0.000000e+00 9.000000e-01 9.999999e-02 0.000000e+00 0.000000e+00
 0.000000e+00 0.000000e+00 0.000000e+00 0.000000e+00 0.000000e+00 0.000000e+00 0.000000e+00 0.000000e+00 9.000000e-01 9.999999e-02 0.000000e+00
 0.000000e+00 0.000000e+00 0.000000e+00 0.000000e+00 0.000000e+00 0.000000e+00 0.000000e+00 0.000000e+00 0.000000e+00 9.000000e-01 9.999999e-02
 0.000000e+00 0.000000e+00 0.000000e+00 0.000000e+00 0.000000e+00 0.000000e+00 0.000000e+00 0.000000e+00 0.000000e+00 0.000000e+00 0.000000e+00
<ENDHMM>
