~o
<STREAMINFO> 1 12
<VECSIZE> 12<NULLD><MFCC_Z><DIAGC>
~h "s059"
<BEGINHMM>
<NUMSTATES> 11
<STATE> 2
<MEAN> 12
 3.525909e-07 0.000000e+00 -3.760969e-07 -1.195451e-06 -3.425168e-07 -7.521938e-07 -7.118977e-07 -2.686407e-07 3.693809e-08 -8.395021e-08 -5.540713e-08 4.734792e-07
<VARIANCE> 12
 2.674464e+01 3.035676e+01 4.261647e+01 1.006867e+02 1.805335e+01 5.161979e+01 9.412518e+01 9.542217e+01 2.045505e+01 2.922908e+01 2.691031e+01 6.055765e+01
<GCONST> 6.684781e+01
<STATE> 3
<MEAN> 12
 3.525909e-07 0.000000e+00 -3.760969e-07 -1.195451e-06 -3.425168e-07 -7.521938e-07 -7.118977e-07 -2.686407e-07 3.693809e-08 -8.395021e-08 -5.540713e-08 4.734792e-07
<VARIANCE> 12
 2.674464e+01 3.035676e+01 4.261647e+01 1.006867e+02 1.805335e+01 5.161979e+01 9.412518e+01 9.542217e+01 2.045505e+01 2.922908e+01 2.691031e+01 6.055765e+01
<GCONST> 6.684781e+01
<STATE> 4
<MEAN> 12
 3.525909e-07 0.000000e+00 -3.760969e-07 -1.195451e-06 -3.425168e-07 -7.521938e-07 -7.118977e-07 -2.686407e-07 3.693809e-08 -8.395021e-08 -5.540713e-08 4.734792e-07
<VARIANCE> 12
 2.674464e+01 3.035676e+01 4.261647e+01 1.006867e+02 1.805335e+01 5.161979e+01 9.412518e+01 9.542217e+01 2.045505e+01 2.922908e+01 2.691031e+01 6.055765e+01
<GCONST> 6.684781e+01
<STATE> 5
<MEAN> 12
 3.525909e-07 0.000000e+00 -3.760969e-07 -1.195451e-06 -3.425168e-07 -7.521938e-07 -7.118977e-07 -2.686407e-07 3.693809e-08 -8.395021e-08 -5.540713e-08 4.734792e-07
<VARIANCE> 12
 2.674464e+01 3.035676e+01 4.261647e+01 1.006867e+02 1.805335e+01 5.161979e+01 9.412518e+01 9.542217e+01 2.045505e+01 2.922908e+01 2.691031e+01 6.055765e+01
<GCONST> 6.684781e+01
<STATE> 6
<MEAN> 12
 3.525909e-07 0.000000e+00 -3.760969e-07 -1.195451e-06 -3.425168e-07 -7.521938e-07 -7.118977e-07 -2.686407e-07 3.693809e-08 -8.395021e-08 -5.540713e-08 4.734792e-07
<VARIANCE> 12
 2.674464e+01 3.035676e+01 4.261647e+01 1.006867e+02 1.805335e+01 5.161979e+01 9.412518e+01 9.542217e+01 2.045505e+01 2.922908e+01 2.691031e+01 6.055765e+01
<GCONST> 6.684781e+01
<STATE> 7
<MEAN> 12
 3.525909e-07 0.000000e+00 -3.760969e-07 -1.195451e-06 -3.425168e-07 -7.521938e-07 -7.118977e-07 -2.686407e-07 3.693809e-08 -8.395021e-08 -5.540713e-08 4.734792e-07
<VARIANCE> 12
 2.674464e+01 3.035676e+01 4.261647e+01 1.006867e+02 1.805335e+01 5.161979e+01 9.412518e+01 9.542217e+01 2.045505e+01 2.922908e+01 2.691031e+01 6.055765e+01
<GCONST> 6.684781e+01
<STATE> 8
<MEAN> 12
 3.525909e-07 0.000000e+00 -3.760969e-07 -1.195451e-06 -3.425168e-07 -7.521938e-07 -7.118977e-07 -2.686407e-07 3.693809e-08 -8.395021e-08 -5.540713e-08 4.734792e-07
<VARIANCE> 12
 2.674464e+01 3.035676e+01 4.261647e+01 1.006867e+02 1.805335e+01 5.161979e+01 9.412518e+01 9.542217e+01 2.045505e+01 2.922908e+01 2.691031e+01 6.055765e+01
<GCONST> 6.684781e+01
<STATE> 9
<MEAN> 12
 3.525909e-07 0.000000e+00 -3.760969e-07 -1.195451e-06 -3.425168e-07 -7.521938e-07 -7.118977e-07 -2.686407e-07 3.693809e-08 -8.395021e-08 -5.540713e-08 4.734792e-07
<VARIANCE> 12
 2.674464e+01 3.035676e+01 4.261647e+01 1.006867e+02 1.805335e+01 5.161979e+01 9.412518e+01 9.542217e+01 2.045505e+01 2.922908e+01 2.691031e+01 6.055765e+01
<GCONST> 6.684781e+01
<STATE> 10
<MEAN> 12
 3.525909e-07 0.000000e+00 -3.760969e-07 -1.195451e-06 -3.425168e-07 -7.521938e-07 -7.118977e-07 -2.686407e-07 3.693809e-08 -8.395021e-08 -5.540713e-08 4.734792e-07
<VARIANCE> 12
 2.674464e+01 3.035676e+01 4.261647e+01 1.006867e+02 1.805335e+01 5.161979e+01 9.412518e+01 9.542217e+01 2.045505e+01 2.922908e+01 2.691031e+01 6.055765e+01
<GCONST> 6.684781e+01
<TRANSP> 11
 0.000000e+00 1.000000e+00 0.000000e+00 0.000000e+00 0.000000e+00 0.000000e+00 0.000000e+00 0.000000e+00 0.000000e+00 0.000000e+00 0.000000e+00
 0.000000e+00 9.000000e-01 9.999999e-02 0.000000e+00 0.000000e+00 0.000000e+00 0.000000e+00 0.000000e+00 0.000000e+00 0.000000e+00 0.000000e+00
 0.000000e+00 0.000000e+00 9.000000e-01 9.999999e-02 0.000000e+00 0.000000e+00 0.000000e+00 0.000000e+00 0.000000e+00 0.000000e+00 0.000000e+00
 0.000000e+00 0.000000e+00 0.000000e+00 9.000000e-01 9.999999e-02 0.000000e+00 0.000000e+00 0.000000e+00 0.000000e+00 0.000000e+00 0.000000e+00
 0.000000e+00 0.000000e+00 0.000000e+00 0.000000e+00 9.000000e-01 9.999999e-02 0.000000e+00 0.000000e+00 0.000000e+00 0.000000e+00 0.000000e+00
 0.000000e+00 0.000000e+00 0.000000e+00 0.000000e+00 0.000000e+00 9.000000e-01 9.999999e-02 0.000000e+00 0.000000e+00 0.000000e+00 0.000000e+00
 0.000000e+00 0.000000e+00 0.000000e+00 0.000000e+00 0.000000e+00 0.000000e+00 9.000000e-01 9.999999e-02 0.000000e+00 0.000000e+00 0.000000e+00
 0.000000e+00 0.000000e+00 0.000000e+00 0.000000e+00 0.000000e+00 0.000000e+00 0.000000e+00 9.000000e-01 9.999999e-02 0.000000e+00 0.000000e+00
 0.000000e+00 0.000000e+00 0.000000e+00 0.000000e+00 0.000000e+00 0.000000e+00 0.000000e+00 0.000000e+00 9.000000e-01 9.999999e-02 0.000000e+00
 0.000000e+00 0.000000e+00 0.000000e+00 0.000000e+00 0.000000e+00 0.000000e+00 0.000000e+00 0.000000e+00 0.000000e+00 9.000000e-01 9.999999e-02
 0.000000e+00 0.000000e+00 0.000000e+00 0.000000e+00 0.000000e+00 0.000000e+00 0.000000e+00 0.000000e+00 0.000000e+00 0.000000e+00 0.000000e+00
<ENDHMM>
