~o
<STREAMINFO> 1 12
<VECSIZE> 12<NULLD><MFCC_Z><DIAGC>
~h "s052"
<BEGINHMM>
<NUMSTATES> 12
<STATE> 2
<MEAN> 12
 -3.764504e-08 -1.254835e-08 -5.019339e-08 6.148690e-07 2.384186e-07 -5.584014e-07 3.639020e-07 -2.635153e-07 1.317576e-07 1.756768e-07 5.646756e-07 3.450795e-07
<VARIANCE> 12
 3.176566e+01 1.368354e+01 3.834081e+01 9.945607e+01 7.526967e+01 5.690063e+01 9.782553e+01 9.725671e+01 3.526266e+01 5.512841e+01 4.483707e+01 3.783384e+01
<GCONST> 6.890698e+01
<STATE> 3
<MEAN> 12
 -3.764504e-08 -1.254835e-08 -5.019339e-08 6.148690e-07 2.384186e-07 -5.584014e-07 3.639020e-07 -2.635153e-07 1.317576e-07 1.756768e-07 5.646756e-07 3.450795e-07
<VARIANCE> 12
 3.176566e+01 1.368354e+01 3.834081e+01 9.945607e+01 7.526967e+01 5.690063e+01 9.782553e+01 9.725671e+01 3.526266e+01 5.512841e+01 4.483707e+01 3.783384e+01
<GCONST> 6.890698e+01
<STATE> 4
<MEAN> 12
 -3.764504e-08 -1.254835e-08 -5.019339e-08 6.148690e-07 2.384186e-07 -5.584014e-07 3.639020e-07 -2.635153e-07 1.317576e-07 1.756768e-07 5.646756e-07 3.450795e-07
<VARIANCE> 12
 3.176566e+01 1.368354e+01 3.834081e+01 9.945607e+01 7.526967e+01 5.690063e+01 9.782553e+01 9.725671e+01 3.526266e+01 5.512841e+01 4.483707e+01 3.783384e+01
<GCONST> 6.890698e+01
<STATE> 5
<MEAN> 12
 -3.764504e-08 -1.254835e-08 -5.019339e-08 6.148690e-07 2.384186e-07 -5.584014e-07 3.639020e-07 -2.635153e-07 1.317576e-07 1.756768e-07 5.646756e-07 3.450795e-07
<VARIANCE> 12
 3.176566e+01 1.368354e+01 3.834081e+01 9.945607e+01 7.526967e+01 5.690063e+01 9.782553e+01 9.725671e+01 3.526266e+01 5.512841e+01 4.483707e+01 3.783384e+01
<GCONST> 6.890698e+01
<STATE> 6
<MEAN> 12
 -3.764504e-08 -1.254835e-08 -5.019339e-08 6.148690e-07 2.384186e-07 -5.584014e-07 3.639020e-07 -2.635153e-07 1.317576e-07 1.756768e-07 5.646756e-07 3.450795e-07
<VARIANCE> 12
 3.176566e+01 1.368354e+01 3.834081e+01 9.945607e+01 7.526967e+01 5.690063e+01 9.782553e+01 9.725671e+01 3.526266e+01 5.512841e+01 4.483707e+01 3.783384e+01
<GCONST> 6.890698e+01
<STATE> 7
<MEAN> 12
 -3.764504e-08 -1.254835e-08 -5.019339e-08 6.148690e-07 2.384186e-07 -5.584014e-07 3.639020e-07 -2.635153e-07 1.317576e-07 1.756768e-07 5.646756e-07 3.450795e-07
<VARIANCE> 12
 3.176566e+01 1.368354e+01 3.834081e+01 9.945607e+01 7.526967e+01 5.690063e+01 9.782553e+01 9.725671e+01 3.526266e+01 5.512841e+01 4.483707e+01 3.783384e+01
<GCONST> 6.890698e+01
<STATE> 8
<MEAN> 12
 -3.764504e-08 -1.254835e-08 -5.019339e-08 6.148690e-07 2.384186e-07 -5.584014e-07 3.639020e-07 -2.635153e-07 1.317576e-07 1.756768e-07 5.646756e-07 3.450795e-07
<VARIANCE> 12
 3.176566e+01 1.368354e+01 3.834081e+01 9.945607e+01 7.526967e+01 5.690063e+01 9.782553e+01 9.725671e+01 3.526266e+01 5.512841e+01 4.483707e+01 3.783384e+01
<GCONST> 6.890698e+01
<STATE> 9
<MEAN> 12
 -3.764504e-08 -1.254835e-08 -5.019339e-08 6.148690e-07 2.384186e-07 -5.584014e-07 3.639020e-07 -2.635153e-07 1.317576e-07 1.756768e-07 5.646756e-07 3.450795e-07
<VARIANCE> 12
 3.176566e+01 1.368354e+01 3.834081e+01 9.945607e+01 7.526967e+01 5.690063e+01 9.782553e+01 9.725671e+01 3.526266e+01 5.512841e+01 4.483707e+01 3.783384e+01
<GCONST> 6.890698e+01
<STATE> 10
<MEAN> 12
 -3.764504e-08 -1.254835e-08 -5.019339e-08 6.148690e-07 2.384186e-07 -5.584014e-07 3.639020e-07 -2.635153e-07 1.317576e-07 1.756768e-07 5.646756e-07 3.450795e-07
<VARIANCE> 12
 3.176566e+01 1.368354e+01 3.834081e+01 9.945607e+01 7.526967e+01 5.690063e+01 9.782553e+01 9.725671e+01 3.526266e+01 5.512841e+01 4.483707e+01 3.783384e+01
<GCONST> 6.890698e+01
<STATE> 11
<MEAN> 12
 -3.764504e-08 -1.254835e-08 -5.019339e-08 6.148690e-07 2.384186e-07 -5.584014e-07 3.639020e-07 -2.635153e-07 1.317576e-07 1.756768e-07 5.646756e-07 3.450795e-07
<VARIANCE> 12
 3.176566e+01 1.368354e+01 3.834081e+01 9.945607e+01 7.526967e+01 5.690063e+01 9.782553e+01 9.725671e+01 3.526266e+01 5.512841e+01 4.483707e+01 3.783384e+01
<GCONST> 6.890698e+01
<TRANSP> 12
 0.000000e+00 1.000000e+00 0.000000e+00 0.000000e+00 0.000000e+00 0.000000e+00 0.000000e+00 0.000000e+00 0.000000e+00 0.000000e+00 0.000000e+00 0.000000e+00
 0.000000e+00 9.000000e-01 9.999999e-02 0.000000e+00 0.000000e+00 0.000000e+00 0.000000e+00 0.000000e+00 0.000000e+00 0.000000e+00 0.000000e+00 0.000000e+00
 0.000000e+00 0.000000e+00 9.000000e-01 9.999999e-02 0.000000e+00 0.000000e+00 0.000000e+00 0.000000e+00 0.000000e+00 0.000000e+00 0.000000e+00 0.000000e+00
 0.000000e+00 0.000000e+00 0.000000e+00 9.000000e-01 9.999999e-02 0.000000e+00 0.000000e+00 0.000000e+00 0.000000e+00 0.000000e+00 0.000000e+00 0.000000e+00
 0.000000e+00 0.000000e+00 0.000000e+00 0.000000e+00 9.000000e-01 9.999999e-02 0.000000e+00 0.000000e+00 0.000000e+00 0.000000e+00 0.000000e+00 0.000000e+00
 0.000000e+00 0.000000e+00 0.000000e+00 0.000000e+00 0.000000e+00 9.000000e-01 9.999999e-02 0.000000e+00 0.000000e+00 0.000000e+00 0.000000e+00 0.000000e+00
 0.000000e+00 0.000000e+00 0.000000e+00 0.000000e+00 0.000000e+00 0.000000e+00 9.000000e-01 9.999999e-02 0.000000e+00 0.000000e+00 0.000000e+00 0.000000e+00
 0.000000e+00 0.000000e+00 0.000000e+00 0.000000e+00 0.000000e+00 0.000000e+00 0.000000e+00 9.000000e-01 9.999999e-02 0.000000e+00 0.000000e+00 0.000000e+00
 0.000000e+00 0.000000e+00 0.000000e+00 0.000000e+00 0.000000e+00 0.000000e+00 0.000000e+00 0.000000e+00 9.000000e-01 9.999999e-02 0.000000e+00 0.000000e+00
 0.000000e+00 0.000000e+00 0.000000e+00 0.000000e+00 0.000000e+00 0.000000e+00 0.000000e+00 0.000000e+00 0.000000e+00 9.000000e-01 9.999999e-02 0.000000e+00
 0.000000e+00 0.000000e+00 0.000000e+00 0.000000e+00 0.000000e+00 0.000000e+00 0.000000e+00 0.000000e+00 0.000000e+00 0.000000e+00 9.000000e-01 9.999999e-02
 0.000000e+00 0.000000e+00 0.000000e+00 0.000000e+00 0.000000e+00 0.000000e+00 0.000000e+00 0.000000e+00 0.000000e+00 0.000000e+00 0.000000e+00 0.000000e+00
<ENDHMM>
