~o
<STREAMINFO> 1 12
<VECSIZE> 12<NULLD><MFCC_Z><DIAGC>
~h "T13771660825"
<BEGINHMM>
<NUMSTATES> 5
<STATE> 2
<MEAN> 12
 -1.127797e+00 8.715830e-02 2.633693e-01 -7.849471e-01 2.055993e+00 3.414208e+00 5.308775e+00 2.557021e+00 -3.868868e+00 -5.555424e+00 1.800631e-01 -3.879438e+00
<VARIANCE> 12
 1.384837e+01 3.423241e+01 4.128724e+01 5.812580e+01 4.861042e+01 4.144167e+01 1.053058e+02 3.613387e+01 7.200367e+01 4.735470e+01 1.309378e+01 4.135748e+01
<GCONST> 6.628003e+01
<STATE> 3
<MEAN> 12
 1.931708e+00 -5.684711e-01 -1.939940e+00 8.149956e-01 2.549343e+00 -2.736792e+00 -3.097855e+00 9.337627e-01 1.893845e+00 4.785917e-01 4.368482e-01 1.011231e+00
<VARIANCE> 12
 1.268048e+01 1.501093e+01 3.486771e+01 2.566773e+01 5.357601e+01 8.555054e+01 7.194503e+01 3.757674e+01 8.422646e+01 6.899883e+01 1.349003e+01 2.660227e+01
<GCONST> 6.498321e+01
<STATE> 4
<MEAN> 12
 -8.039096e-01 4.813128e-01 1.676570e+00 -3.004755e-02 -4.605334e+00 -6.774166e-01 -2.210922e+00 -3.490783e+00 1.975023e+00 5.076834e+00 -6.169113e-01 2.868208e+00
<VARIANCE> 12
 2.569009e+01 9.245354e+00 2.336650e+01 1.235825e+01 6.857664e+01 1.522451e+02 5.728451e+01 5.413568e+01 6.549644e+01 3.072529e+01 1.398032e+01 2.449371e+01
<GCONST> 6.392650e+01
<TRANSP> 5
 0.000000e+00 1.000000e+00 0.000000e+00 0.000000e+00 0.000000e+00
 0.000000e+00 9.032258e-01 9.677419e-02 0.000000e+00 0.000000e+00
 0.000000e+00 0.000000e+00 9.032258e-01 9.677420e-02 0.000000e+00
 0.000000e+00 0.000000e+00 0.000000e+00 9.032258e-01 9.677420e-02
 0.000000e+00 0.000000e+00 0.000000e+00 0.000000e+00 0.000000e+00
<ENDHMM>
