~o
<STREAMINFO> 1 12
<VECSIZE> 12<NULLD><MFCC_Z><DIAGC>
~h "s027"
<BEGINHMM>
<NUMSTATES> 7
<STATE> 2
<MEAN> 12
 1.475925e-07 0.000000e+00 2.043588e-07 3.178914e-07 5.676633e-07 -4.200708e-07 4.881904e-07 -3.973643e-07 2.270653e-08 1.759756e-07 1.816523e-07 -9.082613e-08
<VARIANCE> 12
 1.443311e+01 1.664856e+01 6.160484e+01 4.088332e+01 2.298369e+01 2.353226e+01 4.717208e+01 7.005016e+01 2.934724e+01 5.596730e+01 4.461660e+01 4.320163e+01
<GCONST> 6.473196e+01
<STATE> 3
<MEAN> 12
 1.475925e-07 0.000000e+00 2.043588e-07 3.178914e-07 5.676633e-07 -4.200708e-07 4.881904e-07 -3.973643e-07 2.270653e-08 1.759756e-07 1.816523e-07 -9.082613e-08
<VARIANCE> 12
 1.443311e+01 1.664856e+01 6.160484e+01 4.088332e+01 2.298369e+01 2.353226e+01 4.717208e+01 7.005016e+01 2.934724e+01 5.596730e+01 4.461660e+01 4.320163e+01
<GCONST> 6.473196e+01
<STATE> 4
<MEAN> 12
 1.475925e-07 0.000000e+00 2.043588e-07 3.178914e-07 5.676633e-07 -4.200708e-07 4.881904e-07 -3.973643e-07 2.270653e-08 1.759756e-07 1.816523e-07 -9.082613e-08
<VARIANCE> 12
 1.443311e+01 1.664856e+01 6.160484e+01 4.088332e+01 2.298369e+01 2.353226e+01 4.717208e+01 7.005016e+01 2.934724e+01 5.596730e+01 4.461660e+01 4.320163e+01
<GCONST> 6.473196e+01
<STATE> 5
<MEAN> 12
 1.475925e-07 0.000000e+00 2.043588e-07 3.178914e-07 5.676633e-07 -4.200708e-07 4.881904e-07 -3.973643e-07 2.270653e-08 1.759756e-07 1.816523e-07 -9.082613e-08
<VARIANCE> 12
 1.443311e+01 1.664856e+01 6.160484e+01 4.088332e+01 2.298369e+01 2.353226e+01 4.717208e+01 7.005016e+01 2.934724e+01 5.596730e+01 4.461660e+01 4.320163e+01
<GCONST> 6.473196e+01
<STATE> 6
<MEAN> 12
 1.475925e-07 0.000000e+00 2.043588e-07 3.178914e-07 5.676633e-07 -4.200708e-07 4.881904e-07 -3.973643e-07 2.270653e-08 1.759756e-07 1.816523e-07 -9.082613e-08
<VARIANCE> 12
 1.443311e+01 1.664856e+01 6.160484e+01 4.088332e+01 2.298369e+01 2.353226e+01 4.717208e+01 7.005016e+01 2.934724e+01 5.596730e+01 4.461660e+01 4.320163e+01
<GCONST> 6.473196e+01
<TRANSP> 7
 0.000000e+00 1.000000e+00 0.000000e+00 0.000000e+00 0.000000e+00 0.000000e+00 0.000000e+00
 0.000000e+00 9.000000e-01 9.999999e-02 0.000000e+00 0.000000e+00 0.000000e+00 0.000000e+00
 0.000000e+00 0.000000e+00 9.000000e-01 9.999999e-02 0.000000e+00 0.000000e+00 0.000000e+00
 0.000000e+00 0.000000e+00 0.000000e+00 9.000000e-01 9.999999e-02 0.000000e+00 0.000000e+00
 0.000000e+00 0.000000e+00 0.000000e+00 0.000000e+00 9.000000e-01 9.999999e-02 0.000000e+00
 0.000000e+00 0.000000e+00 0.000000e+00 0.000000e+00 0.000000e+00 9.000000e-01 9.999999e-02
 0.000000e+00 0.000000e+00 0.000000e+00 0.000000e+00 0.000000e+00 0.000000e+00 0.000000e+00
<ENDHMM>
