~o
<STREAMINFO> 1 12
<VECSIZE> 12<NULLD><MFCC_Z><DIAGC>
~h "T1375868502"
<BEGINHMM>
<NUMSTATES> 32
<STATE> 2
<MEAN> 12
 -3.912510e-08 2.231353e-07 1.271566e-07 8.607522e-07 -4.597199e-07 -4.890638e-09 -4.719465e-07 4.866184e-07 -9.292211e-08 2.041841e-07 -9.781275e-08 -1.027034e-07
<VARIANCE> 12
 2.977904e+01 4.847554e+01 1.753241e+01 5.010220e+01 3.058899e+01 4.880316e+01 3.612510e+01 3.750610e+01 3.239871e+01 2.814452e+01 2.704493e+01 2.514711e+01
<GCONST> 6.396515e+01
<STATE> 3
<MEAN> 12
 -3.912510e-08 2.231353e-07 1.271566e-07 8.607522e-07 -4.597199e-07 -4.890638e-09 -4.719465e-07 4.866184e-07 -9.292211e-08 2.041841e-07 -9.781275e-08 -1.027034e-07
<VARIANCE> 12
 2.977904e+01 4.847554e+01 1.753241e+01 5.010220e+01 3.058899e+01 4.880316e+01 3.612510e+01 3.750610e+01 3.239871e+01 2.814452e+01 2.704493e+01 2.514711e+01
<GCONST> 6.396515e+01
<STATE> 4
<MEAN> 12
 -3.912510e-08 2.231353e-07 1.271566e-07 8.607522e-07 -4.597199e-07 -4.890638e-09 -4.719465e-07 4.866184e-07 -9.292211e-08 2.041841e-07 -9.781275e-08 -1.027034e-07
<VARIANCE> 12
 2.977904e+01 4.847554e+01 1.753241e+01 5.010220e+01 3.058899e+01 4.880316e+01 3.612510e+01 3.750610e+01 3.239871e+01 2.814452e+01 2.704493e+01 2.514711e+01
<GCONST> 6.396515e+01
<STATE> 5
<MEAN> 12
 -3.912510e-08 2.231353e-07 1.271566e-07 8.607522e-07 -4.597199e-07 -4.890638e-09 -4.719465e-07 4.866184e-07 -9.292211e-08 2.041841e-07 -9.781275e-08 -1.027034e-07
<VARIANCE> 12
 2.977904e+01 4.847554e+01 1.753241e+01 5.010220e+01 3.058899e+01 4.880316e+01 3.612510e+01 3.750610e+01 3.239871e+01 2.814452e+01 2.704493e+01 2.514711e+01
<GCONST> 6.396515e+01
<STATE> 6
<MEAN> 12
 -3.912510e-08 2.231353e-07 1.271566e-07 8.607522e-07 -4.597199e-07 -4.890638e-09 -4.719465e-07 4.866184e-07 -9.292211e-08 2.041841e-07 -9.781275e-08 -1.027034e-07
<VARIANCE> 12
 2.977904e+01 4.847554e+01 1.753241e+01 5.010220e+01 3.058899e+01 4.880316e+01 3.612510e+01 3.750610e+01 3.239871e+01 2.814452e+01 2.704493e+01 2.514711e+01
<GCONST> 6.396515e+01
<STATE> 7
<MEAN> 12
 -3.912510e-08 2.231353e-07 1.271566e-07 8.607522e-07 -4.597199e-07 -4.890638e-09 -4.719465e-07 4.866184e-07 -9.292211e-08 2.041841e-07 -9.781275e-08 -1.027034e-07
<VARIANCE> 12
 2.977904e+01 4.847554e+01 1.753241e+01 5.010220e+01 3.058899e+01 4.880316e+01 3.612510e+01 3.750610e+01 3.239871e+01 2.814452e+01 2.704493e+01 2.514711e+01
<GCONST> 6.396515e+01
<STATE> 8
<MEAN> 12
 -3.912510e-08 2.231353e-07 1.271566e-07 8.607522e-07 -4.597199e-07 -4.890638e-09 -4.719465e-07 4.866184e-07 -9.292211e-08 2.041841e-07 -9.781275e-08 -1.027034e-07
<VARIANCE> 12
 2.977904e+01 4.847554e+01 1.753241e+01 5.010220e+01 3.058899e+01 4.880316e+01 3.612510e+01 3.750610e+01 3.239871e+01 2.814452e+01 2.704493e+01 2.514711e+01
<GCONST> 6.396515e+01
<STATE> 9
<MEAN> 12
 -3.912510e-08 2.231353e-07 1.271566e-07 8.607522e-07 -4.597199e-07 -4.890638e-09 -4.719465e-07 4.866184e-07 -9.292211e-08 2.041841e-07 -9.781275e-08 -1.027034e-07
<VARIANCE> 12
 2.977904e+01 4.847554e+01 1.753241e+01 5.010220e+01 3.058899e+01 4.880316e+01 3.612510e+01 3.750610e+01 3.239871e+01 2.814452e+01 2.704493e+01 2.514711e+01
<GCONST> 6.396515e+01
<STATE> 10
<MEAN> 12
 -3.912510e-08 2.231353e-07 1.271566e-07 8.607522e-07 -4.597199e-07 -4.890638e-09 -4.719465e-07 4.866184e-07 -9.292211e-08 2.041841e-07 -9.781275e-08 -1.027034e-07
<VARIANCE> 12
 2.977904e+01 4.847554e+01 1.753241e+01 5.010220e+01 3.058899e+01 4.880316e+01 3.612510e+01 3.750610e+01 3.239871e+01 2.814452e+01 2.704493e+01 2.514711e+01
<GCONST> 6.396515e+01
<STATE> 11
<MEAN> 12
 -3.912510e-08 2.231353e-07 1.271566e-07 8.607522e-07 -4.597199e-07 -4.890638e-09 -4.719465e-07 4.866184e-07 -9.292211e-08 2.041841e-07 -9.781275e-08 -1.027034e-07
<VARIANCE> 12
 2.977904e+01 4.847554e+01 1.753241e+01 5.010220e+01 3.058899e+01 4.880316e+01 3.612510e+01 3.750610e+01 3.239871e+01 2.814452e+01 2.704493e+01 2.514711e+01
<GCONST> 6.396515e+01
<STATE> 12
<MEAN> 12
 -3.912510e-08 2.231353e-07 1.271566e-07 8.607522e-07 -4.597199e-07 -4.890638e-09 -4.719465e-07 4.866184e-07 -9.292211e-08 2.041841e-07 -9.781275e-08 -1.027034e-07
<VARIANCE> 12
 2.977904e+01 4.847554e+01 1.753241e+01 5.010220e+01 3.058899e+01 4.880316e+01 3.612510e+01 3.750610e+01 3.239871e+01 2.814452e+01 2.704493e+01 2.514711e+01
<GCONST> 6.396515e+01
<STATE> 13
<MEAN> 12
 -3.912510e-08 2.231353e-07 1.271566e-07 8.607522e-07 -4.597199e-07 -4.890638e-09 -4.719465e-07 4.866184e-07 -9.292211e-08 2.041841e-07 -9.781275e-08 -1.027034e-07
<VARIANCE> 12
 2.977904e+01 4.847554e+01 1.753241e+01 5.010220e+01 3.058899e+01 4.880316e+01 3.612510e+01 3.750610e+01 3.239871e+01 2.814452e+01 2.704493e+01 2.514711e+01
<GCONST> 6.396515e+01
<STATE> 14
<MEAN> 12
 -3.912510e-08 2.231353e-07 1.271566e-07 8.607522e-07 -4.597199e-07 -4.890638e-09 -4.719465e-07 4.866184e-07 -9.292211e-08 2.041841e-07 -9.781275e-08 -1.027034e-07
<VARIANCE> 12
 2.977904e+01 4.847554e+01 1.753241e+01 5.010220e+01 3.058899e+01 4.880316e+01 3.612510e+01 3.750610e+01 3.239871e+01 2.814452e+01 2.704493e+01 2.514711e+01
<GCONST> 6.396515e+01
<STATE> 15
<MEAN> 12
 -3.912510e-08 2.231353e-07 1.271566e-07 8.607522e-07 -4.597199e-07 -4.890638e-09 -4.719465e-07 4.866184e-07 -9.292211e-08 2.041841e-07 -9.781275e-08 -1.027034e-07
<VARIANCE> 12
 2.977904e+01 4.847554e+01 1.753241e+01 5.010220e+01 3.058899e+01 4.880316e+01 3.612510e+01 3.750610e+01 3.239871e+01 2.814452e+01 2.704493e+01 2.514711e+01
<GCONST> 6.396515e+01
<STATE> 16
<MEAN> 12
 -3.912510e-08 2.231353e-07 1.271566e-07 8.607522e-07 -4.597199e-07 -4.890638e-09 -4.719465e-07 4.866184e-07 -9.292211e-08 2.041841e-07 -9.781275e-08 -1.027034e-07
<VARIANCE> 12
 2.977904e+01 4.847554e+01 1.753241e+01 5.010220e+01 3.058899e+01 4.880316e+01 3.612510e+01 3.750610e+01 3.239871e+01 2.814452e+01 2.704493e+01 2.514711e+01
<GCONST> 6.396515e+01
<STATE> 17
<MEAN> 12
 -3.912510e-08 2.231353e-07 1.271566e-07 8.607522e-07 -4.597199e-07 -4.890638e-09 -4.719465e-07 4.866184e-07 -9.292211e-08 2.041841e-07 -9.781275e-08 -1.027034e-07
<VARIANCE> 12
 2.977904e+01 4.847554e+01 1.753241e+01 5.010220e+01 3.058899e+01 4.880316e+01 3.612510e+01 3.750610e+01 3.239871e+01 2.814452e+01 2.704493e+01 2.514711e+01
<GCONST> 6.396515e+01
<STATE> 18
<MEAN> 12
 -3.912510e-08 2.231353e-07 1.271566e-07 8.607522e-07 -4.597199e-07 -4.890638e-09 -4.719465e-07 4.866184e-07 -9.292211e-08 2.041841e-07 -9.781275e-08 -1.027034e-07
<VARIANCE> 12
 2.977904e+01 4.847554e+01 1.753241e+01 5.010220e+01 3.058899e+01 4.880316e+01 3.612510e+01 3.750610e+01 3.239871e+01 2.814452e+01 2.704493e+01 2.514711e+01
<GCONST> 6.396515e+01
<STATE> 19
<MEAN> 12
 -3.912510e-08 2.231353e-07 1.271566e-07 8.607522e-07 -4.597199e-07 -4.890638e-09 -4.719465e-07 4.866184e-07 -9.292211e-08 2.041841e-07 -9.781275e-08 -1.027034e-07
<VARIANCE> 12
 2.977904e+01 4.847554e+01 1.753241e+01 5.010220e+01 3.058899e+01 4.880316e+01 3.612510e+01 3.750610e+01 3.239871e+01 2.814452e+01 2.704493e+01 2.514711e+01
<GCONST> 6.396515e+01
<STATE> 20
<MEAN> 12
 -3.912510e-08 2.231353e-07 1.271566e-07 8.607522e-07 -4.597199e-07 -4.890638e-09 -4.719465e-07 4.866184e-07 -9.292211e-08 2.041841e-07 -9.781275e-08 -1.027034e-07
<VARIANCE> 12
 2.977904e+01 4.847554e+01 1.753241e+01 5.010220e+01 3.058899e+01 4.880316e+01 3.612510e+01 3.750610e+01 3.239871e+01 2.814452e+01 2.704493e+01 2.514711e+01
<GCONST> 6.396515e+01
<STATE> 21
<MEAN> 12
 -3.912510e-08 2.231353e-07 1.271566e-07 8.607522e-07 -4.597199e-07 -4.890638e-09 -4.719465e-07 4.866184e-07 -9.292211e-08 2.041841e-07 -9.781275e-08 -1.027034e-07
<VARIANCE> 12
 2.977904e+01 4.847554e+01 1.753241e+01 5.010220e+01 3.058899e+01 4.880316e+01 3.612510e+01 3.750610e+01 3.239871e+01 2.814452e+01 2.704493e+01 2.514711e+01
<GCONST> 6.396515e+01
<STATE> 22
<MEAN> 12
 -3.912510e-08 2.231353e-07 1.271566e-07 8.607522e-07 -4.597199e-07 -4.890638e-09 -4.719465e-07 4.866184e-07 -9.292211e-08 2.041841e-07 -9.781275e-08 -1.027034e-07
<VARIANCE> 12
 2.977904e+01 4.847554e+01 1.753241e+01 5.010220e+01 3.058899e+01 4.880316e+01 3.612510e+01 3.750610e+01 3.239871e+01 2.814452e+01 2.704493e+01 2.514711e+01
<GCONST> 6.396515e+01
<STATE> 23
<MEAN> 12
 -3.912510e-08 2.231353e-07 1.271566e-07 8.607522e-07 -4.597199e-07 -4.890638e-09 -4.719465e-07 4.866184e-07 -9.292211e-08 2.041841e-07 -9.781275e-08 -1.027034e-07
<VARIANCE> 12
 2.977904e+01 4.847554e+01 1.753241e+01 5.010220e+01 3.058899e+01 4.880316e+01 3.612510e+01 3.750610e+01 3.239871e+01 2.814452e+01 2.704493e+01 2.514711e+01
<GCONST> 6.396515e+01
<STATE> 24
<MEAN> 12
 -3.912510e-08 2.231353e-07 1.271566e-07 8.607522e-07 -4.597199e-07 -4.890638e-09 -4.719465e-07 4.866184e-07 -9.292211e-08 2.041841e-07 -9.781275e-08 -1.027034e-07
<VARIANCE> 12
 2.977904e+01 4.847554e+01 1.753241e+01 5.010220e+01 3.058899e+01 4.880316e+01 3.612510e+01 3.750610e+01 3.239871e+01 2.814452e+01 2.704493e+01 2.514711e+01
<GCONST> 6.396515e+01
<STATE> 25
<MEAN> 12
 -3.912510e-08 2.231353e-07 1.271566e-07 8.607522e-07 -4.597199e-07 -4.890638e-09 -4.719465e-07 4.866184e-07 -9.292211e-08 2.041841e-07 -9.781275e-08 -1.027034e-07
<VARIANCE> 12
 2.977904e+01 4.847554e+01 1.753241e+01 5.010220e+01 3.058899e+01 4.880316e+01 3.612510e+01 3.750610e+01 3.239871e+01 2.814452e+01 2.704493e+01 2.514711e+01
<GCONST> 6.396515e+01
<STATE> 26
<MEAN> 12
 -3.912510e-08 2.231353e-07 1.271566e-07 8.607522e-07 -4.597199e-07 -4.890638e-09 -4.719465e-07 4.866184e-07 -9.292211e-08 2.041841e-07 -9.781275e-08 -1.027034e-07
<VARIANCE> 12
 2.977904e+01 4.847554e+01 1.753241e+01 5.010220e+01 3.058899e+01 4.880316e+01 3.612510e+01 3.750610e+01 3.239871e+01 2.814452e+01 2.704493e+01 2.514711e+01
<GCONST> 6.396515e+01
<STATE> 27
<MEAN> 12
 -3.912510e-08 2.231353e-07 1.271566e-07 8.607522e-07 -4.597199e-07 -4.890638e-09 -4.719465e-07 4.866184e-07 -9.292211e-08 2.041841e-07 -9.781275e-08 -1.027034e-07
<VARIANCE> 12
 2.977904e+01 4.847554e+01 1.753241e+01 5.010220e+01 3.058899e+01 4.880316e+01 3.612510e+01 3.750610e+01 3.239871e+01 2.814452e+01 2.704493e+01 2.514711e+01
<GCONST> 6.396515e+01
<STATE> 28
<MEAN> 12
 -3.912510e-08 2.231353e-07 1.271566e-07 8.607522e-07 -4.597199e-07 -4.890638e-09 -4.719465e-07 4.866184e-07 -9.292211e-08 2.041841e-07 -9.781275e-08 -1.027034e-07
<VARIANCE> 12
 2.977904e+01 4.847554e+01 1.753241e+01 5.010220e+01 3.058899e+01 4.880316e+01 3.612510e+01 3.750610e+01 3.239871e+01 2.814452e+01 2.704493e+01 2.514711e+01
<GCONST> 6.396515e+01
<STATE> 29
<MEAN> 12
 -3.912510e-08 2.231353e-07 1.271566e-07 8.607522e-07 -4.597199e-07 -4.890638e-09 -4.719465e-07 4.866184e-07 -9.292211e-08 2.041841e-07 -9.781275e-08 -1.027034e-07
<VARIANCE> 12
 2.977904e+01 4.847554e+01 1.753241e+01 5.010220e+01 3.058899e+01 4.880316e+01 3.612510e+01 3.750610e+01 3.239871e+01 2.814452e+01 2.704493e+01 2.514711e+01
<GCONST> 6.396515e+01
<STATE> 30
<MEAN> 12
 -3.912510e-08 2.231353e-07 1.271566e-07 8.607522e-07 -4.597199e-07 -4.890638e-09 -4.719465e-07 4.866184e-07 -9.292211e-08 2.041841e-07 -9.781275e-08 -1.027034e-07
<VARIANCE> 12
 2.977904e+01 4.847554e+01 1.753241e+01 5.010220e+01 3.058899e+01 4.880316e+01 3.612510e+01 3.750610e+01 3.239871e+01 2.814452e+01 2.704493e+01 2.514711e+01
<GCONST> 6.396515e+01
<STATE> 31
<MEAN> 12
 -3.912510e-08 2.231353e-07 1.271566e-07 8.607522e-07 -4.597199e-07 -4.890638e-09 -4.719465e-07 4.866184e-07 -9.292211e-08 2.041841e-07 -9.781275e-08 -1.027034e-07
<VARIANCE> 12
 2.977904e+01 4.847554e+01 1.753241e+01 5.010220e+01 3.058899e+01 4.880316e+01 3.612510e+01 3.750610e+01 3.239871e+01 2.814452e+01 2.704493e+01 2.514711e+01
<GCONST> 6.396515e+01
<TRANSP> 32
 0.000000e+00 1.000000e+00 0.000000e+00 0.000000e+00 0.000000e+00 0.000000e+00 0.000000e+00 0.000000e+00 0.000000e+00 0.000000e+00 0.000000e+00 0.000000e+00 0.000000e+00 0.000000e+00 0.000000e+00 0.000000e+00 0.000000e+00 0.000000e+00 0.000000e+00 0.000000e+00 0.000000e+00 0.000000e+00 0.000000e+00 0.000000e+00 0.000000e+00 0.000000e+00 0.000000e+00 0.000000e+00 0.000000e+00 0.000000e+00 0.000000e+00 0.000000e+00
 0.000000e+00 9.000000e-01 9.999999e-02 0.000000e+00 0.000000e+00 0.000000e+00 0.000000e+00 0.000000e+00 0.000000e+00 0.000000e+00 0.000000e+00 0.000000e+00 0.000000e+00 0.000000e+00 0.000000e+00 0.000000e+00 0.000000e+00 0.000000e+00 0.000000e+00 0.000000e+00 0.000000e+00 0.000000e+00 0.000000e+00 0.000000e+00 0.000000e+00 0.000000e+00 0.000000e+00 0.000000e+00 0.000000e+00 0.000000e+00 0.000000e+00 0.000000e+00
 0.000000e+00 0.000000e+00 9.000000e-01 9.999999e-02 0.000000e+00 0.000000e+00 0.000000e+00 0.000000e+00 0.000000e+00 0.000000e+00 0.000000e+00 0.000000e+00 0.000000e+00 0.000000e+00 0.000000e+00 0.000000e+00 0.000000e+00 0.000000e+00 0.000000e+00 0.000000e+00 0.000000e+00 0.000000e+00 0.000000e+00 0.000000e+00 0.000000e+00 0.000000e+00 0.000000e+00 0.000000e+00 0.000000e+00 0.000000e+00 0.000000e+00 0.000000e+00
 0.000000e+00 0.000000e+00 0.000000e+00 9.000000e-01 9.999999e-02 0.000000e+00 0.000000e+00 0.000000e+00 0.000000e+00 0.000000e+00 0.000000e+00 0.000000e+00 0.000000e+00 0.000000e+00 0.000000e+00 0.000000e+00 0.000000e+00 0.000000e+00 0.000000e+00 0.000000e+00 0.000000e+00 0.000000e+00 0.000000e+00 0.000000e+00 0.000000e+00 0.000000e+00 0.000000e+00 0.000000e+00 0.000000e+00 0.000000e+00 0.000000e+00 0.000000e+00
 0.000000e+00 0.000000e+00 0.000000e+00 0.000000e+00 9.000000e-01 9.999999e-02 0.000000e+00 0.000000e+00 0.000000e+00 0.000000e+00 0.000000e+00 0.000000e+00 0.000000e+00 0.000000e+00 0.000000e+00 0.000000e+00 0.000000e+00 0.000000e+00 0.000000e+00 0.000000e+00 0.000000e+00 0.000000e+00 0.000000e+00 0.000000e+00 0.000000e+00 0.000000e+00 0.000000e+00 0.000000e+00 0.000000e+00 0.000000e+00 0.000000e+00 0.000000e+00
 0.000000e+00 0.000000e+00 0.000000e+00 0.000000e+00 0.000000e+00 9.000000e-01 9.999999e-02 0.000000e+00 0.000000e+00 0.000000e+00 0.000000e+00 0.000000e+00 0.000000e+00 0.000000e+00 0.000000e+00 0.000000e+00 0.000000e+00 0.000000e+00 0.000000e+00 0.000000e+00 0.000000e+00 0.000000e+00 0.000000e+00 0.000000e+00 0.000000e+00 0.000000e+00 0.000000e+00 0.000000e+00 0.000000e+00 0.000000e+00 0.000000e+00 0.000000e+00
 0.000000e+00 0.000000e+00 0.000000e+00 0.000000e+00 0.000000e+00 0.000000e+00 9.000000e-01 9.999999e-02 0.000000e+00 0.000000e+00 0.000000e+00 0.000000e+00 0.000000e+00 0.000000e+00 0.000000e+00 0.000000e+00 0.000000e+00 0.000000e+00 0.000000e+00 0.000000e+00 0.000000e+00 0.000000e+00 0.000000e+00 0.000000e+00 0.000000e+00 0.000000e+00 0.000000e+00 0.000000e+00 0.000000e+00 0.000000e+00 0.000000e+00 0.000000e+00
 0.000000e+00 0.000000e+00 0.000000e+00 0.000000e+00 0.000000e+00 0.000000e+00 0.000000e+00 9.000000e-01 9.999999e-02 0.000000e+00 0.000000e+00 0.000000e+00 0.000000e+00 0.000000e+00 0.000000e+00 0.000000e+00 0.000000e+00 0.000000e+00 0.000000e+00 0.000000e+00 0.000000e+00 0.000000e+00 0.000000e+00 0.000000e+00 0.000000e+00 0.000000e+00 0.000000e+00 0.000000e+00 0.000000e+00 0.000000e+00 0.000000e+00 0.000000e+00
 0.000000e+00 0.000000e+00 0.000000e+00 0.000000e+00 0.000000e+00 0.000000e+00 0.000000e+00 0.000000e+00 9.000000e-01 9.999999e-02 0.000000e+00 0.000000e+00 0.000000e+00 0.000000e+00 0.000000e+00 0.000000e+00 0.000000e+00 0.000000e+00 0.000000e+00 0.000000e+00 0.000000e+00 0.000000e+00 0.000000e+00 0.000000e+00 0.000000e+00 0.000000e+00 0.000000e+00 0.000000e+00 0.000000e+00 0.000000e+00 0.000000e+00 0.000000e+00
 0.000000e+00 0.000000e+00 0.000000e+00 0.000000e+00 0.000000e+00 0.000000e+00 0.000000e+00 0.000000e+00 0.000000e+00 9.000000e-01 9.999999e-02 0.000000e+00 0.000000e+00 0.000000e+00 0.000000e+00 0.000000e+00 0.000000e+00 0.000000e+00 0.000000e+00 0.000000e+00 0.000000e+00 0.000000e+00 0.000000e+00 0.000000e+00 0.000000e+00 0.000000e+00 0.000000e+00 0.000000e+00 0.000000e+00 0.000000e+00 0.000000e+00 0.000000e+00
 0.000000e+00 0.000000e+00 0.000000e+00 0.000000e+00 0.000000e+00 0.000000e+00 0.000000e+00 0.000000e+00 0.000000e+00 0.000000e+00 9.000000e-01 9.999999e-02 0.000000e+00 0.000000e+00 0.000000e+00 0.000000e+00 0.000000e+00 0.000000e+00 0.000000e+00 0.000000e+00 0.000000e+00 0.000000e+00 0.000000e+00 0.000000e+00 0.000000e+00 0.000000e+00 0.000000e+00 0.000000e+00 0.000000e+00 0.000000e+00 0.000000e+00 0.000000e+00
 0.000000e+00 0.000000e+00 0.000000e+00 0.000000e+00 0.000000e+00 0.000000e+00 0.000000e+00 0.000000e+00 0.000000e+00 0.000000e+00 0.000000e+00 9.000000e-01 9.999999e-02 0.000000e+00 0.000000e+00 0.000000e+00 0.000000e+00 0.000000e+00 0.000000e+00 0.000000e+00 0.000000e+00 0.000000e+00 0.000000e+00 0.000000e+00 0.000000e+00 0.000000e+00 0.000000e+00 0.000000e+00 0.000000e+00 0.000000e+00 0.000000e+00 0.000000e+00
 0.000000e+00 0.000000e+00 0.000000e+00 0.000000e+00 0.000000e+00 0.000000e+00 0.000000e+00 0.000000e+00 0.000000e+00 0.000000e+00 0.000000e+00 0.000000e+00 9.000000e-01 9.999999e-02 0.000000e+00 0.000000e+00 0.000000e+00 0.000000e+00 0.000000e+00 0.000000e+00 0.000000e+00 0.000000e+00 0.000000e+00 0.000000e+00 0.000000e+00 0.000000e+00 0.000000e+00 0.000000e+00 0.000000e+00 0.000000e+00 0.000000e+00 0.000000e+00
 0.000000e+00 0.000000e+00 0.000000e+00 0.000000e+00 0.000000e+00 0.000000e+00 0.000000e+00 0.000000e+00 0.000000e+00 0.000000e+00 0.000000e+00 0.000000e+00 0.000000e+00 9.000000e-01 9.999999e-02 0.000000e+00 0.000000e+00 0.000000e+00 0.000000e+00 0.000000e+00 0.000000e+00 0.000000e+00 0.000000e+00 0.000000e+00 0.000000e+00 0.000000e+00 0.000000e+00 0.000000e+00 0.000000e+00 0.000000e+00 0.000000e+00 0.000000e+00
 0.000000e+00 0.000000e+00 0.000000e+00 0.000000e+00 0.000000e+00 0.000000e+00 0.000000e+00 0.000000e+00 0.000000e+00 0.000000e+00 0.000000e+00 0.000000e+00 0.000000e+00 0.000000e+00 9.000000e-01 9.999999e-02 0.000000e+00 0.000000e+00 0.000000e+00 0.000000e+00 0.000000e+00 0.000000e+00 0.000000e+00 0.000000e+00 0.000000e+00 0.000000e+00 0.000000e+00 0.000000e+00 0.000000e+00 0.000000e+00 0.000000e+00 0.000000e+00
 0.000000e+00 0.000000e+00 0.000000e+00 0.000000e+00 0.000000e+00 0.000000e+00 0.000000e+00 0.000000e+00 0.000000e+00 0.000000e+00 0.000000e+00 0.000000e+00 0.000000e+00 0.000000e+00 0.000000e+00 9.000000e-01 9.999999e-02 0.000000e+00 0.000000e+00 0.000000e+00 0.000000e+00 0.000000e+00 0.000000e+00 0.000000e+00 0.000000e+00 0.000000e+00 0.000000e+00 0.000000e+00 0.000000e+00 0.000000e+00 0.000000e+00 0.000000e+00
 0.000000e+00 0.000000e+00 0.000000e+00 0.000000e+00 0.000000e+00 0.000000e+00 0.000000e+00 0.000000e+00 0.000000e+00 0.000000e+00 0.000000e+00 0.000000e+00 0.000000e+00 0.000000e+00 0.000000e+00 0.000000e+00 9.000000e-01 9.999999e-02 0.000000e+00 0.000000e+00 0.000000e+00 0.000000e+00 0.000000e+00 0.000000e+00 0.000000e+00 0.000000e+00 0.000000e+00 0.000000e+00 0.000000e+00 0.000000e+00 0.000000e+00 0.000000e+00
 0.000000e+00 0.000000e+00 0.000000e+00 0.000000e+00 0.000000e+00 0.000000e+00 0.000000e+00 0.000000e+00 0.000000e+00 0.000000e+00 0.000000e+00 0.000000e+00 0.000000e+00 0.000000e+00 0.000000e+00 0.000000e+00 0.000000e+00 9.000000e-01 9.999999e-02 0.000000e+00 0.000000e+00 0.000000e+00 0.000000e+00 0.000000e+00 0.000000e+00 0.000000e+00 0.000000e+00 0.000000e+00 0.000000e+00 0.000000e+00 0.000000e+00 0.000000e+00
 0.000000e+00 0.000000e+00 0.000000e+00 0.000000e+00 0.000000e+00 0.000000e+00 0.000000e+00 0.000000e+00 0.000000e+00 0.000000e+00 0.000000e+00 0.000000e+00 0.000000e+00 0.000000e+00 0.000000e+00 0.000000e+00 0.000000e+00 0.000000e+00 9.000000e-01 9.999999e-02 0.000000e+00 0.000000e+00 0.000000e+00 0.000000e+00 0.000000e+00 0.000000e+00 0.000000e+00 0.000000e+00 0.000000e+00 0.000000e+00 0.000000e+00 0.000000e+00
 0.000000e+00 0.000000e+00 0.000000e+00 0.000000e+00 0.000000e+00 0.000000e+00 0.000000e+00 0.000000e+00 0.000000e+00 0.000000e+00 0.000000e+00 0.000000e+00 0.000000e+00 0.000000e+00 0.000000e+00 0.000000e+00 0.000000e+00 0.000000e+00 0.000000e+00 9.000000e-01 9.999999e-02 0.000000e+00 0.000000e+00 0.000000e+00 0.000000e+00 0.000000e+00 0.000000e+00 0.000000e+00 0.000000e+00 0.000000e+00 0.000000e+00 0.000000e+00
 0.000000e+00 0.000000e+00 0.000000e+00 0.000000e+00 0.000000e+00 0.000000e+00 0.000000e+00 0.000000e+00 0.000000e+00 0.000000e+00 0.000000e+00 0.000000e+00 0.000000e+00 0.000000e+00 0.000000e+00 0.000000e+00 0.000000e+00 0.000000e+00 0.000000e+00 0.000000e+00 9.000000e-01 9.999999e-02 0.000000e+00 0.000000e+00 0.000000e+00 0.000000e+00 0.000000e+00 0.000000e+00 0.000000e+00 0.000000e+00 0.000000e+00 0.000000e+00
 0.000000e+00 0.000000e+00 0.000000e+00 0.000000e+00 0.000000e+00 0.000000e+00 0.000000e+00 0.000000e+00 0.000000e+00 0.000000e+00 0.000000e+00 0.000000e+00 0.000000e+00 0.000000e+00 0.000000e+00 0.000000e+00 0.000000e+00 0.000000e+00 0.000000e+00 0.000000e+00 0.000000e+00 9.000000e-01 9.999999e-02 0.000000e+00 0.000000e+00 0.000000e+00 0.000000e+00 0.000000e+00 0.000000e+00 0.000000e+00 0.000000e+00 0.000000e+00
 0.000000e+00 0.000000e+00 0.000000e+00 0.000000e+00 0.000000e+00 0.000000e+00 0.000000e+00 0.000000e+00 0.000000e+00 0.000000e+00 0.000000e+00 0.000000e+00 0.000000e+00 0.000000e+00 0.000000e+00 0.000000e+00 0.000000e+00 0.000000e+00 0.000000e+00 0.000000e+00 0.000000e+00 0.000000e+00 9.000000e-01 9.999999e-02 0.000000e+00 0.000000e+00 0.000000e+00 0.000000e+00 0.000000e+00 0.000000e+00 0.000000e+00 0.000000e+00
 0.000000e+00 0.000000e+00 0.000000e+00 0.000000e+00 0.000000e+00 0.000000e+00 0.000000e+00 0.000000e+00 0.000000e+00 0.000000e+00 0.000000e+00 0.000000e+00 0.000000e+00 0.000000e+00 0.000000e+00 0.000000e+00 0.000000e+00 0.000000e+00 0.000000e+00 0.000000e+00 0.000000e+00 0.000000e+00 0.000000e+00 9.000000e-01 9.999999e-02 0.000000e+00 0.000000e+00 0.000000e+00 0.000000e+00 0.000000e+00 0.000000e+00 0.000000e+00
 0.000000e+00 0.000000e+00 0.000000e+00 0.000000e+00 0.000000e+00 0.000000e+00 0.000000e+00 0.000000e+00 0.000000e+00 0.000000e+00 0.000000e+00 0.000000e+00 0.000000e+00 0.000000e+00 0.000000e+00 0.000000e+00 0.000000e+00 0.000000e+00 0.000000e+00 0.000000e+00 0.000000e+00 0.000000e+00 0.000000e+00 0.000000e+00 9.000000e-01 9.999999e-02 0.000000e+00 0.000000e+00 0.000000e+00 0.000000e+00 0.000000e+00 0.000000e+00
 0.000000e+00 0.000000e+00 0.000000e+00 0.000000e+00 0.000000e+00 0.000000e+00 0.000000e+00 0.000000e+00 0.000000e+00 0.000000e+00 0.000000e+00 0.000000e+00 0.000000e+00 0.000000e+00 0.000000e+00 0.000000e+00 0.000000e+00 0.000000e+00 0.000000e+00 0.000000e+00 0.000000e+00 0.000000e+00 0.000000e+00 0.000000e+00 0.000000e+00 9.000000e-01 9.999999e-02 0.000000e+00 0.000000e+00 0.000000e+00 0.000000e+00 0.000000e+00
 0.000000e+00 0.000000e+00 0.000000e+00 0.000000e+00 0.000000e+00 0.000000e+00 0.000000e+00 0.000000e+00 0.000000e+00 0.000000e+00 0.000000e+00 0.000000e+00 0.000000e+00 0.000000e+00 0.000000e+00 0.000000e+00 0.000000e+00 0.000000e+00 0.000000e+00 0.000000e+00 0.000000e+00 0.000000e+00 0.000000e+00 0.000000e+00 0.000000e+00 0.000000e+00 9.000000e-01 9.999999e-02 0.000000e+00 0.000000e+00 0.000000e+00 0.000000e+00
 0.000000e+00 0.000000e+00 0.000000e+00 0.000000e+00 0.000000e+00 0.000000e+00 0.000000e+00 0.000000e+00 0.000000e+00 0.000000e+00 0.000000e+00 0.000000e+00 0.000000e+00 0.000000e+00 0.000000e+00 0.000000e+00 0.000000e+00 0.000000e+00 0.000000e+00 0.000000e+00 0.000000e+00 0.000000e+00 0.000000e+00 0.000000e+00 0.000000e+00 0.000000e+00 0.000000e+00 9.000000e-01 9.999999e-02 0.000000e+00 0.000000e+00 0.000000e+00
 0.000000e+00 0.000000e+00 0.000000e+00 0.000000e+00 0.000000e+00 0.000000e+00 0.000000e+00 0.000000e+00 0.000000e+00 0.000000e+00 0.000000e+00 0.000000e+00 0.000000e+00 0.000000e+00 0.000000e+00 0.000000e+00 0.000000e+00 0.000000e+00 0.000000e+00 0.000000e+00 0.000000e+00 0.000000e+00 0.000000e+00 0.000000e+00 0.000000e+00 0.000000e+00 0.000000e+00 0.000000e+00 9.000000e-01 9.999999e-02 0.000000e+00 0.000000e+00
 0.000000e+00 0.000000e+00 0.000000e+00 0.000000e+00 0.000000e+00 0.000000e+00 0.000000e+00 0.000000e+00 0.000000e+00 0.000000e+00 0.000000e+00 0.000000e+00 0.000000e+00 0.000000e+00 0.000000e+00 0.000000e+00 0.000000e+00 0.000000e+00 0.000000e+00 0.000000e+00 0.000000e+00 0.000000e+00 0.000000e+00 0.000000e+00 0.000000e+00 0.000000e+00 0.000000e+00 0.000000e+00 0.000000e+00 9.000000e-01 9.999999e-02 0.000000e+00
 0.000000e+00 0.000000e+00 0.000000e+00 0.000000e+00 0.000000e+00 0.000000e+00 0.000000e+00 0.000000e+00 0.000000e+00 0.000000e+00 0.000000e+00 0.000000e+00 0.000000e+00 0.000000e+00 0.000000e+00 0.000000e+00 0.000000e+00 0.000000e+00 0.000000e+00 0.000000e+00 0.000000e+00 0.000000e+00 0.000000e+00 0.000000e+00 0.000000e+00 0.000000e+00 0.000000e+00 0.000000e+00 0.000000e+00 0.000000e+00 9.000000e-01 9.999999e-02
 0.000000e+00 0.000000e+00 0.000000e+00 0.000000e+00 0.000000e+00 0.000000e+00 0.000000e+00 0.000000e+00 0.000000e+00 0.000000e+00 0.000000e+00 0.000000e+00 0.000000e+00 0.000000e+00 0.000000e+00 0.000000e+00 0.000000e+00 0.000000e+00 0.000000e+00 0.000000e+00 0.000000e+00 0.000000e+00 0.000000e+00 0.000000e+00 0.000000e+00 0.000000e+00 0.000000e+00 0.000000e+00 0.000000e+00 0.000000e+00 0.000000e+00 0.000000e+00
<ENDHMM>
