~o
<STREAMINFO> 1 12
<VECSIZE> 12<NULLD><MFCC_Z><DIAGC>
~h "s022"
<BEGINHMM>
<NUMSTATES> 11
<STATE> 2
<MEAN> 12
 -1.379801e+01 8.264192e+00 -7.166175e-01 3.637816e+00 4.912444e+00 8.510257e+00 4.941993e+00 1.115365e+01 9.136978e+00 7.866240e+00 5.033388e+00 1.655909e+00
<VARIANCE> 12
 7.455918e+00 1.172390e+01 1.279765e+01 2.186070e+01 6.257675e+00 1.498212e+01 8.747903e+00 2.253815e+01 1.178259e+01 1.229623e+01 8.847151e+00 1.969058e+01
<GCONST> 5.211995e+01
<STATE> 3
<MEAN> 12
 -3.757497e+00 3.651510e-01 4.979459e+00 -2.686450e+00 -7.801594e+00 -1.203055e-01 5.789583e-01 -1.234096e+00 -1.141069e+00 1.676915e+00 3.287278e+00 -4.786943e+00
<VARIANCE> 12
 7.455918e+00 5.387360e+01 2.417921e+01 5.030922e+01 2.103012e+01 1.551215e+01 3.257851e+00 1.604104e+01 3.853905e+01 2.995546e+01 5.767343e+01 1.457670e+01
<GCONST> 5.868326e+01
<STATE> 4
<MEAN> 12
 -3.495972e-02 -6.741770e+00 -1.265828e+01 5.790179e+00 1.517896e+00 -1.192656e+01 2.435023e+00 2.618134e+00 -4.688890e+00 -3.921494e+00 4.362947e+00 -1.501164e-01
<VARIANCE> 12
 7.455918e+00 1.172390e+01 5.514380e+01 4.026505e+01 1.626321e+01 1.498212e+01 1.328610e+01 2.214210e+01 1.622011e+01 2.097140e+01 1.639453e+01 2.867387e+01
<GCONST> 5.739290e+01
<STATE> 5
<MEAN> 12
 -1.025512e+00 -3.683160e+00 6.074180e+00 -6.085524e+00 -6.791885e+00 -1.095217e+00 -4.383585e+00 -4.001289e+00 -4.232666e+00 -5.012031e+00 -4.548546e+00 -7.092142e+00
<VARIANCE> 12
 9.655452e+00 1.943654e+01 1.279765e+01 2.938774e+01 9.303408e+00 1.968035e+01 8.220381e+00 2.104912e+01 1.820469e+01 2.760363e+01 2.209199e+01 7.959373e+00
<GCONST> 5.497171e+01
<STATE> 6
<MEAN> 12
 -1.713841e+00 2.008771e+00 4.794137e+00 -1.395057e+01 -4.237182e+00 6.774217e+00 -3.112080e+00 1.236441e+00 3.611958e+00 -1.696681e+00 -3.142735e+00 1.924874e+00
<VARIANCE> 12
 7.965961e+00 2.094299e+01 1.279765e+01 2.186070e+01 2.513481e+01 1.498212e+01 5.767946e+00 1.117087e+01 1.767858e+01 7.020505e+00 1.995905e+01 7.403287e+00
<GCONST> 5.271898e+01
<STATE> 7
<MEAN> 12
 -1.478140e-01 1.176720e+01 6.200029e+00 -1.071220e+01 3.944856e+00 1.152670e+01 -9.184971e-01 3.180026e+00 -1.688430e+00 -1.436106e+00 3.798553e+00 1.736159e+00
<VARIANCE> 12
 7.455918e+00 1.172390e+01 1.279765e+01 2.186070e+01 6.257675e+00 1.655488e+01 7.807828e+00 3.255473e+01 6.673983e+00 7.020505e+00 1.664347e+01 1.684138e+01
<GCONST> 5.182056e+01
<STATE> 8
<MEAN> 12
 1.930511e+00 -1.624128e+00 6.217645e+00 1.056640e+01 3.261100e+00 1.135993e+00 2.116503e+00 -6.297891e+00 -2.442724e+00 1.115673e+01 -9.845755e-01 -1.999244e+00
<VARIANCE> 12
 7.455918e+00 1.172390e+01 1.279765e+01 2.513137e+01 6.257675e+00 4.076980e+01 8.424045e+00 9.605255e+00 6.673983e+00 1.098434e+01 2.264946e+01 6.033316e+00
<GCONST> 5.144581e+01
<STATE> 9
<MEAN> 12
 5.027804e+00 -6.687741e+00 -2.048918e+00 1.827159e+01 4.635385e+00 -8.092525e+00 2.822002e+00 2.339817e-02 -1.703222e+00 1.903442e+00 2.129840e+00 5.438169e+00
<VARIANCE> 12
 7.455918e+00 1.172390e+01 1.279765e+01 2.186070e+01 6.257675e+00 1.498212e+01 1.448327e+01 1.121614e+01 6.673983e+00 7.020505e+00 7.734555e+00 8.342068e+00
<GCONST> 4.980418e+01
<STATE> 10
<MEAN> 12
 8.916705e+00 -5.414359e+00 -8.349322e+00 5.017417e+00 6.833090e-01 -6.373048e+00 -1.009988e+00 -5.996538e+00 4.574186e+00 -1.237697e+00 -7.334391e+00 3.031514e+00
<VARIANCE> 12
 7.455918e+00 1.172390e+01 1.279765e+01 2.203676e+01 1.151472e+01 1.498212e+01 6.352661e+00 4.733057e+01 1.992129e+01 1.021921e+01 7.734555e+00 2.603874e+01
<GCONST> 5.364499e+01
<TRANSP> 11
 0.000000e+00 1.000000e+00 0.000000e+00 0.000000e+00 0.000000e+00 0.000000e+00 0.000000e+00 0.000000e+00 0.000000e+00 0.000000e+00 0.000000e+00
 0.000000e+00 8.333333e-01 1.666667e-01 0.000000e+00 0.000000e+00 0.000000e+00 0.000000e+00 0.000000e+00 0.000000e+00 0.000000e+00 0.000000e+00
 0.000000e+00 0.000000e+00 8.223220e-01 1.776779e-01 0.000000e+00 0.000000e+00 0.000000e+00 0.000000e+00 0.000000e+00 0.000000e+00 0.000000e+00
 0.000000e+00 0.000000e+00 0.000000e+00 8.818301e-01 1.181699e-01 0.000000e+00 0.000000e+00 0.000000e+00 0.000000e+00 0.000000e+00 0.000000e+00
 0.000000e+00 0.000000e+00 0.000000e+00 0.000000e+00 8.895099e-01 1.104901e-01 0.000000e+00 0.000000e+00 0.000000e+00 0.000000e+00 0.000000e+00
 0.000000e+00 0.000000e+00 0.000000e+00 0.000000e+00 0.000000e+00 8.387517e-01 1.612483e-01 0.000000e+00 0.000000e+00 0.000000e+00 0.000000e+00
 0.000000e+00 0.000000e+00 0.000000e+00 0.000000e+00 0.000000e+00 0.000000e+00 9.059701e-01 9.402990e-02 0.000000e+00 0.000000e+00 0.000000e+00
 0.000000e+00 0.000000e+00 0.000000e+00 0.000000e+00 0.000000e+00 0.000000e+00 0.000000e+00 7.736273e-01 2.263726e-01 0.000000e+00 0.000000e+00
 0.000000e+00 0.000000e+00 0.000000e+00 0.000000e+00 0.000000e+00 0.000000e+00 0.000000e+00 0.000000e+00 8.228956e-01 1.771044e-01 0.000000e+00
 0.000000e+00 0.000000e+00 0.000000e+00 0.000000e+00 0.000000e+00 0.000000e+00 0.000000e+00 0.000000e+00 0.000000e+00 8.995828e-01 1.004172e-01
 0.000000e+00 0.000000e+00 0.000000e+00 0.000000e+00 0.000000e+00 0.000000e+00 0.000000e+00 0.000000e+00 0.000000e+00 0.000000e+00 0.000000e+00
<ENDHMM>
