~o
<STREAMINFO> 1 12
<VECSIZE> 12<NULLD><MFCC_Z><DIAGC>
~h "s061"
<BEGINHMM>
<NUMSTATES> 8
<STATE> 2
<MEAN> 12
 -3.029754e-02 -4.075715e+00 -8.221326e+00 2.957507e+00 -1.259948e+00 -1.537928e+00 3.634682e-01 -1.603589e+00 -2.123033e-01 -2.889427e+00 -6.199555e+00 1.186715e+00
<VARIANCE> 12
 1.527011e+01 1.685629e+01 4.380349e+01 2.581144e+01 5.225499e+01 4.066397e+01 1.900014e+01 3.744559e+01 1.245713e+01 1.171598e+02 3.822118e+01 3.269241e+01
<GCONST> 6.328086e+01
<STATE> 3
<MEAN> 12
 2.444920e+00 4.316925e-02 -2.688730e+00 4.775549e-01 2.880939e+00 -7.563701e-01 -3.541847e-01 -1.662972e+00 1.288756e+00 4.468526e+00 -8.715329e-01 -1.277982e+00
<VARIANCE> 12
 1.297324e+01 1.592526e+01 7.126333e+01 4.259122e+01 1.715834e+01 2.434279e+01 3.853297e+01 6.601792e+01 1.761689e+01 5.020505e+01 5.328964e+01 2.753352e+01
<GCONST> 6.335563e+01
<STATE> 4
<MEAN> 12
 1.164471e+00 2.457660e+00 3.430576e+00 -1.427046e+00 2.845688e+00 -1.503945e+00 -2.055737e+00 2.994103e+00 2.096685e+00 4.552397e+00 2.808694e+00 -2.732515e+00
<VARIANCE> 12
 3.063666e+01 1.529756e+01 5.122260e+01 8.207263e+01 1.655478e+01 2.645114e+01 5.698418e+01 8.830208e+01 2.679776e+01 2.872313e+01 4.130199e+01 2.576055e+01
<GCONST> 6.476949e+01
<STATE> 5
<MEAN> 12
 -1.849652e+00 2.623819e+00 5.562018e+00 -3.636018e+00 8.324517e-01 -5.302291e-02 -2.737620e+00 5.406547e+00 9.520296e-01 1.528561e+00 3.259451e+00 -1.841889e+00
<VARIANCE> 12
 3.834804e+01 2.707261e+01 4.030612e+01 1.073193e+02 1.557774e+01 2.992921e+01 6.412841e+01 8.085685e+01 4.429054e+01 3.597659e+01 3.860784e+01 3.846251e+01
<GCONST> 6.674709e+01
<STATE> 6
<MEAN> 12
 -2.599365e+00 3.360747e-01 2.759342e+00 -1.690918e+00 -1.667515e+00 1.510988e+00 5.098846e-01 1.198529e+00 -1.507380e+00 -2.417042e+00 1.697558e+00 1.665960e+00
<VARIANCE> 12
 2.912838e+01 3.313671e+01 4.863345e+01 1.037469e+02 1.191568e+01 2.621313e+01 6.106782e+01 9.419163e+01 5.140189e+01 3.309561e+01 3.286614e+01 4.447723e+01
<GCONST> 6.658107e+01
<STATE> 7
<MEAN> 12
 8.699017e-01 -1.384987e+00 -8.418116e-01 3.318923e+00 -3.631592e+00 2.340251e+00 4.274175e+00 -6.332564e+00 -2.617802e+00 -5.243022e+00 -6.946002e-01 2.999711e+00
<VARIANCE> 12
 2.077746e+01 1.395457e+01 2.362146e+01 5.190383e+01 7.208502e+00 1.430371e+01 2.354289e+01 5.662633e+01 3.648058e+01 1.516606e+01 1.994935e+01 2.260755e+01
<GCONST> 5.909415e+01
<TRANSP> 8
 0.000000e+00 1.000000e+00 0.000000e+00 0.000000e+00 0.000000e+00 0.000000e+00 0.000000e+00 0.000000e+00
 0.000000e+00 8.846154e-01 1.153846e-01 0.000000e+00 0.000000e+00 0.000000e+00 0.000000e+00 0.000000e+00
 0.000000e+00 0.000000e+00 8.846154e-01 1.153846e-01 0.000000e+00 0.000000e+00 0.000000e+00 0.000000e+00
 0.000000e+00 0.000000e+00 0.000000e+00 8.846154e-01 1.153846e-01 0.000000e+00 0.000000e+00 0.000000e+00
 0.000000e+00 0.000000e+00 0.000000e+00 0.000000e+00 8.846154e-01 1.153846e-01 0.000000e+00 0.000000e+00
 0.000000e+00 0.000000e+00 0.000000e+00 0.000000e+00 0.000000e+00 8.846154e-01 1.153846e-01 0.000000e+00
 0.000000e+00 0.000000e+00 0.000000e+00 0.000000e+00 0.000000e+00 0.000000e+00 8.846154e-01 1.153846e-01
 0.000000e+00 0.000000e+00 0.000000e+00 0.000000e+00 0.000000e+00 0.000000e+00 0.000000e+00 0.000000e+00
<ENDHMM>
