~o
<STREAMINFO> 1 12
<VECSIZE> 12<NULLD><MFCC_Z><DIAGC>
~h "s000"
<BEGINHMM>
<NUMSTATES> 15
<STATE> 2
<MEAN> 12
 -8.662367e-01 1.020477e+01 5.712217e+00 -8.535804e+00 -1.135911e+01 -3.890006e+00 -8.496789e+00 1.649579e+00 4.212715e-01 9.411510e+00 -8.930502e+00 -5.219097e-01
<VARIANCE> 12
 7.081153e+00 1.469204e+01 3.236905e+01 1.931842e+01 1.126860e+01 7.324613e+00 1.229624e+01 1.283144e+01 2.665945e+01 3.222368e+01 5.148461e+01 6.572705e+00
<GCONST> 5.519204e+01
<STATE> 3
<MEAN> 12
 -2.359238e+00 1.687342e+01 -4.093563e+00 -3.217038e+00 -7.694312e+00 -1.897832e+00 -1.244685e+01 2.116852e+00 -1.447324e+00 6.158610e+00 5.399191e+00 -6.299458e+00
<VARIANCE> 12
 2.889297e+00 1.469204e+01 4.560415e+00 2.062586e+01 7.251777e+00 1.428246e+01 1.859130e+01 1.651144e+01 2.431289e+01 1.211463e+01 2.640407e+01 2.032550e+01
<GCONST> 5.268464e+01
<STATE> 4
<MEAN> 12
 1.696591e+00 1.496089e+01 -2.513608e+00 2.057207e+00 3.925257e-01 1.891592e+00 -1.238614e+01 -4.383806e+00 1.186008e+00 3.802817e+00 5.365451e+00 -3.608161e+00
<VARIANCE> 12
 2.704834e+00 1.469204e+01 1.812978e+01 7.066772e+00 3.301265e+01 8.111886e+00 3.679731e+01 8.231072e+00 1.542027e+01 7.421071e+00 9.186003e+00 9.677210e+00
<GCONST> 5.112086e+01
<STATE> 5
<MEAN> 12
 1.339940e-01 8.668595e+00 3.040802e+00 3.329465e+00 4.693535e+00 1.556946e+00 -5.427790e+00 -3.112373e+00 5.014297e+00 1.527425e+00 4.506295e+00 1.632352e+00
<VARIANCE> 12
 1.201464e+01 1.469204e+01 7.654175e+00 2.620842e+01 2.309021e+01 5.010937e+01 2.574785e+01 2.712709e+01 8.718667e+00 1.299936e+01 2.180530e+01 1.521713e+01
<GCONST> 5.666673e+01
<STATE> 6
<MEAN> 12
 -3.791651e+00 2.050555e+00 4.513972e-01 -6.009209e+00 -3.025119e+00 3.582832e-01 -5.764443e-02 2.473295e+00 -1.724758e+00 -3.315012e+00 -7.520897e+00 6.684056e+00
<VARIANCE> 12
 2.326061e+00 3.867458e+01 4.560415e+00 1.040071e+01 7.251777e+00 3.057228e+01 2.031432e+01 1.708285e+01 4.542152e+01 1.057677e+01 4.245463e+01 6.277127e+00
<GCONST> 5.342391e+01
<STATE> 7
<MEAN> 12
 -6.764377e-02 -6.934715e+00 -4.804291e+00 8.544447e-01 3.561335e+00 -1.741795e+00 4.679465e+00 -1.897575e+00 -6.225897e+00 -4.567458e+00 -3.868217e+00 5.067374e+00
<VARIANCE> 12
 1.122970e+01 1.735519e+01 1.001339e+01 1.484309e+01 1.417740e+01 2.412909e+01 1.148532e+01 2.746198e+01 7.409348e+01 3.505029e+01 1.613863e+01 8.286459e+00
<GCONST> 5.667533e+01
<STATE> 8
<MEAN> 12
 4.810452e+00 -2.767934e+00 -5.501082e+00 7.878628e-01 7.726447e+00 -3.333046e+00 5.407227e+00 -5.546930e+00 3.708044e+00 -7.214586e+00 2.833157e-01 4.256898e+00
<VARIANCE> 12
 8.305961e+00 1.752193e+01 1.391977e+01 9.849254e+00 1.014923e+01 1.285972e+01 1.148532e+01 4.005527e+01 3.510980e+01 3.705246e+01 1.834271e+01 1.519920e+01
<GCONST> 5.575978e+01
<STATE> 9
<MEAN> 12
 1.458752e+00 -8.394402e+00 4.442093e+00 8.062192e+00 3.716369e+00 1.294853e+00 5.044890e+00 5.321600e+00 -1.041700e+00 5.379806e+00 3.410574e+00 5.218251e+00
<VARIANCE> 12
 7.666493e+00 2.062987e+01 1.370303e+01 2.205614e+01 3.513824e+01 7.324613e+00 1.148532e+01 1.455417e+01 1.238595e+01 7.421071e+00 1.521545e+01 2.655080e+01
<GCONST> 5.402108e+01
<STATE> 10
<MEAN> 12
 -1.762175e+00 -7.338416e+00 4.551010e-01 7.188666e+00 7.720268e-01 -5.037895e+00 8.533927e+00 1.016687e+01 -3.305552e+00 -1.571263e+00 -6.199468e-01 -2.780896e+00
<VARIANCE> 12
 2.217642e+01 1.469204e+01 2.812417e+01 1.722762e+01 9.368634e+00 6.059485e+01 2.778046e+01 2.127828e+01 8.221138e+00 5.743795e+01 2.012722e+01 2.288971e+01
<GCONST> 5.903778e+01
<STATE> 11
<MEAN> 12
 8.322495e-01 -5.243500e+00 -3.498974e+00 -2.428005e+00 -1.627823e+00 -6.206231e+00 8.632565e+00 5.886227e+00 -4.846441e+00 -3.240585e+00 -1.833045e+00 -8.259787e-01
<VARIANCE> 12
 7.367044e+00 1.469204e+01 2.002337e+01 1.806552e+01 1.253498e+01 5.911753e+01 2.080304e+01 2.726233e+01 1.140425e+01 2.236307e+01 1.296851e+01 1.009060e+01
<GCONST> 5.599393e+01
<STATE> 12
<MEAN> 12
 7.240484e-01 -3.598526e+00 6.135518e+00 -5.911272e+00 -5.247034e+00 6.463128e+00 1.928727e+00 1.094805e+00 -8.819840e-01 -3.745572e+00 -8.856183e-01 -1.708350e+00
<VARIANCE> 12
 9.842800e+00 1.469204e+01 2.633814e+01 1.512706e+01 1.041575e+01 1.334420e+01 7.425422e+01 2.564378e+01 3.097575e+01 3.302748e+01 6.943701e+00 1.448938e+01
<GCONST> 5.704407e+01
<STATE> 13
<MEAN> 12
 -3.134404e+00 -7.516766e+00 2.822297e+00 -5.275194e+00 -6.138337e+00 1.104514e+01 -5.091797e+00 -1.681689e+00 -1.148676e+00 -3.389369e-01 -1.723243e+00 -5.280256e+00
<VARIANCE> 12
 2.463347e+00 1.469204e+01 8.243410e+00 1.350488e+01 2.030757e+01 7.324613e+00 1.148532e+01 2.020580e+01 1.682833e+01 9.400027e+00 5.322671e+00 1.016769e+01
<GCONST> 4.986005e+01
<STATE> 14
<MEAN> 12
 -2.442060e-01 -1.216747e+01 1.087739e+00 2.321989e+00 5.579000e+00 5.739173e+00 4.377580e+00 -8.736917e+00 1.942052e+00 3.033011e+00 -3.851021e-02 3.043551e+00
<VARIANCE> 12
 1.274192e+01 1.469204e+01 4.995798e+00 5.803648e+00 7.251777e+00 1.571974e+01 3.075901e+01 2.117120e+01 1.695582e+01 1.143429e+01 1.025451e+01 6.162354e+00
<GCONST> 5.128220e+01
<TRANSP> 15
 0.000000e+00 1.000000e+00 0.000000e+00 0.000000e+00 0.000000e+00 0.000000e+00 0.000000e+00 0.000000e+00 0.000000e+00 0.000000e+00 0.000000e+00 0.000000e+00 0.000000e+00 0.000000e+00 0.000000e+00
 0.000000e+00 8.480461e-01 1.519540e-01 0.000000e+00 0.000000e+00 0.000000e+00 0.000000e+00 0.000000e+00 0.000000e+00 0.000000e+00 0.000000e+00 0.000000e+00 0.000000e+00 0.000000e+00 0.000000e+00
 0.000000e+00 0.000000e+00 9.006785e-01 9.932145e-02 0.000000e+00 0.000000e+00 0.000000e+00 0.000000e+00 0.000000e+00 0.000000e+00 0.000000e+00 0.000000e+00 0.000000e+00 0.000000e+00 0.000000e+00
 0.000000e+00 0.000000e+00 0.000000e+00 7.120785e-01 2.879215e-01 0.000000e+00 0.000000e+00 0.000000e+00 0.000000e+00 0.000000e+00 0.000000e+00 0.000000e+00 0.000000e+00 0.000000e+00 0.000000e+00
 0.000000e+00 0.000000e+00 0.000000e+00 0.000000e+00 9.085181e-01 9.148194e-02 0.000000e+00 0.000000e+00 0.000000e+00 0.000000e+00 0.000000e+00 0.000000e+00 0.000000e+00 0.000000e+00 0.000000e+00
 0.000000e+00 0.000000e+00 0.000000e+00 0.000000e+00 0.000000e+00 7.028390e-01 2.971610e-01 0.000000e+00 0.000000e+00 0.000000e+00 0.000000e+00 0.000000e+00 0.000000e+00 0.000000e+00 0.000000e+00
 0.000000e+00 0.000000e+00 0.000000e+00 0.000000e+00 0.000000e+00 0.000000e+00 7.812268e-01 2.187732e-01 0.000000e+00 0.000000e+00 0.000000e+00 0.000000e+00 0.000000e+00 0.000000e+00 0.000000e+00
 0.000000e+00 0.000000e+00 0.000000e+00 0.000000e+00 0.000000e+00 0.000000e+00 0.000000e+00 9.262322e-01 7.376790e-02 0.000000e+00 0.000000e+00 0.000000e+00 0.000000e+00 0.000000e+00 0.000000e+00
 0.000000e+00 0.000000e+00 0.000000e+00 0.000000e+00 0.000000e+00 0.000000e+00 0.000000e+00 0.000000e+00 6.101915e-01 3.898085e-01 0.000000e+00 0.000000e+00 0.000000e+00 0.000000e+00 0.000000e+00
 0.000000e+00 0.000000e+00 0.000000e+00 0.000000e+00 0.000000e+00 0.000000e+00 0.000000e+00 0.000000e+00 0.000000e+00 9.237514e-01 7.624864e-02 0.000000e+00 0.000000e+00 0.000000e+00 0.000000e+00
 0.000000e+00 0.000000e+00 0.000000e+00 0.000000e+00 0.000000e+00 0.000000e+00 0.000000e+00 0.000000e+00 0.000000e+00 0.000000e+00 7.756480e-01 2.243520e-01 0.000000e+00 0.000000e+00 0.000000e+00
 0.000000e+00 0.000000e+00 0.000000e+00 0.000000e+00 0.000000e+00 0.000000e+00 0.000000e+00 0.000000e+00 0.000000e+00 0.000000e+00 0.000000e+00 8.682466e-01 1.317534e-01 0.000000e+00 0.000000e+00
 0.000000e+00 0.000000e+00 0.000000e+00 0.000000e+00 0.000000e+00 0.000000e+00 0.000000e+00 0.000000e+00 0.000000e+00 0.000000e+00 0.000000e+00 0.000000e+00 8.225306e-01 1.774694e-01 0.000000e+00
 0.000000e+00 0.000000e+00 0.000000e+00 0.000000e+00 0.000000e+00 0.000000e+00 0.000000e+00 0.000000e+00 0.000000e+00 0.000000e+00 0.000000e+00 0.000000e+00 0.000000e+00 8.900127e-01 1.099873e-01
 0.000000e+00 0.000000e+00 0.000000e+00 0.000000e+00 0.000000e+00 0.000000e+00 0.000000e+00 0.000000e+00 0.000000e+00 0.000000e+00 0.000000e+00 0.000000e+00 0.000000e+00 0.000000e+00 0.000000e+00
<ENDHMM>
