~o
<STREAMINFO> 1 12
<VECSIZE> 12<NULLD><MFCC_Z><DIAGC>
~h "T13771897016"
<BEGINHMM>
<NUMSTATES> 8
<STATE> 2
<MEAN> 12
 -3.118861e+00 1.225708e+01 -6.458458e-01 -9.713807e+00 -7.952027e+00 -5.387649e+00 -3.849420e+00 -3.390326e-01 1.544402e+00 -7.714216e-01 1.661377e+00 -3.464975e-01
<VARIANCE> 12
 7.758631e+00 4.046002e+01 7.073744e+00 6.653808e+01 2.706061e+01 2.486444e+01 1.380953e+01 1.113434e+01 1.099806e+01 3.080015e+01 1.864731e+01 2.039218e+01
<GCONST> 5.727082e+01
<STATE> 3
<MEAN> 12
 -3.476706e+00 4.780301e+00 -4.390446e-02 -3.040775e+00 -3.589244e+00 -5.913562e-01 -1.723472e+00 3.045578e-01 1.644633e+00 2.835441e+00 -1.429285e+00 1.510625e+00
<VARIANCE> 12
 1.790215e+01 7.519501e+01 8.311714e+00 7.385583e+01 3.539504e+01 3.042618e+01 2.341629e+01 2.098000e+01 2.559151e+01 3.199511e+01 1.419845e+01 1.343970e+01
<GCONST> 6.081738e+01
<STATE> 4
<MEAN> 12
 -2.083604e+00 -2.547126e+00 -4.732345e-01 1.499806e+00 1.591161e-01 2.157291e+00 -1.195105e+00 9.027397e-01 -8.221942e-01 2.493395e+00 -1.085411e+00 8.431518e-01
<VARIANCE> 12
 3.624089e+01 6.846228e+01 8.674310e+00 3.211568e+01 2.701998e+01 2.507290e+01 2.770457e+01 2.502980e+01 3.317223e+01 4.207857e+01 1.681900e+01 1.479587e+01
<GCONST> 6.131885e+01
<STATE> 5
<MEAN> 12
 1.495290e+00 -6.622209e+00 -1.007816e+00 2.775678e+00 2.436597e+00 2.723718e+00 -3.112137e-01 8.954307e-01 -2.580570e+00 -9.309490e-01 6.878237e-01 5.215747e-02
<VARIANCE> 12
 4.050519e+01 4.239342e+01 7.208927e+00 1.422620e+01 2.199752e+01 2.821414e+01 3.255782e+01 1.956461e+01 2.563432e+01 4.655711e+01 1.887135e+01 1.249849e+01
<GCONST> 5.956871e+01
<STATE> 6
<MEAN> 12
 4.175801e+00 -5.735885e+00 -7.558189e-02 3.566039e+00 3.644050e+00 9.547873e-01 2.351042e+00 -9.749754e-02 -1.225138e+00 -2.994189e+00 1.171305e+00 -4.968698e-01
<VARIANCE> 12
 2.089487e+01 3.103873e+01 8.470824e+00 8.714316e+00 1.990858e+01 3.875650e+01 3.097156e+01 1.442126e+01 2.342249e+01 2.829310e+01 1.650515e+01 1.188522e+01
<GCONST> 5.735637e+01
<STATE> 7
<MEAN> 12
 3.008078e+00 -2.132192e+00 2.246375e+00 4.913093e+00 5.301517e+00 1.432657e-01 4.728174e+00 -1.666195e+00 1.438857e+00 -6.322873e-01 -1.005807e+00 -1.562569e+00
<VARIANCE> 12
 1.177202e+01 1.731683e+01 7.637992e+00 8.714316e+00 1.589343e+01 3.761769e+01 2.005508e+01 1.056389e+01 1.495325e+01 2.237043e+01 1.844500e+01 1.202187e+01
<GCONST> 5.453353e+01
<TRANSP> 8
 0.000000e+00 1.000000e+00 0.000000e+00 0.000000e+00 0.000000e+00 0.000000e+00 0.000000e+00 0.000000e+00
 0.000000e+00 8.867924e-01 1.132076e-01 0.000000e+00 0.000000e+00 0.000000e+00 0.000000e+00 0.000000e+00
 0.000000e+00 0.000000e+00 8.867925e-01 1.132075e-01 0.000000e+00 0.000000e+00 0.000000e+00 0.000000e+00
 0.000000e+00 0.000000e+00 0.000000e+00 8.867925e-01 1.132075e-01 0.000000e+00 0.000000e+00 0.000000e+00
 0.000000e+00 0.000000e+00 0.000000e+00 0.000000e+00 8.867925e-01 1.132076e-01 0.000000e+00 0.000000e+00
 0.000000e+00 0.000000e+00 0.000000e+00 0.000000e+00 0.000000e+00 8.867925e-01 1.132075e-01 0.000000e+00
 0.000000e+00 0.000000e+00 0.000000e+00 0.000000e+00 0.000000e+00 0.000000e+00 8.867925e-01 1.132075e-01
 0.000000e+00 0.000000e+00 0.000000e+00 0.000000e+00 0.000000e+00 0.000000e+00 0.000000e+00 0.000000e+00
<ENDHMM>
