~o
<STREAMINFO> 1 12
<VECSIZE> 12<NULLD><MFCC_Z><DIAGC>
~h "s043"
<BEGINHMM>
<NUMSTATES> 9
<STATE> 2
<MEAN> 12
 -1.335112e+01 -1.279947e+00 -3.955003e+00 1.276839e+01 1.195114e+01 5.373343e+00 1.443203e+01 1.485709e+00 2.803775e+00 2.527659e+00 4.424499e+00 -1.907578e+00
<VARIANCE> 12
 8.621288e+00 1.831065e+00 3.917164e+00 1.592296e+01 7.624440e+00 1.014018e+01 2.243978e+01 1.771491e+01 5.616109e+00 1.433207e+01 9.251388e+00 1.255228e+01
<GCONST> 4.842271e+01
<STATE> 3
<MEAN> 12
 -4.027961e+00 2.190996e+00 2.747256e-01 -7.496404e+00 -1.219398e+00 -7.871705e+00 -2.599393e+00 5.723238e+00 3.625449e+00 -1.098817e+00 -1.428454e+00 -1.086187e+01
<VARIANCE> 12
 8.621288e+00 8.637069e+00 5.090971e+00 1.592296e+01 7.624440e+00 1.737567e+01 1.368714e+01 3.791869e+01 1.260564e+01 3.720797e+01 1.612146e+01 1.546813e+01
<GCONST> 5.356799e+01
<STATE> 4
<MEAN> 12
 6.143364e-01 -1.919354e+00 -1.062001e+00 -4.900326e+00 -4.598562e+00 5.820170e+00 2.046687e+00 1.503037e+00 8.431891e-01 -5.649254e+00 -4.539939e+00 2.765459e+00
<VARIANCE> 12
 1.540874e+01 4.845448e+00 5.554670e+00 2.234138e+01 1.155127e+01 1.922455e+01 1.756933e+01 1.204611e+01 1.373569e+01 1.474892e+01 1.635222e+01 2.397201e+01
<GCONST> 5.322888e+01
<STATE> 5
<MEAN> 12
 -1.601155e+00 2.943518e+00 6.824724e+00 -5.913577e+00 6.844096e-01 -7.818098e+00 -3.271433e+00 6.985713e+00 -1.870091e+00 -2.243659e+00 1.806704e-01 -4.252872e+00
<VARIANCE> 12
 8.621288e+00 4.408711e+00 1.494855e+01 2.161546e+01 1.346228e+01 1.314034e+01 1.312789e+02 1.149175e+01 4.080922e+00 2.352746e+01 6.174214e+00 1.301293e+01
<GCONST> 5.291571e+01
<STATE> 6
<MEAN> 12
 -7.983095e-01 4.425145e+00 -1.447521e+00 -9.649693e+00 1.201755e-01 -1.000398e+00 -3.236571e+00 1.792206e+00 -3.468641e+00 -2.373781e+00 2.103340e+00 1.093969e+01
<VARIANCE> 12
 8.621288e+00 1.831065e+00 4.925180e+00 1.592296e+01 1.166800e+01 1.014018e+01 1.368714e+01 2.494970e+01 1.252282e+01 8.692868e+00 6.109881e+00 1.248428e+01
<GCONST> 4.880689e+01
<STATE> 7
<MEAN> 12
 6.077145e+00 -6.211177e-01 -4.510940e+00 6.708600e-01 4.269803e+00 -1.286875e+00 -7.448515e+00 -1.028352e+01 -1.227592e-01 3.028354e+00 -2.201529e+00 6.086043e+00
<VARIANCE> 12
 8.621288e+00 1.831065e+00 3.917164e+00 1.592296e+01 1.361089e+01 2.151643e+01 1.368714e+01 2.015916e+01 2.554355e+01 1.137348e+01 2.451072e+01 5.259734e+01
<GCONST> 5.308004e+01
<STATE> 8
<MEAN> 12
 7.834427e+00 -2.070889e+00 -2.309945e-02 1.203632e+01 -4.517453e+00 4.416244e+00 7.097305e-02 -7.350614e+00 -2.522548e+00 7.301518e+00 5.109945e+00 2.897829e+00
<VARIANCE> 12
 8.621288e+00 4.781347e+00 3.917164e+00 1.592296e+01 1.594978e+01 2.336567e+01 1.368714e+01 2.950832e+01 3.142284e+01 7.348086e+00 2.854443e+01 1.031910e+01
<GCONST> 5.295589e+01
<TRANSP> 9
 0.000000e+00 1.000000e+00 0.000000e+00 0.000000e+00 0.000000e+00 0.000000e+00 0.000000e+00 0.000000e+00 0.000000e+00
 0.000000e+00 8.333333e-01 1.666667e-01 0.000000e+00 0.000000e+00 0.000000e+00 0.000000e+00 0.000000e+00 0.000000e+00
 0.000000e+00 0.000000e+00 8.566187e-01 1.433813e-01 0.000000e+00 0.000000e+00 0.000000e+00 0.000000e+00 0.000000e+00
 0.000000e+00 0.000000e+00 0.000000e+00 9.201397e-01 7.986026e-02 0.000000e+00 0.000000e+00 0.000000e+00 0.000000e+00
 0.000000e+00 0.000000e+00 0.000000e+00 0.000000e+00 9.038088e-01 9.619121e-02 0.000000e+00 0.000000e+00 0.000000e+00
 0.000000e+00 0.000000e+00 0.000000e+00 0.000000e+00 0.000000e+00 5.678635e-01 4.321365e-01 0.000000e+00 0.000000e+00
 0.000000e+00 0.000000e+00 0.000000e+00 0.000000e+00 0.000000e+00 0.000000e+00 8.601908e-01 1.398092e-01 0.000000e+00
 0.000000e+00 0.000000e+00 0.000000e+00 0.000000e+00 0.000000e+00 0.000000e+00 0.000000e+00 8.962770e-01 1.037230e-01
 0.000000e+00 0.000000e+00 0.000000e+00 0.000000e+00 0.000000e+00 0.000000e+00 0.000000e+00 0.000000e+00 0.000000e+00
<ENDHMM>
