~o
<STREAMINFO> 1 12
<VECSIZE> 12<NULLD><MFCC_Z><DIAGC>
~h "s024"
<BEGINHMM>
<NUMSTATES> 10
<STATE> 2
<MEAN> 12
 4.357694e-01 7.390594e+00 5.756826e+00 1.101706e+00 -3.341622e-01 4.711067e+00 2.170824e+00 -2.821522e+00 3.051846e+00 3.649812e+00 5.795836e-01 -1.174758e+00
<VARIANCE> 12
 5.182199e+00 2.293040e+01 2.021577e+01 5.153750e+01 2.067591e+01 1.011932e+01 2.139814e+01 5.913643e+01 2.207269e+01 3.191332e+01 3.104642e+01 2.136190e+01
<GCONST> 5.932201e+01
<STATE> 3
<MEAN> 12
 -3.206458e+00 1.289973e+01 1.668578e+00 -3.243510e+00 -4.806352e+00 -2.383646e+00 -1.711710e+00 3.227731e+00 3.111162e-01 3.630639e+00 6.433497e+00 -5.507938e+00
<VARIANCE> 12
 3.389267e+00 2.293040e+01 2.021577e+01 2.105187e+01 1.300831e+01 9.025351e+01 2.139814e+01 1.420692e+01 4.495948e+01 2.039420e+01 8.249677e+00 1.447956e+01
<GCONST> 5.685022e+01
<STATE> 4
<MEAN> 12
 -3.105967e+00 8.040001e+00 9.650751e+00 -1.153820e+01 -9.364234e-01 -3.572458e+00 -1.487426e+01 1.048536e+01 -3.502799e+00 5.463120e+00 1.373125e+00 -4.981953e+00
<VARIANCE> 12
 3.389267e+00 2.293040e+01 2.021577e+01 1.775078e+01 1.154914e+01 4.500571e+01 2.139814e+01 1.969809e+01 2.013475e+01 1.559244e+01 8.265794e+00 9.484029e+00
<GCONST> 5.469870e+01
<STATE> 5
<MEAN> 12
 1.853257e-01 3.048374e+00 9.941833e+00 -9.189532e+00 -2.353589e+00 7.289665e+00 -7.484008e+00 5.693670e+00 3.159973e+00 3.754540e+00 -7.708248e-01 -1.384477e-01
<VARIANCE> 12
 3.601486e+00 2.293040e+01 2.021577e+01 1.775078e+01 1.284286e+01 1.011932e+01 4.633239e+01 1.455333e+01 8.412231e+00 1.272528e+01 1.009812e+01 1.092933e+01
<GCONST> 5.310920e+01
<STATE> 6
<MEAN> 12
 -1.600428e-01 -4.682083e+00 8.571854e+00 3.251678e+00 -6.365624e+00 9.978997e+00 8.665421e+00 -4.886445e+00 3.365030e+00 6.921441e+00 1.926171e+00 -3.999328e+00
<VARIANCE> 12
 3.917268e+00 2.745690e+01 2.021577e+01 1.871715e+01 4.441227e+01 1.011932e+01 3.905658e+01 1.500762e+01 4.305105e+01 2.288479e+01 4.900250e+01 9.484029e+00
<GCONST> 5.818431e+01
<STATE> 7
<MEAN> 12
 -1.242986e+00 -8.819885e+00 -1.830091e+00 3.559831e+00 -3.410913e+00 3.658476e+00 1.048261e+01 -2.651612e+00 -1.028206e+01 5.354499e+00 -6.535795e+00 -9.744457e-01
<VARIANCE> 12
 3.389267e+00 2.293040e+01 3.503012e+01 1.775078e+01 2.103606e+01 1.685653e+01 2.139814e+01 1.420692e+01 3.777870e+01 2.091685e+01 8.686506e+00 2.106943e+01
<GCONST> 5.631014e+01
<STATE> 8
<MEAN> 12
 -1.290809e+00 -1.495991e+01 -1.204039e+01 1.372153e+01 8.608953e+00 -4.739310e+00 9.059889e+00 -5.944378e+00 -6.221457e+00 -7.479177e+00 -1.183624e+00 9.584237e+00
<VARIANCE> 12
 4.536402e+00 2.293040e+01 2.021577e+01 1.775078e+01 6.917784e+00 1.011932e+01 2.139814e+01 1.444881e+01 1.299216e+01 1.272528e+01 1.822432e+01 9.484029e+00
<GCONST> 5.282478e+01
<STATE> 9
<MEAN> 12
 6.644337e+00 -1.094079e+01 -1.349897e+01 7.887740e+00 3.794350e+00 -2.650728e-01 8.744249e+00 -8.856855e+00 5.305311e+00 -1.080618e+01 -5.455914e+00 6.528296e+00
<VARIANCE> 12
 6.343609e+00 2.293040e+01 2.021577e+01 1.775078e+01 8.487427e+00 1.059490e+01 2.139814e+01 1.420692e+01 8.412231e+00 1.272528e+01 1.001159e+01 3.032173e+01
<GCONST> 5.352221e+01
<TRANSP> 10
 0.000000e+00 1.000000e+00 0.000000e+00 0.000000e+00 0.000000e+00 0.000000e+00 0.000000e+00 0.000000e+00 0.000000e+00 0.000000e+00
 0.000000e+00 8.074345e-01 1.925655e-01 0.000000e+00 0.000000e+00 0.000000e+00 0.000000e+00 0.000000e+00 0.000000e+00 0.000000e+00
 0.000000e+00 0.000000e+00 8.984954e-01 1.015046e-01 0.000000e+00 0.000000e+00 0.000000e+00 0.000000e+00 0.000000e+00 0.000000e+00
 0.000000e+00 0.000000e+00 0.000000e+00 9.281994e-01 7.180062e-02 0.000000e+00 0.000000e+00 0.000000e+00 0.000000e+00 0.000000e+00
 0.000000e+00 0.000000e+00 0.000000e+00 0.000000e+00 7.471364e-01 2.528636e-01 0.000000e+00 0.000000e+00 0.000000e+00 0.000000e+00
 0.000000e+00 0.000000e+00 0.000000e+00 0.000000e+00 0.000000e+00 7.990587e-01 2.009412e-01 0.000000e+00 0.000000e+00 0.000000e+00
 0.000000e+00 0.000000e+00 0.000000e+00 0.000000e+00 0.000000e+00 0.000000e+00 5.339364e-01 4.660636e-01 0.000000e+00 0.000000e+00
 0.000000e+00 0.000000e+00 0.000000e+00 0.000000e+00 0.000000e+00 0.000000e+00 0.000000e+00 8.613822e-01 1.386178e-01 0.000000e+00
 0.000000e+00 0.000000e+00 0.000000e+00 0.000000e+00 0.000000e+00 0.000000e+00 0.000000e+00 0.000000e+00 9.214870e-01 7.851302e-02
 0.000000e+00 0.000000e+00 0.000000e+00 0.000000e+00 0.000000e+00 0.000000e+00 0.000000e+00 0.000000e+00 0.000000e+00 0.000000e+00
<ENDHMM>
