~o
<STREAMINFO> 1 12
<VECSIZE> 12<NULLD><MFCC_Z><DIAGC>
~h "s042"
<BEGINHMM>
<NUMSTATES> 8
<STATE> 2
<MEAN> 12
 -6.712953e+00 -2.852446e+00 1.022690e+01 -3.761065e+00 4.266993e-01 -5.426434e-01 5.099451e+00 7.395954e+00 -6.815193e-01 5.502557e-01 -2.376872e+00 -4.654648e+00
<VARIANCE> 12
 3.194172e+01 3.032514e+01 2.339933e+01 9.714145e+00 1.314450e+01 1.204619e+02 1.982618e+01 2.727168e+01 9.079353e+01 2.121726e+01 5.866638e+01 1.797438e+01
<GCONST> 6.254111e+01
<STATE> 3
<MEAN> 12
 1.601545e+00 -5.558755e+00 -2.889501e-02 -1.932003e+00 -5.424925e+00 -1.212540e+01 3.363519e+00 7.627448e-01 -1.907039e+00 1.521909e+00 -6.417781e+00 5.660986e+00
<VARIANCE> 12
 4.807596e+00 2.357207e+01 1.502232e+01 9.756437e+00 2.145942e+01 2.472984e+01 7.965871e+00 6.204848e+01 3.586128e+01 3.291073e+01 1.260168e+01 1.791472e+01
<GCONST> 5.674241e+01
<STATE> 4
<MEAN> 12
 -5.070345e-01 4.749261e+00 5.513843e+00 -6.507945e+00 -1.196087e+01 -2.242339e+00 -4.272765e+00 -2.508079e+00 -3.585308e-01 1.030174e-01 -4.637455e-02 -3.191837e+00
<VARIANCE> 12
 5.420815e+01 7.742968e+00 7.956768e+01 2.535723e+01 1.686287e+01 3.566759e+01 1.252469e+01 3.023229e+01 9.373758e+01 5.856796e+01 2.489449e+01 3.101947e+01
<GCONST> 6.329973e+01
<STATE> 5
<MEAN> 12
 -5.090170e+00 3.288692e+00 1.110294e+01 5.190234e+00 -3.192234e-01 5.497947e+00 -4.061772e+00 4.573264e+00 -8.534678e+00 4.778940e-01 1.229215e+00 -7.620780e+00
<VARIANCE> 12
 1.341269e+01 3.404026e+00 2.201533e+01 2.040971e+01 2.510035e+01 2.221692e+01 1.663914e+01 1.139565e+01 1.756952e+01 7.904328e+01 2.881608e+01 5.398895e+01
<GCONST> 5.813803e+01
<STATE> 6
<MEAN> 12
 2.369830e+00 -1.258699e+00 -4.803016e+00 7.188883e+00 1.244213e+01 -1.454029e-01 1.035781e+00 -6.653789e-01 1.785257e+00 5.682894e-02 2.861237e+00 5.696681e+00
<VARIANCE> 12
 4.807596e+00 3.404026e+00 1.502232e+01 7.861057e+00 1.314450e+01 1.277735e+01 4.459069e+00 3.100149e+01 8.052097e+00 1.224464e+01 8.012733e+00 6.968921e+00
<GCONST> 4.828731e+01
<STATE> 7
<MEAN> 12
 3.471707e+00 3.725087e-01 -1.103802e+01 3.720528e+00 7.440500e+00 7.521732e+00 -3.192616e-01 -3.311609e+00 3.560430e+00 -1.416219e+00 3.389033e+00 1.591069e+00
<VARIANCE> 12
 4.807596e+00 3.404026e+00 2.099533e+01 3.041053e+01 2.278408e+01 4.070283e+01 9.384511e+00 1.110901e+01 8.052097e+00 5.454103e+00 2.330783e+01 6.920260e+00
<GCONST> 5.165349e+01
<TRANSP> 8
 0.000000e+00 1.000000e+00 0.000000e+00 0.000000e+00 0.000000e+00 0.000000e+00 0.000000e+00 0.000000e+00
 0.000000e+00 8.590015e-01 1.409985e-01 0.000000e+00 0.000000e+00 0.000000e+00 0.000000e+00 0.000000e+00
 0.000000e+00 0.000000e+00 8.744359e-01 1.255641e-01 0.000000e+00 0.000000e+00 0.000000e+00 0.000000e+00
 0.000000e+00 0.000000e+00 0.000000e+00 9.105462e-01 8.945374e-02 0.000000e+00 0.000000e+00 0.000000e+00
 0.000000e+00 0.000000e+00 0.000000e+00 0.000000e+00 7.590383e-01 2.409618e-01 0.000000e+00 0.000000e+00
 0.000000e+00 0.000000e+00 0.000000e+00 0.000000e+00 0.000000e+00 8.291260e-01 1.708740e-01 0.000000e+00
 0.000000e+00 0.000000e+00 0.000000e+00 0.000000e+00 0.000000e+00 0.000000e+00 9.273382e-01 7.266175e-02
 0.000000e+00 0.000000e+00 0.000000e+00 0.000000e+00 0.000000e+00 0.000000e+00 0.000000e+00 0.000000e+00
<ENDHMM>
