~o
<STREAMINFO> 1 12
<VECSIZE> 12<NULLD><MFCC_Z><DIAGC>
~h "s089"
<BEGINHMM>
<NUMSTATES> 11
<STATE> 2
<MEAN> 12
 5.449568e-08 4.938670e-07 1.362392e-08 1.634870e-07 0.000000e+00 8.719308e-07 0.000000e+00 -1.430512e-07 1.294272e-07 -4.427774e-08 -7.695385e-08 -1.158033e-07
<VARIANCE> 12
 2.598783e+01 7.486545e+01 2.832582e+01 1.055329e+02 2.776197e+01 6.825272e+01 5.351115e+01 5.368604e+01 3.278689e+01 1.789744e+01 3.947504e+01 3.434152e+01
<GCONST> 6.672728e+01
<STATE> 3
<MEAN> 12
 5.449568e-08 4.938670e-07 1.362392e-08 1.634870e-07 0.000000e+00 8.719308e-07 0.000000e+00 -1.430512e-07 1.294272e-07 -4.427774e-08 -7.695385e-08 -1.158033e-07
<VARIANCE> 12
 2.598783e+01 7.486545e+01 2.832582e+01 1.055329e+02 2.776197e+01 6.825272e+01 5.351115e+01 5.368604e+01 3.278689e+01 1.789744e+01 3.947504e+01 3.434152e+01
<GCONST> 6.672728e+01
<STATE> 4
<MEAN> 12
 5.449568e-08 4.938670e-07 1.362392e-08 1.634870e-07 0.000000e+00 8.719308e-07 0.000000e+00 -1.430512e-07 1.294272e-07 -4.427774e-08 -7.695385e-08 -1.158033e-07
<VARIANCE> 12
 2.598783e+01 7.486545e+01 2.832582e+01 1.055329e+02 2.776197e+01 6.825272e+01 5.351115e+01 5.368604e+01 3.278689e+01 1.789744e+01 3.947504e+01 3.434152e+01
<GCONST> 6.672728e+01
<STATE> 5
<MEAN> 12
 5.449568e-08 4.938670e-07 1.362392e-08 1.634870e-07 0.000000e+00 8.719308e-07 0.000000e+00 -1.430512e-07 1.294272e-07 -4.427774e-08 -7.695385e-08 -1.158033e-07
<VARIANCE> 12
 2.598783e+01 7.486545e+01 2.832582e+01 1.055329e+02 2.776197e+01 6.825272e+01 5.351115e+01 5.368604e+01 3.278689e+01 1.789744e+01 3.947504e+01 3.434152e+01
<GCONST> 6.672728e+01
<STATE> 6
<MEAN> 12
 5.449568e-08 4.938670e-07 1.362392e-08 1.634870e-07 0.000000e+00 8.719308e-07 0.000000e+00 -1.430512e-07 1.294272e-07 -4.427774e-08 -7.695385e-08 -1.158033e-07
<VARIANCE> 12
 2.598783e+01 7.486545e+01 2.832582e+01 1.055329e+02 2.776197e+01 6.825272e+01 5.351115e+01 5.368604e+01 3.278689e+01 1.789744e+01 3.947504e+01 3.434152e+01
<GCONST> 6.672728e+01
<STATE> 7
<MEAN> 12
 5.449568e-08 4.938670e-07 1.362392e-08 1.634870e-07 0.000000e+00 8.719308e-07 0.000000e+00 -1.430512e-07 1.294272e-07 -4.427774e-08 -7.695385e-08 -1.158033e-07
<VARIANCE> 12
 2.598783e+01 7.486545e+01 2.832582e+01 1.055329e+02 2.776197e+01 6.825272e+01 5.351115e+01 5.368604e+01 3.278689e+01 1.789744e+01 3.947504e+01 3.434152e+01
<GCONST> 6.672728e+01
<STATE> 8
<MEAN> 12
 5.449568e-08 4.938670e-07 1.362392e-08 1.634870e-07 0.000000e+00 8.719308e-07 0.000000e+00 -1.430512e-07 1.294272e-07 -4.427774e-08 -7.695385e-08 -1.158033e-07
<VARIANCE> 12
 2.598783e+01 7.486545e+01 2.832582e+01 1.055329e+02 2.776197e+01 6.825272e+01 5.351115e+01 5.368604e+01 3.278689e+01 1.789744e+01 3.947504e+01 3.434152e+01
<GCONST> 6.672728e+01
<STATE> 9
<MEAN> 12
 5.449568e-08 4.938670e-07 1.362392e-08 1.634870e-07 0.000000e+00 8.719308e-07 0.000000e+00 -1.430512e-07 1.294272e-07 -4.427774e-08 -7.695385e-08 -1.158033e-07
<VARIANCE> 12
 2.598783e+01 7.486545e+01 2.832582e+01 1.055329e+02 2.776197e+01 6.825272e+01 5.351115e+01 5.368604e+01 3.278689e+01 1.789744e+01 3.947504e+01 3.434152e+01
<GCONST> 6.672728e+01
<STATE> 10
<MEAN> 12
 5.449568e-08 4.938670e-07 1.362392e-08 1.634870e-07 0.000000e+00 8.719308e-07 0.000000e+00 -1.430512e-07 1.294272e-07 -4.427774e-08 -7.695385e-08 -1.158033e-07
<VARIANCE> 12
 2.598783e+01 7.486545e+01 2.832582e+01 1.055329e+02 2.776197e+01 6.825272e+01 5.351115e+01 5.368604e+01 3.278689e+01 1.789744e+01 3.947504e+01 3.434152e+01
<GCONST> 6.672728e+01
<TRANSP> 11
 0.000000e+00 1.000000e+00 0.000000e+00 0.000000e+00 0.000000e+00 0.000000e+00 0.000000e+00 0.000000e+00 0.000000e+00 0.000000e+00 0.000000e+00
 0.000000e+00 9.000000e-01 9.999999e-02 0.000000e+00 0.000000e+00 0.000000e+00 0.000000e+00 0.000000e+00 0.000000e+00 0.000000e+00 0.000000e+00
 0.000000e+00 0.000000e+00 9.000000e-01 9.999999e-02 0.000000e+00 0.000000e+00 0.000000e+00 0.000000e+00 0.000000e+00 0.000000e+00 0.000000e+00
 0.000000e+00 0.000000e+00 0.000000e+00 9.000000e-01 9.999999e-02 0.000000e+00 0.000000e+00 0.000000e+00 0.000000e+00 0.000000e+00 0.000000e+00
 0.000000e+00 0.000000e+00 0.000000e+00 0.000000e+00 9.000000e-01 9.999999e-02 0.000000e+00 0.000000e+00 0.000000e+00 0.000000e+00 0.000000e+00
 0.000000e+00 0.000000e+00 0.000000e+00 0.000000e+00 0.000000e+00 9.000000e-01 9.999999e-02 0.000000e+00 0.000000e+00 0.000000e+00 0.000000e+00
 0.000000e+00 0.000000e+00 0.000000e+00 0.000000e+00 0.000000e+00 0.000000e+00 9.000000e-01 9.999999e-02 0.000000e+00 0.000000e+00 0.000000e+00
 0.000000e+00 0.000000e+00 0.000000e+00 0.000000e+00 0.000000e+00 0.000000e+00 0.000000e+00 9.000000e-01 9.999999e-02 0.000000e+00 0.000000e+00
 0.000000e+00 0.000000e+00 0.000000e+00 0.000000e+00 0.000000e+00 0.000000e+00 0.000000e+00 0.000000e+00 9.000000e-01 9.999999e-02 0.000000e+00
 0.000000e+00 0.000000e+00 0.000000e+00 0.000000e+00 0.000000e+00 0.000000e+00 0.000000e+00 0.000000e+00 0.000000e+00 9.000000e-01 9.999999e-02
 0.000000e+00 0.000000e+00 0.000000e+00 0.000000e+00 0.000000e+00 0.000000e+00 0.000000e+00 0.000000e+00 0.000000e+00 0.000000e+00 0.000000e+00
<ENDHMM>
