~o
<STREAMINFO> 1 12
<VECSIZE> 12<NULLD><MFCC_Z><DIAGC>
~h "T1375423467"
<BEGINHMM>
<NUMSTATES> 10
<STATE> 2
<MEAN> 12
 -1.130161e+00 7.531163e-01 3.993396e+00 -3.722828e+00 -5.750206e+00 -3.265193e+00 -3.998216e-01 1.037860e+00 -5.162673e+00 2.029631e+00 -1.813639e-01 -3.212194e-01
<VARIANCE> 12
 1.595543e+01 3.979114e+01 1.572671e+01 7.056935e+01 1.684561e+01 3.619344e+01 1.575191e+01 1.683529e+01 4.116961e+01 1.514943e+01 1.138364e+01 2.330700e+01
<GCONST> 5.952993e+01
<STATE> 3
<MEAN> 12
 -3.940378e+00 1.035941e+00 5.878012e+00 -9.904699e+00 -7.341589e+00 -2.336995e-02 -3.590292e-01 1.532714e-01 -2.151311e+00 6.011342e-01 4.879559e-01 -6.104567e-01
<VARIANCE> 12
 1.653395e+01 4.744485e+01 1.808821e+01 4.359685e+01 1.857754e+01 3.615618e+01 1.691585e+01 1.567217e+01 4.165960e+01 1.840782e+01 1.956168e+01 2.453498e+01
<GCONST> 6.029568e+01
<STATE> 4
<MEAN> 12
 -3.719215e+00 3.684122e+00 5.912352e+00 -8.719536e+00 -5.133251e+00 6.530781e-01 -2.018537e+00 -9.658517e-01 1.622078e-01 4.357564e-01 1.636250e+00 -2.864248e-01
<VARIANCE> 12
 2.311946e+01 3.041447e+01 3.114259e+01 6.892132e+01 3.015889e+01 2.383497e+01 1.612411e+01 1.088311e+01 2.210709e+01 2.225095e+01 2.600643e+01 1.863971e+01
<GCONST> 6.040874e+01
<STATE> 5
<MEAN> 12
 -6.657910e-01 4.138864e+00 2.686767e+00 -3.793450e+00 -1.501880e+00 8.499594e-01 -2.637210e+00 -1.389251e+00 1.140931e+00 1.638294e+00 1.710556e+00 -8.209423e-01
<VARIANCE> 12
 3.572990e+01 1.615601e+01 5.311491e+01 8.110260e+01 3.502588e+01 1.862642e+01 1.416333e+01 1.072382e+01 1.324071e+01 2.502589e+01 3.093851e+01 1.736613e+01
<GCONST> 6.037450e+01
<STATE> 6
<MEAN> 12
 2.715307e+00 2.498682e+00 -1.705000e+00 1.401508e+00 2.171504e+00 9.470545e-01 -1.728744e+00 -1.278793e+00 1.729330e+00 1.824574e+00 2.314349e-01 -1.210534e+00
<VARIANCE> 12
 2.813296e+01 2.112157e+01 4.685852e+01 5.775994e+01 2.963356e+01 1.610171e+01 1.538788e+01 1.395306e+01 1.038786e+01 2.678631e+01 3.081818e+01 1.646685e+01
<GCONST> 5.974029e+01
<STATE> 7
<MEAN> 12
 4.179043e+00 -8.531426e-01 -4.906394e+00 5.546240e+00 4.997029e+00 2.036642e-01 5.084001e-01 -7.233347e-01 1.869157e+00 3.798989e-01 -1.195361e+00 -5.299549e-01
<VARIANCE> 12
 1.337980e+01 3.238945e+01 2.153801e+01 3.414881e+01 1.890907e+01 1.349151e+01 2.111160e+01 1.664839e+01 8.185126e+00 2.870588e+01 2.188802e+01 1.452281e+01
<GCONST> 5.735157e+01
<STATE> 8
<MEAN> 12
 3.023301e+00 -4.833233e+00 -6.238859e+00 8.415184e+00 6.057633e+00 -7.157708e-01 3.204239e+00 4.418123e-01 1.219159e+00 -2.080006e+00 -1.546178e+00 8.660433e-01
<VARIANCE> 12
 1.020871e+01 2.787869e+01 7.423409e+00 1.675959e+01 1.237266e+01 1.124423e+01 2.580147e+01 1.746096e+01 7.320760e+00 2.861918e+01 1.305420e+01 1.215217e+01
<GCONST> 5.398639e+01
<STATE> 9
<MEAN> 12
 -4.620876e-01 -6.424375e+00 -5.620292e+00 1.077771e+01 6.500830e+00 1.350563e+00 3.430698e+00 2.724311e+00 1.193158e+00 -4.829207e+00 -1.143255e+00 2.913488e+00
<VARIANCE> 12
 1.309919e+01 1.282715e+01 7.310039e+00 1.508181e+01 1.195866e+01 2.203722e+01 2.361186e+01 1.404166e+01 7.555197e+00 1.802572e+01 1.072913e+01 1.180202e+01
<GCONST> 5.301461e+01
<TRANSP> 10
 0.000000e+00 1.000000e+00 0.000000e+00 0.000000e+00 0.000000e+00 0.000000e+00 0.000000e+00 0.000000e+00 0.000000e+00 0.000000e+00
 0.000000e+00 8.709678e-01 1.290322e-01 0.000000e+00 0.000000e+00 0.000000e+00 0.000000e+00 0.000000e+00 0.000000e+00 0.000000e+00
 0.000000e+00 0.000000e+00 8.709677e-01 1.290323e-01 0.000000e+00 0.000000e+00 0.000000e+00 0.000000e+00 0.000000e+00 0.000000e+00
 0.000000e+00 0.000000e+00 0.000000e+00 8.709677e-01 1.290323e-01 0.000000e+00 0.000000e+00 0.000000e+00 0.000000e+00 0.000000e+00
 0.000000e+00 0.000000e+00 0.000000e+00 0.000000e+00 8.709677e-01 1.290323e-01 0.000000e+00 0.000000e+00 0.000000e+00 0.000000e+00
 0.000000e+00 0.000000e+00 0.000000e+00 0.000000e+00 0.000000e+00 8.709677e-01 1.290323e-01 0.000000e+00 0.000000e+00 0.000000e+00
 0.000000e+00 0.000000e+00 0.000000e+00 0.000000e+00 0.000000e+00 0.000000e+00 8.709677e-01 1.290323e-01 0.000000e+00 0.000000e+00
 0.000000e+00 0.000000e+00 0.000000e+00 0.000000e+00 0.000000e+00 0.000000e+00 0.000000e+00 8.709677e-01 1.290323e-01 0.000000e+00
 0.000000e+00 0.000000e+00 0.000000e+00 0.000000e+00 0.000000e+00 0.000000e+00 0.000000e+00 0.000000e+00 8.709677e-01 1.290323e-01
 0.000000e+00 0.000000e+00 0.000000e+00 0.000000e+00 0.000000e+00 0.000000e+00 0.000000e+00 0.000000e+00 0.000000e+00 0.000000e+00
<ENDHMM>
