~o
<STREAMINFO> 1 12
<VECSIZE> 12<NULLD><MFCC_Z><DIAGC>
~h "s068"
<BEGINHMM>
<NUMSTATES> 7
<STATE> 2
<MEAN> 12
 2.497719e-07 1.135327e-07 -6.811960e-08 -3.178914e-07 -1.589457e-07 1.135327e-07 -5.449568e-07 -3.178914e-07 -7.947286e-08 2.270653e-08 2.270653e-08 -1.362392e-07
<VARIANCE> 12
 4.310323e+01 1.067980e+02 1.455686e+01 2.312505e+01 3.844558e+01 4.042503e+01 5.833689e+01 4.923703e+01 4.608636e+01 1.303695e+01 3.478061e+01 8.885592e+01
<GCONST> 6.605399e+01
<STATE> 3
<MEAN> 12
 2.497719e-07 1.135327e-07 -6.811960e-08 -3.178914e-07 -1.589457e-07 1.135327e-07 -5.449568e-07 -3.178914e-07 -7.947286e-08 2.270653e-08 2.270653e-08 -1.362392e-07
<VARIANCE> 12
 4.310323e+01 1.067980e+02 1.455686e+01 2.312505e+01 3.844558e+01 4.042503e+01 5.833689e+01 4.923703e+01 4.608636e+01 1.303695e+01 3.478061e+01 8.885592e+01
<GCONST> 6.605399e+01
<STATE> 4
<MEAN> 12
 2.497719e-07 1.135327e-07 -6.811960e-08 -3.178914e-07 -1.589457e-07 1.135327e-07 -5.449568e-07 -3.178914e-07 -7.947286e-08 2.270653e-08 2.270653e-08 -1.362392e-07
<VARIANCE> 12
 4.310323e+01 1.067980e+02 1.455686e+01 2.312505e+01 3.844558e+01 4.042503e+01 5.833689e+01 4.923703e+01 4.608636e+01 1.303695e+01 3.478061e+01 8.885592e+01
<GCONST> 6.605399e+01
<STATE> 5
<MEAN> 12
 2.497719e-07 1.135327e-07 -6.811960e-08 -3.178914e-07 -1.589457e-07 1.135327e-07 -5.449568e-07 -3.178914e-07 -7.947286e-08 2.270653e-08 2.270653e-08 -1.362392e-07
<VARIANCE> 12
 4.310323e+01 1.067980e+02 1.455686e+01 2.312505e+01 3.844558e+01 4.042503e+01 5.833689e+01 4.923703e+01 4.608636e+01 1.303695e+01 3.478061e+01 8.885592e+01
<GCONST> 6.605399e+01
<STATE> 6
<MEAN> 12
 2.497719e-07 1.135327e-07 -6.811960e-08 -3.178914e-07 -1.589457e-07 1.135327e-07 -5.449568e-07 -3.178914e-07 -7.947286e-08 2.270653e-08 2.270653e-08 -1.362392e-07
<VARIANCE> 12
 4.310323e+01 1.067980e+02 1.455686e+01 2.312505e+01 3.844558e+01 4.042503e+01 5.833689e+01 4.923703e+01 4.608636e+01 1.303695e+01 3.478061e+01 8.885592e+01
<GCONST> 6.605399e+01
<TRANSP> 7
 0.000000e+00 1.000000e+00 0.000000e+00 0.000000e+00 0.000000e+00 0.000000e+00 0.000000e+00
 0.000000e+00 9.000000e-01 9.999999e-02 0.000000e+00 0.000000e+00 0.000000e+00 0.000000e+00
 0.000000e+00 0.000000e+00 9.000000e-01 9.999999e-02 0.000000e+00 0.000000e+00 0.000000e+00
 0.000000e+00 0.000000e+00 0.000000e+00 9.000000e-01 9.999999e-02 0.000000e+00 0.000000e+00
 0.000000e+00 0.000000e+00 0.000000e+00 0.000000e+00 9.000000e-01 9.999999e-02 0.000000e+00
 0.000000e+00 0.000000e+00 0.000000e+00 0.000000e+00 0.000000e+00 9.000000e-01 9.999999e-02
 0.000000e+00 0.000000e+00 0.000000e+00 0.000000e+00 0.000000e+00 0.000000e+00 0.000000e+00
<ENDHMM>
