~o
<STREAMINFO> 1 12
<VECSIZE> 12<NULLD><MFCC_Z><DIAGC>
~h "s040"
<BEGINHMM>
<NUMSTATES> 9
<STATE> 2
<MEAN> 12
 -4.061946e-07 3.686658e-07 -1.236244e-07 2.825702e-07 -2.649095e-07 -5.033281e-07 3.532127e-07 -1.942670e-07 2.119276e-07 -2.604944e-07 -3.532127e-07 -4.415159e-08
<VARIANCE> 12
 3.623842e+01 5.151188e+01 2.794440e+01 6.408616e+01 2.561623e+01 3.518218e+01 2.635447e+01 2.524187e+01 7.650316e+01 3.258355e+01 3.696707e+01 3.456423e+01
<GCONST> 6.535480e+01
<STATE> 3
<MEAN> 12
 -4.061946e-07 3.686658e-07 -1.236244e-07 2.825702e-07 -2.649095e-07 -5.033281e-07 3.532127e-07 -1.942670e-07 2.119276e-07 -2.604944e-07 -3.532127e-07 -4.415159e-08
<VARIANCE> 12
 3.623842e+01 5.151188e+01 2.794440e+01 6.408616e+01 2.561623e+01 3.518218e+01 2.635447e+01 2.524187e+01 7.650316e+01 3.258355e+01 3.696707e+01 3.456423e+01
<GCONST> 6.535480e+01
<STATE> 4
<MEAN> 12
 -4.061946e-07 3.686658e-07 -1.236244e-07 2.825702e-07 -2.649095e-07 -5.033281e-07 3.532127e-07 -1.942670e-07 2.119276e-07 -2.604944e-07 -3.532127e-07 -4.415159e-08
<VARIANCE> 12
 3.623842e+01 5.151188e+01 2.794440e+01 6.408616e+01 2.561623e+01 3.518218e+01 2.635447e+01 2.524187e+01 7.650316e+01 3.258355e+01 3.696707e+01 3.456423e+01
<GCONST> 6.535480e+01
<STATE> 5
<MEAN> 12
 -4.061946e-07 3.686658e-07 -1.236244e-07 2.825702e-07 -2.649095e-07 -5.033281e-07 3.532127e-07 -1.942670e-07 2.119276e-07 -2.604944e-07 -3.532127e-07 -4.415159e-08
<VARIANCE> 12
 3.623842e+01 5.151188e+01 2.794440e+01 6.408616e+01 2.561623e+01 3.518218e+01 2.635447e+01 2.524187e+01 7.650316e+01 3.258355e+01 3.696707e+01 3.456423e+01
<GCONST> 6.535480e+01
<STATE> 6
<MEAN> 12
 -4.061946e-07 3.686658e-07 -1.236244e-07 2.825702e-07 -2.649095e-07 -5.033281e-07 3.532127e-07 -1.942670e-07 2.119276e-07 -2.604944e-07 -3.532127e-07 -4.415159e-08
<VARIANCE> 12
 3.623842e+01 5.151188e+01 2.794440e+01 6.408616e+01 2.561623e+01 3.518218e+01 2.635447e+01 2.524187e+01 7.650316e+01 3.258355e+01 3.696707e+01 3.456423e+01
<GCONST> 6.535480e+01
<STATE> 7
<MEAN> 12
 -4.061946e-07 3.686658e-07 -1.236244e-07 2.825702e-07 -2.649095e-07 -5.033281e-07 3.532127e-07 -1.942670e-07 2.119276e-07 -2.604944e-07 -3.532127e-07 -4.415159e-08
<VARIANCE> 12
 3.623842e+01 5.151188e+01 2.794440e+01 6.408616e+01 2.561623e+01 3.518218e+01 2.635447e+01 2.524187e+01 7.650316e+01 3.258355e+01 3.696707e+01 3.456423e+01
<GCONST> 6.535480e+01
<STATE> 8
<MEAN> 12
 -4.061946e-07 3.686658e-07 -1.236244e-07 2.825702e-07 -2.649095e-07 -5.033281e-07 3.532127e-07 -1.942670e-07 2.119276e-07 -2.604944e-07 -3.532127e-07 -4.415159e-08
<VARIANCE> 12
 3.623842e+01 5.151188e+01 2.794440e+01 6.408616e+01 2.561623e+01 3.518218e+01 2.635447e+01 2.524187e+01 7.650316e+01 3.258355e+01 3.696707e+01 3.456423e+01
<GCONST> 6.535480e+01
<TRANSP> 9
 0.000000e+00 1.000000e+00 0.000000e+00 0.000000e+00 0.000000e+00 0.000000e+00 0.000000e+00 0.000000e+00 0.000000e+00
 0.000000e+00 9.000000e-01 9.999999e-02 0.000000e+00 0.000000e+00 0.000000e+00 0.000000e+00 0.000000e+00 0.000000e+00
 0.000000e+00 0.000000e+00 9.000000e-01 9.999999e-02 0.000000e+00 0.000000e+00 0.000000e+00 0.000000e+00 0.000000e+00
 0.000000e+00 0.000000e+00 0.000000e+00 9.000000e-01 9.999999e-02 0.000000e+00 0.000000e+00 0.000000e+00 0.000000e+00
 0.000000e+00 0.000000e+00 0.000000e+00 0.000000e+00 9.000000e-01 9.999999e-02 0.000000e+00 0.000000e+00 0.000000e+00
 0.000000e+00 0.000000e+00 0.000000e+00 0.000000e+00 0.000000e+00 9.000000e-01 9.999999e-02 0.000000e+00 0.000000e+00
 0.000000e+00 0.000000e+00 0.000000e+00 0.000000e+00 0.000000e+00 0.000000e+00 9.000000e-01 9.999999e-02 0.000000e+00
 0.000000e+00 0.000000e+00 0.000000e+00 0.000000e+00 0.000000e+00 0.000000e+00 0.000000e+00 9.000000e-01 9.999999e-02
 0.000000e+00 0.000000e+00 0.000000e+00 0.000000e+00 0.000000e+00 0.000000e+00 0.000000e+00 0.000000e+00 0.000000e+00
<ENDHMM>
