~o
<STREAMINFO> 1 12
<VECSIZE> 12<NULLD><MFCC_Z><DIAGC>
~h "s094"
<BEGINHMM>
<NUMSTATES> 7
<STATE> 2
<MEAN> 12
 -8.030546e+00 8.821565e-01 8.289913e+00 2.349855e+00 5.702002e+00 5.818200e+00 3.423638e+00 7.216058e+00 1.931364e+00 -4.513412e+00 -3.601876e+00 -3.421325e-01
<VARIANCE> 12
 2.001522e+01 2.158550e+01 8.274662e+00 8.719159e+00 1.385933e+01 6.289782e+01 2.713544e+01 4.032014e+01 1.158556e+01 1.033889e+01 5.332443e+01 2.180391e+01
<GCONST> 5.801408e+01
<STATE> 3
<MEAN> 12
 -1.971551e+00 -1.871437e+00 -3.323347e+00 -3.254681e+00 -9.310949e-01 -6.255675e+00 4.296161e-01 1.904174e+00 -5.187896e+00 1.835915e+00 2.960483e+00 -1.544137e+00
<VARIANCE> 12
 8.244805e+00 1.067548e+01 1.388192e+01 8.719159e+00 2.380816e+01 1.369450e+01 3.528160e+00 5.059389e+00 1.315374e+01 5.044639e+00 8.070907e+00 6.781241e+00
<GCONST> 4.819467e+01
<STATE> 4
<MEAN> 12
 4.544918e+00 6.521312e+00 -3.736356e+00 -9.139681e+00 -8.878290e+00 3.199253e+00 -2.838778e+00 -6.062322e-01 -2.374140e+00 -2.706500e+00 -6.386980e-01 2.918837e+00
<VARIANCE> 12
 1.599267e+01 1.829400e+01 3.419357e+01 2.777576e+01 7.279462e+00 1.423633e+01 1.713947e+01 1.554953e+01 2.856301e+01 1.903181e+01 2.572668e+01 4.260043e+01
<GCONST> 5.811332e+01
<STATE> 5
<MEAN> 12
 -1.550347e+00 -6.327245e+00 -8.036618e-01 2.940336e+00 3.651814e+00 -5.209467e+00 -1.707633e+00 -2.916668e-01 -2.978427e+00 -6.720433e-01 2.469312e+00 2.049748e+00
<VARIANCE> 12
 6.224625e+00 9.771762e+00 4.930244e+00 8.719159e+00 1.318249e+01 1.687245e+01 5.807432e+00 8.583214e+00 1.527621e+01 3.624937e+01 1.541001e+01 1.941716e+01
<GCONST> 5.125486e+01
<STATE> 6
<MEAN> 12
 2.507222e+00 -3.227467e+00 3.248198e-01 8.088489e+00 3.990633e+00 -1.521047e+00 1.324718e+00 -5.097948e+00 5.311662e+00 5.382943e+00 3.773813e-01 -3.146341e+00
<VARIANCE> 12
 4.685294e+00 9.854790e+00 5.679044e+00 1.538698e+01 2.003915e+01 3.391669e+01 1.077324e+01 1.321908e+01 1.227400e+01 2.536687e+01 1.133667e+01 7.025978e+00
<GCONST> 5.195612e+01
<TRANSP> 7
 0.000000e+00 1.000000e+00 0.000000e+00 0.000000e+00 0.000000e+00 0.000000e+00 0.000000e+00
 0.000000e+00 8.807525e-01 1.192474e-01 0.000000e+00 0.000000e+00 0.000000e+00 0.000000e+00
 0.000000e+00 0.000000e+00 8.353840e-01 1.646161e-01 0.000000e+00 0.000000e+00 0.000000e+00
 0.000000e+00 0.000000e+00 0.000000e+00 9.224062e-01 7.759382e-02 0.000000e+00 0.000000e+00
 0.000000e+00 0.000000e+00 0.000000e+00 0.000000e+00 8.440416e-01 1.559584e-01 0.000000e+00
 0.000000e+00 0.000000e+00 0.000000e+00 0.000000e+00 0.000000e+00 9.182990e-01 8.170104e-02
 0.000000e+00 0.000000e+00 0.000000e+00 0.000000e+00 0.000000e+00 0.000000e+00 0.000000e+00
<ENDHMM>
