~o
<STREAMINFO> 1 12
<VECSIZE> 12<NULLD><MFCC_Z><DIAGC>
~h "s000"
<BEGINHMM>
<NUMSTATES> 15
<STATE> 2
<MEAN> 12
 -6.502714e-01 9.699465e+00 6.800986e+00 -8.587206e+00 -1.181218e+01 -3.593341e+00 -8.560769e+00 1.218492e+00 1.792311e-01 1.023225e+01 -1.039143e+01 -1.139439e-01
<VARIANCE> 12
 7.357876e+00 1.958939e+01 2.356003e+01 2.158494e+01 1.010917e+01 9.766150e+00 1.531375e+01 1.193261e+01 2.908047e+01 2.849722e+01 3.378108e+01 5.844871e+00
<GCONST> 5.506256e+01
<STATE> 3
<MEAN> 12
 -2.687854e+00 1.692104e+01 -3.897967e+00 -4.256452e+00 -8.039425e+00 -2.607262e+00 -1.162127e+01 2.950092e+00 -1.236304e+00 5.955545e+00 5.295543e+00 -6.268306e+00
<VARIANCE> 12
 3.101415e+00 1.958939e+01 6.080553e+00 1.563292e+01 9.669036e+00 1.333309e+01 1.653689e+01 1.343503e+01 2.646610e+01 1.349797e+01 2.749990e+01 2.125548e+01
<GCONST> 5.322768e+01
<STATE> 4
<MEAN> 12
 1.142944e+00 1.556768e+01 -4.399192e+00 2.620651e+00 -1.475256e+00 1.656092e+00 -1.454969e+01 -4.285791e+00 1.448106e-01 4.076263e+00 6.087169e+00 -4.497608e+00
<VARIANCE> 12
 3.101415e+00 1.958939e+01 1.040699e+01 7.738197e+00 2.389796e+01 9.766150e+00 3.058799e+01 1.097476e+01 9.658916e+00 9.894760e+00 7.051918e+00 7.006500e+00
<GCONST> 5.027896e+01
<STATE> 5
<MEAN> 12
 6.504223e-01 8.791267e+00 3.331960e+00 4.362462e+00 5.825319e+00 2.478087e+00 -5.525979e+00 -4.372279e+00 5.437789e+00 2.210519e+00 4.846663e+00 8.050597e-01
<VARIANCE> 12
 1.227062e+01 1.958939e+01 7.665306e+00 1.588634e+01 1.415445e+01 4.591191e+01 2.764125e+01 1.484573e+01 7.323980e+00 1.123560e+01 1.713218e+01 1.068635e+01
<GCONST> 5.445283e+01
<STATE> 6
<MEAN> 12
 -3.694076e+00 5.107603e+00 1.052738e+00 -7.282390e+00 -4.214276e+00 -1.439894e+00 -1.652890e+00 4.331809e+00 7.088068e-01 -4.271467e+00 -6.290753e+00 7.861533e+00
<VARIANCE> 12
 3.101415e+00 1.958939e+01 6.080553e+00 7.738197e+00 9.669036e+00 3.328580e+01 1.907748e+01 1.592144e+01 1.424871e+01 9.894760e+00 5.613409e+01 5.844871e+00
<GCONST> 5.224485e+01
<STATE> 7
<MEAN> 12
 -1.299797e+00 -9.386445e+00 -4.555237e+00 2.425774e+00 3.666000e+00 -1.981223e+00 4.534434e+00 7.688158e-01 -1.102816e+01 -2.213594e+00 -5.086170e+00 5.626545e+00
<VARIANCE> 12
 3.101415e+00 1.958939e+01 6.080553e+00 8.373826e+00 9.669036e+00 2.784149e+01 1.531375e+01 1.097476e+01 1.990152e+01 1.804909e+01 7.051918e+00 9.555572e+00
<GCONST> 5.090570e+01
<STATE> 8
<MEAN> 12
 5.455362e+00 -1.778185e+00 -5.859146e+00 2.131553e-01 7.884492e+00 -3.310066e+00 5.525812e+00 -6.940291e+00 5.633975e+00 -8.272826e+00 7.684006e-01 3.688814e+00
<VARIANCE> 12
 5.300638e+00 1.958939e+01 1.267495e+01 7.913422e+00 9.669036e+00 1.088252e+01 1.531375e+01 3.359533e+01 1.123749e+01 3.401390e+01 1.589000e+01 1.369321e+01
<GCONST> 5.353336e+01
<STATE> 9
<MEAN> 12
 9.561940e-01 -9.493267e+00 5.337863e+00 9.205825e+00 3.005026e+00 1.244093e+00 4.581317e+00 5.776837e+00 -1.622232e+00 5.691656e+00 3.671310e+00 5.817626e+00
<VARIANCE> 12
 6.881909e+00 1.958939e+01 1.268445e+01 2.399305e+01 3.222636e+01 9.766150e+00 1.531375e+01 1.223095e+01 6.705409e+00 9.894760e+00 1.091417e+01 1.368137e+01
<GCONST> 5.286200e+01
<STATE> 10
<MEAN> 12
 -2.082942e+00 -7.215623e+00 6.533841e-01 7.440707e+00 7.892297e-01 -4.698394e+00 8.954272e+00 1.041974e+01 -3.312472e+00 -1.663870e+00 -7.924464e-01 -3.768683e+00
<VARIANCE> 12
 2.509404e+01 1.958939e+01 2.227641e+01 1.097430e+01 9.808797e+00 6.293969e+01 3.099980e+01 2.398961e+01 9.347888e+00 5.971110e+01 2.221955e+01 2.000253e+01
<GCONST> 5.920978e+01
<STATE> 11
<MEAN> 12
 5.485847e-02 -5.512997e+00 -6.003551e+00 -1.777701e+00 -4.269468e-01 -1.014070e+01 8.924156e+00 8.690377e+00 -5.290475e+00 -3.569763e+00 -1.812247e+00 -8.830463e-01
<VARIANCE> 12
 3.770745e+00 1.958939e+01 6.080553e+00 1.474525e+01 9.904004e+00 1.915288e+01 1.531375e+01 1.097476e+01 6.705409e+00 2.412247e+01 1.233410e+01 1.129072e+01
<GCONST> 5.124495e+01
<STATE> 12
<MEAN> 12
 1.577112e+00 -3.251954e+00 6.516633e+00 -5.321161e+00 -4.606397e+00 6.215019e+00 3.504910e+00 2.875308e-01 -1.336323e+00 -4.638254e+00 -7.069328e-01 -3.090032e-01
<VARIANCE> 12
 1.019355e+01 1.958939e+01 2.419584e+01 1.467035e+01 9.669036e+00 9.766150e+00 7.228571e+01 2.713767e+01 3.132949e+01 3.181492e+01 7.051918e+00 6.406449e+00
<GCONST> 5.606778e+01
<STATE> 13
<MEAN> 12
 -2.901294e+00 -7.159169e+00 3.090112e+00 -5.938704e+00 -6.736610e+00 1.129102e+01 -5.381758e+00 -1.183231e+00 -7.473657e-01 -7.133438e-02 -1.706675e+00 -5.888739e+00
<VARIANCE> 12
 3.101415e+00 1.958939e+01 7.126300e+00 1.223819e+01 1.730118e+01 9.766150e+00 1.531375e+01 1.408957e+01 1.764015e+01 9.894760e+00 7.051918e+00 1.005699e+01
<GCONST> 5.055736e+01
<STATE> 14
<MEAN> 12
 -2.121258e-01 -1.223191e+01 1.053762e+00 2.468938e+00 5.719406e+00 5.551191e+00 4.529997e+00 -8.921227e+00 2.079001e+00 3.036907e+00 -7.935841e-02 3.179779e+00
<VARIANCE> 12
 1.277059e+01 1.958939e+01 6.080553e+00 7.738197e+00 9.669036e+00 1.401641e+01 2.922906e+01 2.211104e+01 1.559725e+01 1.141586e+01 1.037792e+01 5.844871e+00
<GCONST> 5.209566e+01
<TRANSP> 15
 0.000000e+00 1.000000e+00 0.000000e+00 0.000000e+00 0.000000e+00 0.000000e+00 0.000000e+00 0.000000e+00 0.000000e+00 0.000000e+00 0.000000e+00 0.000000e+00 0.000000e+00 0.000000e+00 0.000000e+00
 0.000000e+00 8.319589e-01 1.680411e-01 0.000000e+00 0.000000e+00 0.000000e+00 0.000000e+00 0.000000e+00 0.000000e+00 0.000000e+00 0.000000e+00 0.000000e+00 0.000000e+00 0.000000e+00 0.000000e+00
 0.000000e+00 0.000000e+00 8.979986e-01 1.020014e-01 0.000000e+00 0.000000e+00 0.000000e+00 0.000000e+00 0.000000e+00 0.000000e+00 0.000000e+00 0.000000e+00 0.000000e+00 0.000000e+00 0.000000e+00
 0.000000e+00 0.000000e+00 0.000000e+00 7.408638e-01 2.591362e-01 0.000000e+00 0.000000e+00 0.000000e+00 0.000000e+00 0.000000e+00 0.000000e+00 0.000000e+00 0.000000e+00 0.000000e+00 0.000000e+00
 0.000000e+00 0.000000e+00 0.000000e+00 0.000000e+00 9.037892e-01 9.621075e-02 0.000000e+00 0.000000e+00 0.000000e+00 0.000000e+00 0.000000e+00 0.000000e+00 0.000000e+00 0.000000e+00 0.000000e+00
 0.000000e+00 0.000000e+00 0.000000e+00 0.000000e+00 0.000000e+00 7.581951e-01 2.418049e-01 0.000000e+00 0.000000e+00 0.000000e+00 0.000000e+00 0.000000e+00 0.000000e+00 0.000000e+00 0.000000e+00
 0.000000e+00 0.000000e+00 0.000000e+00 0.000000e+00 0.000000e+00 0.000000e+00 8.072527e-01 1.927472e-01 0.000000e+00 0.000000e+00 0.000000e+00 0.000000e+00 0.000000e+00 0.000000e+00 0.000000e+00
 0.000000e+00 0.000000e+00 0.000000e+00 0.000000e+00 0.000000e+00 0.000000e+00 0.000000e+00 9.228054e-01 7.719457e-02 0.000000e+00 0.000000e+00 0.000000e+00 0.000000e+00 0.000000e+00 0.000000e+00
 0.000000e+00 0.000000e+00 0.000000e+00 0.000000e+00 0.000000e+00 0.000000e+00 0.000000e+00 0.000000e+00 7.285636e-01 2.714364e-01 0.000000e+00 0.000000e+00 0.000000e+00 0.000000e+00 0.000000e+00
 0.000000e+00 0.000000e+00 0.000000e+00 0.000000e+00 0.000000e+00 0.000000e+00 0.000000e+00 0.000000e+00 0.000000e+00 9.105833e-01 8.941673e-02 0.000000e+00 0.000000e+00 0.000000e+00 0.000000e+00
 0.000000e+00 0.000000e+00 0.000000e+00 0.000000e+00 0.000000e+00 0.000000e+00 0.000000e+00 0.000000e+00 0.000000e+00 0.000000e+00 7.942454e-01 2.057545e-01 0.000000e+00 0.000000e+00 0.000000e+00
 0.000000e+00 0.000000e+00 0.000000e+00 0.000000e+00 0.000000e+00 0.000000e+00 0.000000e+00 0.000000e+00 0.000000e+00 0.000000e+00 0.000000e+00 8.617076e-01 1.382924e-01 0.000000e+00 0.000000e+00
 0.000000e+00 0.000000e+00 0.000000e+00 0.000000e+00 0.000000e+00 0.000000e+00 0.000000e+00 0.000000e+00 0.000000e+00 0.000000e+00 0.000000e+00 0.000000e+00 8.518888e-01 1.481112e-01 0.000000e+00
 0.000000e+00 0.000000e+00 0.000000e+00 0.000000e+00 0.000000e+00 0.000000e+00 0.000000e+00 0.000000e+00 0.000000e+00 0.000000e+00 0.000000e+00 0.000000e+00 0.000000e+00 8.889369e-01 1.110631e-01
 0.000000e+00 0.000000e+00 0.000000e+00 0.000000e+00 0.000000e+00 0.000000e+00 0.000000e+00 0.000000e+00 0.000000e+00 0.000000e+00 0.000000e+00 0.000000e+00 0.000000e+00 0.000000e+00 0.000000e+00
<ENDHMM>
