~o
<STREAMINFO> 1 12
<VECSIZE> 12<NULLD><MFCC_Z><DIAGC>
~h "s037"
<BEGINHMM>
<NUMSTATES> 5
<STATE> 2
<MEAN> 12
 -1.316292e+00 -4.569679e+00 -1.088330e+01 6.412229e+00 9.846194e+00 -6.072085e+00 -5.618743e+00 5.829494e+00 -5.806679e+00 -3.057294e+00 -4.837331e+00 3.707300e+00
<VARIANCE> 12
 1.653097e+01 1.582028e+01 2.013925e+01 9.623534e+00 1.528699e+01 8.554686e+00 1.700317e+01 2.899494e+01 4.909527e+01 3.551392e+01 1.806450e+01 2.742344e+01
<GCONST> 5.763097e+01
<STATE> 3
<MEAN> 12
 3.545973e-01 4.761266e-01 8.821363e-01 -3.147404e+00 -1.759188e+00 4.829209e-01 2.620461e-02 -5.906577e+00 -6.246453e-02 9.029729e-02 3.875933e+00 -5.513356e+00
<VARIANCE> 12
 1.203669e+01 2.419921e+01 2.096886e+01 7.638956e+00 1.993144e+01 1.501180e+01 2.801562e+01 1.746893e+01 2.287552e+01 1.153652e+02 1.926798e+01 7.083183e+00
<GCONST> 5.749376e+01
<STATE> 4
<MEAN> 12
 4.947850e-01 2.682741e+00 6.711200e+00 -5.949252e-01 -4.843003e+00 3.756172e+00 4.013520e+00 3.352118e+00 4.262252e+00 2.086621e+00 -1.470764e+00 4.377981e+00
<VARIANCE> 12
 2.014886e+00 4.382268e+00 1.159451e+01 6.527516e+00 1.897024e+01 9.913117e+00 6.181149e+01 8.749416e+00 2.999337e+01 1.603806e+01 2.069265e+01 1.024337e+01
<GCONST> 5.162136e+01
<TRANSP> 5
 0.000000e+00 1.000000e+00 0.000000e+00 0.000000e+00 0.000000e+00
 0.000000e+00 8.738414e-01 1.261586e-01 0.000000e+00 0.000000e+00
 0.000000e+00 0.000000e+00 9.289196e-01 7.108044e-02 0.000000e+00
 0.000000e+00 0.000000e+00 0.000000e+00 9.091314e-01 9.086859e-02
 0.000000e+00 0.000000e+00 0.000000e+00 0.000000e+00 0.000000e+00
<ENDHMM>
