~o
<STREAMINFO> 1 12
<VECSIZE> 12<NULLD><MFCC_Z><DIAGC>
~h "s078"
<BEGINHMM>
<NUMSTATES> 9
<STATE> 2
<MEAN> 12
 -6.615713e+00 1.800162e+01 4.692521e+00 -1.188104e+01 -9.405499e+00 3.029287e-01 -1.190387e+01 1.197430e+01 -5.529072e-01 -1.127308e+00 3.250508e+00 -9.966701e+00
<VARIANCE> 12
 3.326533e+00 1.884970e+01 4.711151e+00 1.658422e+01 4.811016e+01 1.038104e+01 1.198888e+01 3.347886e+01 3.108453e+01 7.496861e+01 9.121867e+00 2.245887e+01
<GCONST> 5.583585e+01
<STATE> 3
<MEAN> 12
 1.646128e+00 7.974667e+00 3.605193e-01 -1.207563e+01 1.789831e+00 -6.802886e+00 -6.228341e+00 -1.310127e+00 3.463077e+00 1.320904e+01 -1.608551e+00 -7.653039e+00
<VARIANCE> 12
 4.759010e+00 2.997776e+01 1.248393e+01 3.022552e+01 9.075916e+00 5.099496e+00 9.943945e+00 9.666908e+01 6.528844e+01 1.884279e+01 1.134467e+01 1.113699e+01
<GCONST> 5.560514e+01
<STATE> 4
<MEAN> 12
 3.141147e+00 5.612878e+00 2.882132e+00 -4.013145e+00 -1.707347e+00 -4.312571e+00 -9.978367e-01 -7.340509e+00 5.870845e+00 7.667578e+00 2.143879e-01 -6.031306e+00
<VARIANCE> 12
 5.195711e+00 1.884970e+01 3.340436e+01 1.497048e+01 2.532846e+01 2.309182e+01 2.159932e+01 2.658592e+01 3.469419e+01 2.788441e+01 8.165993e+00 1.113699e+01
<GCONST> 5.696296e+01
<STATE> 5
<MEAN> 12
 -4.320647e+00 -6.302444e+00 1.226393e+00 1.084094e+00 -1.057818e+01 5.097461e+00 8.943166e+00 -5.405975e+00 -3.832260e+00 4.073070e+00 -2.287065e-01 -6.776000e+00
<VARIANCE> 12
 3.394169e+00 1.884970e+01 1.339606e+01 2.008310e+01 2.749320e+01 6.169002e+00 1.377428e+01 1.763244e+01 1.257056e+01 1.290722e+01 2.291029e+01 1.200787e+01
<GCONST> 5.314024e+01
<STATE> 6
<MEAN> 12
 -4.224913e+00 -1.464418e+01 -4.349159e+00 9.213243e+00 7.501281e+00 -4.402925e-01 4.859168e+00 2.337276e+00 -1.073375e+01 -4.055394e+00 5.393940e+00 8.122197e+00
<VARIANCE> 12
 3.230385e+00 1.884970e+01 5.138420e+00 1.497048e+01 3.458986e+01 1.000995e+01 8.055885e+00 9.715535e+00 1.836889e+01 1.717150e+01 8.841676e+00 1.325428e+01
<GCONST> 5.123143e+01
<STATE> 7
<MEAN> 12
 3.714349e+00 -8.459612e+00 -4.049870e+00 4.601796e+00 -5.466581e-01 8.118540e-01 2.910560e+00 -1.337713e+00 3.711283e+00 -9.930668e+00 -5.145000e+00 1.016890e+01
<VARIANCE> 12
 6.694373e+00 1.884970e+01 1.382234e+01 1.497048e+01 8.045368e+00 5.040788e+00 9.149811e+00 2.346775e+01 1.696301e+01 1.290722e+01 2.755084e+01 1.113699e+01
<GCONST> 5.241180e+01
<STATE> 8
<MEAN> 12
 4.064313e+00 -1.981001e+00 1.486479e+00 1.093152e+01 3.765620e+00 7.731816e+00 6.206805e+00 -2.747557e+00 1.720465e+00 -5.898073e+00 -1.990610e+00 4.923919e+00
<VARIANCE> 12
 4.006298e+00 1.884970e+01 1.367930e+01 1.497048e+01 8.045368e+00 2.303623e+01 8.055885e+00 1.391519e+01 1.188085e+01 1.290722e+01 2.881389e+01 1.113699e+01
<GCONST> 5.244625e+01
<TRANSP> 9
 0.000000e+00 1.000000e+00 0.000000e+00 0.000000e+00 0.000000e+00 0.000000e+00 0.000000e+00 0.000000e+00 0.000000e+00
 0.000000e+00 8.704015e-01 1.295985e-01 0.000000e+00 0.000000e+00 0.000000e+00 0.000000e+00 0.000000e+00 0.000000e+00
 0.000000e+00 0.000000e+00 8.918871e-01 1.081129e-01 0.000000e+00 0.000000e+00 0.000000e+00 0.000000e+00 0.000000e+00
 0.000000e+00 0.000000e+00 0.000000e+00 8.498409e-01 1.501591e-01 0.000000e+00 0.000000e+00 0.000000e+00 0.000000e+00
 0.000000e+00 0.000000e+00 0.000000e+00 0.000000e+00 6.851303e-01 3.148697e-01 0.000000e+00 0.000000e+00 0.000000e+00
 0.000000e+00 0.000000e+00 0.000000e+00 0.000000e+00 0.000000e+00 8.949624e-01 1.050376e-01 0.000000e+00 0.000000e+00
 0.000000e+00 0.000000e+00 0.000000e+00 0.000000e+00 0.000000e+00 0.000000e+00 8.834561e-01 1.165439e-01 0.000000e+00
 0.000000e+00 0.000000e+00 0.000000e+00 0.000000e+00 0.000000e+00 0.000000e+00 0.000000e+00 8.900844e-01 1.099155e-01
 0.000000e+00 0.000000e+00 0.000000e+00 0.000000e+00 0.000000e+00 0.000000e+00 0.000000e+00 0.000000e+00 0.000000e+00
<ENDHMM>
