~o
<STREAMINFO> 1 12
<VECSIZE> 12<NULLD><MFCC_Z><DIAGC>
~h "s031"
<BEGINHMM>
<NUMSTATES> 10
<STATE> 2
<MEAN> 12
 -7.854224e-01 -1.686703e+00 2.394762e+00 -7.350585e+00 -6.064852e+00 2.247024e+00 3.747490e+00 -1.198599e+00 -2.261240e+00 -1.297523e+00 -6.444386e-01 -2.659252e+00
<VARIANCE> 12
 7.817281e+00 3.099745e+01 1.979724e+01 2.104074e+01 2.445608e+01 2.878646e+01 7.788065e+00 5.038294e+01 2.192827e+01 2.364766e+01 2.363384e+01 8.087317e+01
<GCONST> 5.991241e+01
<STATE> 3
<MEAN> 12
 3.800460e-01 3.961657e+00 4.616356e-01 -5.887304e+00 -3.271152e+00 9.250230e-01 1.808178e+00 -1.652112e+00 -7.428573e-01 1.115906e+00 3.166508e-04 3.904225e+00
<VARIANCE> 12
 1.361600e+01 3.526114e+01 1.105743e+01 3.669090e+01 1.661214e+01 3.924858e+01 9.912827e+00 4.445794e+01 2.474177e+01 4.890749e+01 3.374324e+01 5.014862e+01
<GCONST> 6.133480e+01
<STATE> 4
<MEAN> 12
 -1.385056e-01 6.856301e+00 9.489586e-01 -3.023698e+00 -3.951228e+00 1.186880e+00 8.063089e-01 -4.336681e-01 1.232594e-01 8.318520e-01 1.598370e+00 2.893420e+00
<VARIANCE> 12
 1.807553e+01 2.134480e+01 1.516720e+01 6.018582e+01 2.343901e+01 6.198458e+01 1.146605e+01 3.897974e+01 2.323594e+01 7.660255e+01 4.538123e+01 4.759830e+01
<GCONST> 6.337241e+01
<STATE> 5
<MEAN> 12
 -5.127207e-01 6.291369e+00 1.553283e-01 9.689044e-01 -5.104241e+00 7.909402e-01 6.992022e-02 1.624740e+00 1.402413e+00 -1.652907e+00 2.158786e+00 -9.253236e-01
<VARIANCE> 12
 1.835221e+01 2.164587e+01 2.034964e+01 4.955091e+01 2.944729e+01 7.574286e+01 1.390369e+01 3.348822e+01 2.274956e+01 8.226803e+01 5.265038e+01 4.571173e+01
<GCONST> 6.412901e+01
<STATE> 6
<MEAN> 12
 2.069204e-01 3.622453e+00 -1.692078e+00 3.032593e+00 -3.813417e+00 1.189587e+00 -8.863613e-01 1.796220e+00 2.568829e+00 -2.703383e+00 8.393354e-01 -3.560938e+00
<VARIANCE> 12
 1.709316e+01 3.503935e+01 2.038665e+01 2.467389e+01 4.860790e+01 7.762486e+01 1.912611e+01 3.551009e+01 1.958904e+01 6.512296e+01 5.323917e+01 3.626584e+01
<GCONST> 6.414376e+01
<STATE> 7
<MEAN> 12
 6.712546e-01 -7.468346e-01 -2.824024e+00 3.214513e+00 9.561685e-01 9.225641e-01 -2.103364e+00 1.593333e-01 2.142524e+00 -1.384755e+00 -1.339076e+00 -3.224404e+00
<VARIANCE> 12
 1.474039e+01 6.474001e+01 1.668044e+01 1.408579e+01 7.686276e+01 7.748492e+01 2.496723e+01 3.942904e+01 2.035519e+01 4.910463e+01 4.638489e+01 4.468787e+01
<GCONST> 6.450304e+01
<STATE> 8
<MEAN> 12
 1.102986e-01 -6.904959e+00 -1.745801e+00 3.537693e+00 7.700864e+00 -2.317271e+00 -2.413536e+00 -9.473447e-01 -2.678812e-01 8.739609e-01 -1.630442e+00 1.769603e-01
<VARIANCE> 12
 1.108171e+01 7.424020e+01 1.979190e+01 1.178597e+01 7.036544e+01 6.747687e+01 2.467179e+01 2.828904e+01 2.286154e+01 3.307787e+01 3.610965e+01 5.367819e+01
<GCONST> 6.343082e+01
<STATE> 9
<MEAN> 12
 6.803069e-02 -1.139336e+01 2.301339e+00 5.507976e+00 1.354782e+01 -4.944722e+00 -1.028574e+00 6.516017e-01 -2.965075e+00 4.216881e+00 -9.827501e-01 3.395206e+00
<VARIANCE> 12
 5.178270e+00 2.877684e+01 2.147141e+01 1.577997e+01 3.069454e+01 2.686469e+01 1.456335e+01 1.482444e+01 1.582191e+01 2.166096e+01 1.996121e+01 2.503963e+01
<GCONST> 5.702487e+01
<TRANSP> 10
 0.000000e+00 1.000000e+00 0.000000e+00 0.000000e+00 0.000000e+00 0.000000e+00 0.000000e+00 0.000000e+00 0.000000e+00 0.000000e+00
 0.000000e+00 8.666667e-01 1.333333e-01 0.000000e+00 0.000000e+00 0.000000e+00 0.000000e+00 0.000000e+00 0.000000e+00 0.000000e+00
 0.000000e+00 0.000000e+00 8.666667e-01 1.333333e-01 0.000000e+00 0.000000e+00 0.000000e+00 0.000000e+00 0.000000e+00 0.000000e+00
 0.000000e+00 0.000000e+00 0.000000e+00 8.666667e-01 1.333333e-01 0.000000e+00 0.000000e+00 0.000000e+00 0.000000e+00 0.000000e+00
 0.000000e+00 0.000000e+00 0.000000e+00 0.000000e+00 8.666667e-01 1.333333e-01 0.000000e+00 0.000000e+00 0.000000e+00 0.000000e+00
 0.000000e+00 0.000000e+00 0.000000e+00 0.000000e+00 0.000000e+00 8.666666e-01 1.333334e-01 0.000000e+00 0.000000e+00 0.000000e+00
 0.000000e+00 0.000000e+00 0.000000e+00 0.000000e+00 0.000000e+00 0.000000e+00 8.666667e-01 1.333333e-01 0.000000e+00 0.000000e+00
 0.000000e+00 0.000000e+00 0.000000e+00 0.000000e+00 0.000000e+00 0.000000e+00 0.000000e+00 8.666667e-01 1.333333e-01 0.000000e+00
 0.000000e+00 0.000000e+00 0.000000e+00 0.000000e+00 0.000000e+00 0.000000e+00 0.000000e+00 0.000000e+00 8.666667e-01 1.333333e-01
 0.000000e+00 0.000000e+00 0.000000e+00 0.000000e+00 0.000000e+00 0.000000e+00 0.000000e+00 0.000000e+00 0.000000e+00 0.000000e+00
<ENDHMM>
