~o
<STREAMINFO> 1 12
<VECSIZE> 12<NULLD><MFCC_Z><DIAGC>
~h "s004"
<BEGINHMM>
<NUMSTATES> 7
<STATE> 2
<MEAN> 12
 -1.451243e-07 6.634256e-07 -3.939089e-07 6.219615e-08 2.073205e-08 -6.841577e-07 -2.125035e-07 3.939089e-07 1.347583e-07 -1.243923e-07 5.183013e-09 6.478766e-08
<VARIANCE> 12
 2.500292e+01 6.414320e+01 4.603342e+01 5.237093e+01 3.663696e+01 7.655145e+01 4.686668e+01 2.178444e+01 3.498742e+01 4.505508e+01 2.413536e+01 2.538845e+01
<GCONST> 6.587072e+01
<STATE> 3
<MEAN> 12
 -1.451243e-07 6.634256e-07 -3.939089e-07 6.219615e-08 2.073205e-08 -6.841577e-07 -2.125035e-07 3.939089e-07 1.347583e-07 -1.243923e-07 5.183013e-09 6.478766e-08
<VARIANCE> 12
 2.500292e+01 6.414320e+01 4.603342e+01 5.237093e+01 3.663696e+01 7.655145e+01 4.686668e+01 2.178444e+01 3.498742e+01 4.505508e+01 2.413536e+01 2.538845e+01
<GCONST> 6.587072e+01
<STATE> 4
<MEAN> 12
 -1.451243e-07 6.634256e-07 -3.939089e-07 6.219615e-08 2.073205e-08 -6.841577e-07 -2.125035e-07 3.939089e-07 1.347583e-07 -1.243923e-07 5.183013e-09 6.478766e-08
<VARIANCE> 12
 2.500292e+01 6.414320e+01 4.603342e+01 5.237093e+01 3.663696e+01 7.655145e+01 4.686668e+01 2.178444e+01 3.498742e+01 4.505508e+01 2.413536e+01 2.538845e+01
<GCONST> 6.587072e+01
<STATE> 5
<MEAN> 12
 -1.451243e-07 6.634256e-07 -3.939089e-07 6.219615e-08 2.073205e-08 -6.841577e-07 -2.125035e-07 3.939089e-07 1.347583e-07 -1.243923e-07 5.183013e-09 6.478766e-08
<VARIANCE> 12
 2.500292e+01 6.414320e+01 4.603342e+01 5.237093e+01 3.663696e+01 7.655145e+01 4.686668e+01 2.178444e+01 3.498742e+01 4.505508e+01 2.413536e+01 2.538845e+01
<GCONST> 6.587072e+01
<STATE> 6
<MEAN> 12
 -1.451243e-07 6.634256e-07 -3.939089e-07 6.219615e-08 2.073205e-08 -6.841577e-07 -2.125035e-07 3.939089e-07 1.347583e-07 -1.243923e-07 5.183013e-09 6.478766e-08
<VARIANCE> 12
 2.500292e+01 6.414320e+01 4.603342e+01 5.237093e+01 3.663696e+01 7.655145e+01 4.686668e+01 2.178444e+01 3.498742e+01 4.505508e+01 2.413536e+01 2.538845e+01
<GCONST> 6.587072e+01
<TRANSP> 7
 0.000000e+00 1.000000e+00 0.000000e+00 0.000000e+00 0.000000e+00 0.000000e+00 0.000000e+00
 0.000000e+00 9.000000e-01 9.999999e-02 0.000000e+00 0.000000e+00 0.000000e+00 0.000000e+00
 0.000000e+00 0.000000e+00 9.000000e-01 9.999999e-02 0.000000e+00 0.000000e+00 0.000000e+00
 0.000000e+00 0.000000e+00 0.000000e+00 9.000000e-01 9.999999e-02 0.000000e+00 0.000000e+00
 0.000000e+00 0.000000e+00 0.000000e+00 0.000000e+00 9.000000e-01 9.999999e-02 0.000000e+00
 0.000000e+00 0.000000e+00 0.000000e+00 0.000000e+00 0.000000e+00 9.000000e-01 9.999999e-02
 0.000000e+00 0.000000e+00 0.000000e+00 0.000000e+00 0.000000e+00 0.000000e+00 0.000000e+00
<ENDHMM>
