~o
<STREAMINFO> 1 12
<VECSIZE> 12<NULLD><MFCC_Z><DIAGC>
~h "T1375864876"
<BEGINHMM>
<NUMSTATES> 9
<STATE> 2
<MEAN> 12
 -3.265463e+00 5.452486e+00 5.611346e+00 -4.805034e+00 -4.882224e+00 -4.509503e+00 -6.676056e-01 4.369871e+00 6.206590e-02 -3.467446e+00 4.125310e-01 -2.787790e+00
<VARIANCE> 12
 1.304940e+01 3.506858e+01 1.107183e+02 7.023736e+01 4.922021e+01 5.003281e+01 5.590120e+01 3.110819e+01 1.744250e+01 4.334593e+01 1.814806e+01 1.895966e+01
<GCONST> 6.487849e+01
<STATE> 3
<MEAN> 12
 -2.422058e-01 7.987434e-01 -3.034841e+00 -9.298584e-01 -6.755369e-01 -4.504060e+00 8.441828e-01 1.715150e+00 1.003989e+00 1.641331e+00 -1.266179e+00 -2.117274e+00
<VARIANCE> 12
 1.866164e+01 1.898966e+01 7.248814e+01 3.298742e+01 4.828424e+01 6.242938e+01 4.017154e+01 3.459312e+01 2.681334e+01 3.137446e+01 1.987729e+01 1.089300e+01
<GCONST> 6.306499e+01
<STATE> 4
<MEAN> 12
 4.455036e-01 -1.907673e+00 -3.851632e+00 1.522892e+00 2.126845e+00 -1.238009e+00 5.583612e-01 6.077354e-01 1.344070e+00 3.227849e+00 -7.637346e-01 -6.971723e-01
<VARIANCE> 12
 2.279908e+01 3.227250e+01 4.747485e+01 1.517860e+01 1.903933e+01 5.606834e+01 2.831608e+01 3.240099e+01 2.914721e+01 2.280858e+01 1.816345e+01 1.272124e+01
<GCONST> 6.097242e+01
<STATE> 5
<MEAN> 12
 -8.493678e-01 -4.141058e+00 -1.779259e+00 2.368925e+00 2.578609e+00 1.951339e+00 1.219798e+00 5.188265e-01 1.202691e+00 2.151156e+00 -3.559682e-01 7.334948e-01
<VARIANCE> 12
 3.452941e+01 4.964538e+01 4.395242e+01 2.332821e+01 1.386646e+01 3.263043e+01 2.342179e+01 4.525918e+01 3.377248e+01 2.305886e+01 1.646399e+01 1.374117e+01
<GCONST> 6.159407e+01
<STATE> 6
<MEAN> 12
 -4.824724e-01 -3.129270e+00 -1.038776e+00 1.614581e+00 1.603095e+00 2.883026e+00 1.067840e+00 -8.326366e-01 -3.185512e-01 2.726900e-02 -2.975471e-01 1.555892e+00
<VARIANCE> 12
 4.371751e+01 6.610982e+01 4.089047e+01 3.450246e+01 1.796225e+01 1.994717e+01 1.941988e+01 5.915504e+01 3.839533e+01 2.299940e+01 1.631029e+01 1.389464e+01
<GCONST> 6.241004e+01
<STATE> 7
<MEAN> 12
 2.114835e+00 7.130609e-01 2.500054e-02 -2.365260e-01 -8.083662e-02 3.054842e+00 -3.041615e-01 -3.097425e+00 -2.046520e+00 -1.602562e+00 5.134935e-01 1.895527e+00
<VARIANCE> 12
 3.526525e+01 5.357084e+01 4.386859e+01 2.941158e+01 1.681815e+01 1.674427e+01 1.872651e+01 4.651480e+01 2.838089e+01 1.767512e+01 1.608449e+01 1.342313e+01
<GCONST> 6.076395e+01
<STATE> 8
<MEAN> 12
 2.279069e+00 2.213705e+00 4.068364e+00 4.650059e-01 -6.699913e-01 2.362494e+00 -2.718481e+00 -3.281519e+00 -1.247746e+00 -1.977623e+00 1.757467e+00 1.417297e+00
<VARIANCE> 12
 1.694433e+01 1.701054e+01 3.470145e+01 1.705523e+01 1.156081e+01 1.700522e+01 1.851357e+01 2.274017e+01 1.438605e+01 1.262572e+01 1.543033e+01 1.116172e+01
<GCONST> 5.577613e+01
<TRANSP> 9
 0.000000e+00 1.000000e+00 0.000000e+00 0.000000e+00 0.000000e+00 0.000000e+00 0.000000e+00 0.000000e+00 0.000000e+00
 0.000000e+00 8.703704e-01 1.296296e-01 0.000000e+00 0.000000e+00 0.000000e+00 0.000000e+00 0.000000e+00 0.000000e+00
 0.000000e+00 0.000000e+00 8.703703e-01 1.296296e-01 0.000000e+00 0.000000e+00 0.000000e+00 0.000000e+00 0.000000e+00
 0.000000e+00 0.000000e+00 0.000000e+00 8.703704e-01 1.296296e-01 0.000000e+00 0.000000e+00 0.000000e+00 0.000000e+00
 0.000000e+00 0.000000e+00 0.000000e+00 0.000000e+00 8.703704e-01 1.296296e-01 0.000000e+00 0.000000e+00 0.000000e+00
 0.000000e+00 0.000000e+00 0.000000e+00 0.000000e+00 0.000000e+00 8.703704e-01 1.296296e-01 0.000000e+00 0.000000e+00
 0.000000e+00 0.000000e+00 0.000000e+00 0.000000e+00 0.000000e+00 0.000000e+00 8.703704e-01 1.296297e-01 0.000000e+00
 0.000000e+00 0.000000e+00 0.000000e+00 0.000000e+00 0.000000e+00 0.000000e+00 0.000000e+00 8.703704e-01 1.296296e-01
 0.000000e+00 0.000000e+00 0.000000e+00 0.000000e+00 0.000000e+00 0.000000e+00 0.000000e+00 0.000000e+00 0.000000e+00
<ENDHMM>
