~o
<STREAMINFO> 1 12
<VECSIZE> 12<NULLD><MFCC_Z><DIAGC>
~h "s015"
<BEGINHMM>
<NUMSTATES> 10
<STATE> 2
<MEAN> 12
 -3.167669e+00 8.861429e+00 8.501892e+00 -7.329141e+00 -5.115631e+00 9.412727e-01 -4.761375e+00 1.294283e+01 5.960880e+00 3.362893e+00 6.604380e+00 -1.549950e+00
<VARIANCE> 12
 1.045840e+01 1.704810e+01 9.900642e+01 3.461073e+01 3.850423e+01 3.392593e+01 1.193810e+01 5.683124e+01 1.651227e+01 2.376146e+01 5.064729e+01 2.313397e+01
<GCONST> 6.211044e+01
<STATE> 3
<MEAN> 12
 -1.776794e-01 5.406236e+00 -1.134701e+00 -4.909861e+00 -2.523300e+00 -1.276227e+00 -3.629839e+00 7.641189e+00 4.301268e+00 3.798547e+00 6.510331e+00 -3.051370e+00
<VARIANCE> 12
 1.905230e+01 1.507222e+01 1.213747e+02 3.155289e+01 6.707209e+01 5.921132e+01 1.869029e+01 1.286289e+02 2.382697e+01 4.468450e+01 6.154814e+01 2.464572e+01
<GCONST> 6.633179e+01
<STATE> 4
<MEAN> 12
 1.865909e+00 2.784518e+00 -6.080405e+00 -1.481299e+00 1.630076e+00 -1.738213e-01 -3.004555e+00 9.017531e-01 2.038906e+00 1.948368e+00 2.927675e+00 -1.589618e+00
<VARIANCE> 12
 1.695629e+01 2.144947e+01 6.352753e+01 2.925124e+01 4.435801e+01 7.286984e+01 2.634236e+01 1.047471e+02 3.721783e+01 5.215982e+01 5.266305e+01 2.594110e+01
<GCONST> 6.627280e+01
<STATE> 5
<MEAN> 12
 1.516697e+00 -4.099012e-01 -5.619099e+00 6.302037e-01 3.199722e+00 3.696587e-01 -1.634138e+00 -1.742216e+00 -1.128940e+00 -8.158158e-01 -5.539317e-02 5.670240e-01
<VARIANCE> 12
 1.861742e+01 3.288303e+01 5.100129e+01 2.903384e+01 2.340872e+01 7.084511e+01 4.474989e+01 6.207727e+01 5.716809e+01 4.119807e+01 3.791578e+01 2.576102e+01
<GCONST> 6.576358e+01
<STATE> 6
<MEAN> 12
 9.561666e-02 -3.540694e+00 -2.477429e+00 1.026810e+00 2.336061e+00 -1.229881e+00 1.468585e+00 -2.651553e+00 -4.307139e+00 -2.126055e+00 -1.813043e+00 2.178208e+00
<VARIANCE> 12
 1.816980e+01 2.821334e+01 5.793770e+01 3.320893e+01 2.503383e+01 5.572412e+01 6.051986e+01 5.489322e+01 6.301554e+01 2.871564e+01 2.660423e+01 2.240302e+01
<GCONST> 6.509636e+01
<STATE> 7
<MEAN> 12
 -4.384362e-01 -4.921272e+00 1.160125e+00 7.013918e-01 2.582450e-01 -2.003967e+00 4.737155e+00 -5.112447e+00 -5.143168e+00 -2.193954e+00 -2.943079e+00 2.346716e+00
<VARIANCE> 12
 1.359858e+01 1.575783e+01 4.463718e+01 4.380085e+01 2.576587e+01 3.167067e+01 4.564999e+01 5.526224e+01 5.399397e+01 2.629794e+01 1.945181e+01 1.749887e+01
<GCONST> 6.262602e+01
<STATE> 8
<MEAN> 12
 1.765479e-01 -4.584730e+00 2.976378e+00 3.044592e+00 -7.799535e-01 -3.263816e-01 5.306947e+00 -7.309376e+00 -2.787709e+00 -2.208116e+00 -4.774146e+00 1.126703e+00
<VARIANCE> 12
 8.649180e+00 8.155659e+00 1.868728e+01 5.836497e+01 1.977795e+01 2.103165e+01 2.460169e+01 3.801170e+01 4.483052e+01 2.689392e+01 1.670425e+01 1.353581e+01
<GCONST> 5.869236e+01
<STATE> 9
<MEAN> 12
 1.289759e-01 -3.595593e+00 2.673330e+00 8.317413e+00 9.948322e-01 3.699446e+00 1.517124e+00 -4.670090e+00 1.065920e+00 -1.765875e+00 -6.456810e+00 -2.768799e-02
<VARIANCE> 12
 3.856129e+00 6.172060e+00 1.176142e+01 3.911111e+01 1.777987e+01 2.147394e+01 3.121656e+01 3.089504e+01 2.658184e+01 1.849359e+01 1.121311e+01 1.425863e+01
<GCONST> 5.544400e+01
<TRANSP> 10
 0.000000e+00 1.000000e+00 0.000000e+00 0.000000e+00 0.000000e+00 0.000000e+00 0.000000e+00 0.000000e+00 0.000000e+00 0.000000e+00
 0.000000e+00 8.666667e-01 1.333333e-01 0.000000e+00 0.000000e+00 0.000000e+00 0.000000e+00 0.000000e+00 0.000000e+00 0.000000e+00
 0.000000e+00 0.000000e+00 8.666667e-01 1.333333e-01 0.000000e+00 0.000000e+00 0.000000e+00 0.000000e+00 0.000000e+00 0.000000e+00
 0.000000e+00 0.000000e+00 0.000000e+00 8.666667e-01 1.333333e-01 0.000000e+00 0.000000e+00 0.000000e+00 0.000000e+00 0.000000e+00
 0.000000e+00 0.000000e+00 0.000000e+00 0.000000e+00 8.666667e-01 1.333333e-01 0.000000e+00 0.000000e+00 0.000000e+00 0.000000e+00
 0.000000e+00 0.000000e+00 0.000000e+00 0.000000e+00 0.000000e+00 8.666666e-01 1.333334e-01 0.000000e+00 0.000000e+00 0.000000e+00
 0.000000e+00 0.000000e+00 0.000000e+00 0.000000e+00 0.000000e+00 0.000000e+00 8.666667e-01 1.333333e-01 0.000000e+00 0.000000e+00
 0.000000e+00 0.000000e+00 0.000000e+00 0.000000e+00 0.000000e+00 0.000000e+00 0.000000e+00 8.666667e-01 1.333333e-01 0.000000e+00
 0.000000e+00 0.000000e+00 0.000000e+00 0.000000e+00 0.000000e+00 0.000000e+00 0.000000e+00 0.000000e+00 8.666667e-01 1.333333e-01
 0.000000e+00 0.000000e+00 0.000000e+00 0.000000e+00 0.000000e+00 0.000000e+00 0.000000e+00 0.000000e+00 0.000000e+00 0.000000e+00
<ENDHMM>
