~o
<STREAMINFO> 1 12
<VECSIZE> 12<NULLD><MFCC_Z><DIAGC>
~h "s063"
<BEGINHMM>
<NUMSTATES> 13
<STATE> 2
<MEAN> 12
 -1.406058e-07 -1.375492e-08 -5.349135e-08 -1.467191e-06 4.523840e-07 -4.646106e-07 2.812117e-07 -3.667978e-07 3.515146e-07 -7.335957e-08 -2.200787e-07 -3.056649e-07
<VARIANCE> 12
 1.855781e+01 7.168533e+01 3.464596e+01 1.484845e+02 6.440390e+01 6.788226e+01 5.466852e+01 7.176265e+01 3.946504e+01 5.802180e+01 5.460657e+01 3.789531e+01
<GCONST> 6.982218e+01
<STATE> 3
<MEAN> 12
 -1.406058e-07 -1.375492e-08 -5.349135e-08 -1.467191e-06 4.523840e-07 -4.646106e-07 2.812117e-07 -3.667978e-07 3.515146e-07 -7.335957e-08 -2.200787e-07 -3.056649e-07
<VARIANCE> 12
 1.855781e+01 7.168533e+01 3.464596e+01 1.484845e+02 6.440390e+01 6.788226e+01 5.466852e+01 7.176265e+01 3.946504e+01 5.802180e+01 5.460657e+01 3.789531e+01
<GCONST> 6.982218e+01
<STATE> 4
<MEAN> 12
 -1.406058e-07 -1.375492e-08 -5.349135e-08 -1.467191e-06 4.523840e-07 -4.646106e-07 2.812117e-07 -3.667978e-07 3.515146e-07 -7.335957e-08 -2.200787e-07 -3.056649e-07
<VARIANCE> 12
 1.855781e+01 7.168533e+01 3.464596e+01 1.484845e+02 6.440390e+01 6.788226e+01 5.466852e+01 7.176265e+01 3.946504e+01 5.802180e+01 5.460657e+01 3.789531e+01
<GCONST> 6.982218e+01
<STATE> 5
<MEAN> 12
 -1.406058e-07 -1.375492e-08 -5.349135e-08 -1.467191e-06 4.523840e-07 -4.646106e-07 2.812117e-07 -3.667978e-07 3.515146e-07 -7.335957e-08 -2.200787e-07 -3.056649e-07
<VARIANCE> 12
 1.855781e+01 7.168533e+01 3.464596e+01 1.484845e+02 6.440390e+01 6.788226e+01 5.466852e+01 7.176265e+01 3.946504e+01 5.802180e+01 5.460657e+01 3.789531e+01
<GCONST> 6.982218e+01
<STATE> 6
<MEAN> 12
 -1.406058e-07 -1.375492e-08 -5.349135e-08 -1.467191e-06 4.523840e-07 -4.646106e-07 2.812117e-07 -3.667978e-07 3.515146e-07 -7.335957e-08 -2.200787e-07 -3.056649e-07
<VARIANCE> 12
 1.855781e+01 7.168533e+01 3.464596e+01 1.484845e+02 6.440390e+01 6.788226e+01 5.466852e+01 7.176265e+01 3.946504e+01 5.802180e+01 5.460657e+01 3.789531e+01
<GCONST> 6.982218e+01
<STATE> 7
<MEAN> 12
 -1.406058e-07 -1.375492e-08 -5.349135e-08 -1.467191e-06 4.523840e-07 -4.646106e-07 2.812117e-07 -3.667978e-07 3.515146e-07 -7.335957e-08 -2.200787e-07 -3.056649e-07
<VARIANCE> 12
 1.855781e+01 7.168533e+01 3.464596e+01 1.484845e+02 6.440390e+01 6.788226e+01 5.466852e+01 7.176265e+01 3.946504e+01 5.802180e+01 5.460657e+01 3.789531e+01
<GCONST> 6.982218e+01
<STATE> 8
<MEAN> 12
 -1.406058e-07 -1.375492e-08 -5.349135e-08 -1.467191e-06 4.523840e-07 -4.646106e-07 2.812117e-07 -3.667978e-07 3.515146e-07 -7.335957e-08 -2.200787e-07 -3.056649e-07
<VARIANCE> 12
 1.855781e+01 7.168533e+01 3.464596e+01 1.484845e+02 6.440390e+01 6.788226e+01 5.466852e+01 7.176265e+01 3.946504e+01 5.802180e+01 5.460657e+01 3.789531e+01
<GCONST> 6.982218e+01
<STATE> 9
<MEAN> 12
 -1.406058e-07 -1.375492e-08 -5.349135e-08 -1.467191e-06 4.523840e-07 -4.646106e-07 2.812117e-07 -3.667978e-07 3.515146e-07 -7.335957e-08 -2.200787e-07 -3.056649e-07
<VARIANCE> 12
 1.855781e+01 7.168533e+01 3.464596e+01 1.484845e+02 6.440390e+01 6.788226e+01 5.466852e+01 7.176265e+01 3.946504e+01 5.802180e+01 5.460657e+01 3.789531e+01
<GCONST> 6.982218e+01
<STATE> 10
<MEAN> 12
 -1.406058e-07 -1.375492e-08 -5.349135e-08 -1.467191e-06 4.523840e-07 -4.646106e-07 2.812117e-07 -3.667978e-07 3.515146e-07 -7.335957e-08 -2.200787e-07 -3.056649e-07
<VARIANCE> 12
 1.855781e+01 7.168533e+01 3.464596e+01 1.484845e+02 6.440390e+01 6.788226e+01 5.466852e+01 7.176265e+01 3.946504e+01 5.802180e+01 5.460657e+01 3.789531e+01
<GCONST> 6.982218e+01
<STATE> 11
<MEAN> 12
 -1.406058e-07 -1.375492e-08 -5.349135e-08 -1.467191e-06 4.523840e-07 -4.646106e-07 2.812117e-07 -3.667978e-07 3.515146e-07 -7.335957e-08 -2.200787e-07 -3.056649e-07
<VARIANCE> 12
 1.855781e+01 7.168533e+01 3.464596e+01 1.484845e+02 6.440390e+01 6.788226e+01 5.466852e+01 7.176265e+01 3.946504e+01 5.802180e+01 5.460657e+01 3.789531e+01
<GCONST> 6.982218e+01
<STATE> 12
<MEAN> 12
 -1.406058e-07 -1.375492e-08 -5.349135e-08 -1.467191e-06 4.523840e-07 -4.646106e-07 2.812117e-07 -3.667978e-07 3.515146e-07 -7.335957e-08 -2.200787e-07 -3.056649e-07
<VARIANCE> 12
 1.855781e+01 7.168533e+01 3.464596e+01 1.484845e+02 6.440390e+01 6.788226e+01 5.466852e+01 7.176265e+01 3.946504e+01 5.802180e+01 5.460657e+01 3.789531e+01
<GCONST> 6.982218e+01
<TRANSP> 13
 0.000000e+00 1.000000e+00 0.000000e+00 0.000000e+00 0.000000e+00 0.000000e+00 0.000000e+00 0.000000e+00 0.000000e+00 0.000000e+00 0.000000e+00 0.000000e+00 0.000000e+00
 0.000000e+00 9.000000e-01 9.999999e-02 0.000000e+00 0.000000e+00 0.000000e+00 0.000000e+00 0.000000e+00 0.000000e+00 0.000000e+00 0.000000e+00 0.000000e+00 0.000000e+00
 0.000000e+00 0.000000e+00 9.000000e-01 9.999999e-02 0.000000e+00 0.000000e+00 0.000000e+00 0.000000e+00 0.000000e+00 0.000000e+00 0.000000e+00 0.000000e+00 0.000000e+00
 0.000000e+00 0.000000e+00 0.000000e+00 9.000000e-01 9.999999e-02 0.000000e+00 0.000000e+00 0.000000e+00 0.000000e+00 0.000000e+00 0.000000e+00 0.000000e+00 0.000000e+00
 0.000000e+00 0.000000e+00 0.000000e+00 0.000000e+00 9.000000e-01 9.999999e-02 0.000000e+00 0.000000e+00 0.000000e+00 0.000000e+00 0.000000e+00 0.000000e+00 0.000000e+00
 0.000000e+00 0.000000e+00 0.000000e+00 0.000000e+00 0.000000e+00 9.000000e-01 9.999999e-02 0.000000e+00 0.000000e+00 0.000000e+00 0.000000e+00 0.000000e+00 0.000000e+00
 0.000000e+00 0.000000e+00 0.000000e+00 0.000000e+00 0.000000e+00 0.000000e+00 9.000000e-01 9.999999e-02 0.000000e+00 0.000000e+00 0.000000e+00 0.000000e+00 0.000000e+00
 0.000000e+00 0.000000e+00 0.000000e+00 0.000000e+00 0.000000e+00 0.000000e+00 0.000000e+00 9.000000e-01 9.999999e-02 0.000000e+00 0.000000e+00 0.000000e+00 0.000000e+00
 0.000000e+00 0.000000e+00 0.000000e+00 0.000000e+00 0.000000e+00 0.000000e+00 0.000000e+00 0.000000e+00 9.000000e-01 9.999999e-02 0.000000e+00 0.000000e+00 0.000000e+00
 0.000000e+00 0.000000e+00 0.000000e+00 0.000000e+00 0.000000e+00 0.000000e+00 0.000000e+00 0.000000e+00 0.000000e+00 9.000000e-01 9.999999e-02 0.000000e+00 0.000000e+00
 0.000000e+00 0.000000e+00 0.000000e+00 0.000000e+00 0.000000e+00 0.000000e+00 0.000000e+00 0.000000e+00 0.000000e+00 0.000000e+00 9.000000e-01 9.999999e-02 0.000000e+00
 0.000000e+00 0.000000e+00 0.000000e+00 0.000000e+00 0.000000e+00 0.000000e+00 0.000000e+00 0.000000e+00 0.000000e+00 0.000000e+00 0.000000e+00 9.000000e-01 9.999999e-02
 0.000000e+00 0.000000e+00 0.000000e+00 0.000000e+00 0.000000e+00 0.000000e+00 0.000000e+00 0.000000e+00 0.000000e+00 0.000000e+00 0.000000e+00 0.000000e+00 0.000000e+00
<ENDHMM>
