~o
<STREAMINFO> 1 12
<VECSIZE> 12<NULLD><MFCC_Z><DIAGC>
~h "s090"
<BEGINHMM>
<NUMSTATES> 7
<STATE> 2
<MEAN> 12
 -6.904388e+00 -6.700146e+00 4.315654e+00 1.497065e+00 3.833609e+00 -6.121060e+00 -2.985687e+00 -8.236468e+00 3.296348e-01 -1.908322e+00 3.782400e+00 -1.104703e+00
<VARIANCE> 12
 5.963429e+00 6.595906e+00 5.304821e+00 8.614369e+00 1.152541e+01 1.249089e+01 1.343688e+01 1.327862e+01 1.890523e+01 2.163717e+01 4.441772e+00 4.718944e+00
<GCONST> 4.875887e+01
<STATE> 3
<MEAN> 12
 -2.189975e-01 -1.915106e+00 2.553102e+00 1.930024e-01 -7.537656e+00 -1.607857e+00 5.451285e+00 -7.039025e+00 -2.457513e+00 -3.528209e+00 2.418323e+00 -5.136771e+00
<VARIANCE> 12
 5.963429e+00 6.619574e+00 8.268762e+00 1.633827e+01 1.152541e+01 1.162493e+01 1.584456e+01 1.327862e+01 8.484842e+00 2.772825e+01 1.061146e+01 6.257280e+00
<GCONST> 5.053930e+01
<STATE> 4
<MEAN> 12
 6.789400e-01 5.058781e+00 -1.623713e+00 -2.560409e+00 -1.224109e+01 -4.785002e+00 -8.231000e-01 5.483372e+00 -9.930374e-01 2.748806e+00 -1.382179e+00 -7.814183e-01
<VARIANCE> 12
 5.963429e+00 6.595906e+00 9.176019e+00 1.149466e+01 1.152541e+01 2.042215e+01 5.705646e+00 4.559024e+01 2.458349e+01 3.463896e+01 4.441772e+00 1.423885e+01
<GCONST> 5.230151e+01
<STATE> 5
<MEAN> 12
 6.438209e+00 6.814009e+00 -6.814092e+00 -7.699366e+00 -2.996082e+00 8.032247e+00 5.795339e-01 5.283877e+00 -4.027885e-01 5.444701e+00 -5.175285e-01 -1.033914e+00
<VARIANCE> 12
 5.963429e+00 9.984653e+00 5.304821e+00 8.614369e+00 1.636462e+01 7.307860e+01 1.007218e+01 1.327862e+01 1.005256e+01 2.800556e+01 1.541747e+01 1.558540e+01
<GCONST> 5.306792e+01
<STATE> 6
<MEAN> 12
 2.768288e+00 9.119596e-01 3.285387e-01 7.218427e+00 8.663789e+00 3.611566e+00 6.394157e-01 7.698485e+00 1.998288e+00 -2.257743e+00 -5.628349e+00 6.268902e+00
<VARIANCE> 12
 5.963429e+00 6.595906e+00 2.387708e+01 4.139922e+01 1.409556e+01 1.162493e+01 1.985213e+01 1.394943e+01 3.483016e+01 1.923362e+01 1.764414e+01 1.685904e+01
<GCONST> 5.554800e+01
<TRANSP> 7
 0.000000e+00 1.000000e+00 0.000000e+00 0.000000e+00 0.000000e+00 0.000000e+00 0.000000e+00
 0.000000e+00 9.244415e-01 7.555850e-02 0.000000e+00 0.000000e+00 0.000000e+00 0.000000e+00
 0.000000e+00 0.000000e+00 8.281873e-01 1.718127e-01 0.000000e+00 0.000000e+00 0.000000e+00
 0.000000e+00 0.000000e+00 0.000000e+00 7.890242e-01 2.109758e-01 0.000000e+00 0.000000e+00
 0.000000e+00 0.000000e+00 0.000000e+00 0.000000e+00 8.988150e-01 1.011850e-01 0.000000e+00
 0.000000e+00 0.000000e+00 0.000000e+00 0.000000e+00 0.000000e+00 8.927288e-01 1.072712e-01
 0.000000e+00 0.000000e+00 0.000000e+00 0.000000e+00 0.000000e+00 0.000000e+00 0.000000e+00
<ENDHMM>
