~o
<STREAMINFO> 1 39
<VECSIZE> 39<NULLD><MFCC_E_D_A_Z><DIAGC>
~h "s000"
<BEGINHMM>
<NUMSTATES> 10
<STATE> 2
<MEAN> 39
 1.471093e-07 7.203285e-07 5.072736e-08 3.043641e-07 -4.768372e-07 3.195823e-07 -6.087283e-08 -1.826185e-07 1.014547e-07 4.971281e-07 -2.536368e-08 8.116377e-08 7.110959e-01 2.691047e-02 -1.671672e-01 -5.722265e-02 1.535854e-01 2.027589e-01 1.136480e-01 1.156230e-01 -8.429326e-02 3.689491e-02 -1.697593e-01 1.020493e-01 4.291826e-02 -1.963742e-03 1.805562e-02 1.129810e-02 1.551768e-02 -1.144622e-02 1.526642e-03 -4.884126e-03 1.197287e-02 4.829757e-03 2.545647e-02 1.035072e-02 -2.942622e-02 2.074814e-02 -3.955063e-04
<VARIANCE> 39
 1.544766e+01 9.730055e+01 3.039098e+01 3.922071e+01 4.718292e+01 4.950356e+01 7.588449e+01 5.346526e+01 3.316172e+01 4.986774e+01 3.574083e+01 2.860220e+01 2.133724e-02 1.506060e+00 2.265913e+00 2.193778e+00 2.878567e+00 2.661126e+00 4.166456e+00 3.806211e+00 3.662582e+00 3.468878e+00 3.274929e+00 4.060153e+00 2.700068e+00 1.686681e-03 2.428647e-01 2.870385e-01 2.778659e-01 5.082642e-01 4.352586e-01 7.807069e-01 6.843047e-01 6.782108e-01 6.096731e-01 5.378756e-01 8.174778e-01 5.782087e-01 2.816755e-04
<GCONST> 1.026772e+02
<STATE> 3
<MEAN> 39
 1.471093e-07 7.203285e-07 5.072736e-08 3.043641e-07 -4.768372e-07 3.195823e-07 -6.087283e-08 -1.826185e-07 1.014547e-07 4.971281e-07 -2.536368e-08 8.116377e-08 7.110959e-01 2.691047e-02 -1.671672e-01 -5.722265e-02 1.535854e-01 2.027589e-01 1.136480e-01 1.156230e-01 -8.429326e-02 3.689491e-02 -1.697593e-01 1.020493e-01 4.291826e-02 -1.963742e-03 1.805562e-02 1.129810e-02 1.551768e-02 -1.144622e-02 1.526642e-03 -4.884126e-03 1.197287e-02 4.829757e-03 2.545647e-02 1.035072e-02 -2.942622e-02 2.074814e-02 -3.955063e-04
<VARIANCE> 39
 1.544766e+01 9.730055e+01 3.039098e+01 3.922071e+01 4.718292e+01 4.950356e+01 7.588449e+01 5.346526e+01 3.316172e+01 4.986774e+01 3.574083e+01 2.860220e+01 2.133724e-02 1.506060e+00 2.265913e+00 2.193778e+00 2.878567e+00 2.661126e+00 4.166456e+00 3.806211e+00 3.662582e+00 3.468878e+00 3.274929e+00 4.060153e+00 2.700068e+00 1.686681e-03 2.428647e-01 2.870385e-01 2.778659e-01 5.082642e-01 4.352586e-01 7.807069e-01 6.843047e-01 6.782108e-01 6.096731e-01 5.378756e-01 8.174778e-01 5.782087e-01 2.816755e-04
<GCONST> 1.026772e+02
<STATE> 4
<MEAN> 39
 1.471093e-07 7.203285e-07 5.072736e-08 3.043641e-07 -4.768372e-07 3.195823e-07 -6.087283e-08 -1.826185e-07 1.014547e-07 4.971281e-07 -2.536368e-08 8.116377e-08 7.110959e-01 2.691047e-02 -1.671672e-01 -5.722265e-02 1.535854e-01 2.027589e-01 1.136480e-01 1.156230e-01 -8.429326e-02 3.689491e-02 -1.697593e-01 1.020493e-01 4.291826e-02 -1.963742e-03 1.805562e-02 1.129810e-02 1.551768e-02 -1.144622e-02 1.526642e-03 -4.884126e-03 1.197287e-02 4.829757e-03 2.545647e-02 1.035072e-02 -2.942622e-02 2.074814e-02 -3.955063e-04
<VARIANCE> 39
 1.544766e+01 9.730055e+01 3.039098e+01 3.922071e+01 4.718292e+01 4.950356e+01 7.588449e+01 5.346526e+01 3.316172e+01 4.986774e+01 3.574083e+01 2.860220e+01 2.133724e-02 1.506060e+00 2.265913e+00 2.193778e+00 2.878567e+00 2.661126e+00 4.166456e+00 3.806211e+00 3.662582e+00 3.468878e+00 3.274929e+00 4.060153e+00 2.700068e+00 1.686681e-03 2.428647e-01 2.870385e-01 2.778659e-01 5.082642e-01 4.352586e-01 7.807069e-01 6.843047e-01 6.782108e-01 6.096731e-01 5.378756e-01 8.174778e-01 5.782087e-01 2.816755e-04
<GCONST> 1.026772e+02
<STATE> 5
<MEAN> 39
 1.471093e-07 7.203285e-07 5.072736e-08 3.043641e-07 -4.768372e-07 3.195823e-07 -6.087283e-08 -1.826185e-07 1.014547e-07 4.971281e-07 -2.536368e-08 8.116377e-08 7.110959e-01 2.691047e-02 -1.671672e-01 -5.722265e-02 1.535854e-01 2.027589e-01 1.136480e-01 1.156230e-01 -8.429326e-02 3.689491e-02 -1.697593e-01 1.020493e-01 4.291826e-02 -1.963742e-03 1.805562e-02 1.129810e-02 1.551768e-02 -1.144622e-02 1.526642e-03 -4.884126e-03 1.197287e-02 4.829757e-03 2.545647e-02 1.035072e-02 -2.942622e-02 2.074814e-02 -3.955063e-04
<VARIANCE> 39
 1.544766e+01 9.730055e+01 3.039098e+01 3.922071e+01 4.718292e+01 4.950356e+01 7.588449e+01 5.346526e+01 3.316172e+01 4.986774e+01 3.574083e+01 2.860220e+01 2.133724e-02 1.506060e+00 2.265913e+00 2.193778e+00 2.878567e+00 2.661126e+00 4.166456e+00 3.806211e+00 3.662582e+00 3.468878e+00 3.274929e+00 4.060153e+00 2.700068e+00 1.686681e-03 2.428647e-01 2.870385e-01 2.778659e-01 5.082642e-01 4.352586e-01 7.807069e-01 6.843047e-01 6.782108e-01 6.096731e-01 5.378756e-01 8.174778e-01 5.782087e-01 2.816755e-04
<GCONST> 1.026772e+02
<STATE> 6
<MEAN> 39
 1.471093e-07 7.203285e-07 5.072736e-08 3.043641e-07 -4.768372e-07 3.195823e-07 -6.087283e-08 -1.826185e-07 1.014547e-07 4.971281e-07 -2.536368e-08 8.116377e-08 7.110959e-01 2.691047e-02 -1.671672e-01 -5.722265e-02 1.535854e-01 2.027589e-01 1.136480e-01 1.156230e-01 -8.429326e-02 3.689491e-02 -1.697593e-01 1.020493e-01 4.291826e-02 -1.963742e-03 1.805562e-02 1.129810e-02 1.551768e-02 -1.144622e-02 1.526642e-03 -4.884126e-03 1.197287e-02 4.829757e-03 2.545647e-02 1.035072e-02 -2.942622e-02 2.074814e-02 -3.955063e-04
<VARIANCE> 39
 1.544766e+01 9.730055e+01 3.039098e+01 3.922071e+01 4.718292e+01 4.950356e+01 7.588449e+01 5.346526e+01 3.316172e+01 4.986774e+01 3.574083e+01 2.860220e+01 2.133724e-02 1.506060e+00 2.265913e+00 2.193778e+00 2.878567e+00 2.661126e+00 4.166456e+00 3.806211e+00 3.662582e+00 3.468878e+00 3.274929e+00 4.060153e+00 2.700068e+00 1.686681e-03 2.428647e-01 2.870385e-01 2.778659e-01 5.082642e-01 4.352586e-01 7.807069e-01 6.843047e-01 6.782108e-01 6.096731e-01 5.378756e-01 8.174778e-01 5.782087e-01 2.816755e-04
<GCONST> 1.026772e+02
<STATE> 7
<MEAN> 39
 1.471093e-07 7.203285e-07 5.072736e-08 3.043641e-07 -4.768372e-07 3.195823e-07 -6.087283e-08 -1.826185e-07 1.014547e-07 4.971281e-07 -2.536368e-08 8.116377e-08 7.110959e-01 2.691047e-02 -1.671672e-01 -5.722265e-02 1.535854e-01 2.027589e-01 1.136480e-01 1.156230e-01 -8.429326e-02 3.689491e-02 -1.697593e-01 1.020493e-01 4.291826e-02 -1.963742e-03 1.805562e-02 1.129810e-02 1.551768e-02 -1.144622e-02 1.526642e-03 -4.884126e-03 1.197287e-02 4.829757e-03 2.545647e-02 1.035072e-02 -2.942622e-02 2.074814e-02 -3.955063e-04
<VARIANCE> 39
 1.544766e+01 9.730055e+01 3.039098e+01 3.922071e+01 4.718292e+01 4.950356e+01 7.588449e+01 5.346526e+01 3.316172e+01 4.986774e+01 3.574083e+01 2.860220e+01 2.133724e-02 1.506060e+00 2.265913e+00 2.193778e+00 2.878567e+00 2.661126e+00 4.166456e+00 3.806211e+00 3.662582e+00 3.468878e+00 3.274929e+00 4.060153e+00 2.700068e+00 1.686681e-03 2.428647e-01 2.870385e-01 2.778659e-01 5.082642e-01 4.352586e-01 7.807069e-01 6.843047e-01 6.782108e-01 6.096731e-01 5.378756e-01 8.174778e-01 5.782087e-01 2.816755e-04
<GCONST> 1.026772e+02
<STATE> 8
<MEAN> 39
 1.471093e-07 7.203285e-07 5.072736e-08 3.043641e-07 -4.768372e-07 3.195823e-07 -6.087283e-08 -1.826185e-07 1.014547e-07 4.971281e-07 -2.536368e-08 8.116377e-08 7.110959e-01 2.691047e-02 -1.671672e-01 -5.722265e-02 1.535854e-01 2.027589e-01 1.136480e-01 1.156230e-01 -8.429326e-02 3.689491e-02 -1.697593e-01 1.020493e-01 4.291826e-02 -1.963742e-03 1.805562e-02 1.129810e-02 1.551768e-02 -1.144622e-02 1.526642e-03 -4.884126e-03 1.197287e-02 4.829757e-03 2.545647e-02 1.035072e-02 -2.942622e-02 2.074814e-02 -3.955063e-04
<VARIANCE> 39
 1.544766e+01 9.730055e+01 3.039098e+01 3.922071e+01 4.718292e+01 4.950356e+01 7.588449e+01 5.346526e+01 3.316172e+01 4.986774e+01 3.574083e+01 2.860220e+01 2.133724e-02 1.506060e+00 2.265913e+00 2.193778e+00 2.878567e+00 2.661126e+00 4.166456e+00 3.806211e+00 3.662582e+00 3.468878e+00 3.274929e+00 4.060153e+00 2.700068e+00 1.686681e-03 2.428647e-01 2.870385e-01 2.778659e-01 5.082642e-01 4.352586e-01 7.807069e-01 6.843047e-01 6.782108e-01 6.096731e-01 5.378756e-01 8.174778e-01 5.782087e-01 2.816755e-04
<GCONST> 1.026772e+02
<STATE> 9
<MEAN> 39
 1.471093e-07 7.203285e-07 5.072736e-08 3.043641e-07 -4.768372e-07 3.195823e-07 -6.087283e-08 -1.826185e-07 1.014547e-07 4.971281e-07 -2.536368e-08 8.116377e-08 7.110959e-01 2.691047e-02 -1.671672e-01 -5.722265e-02 1.535854e-01 2.027589e-01 1.136480e-01 1.156230e-01 -8.429326e-02 3.689491e-02 -1.697593e-01 1.020493e-01 4.291826e-02 -1.963742e-03 1.805562e-02 1.129810e-02 1.551768e-02 -1.144622e-02 1.526642e-03 -4.884126e-03 1.197287e-02 4.829757e-03 2.545647e-02 1.035072e-02 -2.942622e-02 2.074814e-02 -3.955063e-04
<VARIANCE> 39
 1.544766e+01 9.730055e+01 3.039098e+01 3.922071e+01 4.718292e+01 4.950356e+01 7.588449e+01 5.346526e+01 3.316172e+01 4.986774e+01 3.574083e+01 2.860220e+01 2.133724e-02 1.506060e+00 2.265913e+00 2.193778e+00 2.878567e+00 2.661126e+00 4.166456e+00 3.806211e+00 3.662582e+00 3.468878e+00 3.274929e+00 4.060153e+00 2.700068e+00 1.686681e-03 2.428647e-01 2.870385e-01 2.778659e-01 5.082642e-01 4.352586e-01 7.807069e-01 6.843047e-01 6.782108e-01 6.096731e-01 5.378756e-01 8.174778e-01 5.782087e-01 2.816755e-04
<GCONST> 1.026772e+02
<TRANSP> 10
 0.000000e+00 1.000000e+00 0.000000e+00 0.000000e+00 0.000000e+00 0.000000e+00 0.000000e+00 0.000000e+00 0.000000e+00 0.000000e+00
 0.000000e+00 9.000000e-01 9.999999e-02 0.000000e+00 0.000000e+00 0.000000e+00 0.000000e+00 0.000000e+00 0.000000e+00 0.000000e+00
 0.000000e+00 0.000000e+00 9.000000e-01 9.999999e-02 0.000000e+00 0.000000e+00 0.000000e+00 0.000000e+00 0.000000e+00 0.000000e+00
 0.000000e+00 0.000000e+00 0.000000e+00 9.000000e-01 9.999999e-02 0.000000e+00 0.000000e+00 0.000000e+00 0.000000e+00 0.000000e+00
 0.000000e+00 0.000000e+00 0.000000e+00 0.000000e+00 9.000000e-01 9.999999e-02 0.000000e+00 0.000000e+00 0.000000e+00 0.000000e+00
 0.000000e+00 0.000000e+00 0.000000e+00 0.000000e+00 0.000000e+00 9.000000e-01 9.999999e-02 0.000000e+00 0.000000e+00 0.000000e+00
 0.000000e+00 0.000000e+00 0.000000e+00 0.000000e+00 0.000000e+00 0.000000e+00 9.000000e-01 9.999999e-02 0.000000e+00 0.000000e+00
 0.000000e+00 0.000000e+00 0.000000e+00 0.000000e+00 0.000000e+00 0.000000e+00 0.000000e+00 9.000000e-01 9.999999e-02 0.000000e+00
 0.000000e+00 0.000000e+00 0.000000e+00 0.000000e+00 0.000000e+00 0.000000e+00 0.000000e+00 0.000000e+00 9.000000e-01 9.999999e-02
 0.000000e+00 0.000000e+00 0.000000e+00 0.000000e+00 0.000000e+00 0.000000e+00 0.000000e+00 0.000000e+00 0.000000e+00 0.000000e+00
<ENDHMM>
