~o
<STREAMINFO> 1 39
<VECSIZE> 39<NULLD><MFCC_E_D_A_Z><DIAGC>
~h "s001"
<BEGINHMM>
<NUMSTATES> 10
<STATE> 2
<MEAN> 39
 -2.384186e-07 -2.487846e-07 -1.010687e-07 5.183012e-08 -1.243923e-07 -2.902487e-07 -3.213468e-07 -1.140263e-07 6.219615e-08 3.109808e-07 -2.073205e-08 -5.183012e-08 8.781051e-01 -1.243362e-01 -4.697235e-01 -4.660768e-02 1.874681e-01 2.781364e-01 -3.006150e-01 -2.881225e-01 -2.606667e-01 6.323502e-02 -8.621411e-02 3.567636e-02 -6.125086e-02 -3.951479e-04 1.357665e-02 4.657209e-02 3.133835e-02 -8.080429e-03 -4.604743e-02 -6.308744e-02 -6.042560e-02 -3.543430e-03 5.007225e-02 5.192380e-02 -4.113033e-02 -5.030269e-02 -4.408647e-04
<VARIANCE> 39
 1.075401e+01 9.274361e+01 2.910714e+01 9.321187e+01 2.323104e+01 4.742934e+01 5.177412e+01 2.468955e+01 1.600606e+01 3.836511e+01 1.623660e+01 2.336737e+01 4.407799e-03 7.338579e-01 3.255513e+00 1.603904e+00 4.218403e+00 2.326136e+00 3.601570e+00 2.378355e+00 2.668841e+00 1.602892e+00 3.307471e+00 2.607023e+00 2.273411e+00 1.945825e-04 8.023466e-02 2.274099e-01 1.455714e-01 4.915626e-01 3.839633e-01 6.067331e-01 2.987255e-01 4.631803e-01 3.281862e-01 5.828664e-01 4.997575e-01 4.041635e-01 2.505548e-05
<GCONST> 8.531606e+01
<STATE> 3
<MEAN> 39
 -2.384186e-07 -2.487846e-07 -1.010687e-07 5.183012e-08 -1.243923e-07 -2.902487e-07 -3.213468e-07 -1.140263e-07 6.219615e-08 3.109808e-07 -2.073205e-08 -5.183012e-08 8.781051e-01 -1.243362e-01 -4.697235e-01 -4.660768e-02 1.874681e-01 2.781364e-01 -3.006150e-01 -2.881225e-01 -2.606667e-01 6.323502e-02 -8.621411e-02 3.567636e-02 -6.125086e-02 -3.951479e-04 1.357665e-02 4.657209e-02 3.133835e-02 -8.080429e-03 -4.604743e-02 -6.308744e-02 -6.042560e-02 -3.543430e-03 5.007225e-02 5.192380e-02 -4.113033e-02 -5.030269e-02 -4.408647e-04
<VARIANCE> 39
 1.075401e+01 9.274361e+01 2.910714e+01 9.321187e+01 2.323104e+01 4.742934e+01 5.177412e+01 2.468955e+01 1.600606e+01 3.836511e+01 1.623660e+01 2.336737e+01 4.407799e-03 7.338579e-01 3.255513e+00 1.603904e+00 4.218403e+00 2.326136e+00 3.601570e+00 2.378355e+00 2.668841e+00 1.602892e+00 3.307471e+00 2.607023e+00 2.273411e+00 1.945825e-04 8.023466e-02 2.274099e-01 1.455714e-01 4.915626e-01 3.839633e-01 6.067331e-01 2.987255e-01 4.631803e-01 3.281862e-01 5.828664e-01 4.997575e-01 4.041635e-01 2.505548e-05
<GCONST> 8.531606e+01
<STATE> 4
<MEAN> 39
 -2.384186e-07 -2.487846e-07 -1.010687e-07 5.183012e-08 -1.243923e-07 -2.902487e-07 -3.213468e-07 -1.140263e-07 6.219615e-08 3.109808e-07 -2.073205e-08 -5.183012e-08 8.781051e-01 -1.243362e-01 -4.697235e-01 -4.660768e-02 1.874681e-01 2.781364e-01 -3.006150e-01 -2.881225e-01 -2.606667e-01 6.323502e-02 -8.621411e-02 3.567636e-02 -6.125086e-02 -3.951479e-04 1.357665e-02 4.657209e-02 3.133835e-02 -8.080429e-03 -4.604743e-02 -6.308744e-02 -6.042560e-02 -3.543430e-03 5.007225e-02 5.192380e-02 -4.113033e-02 -5.030269e-02 -4.408647e-04
<VARIANCE> 39
 1.075401e+01 9.274361e+01 2.910714e+01 9.321187e+01 2.323104e+01 4.742934e+01 5.177412e+01 2.468955e+01 1.600606e+01 3.836511e+01 1.623660e+01 2.336737e+01 4.407799e-03 7.338579e-01 3.255513e+00 1.603904e+00 4.218403e+00 2.326136e+00 3.601570e+00 2.378355e+00 2.668841e+00 1.602892e+00 3.307471e+00 2.607023e+00 2.273411e+00 1.945825e-04 8.023466e-02 2.274099e-01 1.455714e-01 4.915626e-01 3.839633e-01 6.067331e-01 2.987255e-01 4.631803e-01 3.281862e-01 5.828664e-01 4.997575e-01 4.041635e-01 2.505548e-05
<GCONST> 8.531606e+01
<STATE> 5
<MEAN> 39
 -2.384186e-07 -2.487846e-07 -1.010687e-07 5.183012e-08 -1.243923e-07 -2.902487e-07 -3.213468e-07 -1.140263e-07 6.219615e-08 3.109808e-07 -2.073205e-08 -5.183012e-08 8.781051e-01 -1.243362e-01 -4.697235e-01 -4.660768e-02 1.874681e-01 2.781364e-01 -3.006150e-01 -2.881225e-01 -2.606667e-01 6.323502e-02 -8.621411e-02 3.567636e-02 -6.125086e-02 -3.951479e-04 1.357665e-02 4.657209e-02 3.133835e-02 -8.080429e-03 -4.604743e-02 -6.308744e-02 -6.042560e-02 -3.543430e-03 5.007225e-02 5.192380e-02 -4.113033e-02 -5.030269e-02 -4.408647e-04
<VARIANCE> 39
 1.075401e+01 9.274361e+01 2.910714e+01 9.321187e+01 2.323104e+01 4.742934e+01 5.177412e+01 2.468955e+01 1.600606e+01 3.836511e+01 1.623660e+01 2.336737e+01 4.407799e-03 7.338579e-01 3.255513e+00 1.603904e+00 4.218403e+00 2.326136e+00 3.601570e+00 2.378355e+00 2.668841e+00 1.602892e+00 3.307471e+00 2.607023e+00 2.273411e+00 1.945825e-04 8.023466e-02 2.274099e-01 1.455714e-01 4.915626e-01 3.839633e-01 6.067331e-01 2.987255e-01 4.631803e-01 3.281862e-01 5.828664e-01 4.997575e-01 4.041635e-01 2.505548e-05
<GCONST> 8.531606e+01
<STATE> 6
<MEAN> 39
 -2.384186e-07 -2.487846e-07 -1.010687e-07 5.183012e-08 -1.243923e-07 -2.902487e-07 -3.213468e-07 -1.140263e-07 6.219615e-08 3.109808e-07 -2.073205e-08 -5.183012e-08 8.781051e-01 -1.243362e-01 -4.697235e-01 -4.660768e-02 1.874681e-01 2.781364e-01 -3.006150e-01 -2.881225e-01 -2.606667e-01 6.323502e-02 -8.621411e-02 3.567636e-02 -6.125086e-02 -3.951479e-04 1.357665e-02 4.657209e-02 3.133835e-02 -8.080429e-03 -4.604743e-02 -6.308744e-02 -6.042560e-02 -3.543430e-03 5.007225e-02 5.192380e-02 -4.113033e-02 -5.030269e-02 -4.408647e-04
<VARIANCE> 39
 1.075401e+01 9.274361e+01 2.910714e+01 9.321187e+01 2.323104e+01 4.742934e+01 5.177412e+01 2.468955e+01 1.600606e+01 3.836511e+01 1.623660e+01 2.336737e+01 4.407799e-03 7.338579e-01 3.255513e+00 1.603904e+00 4.218403e+00 2.326136e+00 3.601570e+00 2.378355e+00 2.668841e+00 1.602892e+00 3.307471e+00 2.607023e+00 2.273411e+00 1.945825e-04 8.023466e-02 2.274099e-01 1.455714e-01 4.915626e-01 3.839633e-01 6.067331e-01 2.987255e-01 4.631803e-01 3.281862e-01 5.828664e-01 4.997575e-01 4.041635e-01 2.505548e-05
<GCONST> 8.531606e+01
<STATE> 7
<MEAN> 39
 -2.384186e-07 -2.487846e-07 -1.010687e-07 5.183012e-08 -1.243923e-07 -2.902487e-07 -3.213468e-07 -1.140263e-07 6.219615e-08 3.109808e-07 -2.073205e-08 -5.183012e-08 8.781051e-01 -1.243362e-01 -4.697235e-01 -4.660768e-02 1.874681e-01 2.781364e-01 -3.006150e-01 -2.881225e-01 -2.606667e-01 6.323502e-02 -8.621411e-02 3.567636e-02 -6.125086e-02 -3.951479e-04 1.357665e-02 4.657209e-02 3.133835e-02 -8.080429e-03 -4.604743e-02 -6.308744e-02 -6.042560e-02 -3.543430e-03 5.007225e-02 5.192380e-02 -4.113033e-02 -5.030269e-02 -4.408647e-04
<VARIANCE> 39
 1.075401e+01 9.274361e+01 2.910714e+01 9.321187e+01 2.323104e+01 4.742934e+01 5.177412e+01 2.468955e+01 1.600606e+01 3.836511e+01 1.623660e+01 2.336737e+01 4.407799e-03 7.338579e-01 3.255513e+00 1.603904e+00 4.218403e+00 2.326136e+00 3.601570e+00 2.378355e+00 2.668841e+00 1.602892e+00 3.307471e+00 2.607023e+00 2.273411e+00 1.945825e-04 8.023466e-02 2.274099e-01 1.455714e-01 4.915626e-01 3.839633e-01 6.067331e-01 2.987255e-01 4.631803e-01 3.281862e-01 5.828664e-01 4.997575e-01 4.041635e-01 2.505548e-05
<GCONST> 8.531606e+01
<STATE> 8
<MEAN> 39
 -2.384186e-07 -2.487846e-07 -1.010687e-07 5.183012e-08 -1.243923e-07 -2.902487e-07 -3.213468e-07 -1.140263e-07 6.219615e-08 3.109808e-07 -2.073205e-08 -5.183012e-08 8.781051e-01 -1.243362e-01 -4.697235e-01 -4.660768e-02 1.874681e-01 2.781364e-01 -3.006150e-01 -2.881225e-01 -2.606667e-01 6.323502e-02 -8.621411e-02 3.567636e-02 -6.125086e-02 -3.951479e-04 1.357665e-02 4.657209e-02 3.133835e-02 -8.080429e-03 -4.604743e-02 -6.308744e-02 -6.042560e-02 -3.543430e-03 5.007225e-02 5.192380e-02 -4.113033e-02 -5.030269e-02 -4.408647e-04
<VARIANCE> 39
 1.075401e+01 9.274361e+01 2.910714e+01 9.321187e+01 2.323104e+01 4.742934e+01 5.177412e+01 2.468955e+01 1.600606e+01 3.836511e+01 1.623660e+01 2.336737e+01 4.407799e-03 7.338579e-01 3.255513e+00 1.603904e+00 4.218403e+00 2.326136e+00 3.601570e+00 2.378355e+00 2.668841e+00 1.602892e+00 3.307471e+00 2.607023e+00 2.273411e+00 1.945825e-04 8.023466e-02 2.274099e-01 1.455714e-01 4.915626e-01 3.839633e-01 6.067331e-01 2.987255e-01 4.631803e-01 3.281862e-01 5.828664e-01 4.997575e-01 4.041635e-01 2.505548e-05
<GCONST> 8.531606e+01
<STATE> 9
<MEAN> 39
 -2.384186e-07 -2.487846e-07 -1.010687e-07 5.183012e-08 -1.243923e-07 -2.902487e-07 -3.213468e-07 -1.140263e-07 6.219615e-08 3.109808e-07 -2.073205e-08 -5.183012e-08 8.781051e-01 -1.243362e-01 -4.697235e-01 -4.660768e-02 1.874681e-01 2.781364e-01 -3.006150e-01 -2.881225e-01 -2.606667e-01 6.323502e-02 -8.621411e-02 3.567636e-02 -6.125086e-02 -3.951479e-04 1.357665e-02 4.657209e-02 3.133835e-02 -8.080429e-03 -4.604743e-02 -6.308744e-02 -6.042560e-02 -3.543430e-03 5.007225e-02 5.192380e-02 -4.113033e-02 -5.030269e-02 -4.408647e-04
<VARIANCE> 39
 1.075401e+01 9.274361e+01 2.910714e+01 9.321187e+01 2.323104e+01 4.742934e+01 5.177412e+01 2.468955e+01 1.600606e+01 3.836511e+01 1.623660e+01 2.336737e+01 4.407799e-03 7.338579e-01 3.255513e+00 1.603904e+00 4.218403e+00 2.326136e+00 3.601570e+00 2.378355e+00 2.668841e+00 1.602892e+00 3.307471e+00 2.607023e+00 2.273411e+00 1.945825e-04 8.023466e-02 2.274099e-01 1.455714e-01 4.915626e-01 3.839633e-01 6.067331e-01 2.987255e-01 4.631803e-01 3.281862e-01 5.828664e-01 4.997575e-01 4.041635e-01 2.505548e-05
<GCONST> 8.531606e+01
<TRANSP> 10
 0.000000e+00 1.000000e+00 0.000000e+00 0.000000e+00 0.000000e+00 0.000000e+00 0.000000e+00 0.000000e+00 0.000000e+00 0.000000e+00
 0.000000e+00 9.000000e-01 9.999999e-02 0.000000e+00 0.000000e+00 0.000000e+00 0.000000e+00 0.000000e+00 0.000000e+00 0.000000e+00
 0.000000e+00 0.000000e+00 9.000000e-01 9.999999e-02 0.000000e+00 0.000000e+00 0.000000e+00 0.000000e+00 0.000000e+00 0.000000e+00
 0.000000e+00 0.000000e+00 0.000000e+00 9.000000e-01 9.999999e-02 0.000000e+00 0.000000e+00 0.000000e+00 0.000000e+00 0.000000e+00
 0.000000e+00 0.000000e+00 0.000000e+00 0.000000e+00 9.000000e-01 9.999999e-02 0.000000e+00 0.000000e+00 0.000000e+00 0.000000e+00
 0.000000e+00 0.000000e+00 0.000000e+00 0.000000e+00 0.000000e+00 9.000000e-01 9.999999e-02 0.000000e+00 0.000000e+00 0.000000e+00
 0.000000e+00 0.000000e+00 0.000000e+00 0.000000e+00 0.000000e+00 0.000000e+00 9.000000e-01 9.999999e-02 0.000000e+00 0.000000e+00
 0.000000e+00 0.000000e+00 0.000000e+00 0.000000e+00 0.000000e+00 0.000000e+00 0.000000e+00 9.000000e-01 9.999999e-02 0.000000e+00
 0.000000e+00 0.000000e+00 0.000000e+00 0.000000e+00 0.000000e+00 0.000000e+00 0.000000e+00 0.000000e+00 9.000000e-01 9.999999e-02
 0.000000e+00 0.000000e+00 0.000000e+00 0.000000e+00 0.000000e+00 0.000000e+00 0.000000e+00 0.000000e+00 0.000000e+00 0.000000e+00
<ENDHMM>
