~o
<STREAMINFO> 1 39
<VECSIZE> 39<NULLD><MFCC_E_D_A_Z><DIAGC>
~h "s002"
<BEGINHMM>
<NUMSTATES> 10
<STATE> 2
<MEAN> 39
 -2.902487e-07 1.140263e-07 2.902487e-07 -1.451243e-07 -1.451243e-07 -4.146410e-08 -1.865885e-07 -6.012295e-07 -1.762224e-07 3.524449e-07 2.073205e-08 -1.399413e-07 7.990732e-01 -2.632608e-01 -3.056398e-01 3.466082e-01 1.989075e-01 4.064099e-01 2.473328e-01 -1.319879e-01 -1.684288e-01 -1.455964e-01 1.735262e-01 -1.600976e-01 8.268944e-02 -4.004555e-03 -9.184228e-03 9.737389e-03 9.818135e-02 5.701747e-02 1.148634e-02 7.370853e-03 -5.919884e-02 5.802700e-02 -3.585069e-02 2.025869e-02 -9.620384e-03 3.556194e-02 -9.242750e-04
<VARIANCE> 39
 2.187519e+01 4.137685e+01 6.018773e+01 3.296131e+01 3.754994e+01 5.707047e+01 3.114047e+01 4.787933e+01 9.779932e+01 4.600376e+01 2.407364e+01 1.980862e+01 2.504884e-02 1.898402e+00 3.036988e+00 3.270124e+00 3.413363e+00 3.701708e+00 4.662132e+00 2.958369e+00 2.652203e+00 9.521665e+00 4.181127e+00 2.652577e+00 3.140382e+00 2.042433e-03 3.203170e-01 4.072657e-01 4.116381e-01 5.646107e-01 6.434504e-01 7.079595e-01 4.922305e-01 4.824703e-01 1.559281e+00 8.273057e-01 5.224169e-01 7.102345e-01 2.536021e-04
<GCONST> 1.058938e+02
<STATE> 3
<MEAN> 39
 -2.902487e-07 1.140263e-07 2.902487e-07 -1.451243e-07 -1.451243e-07 -4.146410e-08 -1.865885e-07 -6.012295e-07 -1.762224e-07 3.524449e-07 2.073205e-08 -1.399413e-07 7.990732e-01 -2.632608e-01 -3.056398e-01 3.466082e-01 1.989075e-01 4.064099e-01 2.473328e-01 -1.319879e-01 -1.684288e-01 -1.455964e-01 1.735262e-01 -1.600976e-01 8.268944e-02 -4.004555e-03 -9.184228e-03 9.737389e-03 9.818135e-02 5.701747e-02 1.148634e-02 7.370853e-03 -5.919884e-02 5.802700e-02 -3.585069e-02 2.025869e-02 -9.620384e-03 3.556194e-02 -9.242750e-04
<VARIANCE> 39
 2.187519e+01 4.137685e+01 6.018773e+01 3.296131e+01 3.754994e+01 5.707047e+01 3.114047e+01 4.787933e+01 9.779932e+01 4.600376e+01 2.407364e+01 1.980862e+01 2.504884e-02 1.898402e+00 3.036988e+00 3.270124e+00 3.413363e+00 3.701708e+00 4.662132e+00 2.958369e+00 2.652203e+00 9.521665e+00 4.181127e+00 2.652577e+00 3.140382e+00 2.042433e-03 3.203170e-01 4.072657e-01 4.116381e-01 5.646107e-01 6.434504e-01 7.079595e-01 4.922305e-01 4.824703e-01 1.559281e+00 8.273057e-01 5.224169e-01 7.102345e-01 2.536021e-04
<GCONST> 1.058938e+02
<STATE> 4
<MEAN> 39
 -2.902487e-07 1.140263e-07 2.902487e-07 -1.451243e-07 -1.451243e-07 -4.146410e-08 -1.865885e-07 -6.012295e-07 -1.762224e-07 3.524449e-07 2.073205e-08 -1.399413e-07 7.990732e-01 -2.632608e-01 -3.056398e-01 3.466082e-01 1.989075e-01 4.064099e-01 2.473328e-01 -1.319879e-01 -1.684288e-01 -1.455964e-01 1.735262e-01 -1.600976e-01 8.268944e-02 -4.004555e-03 -9.184228e-03 9.737389e-03 9.818135e-02 5.701747e-02 1.148634e-02 7.370853e-03 -5.919884e-02 5.802700e-02 -3.585069e-02 2.025869e-02 -9.620384e-03 3.556194e-02 -9.242750e-04
<VARIANCE> 39
 2.187519e+01 4.137685e+01 6.018773e+01 3.296131e+01 3.754994e+01 5.707047e+01 3.114047e+01 4.787933e+01 9.779932e+01 4.600376e+01 2.407364e+01 1.980862e+01 2.504884e-02 1.898402e+00 3.036988e+00 3.270124e+00 3.413363e+00 3.701708e+00 4.662132e+00 2.958369e+00 2.652203e+00 9.521665e+00 4.181127e+00 2.652577e+00 3.140382e+00 2.042433e-03 3.203170e-01 4.072657e-01 4.116381e-01 5.646107e-01 6.434504e-01 7.079595e-01 4.922305e-01 4.824703e-01 1.559281e+00 8.273057e-01 5.224169e-01 7.102345e-01 2.536021e-04
<GCONST> 1.058938e+02
<STATE> 5
<MEAN> 39
 -2.902487e-07 1.140263e-07 2.902487e-07 -1.451243e-07 -1.451243e-07 -4.146410e-08 -1.865885e-07 -6.012295e-07 -1.762224e-07 3.524449e-07 2.073205e-08 -1.399413e-07 7.990732e-01 -2.632608e-01 -3.056398e-01 3.466082e-01 1.989075e-01 4.064099e-01 2.473328e-01 -1.319879e-01 -1.684288e-01 -1.455964e-01 1.735262e-01 -1.600976e-01 8.268944e-02 -4.004555e-03 -9.184228e-03 9.737389e-03 9.818135e-02 5.701747e-02 1.148634e-02 7.370853e-03 -5.919884e-02 5.802700e-02 -3.585069e-02 2.025869e-02 -9.620384e-03 3.556194e-02 -9.242750e-04
<VARIANCE> 39
 2.187519e+01 4.137685e+01 6.018773e+01 3.296131e+01 3.754994e+01 5.707047e+01 3.114047e+01 4.787933e+01 9.779932e+01 4.600376e+01 2.407364e+01 1.980862e+01 2.504884e-02 1.898402e+00 3.036988e+00 3.270124e+00 3.413363e+00 3.701708e+00 4.662132e+00 2.958369e+00 2.652203e+00 9.521665e+00 4.181127e+00 2.652577e+00 3.140382e+00 2.042433e-03 3.203170e-01 4.072657e-01 4.116381e-01 5.646107e-01 6.434504e-01 7.079595e-01 4.922305e-01 4.824703e-01 1.559281e+00 8.273057e-01 5.224169e-01 7.102345e-01 2.536021e-04
<GCONST> 1.058938e+02
<STATE> 6
<MEAN> 39
 -2.902487e-07 1.140263e-07 2.902487e-07 -1.451243e-07 -1.451243e-07 -4.146410e-08 -1.865885e-07 -6.012295e-07 -1.762224e-07 3.524449e-07 2.073205e-08 -1.399413e-07 7.990732e-01 -2.632608e-01 -3.056398e-01 3.466082e-01 1.989075e-01 4.064099e-01 2.473328e-01 -1.319879e-01 -1.684288e-01 -1.455964e-01 1.735262e-01 -1.600976e-01 8.268944e-02 -4.004555e-03 -9.184228e-03 9.737389e-03 9.818135e-02 5.701747e-02 1.148634e-02 7.370853e-03 -5.919884e-02 5.802700e-02 -3.585069e-02 2.025869e-02 -9.620384e-03 3.556194e-02 -9.242750e-04
<VARIANCE> 39
 2.187519e+01 4.137685e+01 6.018773e+01 3.296131e+01 3.754994e+01 5.707047e+01 3.114047e+01 4.787933e+01 9.779932e+01 4.600376e+01 2.407364e+01 1.980862e+01 2.504884e-02 1.898402e+00 3.036988e+00 3.270124e+00 3.413363e+00 3.701708e+00 4.662132e+00 2.958369e+00 2.652203e+00 9.521665e+00 4.181127e+00 2.652577e+00 3.140382e+00 2.042433e-03 3.203170e-01 4.072657e-01 4.116381e-01 5.646107e-01 6.434504e-01 7.079595e-01 4.922305e-01 4.824703e-01 1.559281e+00 8.273057e-01 5.224169e-01 7.102345e-01 2.536021e-04
<GCONST> 1.058938e+02
<STATE> 7
<MEAN> 39
 -2.902487e-07 1.140263e-07 2.902487e-07 -1.451243e-07 -1.451243e-07 -4.146410e-08 -1.865885e-07 -6.012295e-07 -1.762224e-07 3.524449e-07 2.073205e-08 -1.399413e-07 7.990732e-01 -2.632608e-01 -3.056398e-01 3.466082e-01 1.989075e-01 4.064099e-01 2.473328e-01 -1.319879e-01 -1.684288e-01 -1.455964e-01 1.735262e-01 -1.600976e-01 8.268944e-02 -4.004555e-03 -9.184228e-03 9.737389e-03 9.818135e-02 5.701747e-02 1.148634e-02 7.370853e-03 -5.919884e-02 5.802700e-02 -3.585069e-02 2.025869e-02 -9.620384e-03 3.556194e-02 -9.242750e-04
<VARIANCE> 39
 2.187519e+01 4.137685e+01 6.018773e+01 3.296131e+01 3.754994e+01 5.707047e+01 3.114047e+01 4.787933e+01 9.779932e+01 4.600376e+01 2.407364e+01 1.980862e+01 2.504884e-02 1.898402e+00 3.036988e+00 3.270124e+00 3.413363e+00 3.701708e+00 4.662132e+00 2.958369e+00 2.652203e+00 9.521665e+00 4.181127e+00 2.652577e+00 3.140382e+00 2.042433e-03 3.203170e-01 4.072657e-01 4.116381e-01 5.646107e-01 6.434504e-01 7.079595e-01 4.922305e-01 4.824703e-01 1.559281e+00 8.273057e-01 5.224169e-01 7.102345e-01 2.536021e-04
<GCONST> 1.058938e+02
<STATE> 8
<MEAN> 39
 -2.902487e-07 1.140263e-07 2.902487e-07 -1.451243e-07 -1.451243e-07 -4.146410e-08 -1.865885e-07 -6.012295e-07 -1.762224e-07 3.524449e-07 2.073205e-08 -1.399413e-07 7.990732e-01 -2.632608e-01 -3.056398e-01 3.466082e-01 1.989075e-01 4.064099e-01 2.473328e-01 -1.319879e-01 -1.684288e-01 -1.455964e-01 1.735262e-01 -1.600976e-01 8.268944e-02 -4.004555e-03 -9.184228e-03 9.737389e-03 9.818135e-02 5.701747e-02 1.148634e-02 7.370853e-03 -5.919884e-02 5.802700e-02 -3.585069e-02 2.025869e-02 -9.620384e-03 3.556194e-02 -9.242750e-04
<VARIANCE> 39
 2.187519e+01 4.137685e+01 6.018773e+01 3.296131e+01 3.754994e+01 5.707047e+01 3.114047e+01 4.787933e+01 9.779932e+01 4.600376e+01 2.407364e+01 1.980862e+01 2.504884e-02 1.898402e+00 3.036988e+00 3.270124e+00 3.413363e+00 3.701708e+00 4.662132e+00 2.958369e+00 2.652203e+00 9.521665e+00 4.181127e+00 2.652577e+00 3.140382e+00 2.042433e-03 3.203170e-01 4.072657e-01 4.116381e-01 5.646107e-01 6.434504e-01 7.079595e-01 4.922305e-01 4.824703e-01 1.559281e+00 8.273057e-01 5.224169e-01 7.102345e-01 2.536021e-04
<GCONST> 1.058938e+02
<STATE> 9
<MEAN> 39
 -2.902487e-07 1.140263e-07 2.902487e-07 -1.451243e-07 -1.451243e-07 -4.146410e-08 -1.865885e-07 -6.012295e-07 -1.762224e-07 3.524449e-07 2.073205e-08 -1.399413e-07 7.990732e-01 -2.632608e-01 -3.056398e-01 3.466082e-01 1.989075e-01 4.064099e-01 2.473328e-01 -1.319879e-01 -1.684288e-01 -1.455964e-01 1.735262e-01 -1.600976e-01 8.268944e-02 -4.004555e-03 -9.184228e-03 9.737389e-03 9.818135e-02 5.701747e-02 1.148634e-02 7.370853e-03 -5.919884e-02 5.802700e-02 -3.585069e-02 2.025869e-02 -9.620384e-03 3.556194e-02 -9.242750e-04
<VARIANCE> 39
 2.187519e+01 4.137685e+01 6.018773e+01 3.296131e+01 3.754994e+01 5.707047e+01 3.114047e+01 4.787933e+01 9.779932e+01 4.600376e+01 2.407364e+01 1.980862e+01 2.504884e-02 1.898402e+00 3.036988e+00 3.270124e+00 3.413363e+00 3.701708e+00 4.662132e+00 2.958369e+00 2.652203e+00 9.521665e+00 4.181127e+00 2.652577e+00 3.140382e+00 2.042433e-03 3.203170e-01 4.072657e-01 4.116381e-01 5.646107e-01 6.434504e-01 7.079595e-01 4.922305e-01 4.824703e-01 1.559281e+00 8.273057e-01 5.224169e-01 7.102345e-01 2.536021e-04
<GCONST> 1.058938e+02
<TRANSP> 10
 0.000000e+00 1.000000e+00 0.000000e+00 0.000000e+00 0.000000e+00 0.000000e+00 0.000000e+00 0.000000e+00 0.000000e+00 0.000000e+00
 0.000000e+00 9.000000e-01 9.999999e-02 0.000000e+00 0.000000e+00 0.000000e+00 0.000000e+00 0.000000e+00 0.000000e+00 0.000000e+00
 0.000000e+00 0.000000e+00 9.000000e-01 9.999999e-02 0.000000e+00 0.000000e+00 0.000000e+00 0.000000e+00 0.000000e+00 0.000000e+00
 0.000000e+00 0.000000e+00 0.000000e+00 9.000000e-01 9.999999e-02 0.000000e+00 0.000000e+00 0.000000e+00 0.000000e+00 0.000000e+00
 0.000000e+00 0.000000e+00 0.000000e+00 0.000000e+00 9.000000e-01 9.999999e-02 0.000000e+00 0.000000e+00 0.000000e+00 0.000000e+00
 0.000000e+00 0.000000e+00 0.000000e+00 0.000000e+00 0.000000e+00 9.000000e-01 9.999999e-02 0.000000e+00 0.000000e+00 0.000000e+00
 0.000000e+00 0.000000e+00 0.000000e+00 0.000000e+00 0.000000e+00 0.000000e+00 9.000000e-01 9.999999e-02 0.000000e+00 0.000000e+00
 0.000000e+00 0.000000e+00 0.000000e+00 0.000000e+00 0.000000e+00 0.000000e+00 0.000000e+00 9.000000e-01 9.999999e-02 0.000000e+00
 0.000000e+00 0.000000e+00 0.000000e+00 0.000000e+00 0.000000e+00 0.000000e+00 0.000000e+00 0.000000e+00 9.000000e-01 9.999999e-02
 0.000000e+00 0.000000e+00 0.000000e+00 0.000000e+00 0.000000e+00 0.000000e+00 0.000000e+00 0.000000e+00 0.000000e+00 0.000000e+00
<ENDHMM>
