~o
<STREAMINFO> 1 39
<VECSIZE> 39<NULLD><MFCC_E_D_A_Z><DIAGC>
~h "s004"
<BEGINHMM>
<NUMSTATES> 10
<STATE> 2
<MEAN> 39
 5.275645e-07 -1.420366e-07 -4.869826e-07 6.087283e-08 1.521821e-08 3.449460e-07 2.029094e-08 -1.826185e-07 -5.072736e-08 -3.043641e-07 -9.638198e-08 2.029094e-08 7.420875e-01 -7.581065e-02 -4.520141e-01 -1.692971e-01 3.323155e-01 2.239287e-01 -1.002624e-01 -1.250883e-01 -9.752658e-03 1.789075e-02 8.950473e-02 2.182010e-01 1.340875e-01 -1.425799e-03 -1.131699e-02 3.228618e-02 4.042407e-02 1.133348e-02 -5.294706e-02 -2.470134e-02 -1.826289e-01 3.107755e-02 -2.707871e-02 5.453625e-02 -4.359526e-02 1.157787e-02 -1.374444e-03
<VARIANCE> 39
 2.470437e+01 6.438178e+01 4.659642e+01 5.279445e+01 3.594786e+01 7.560983e+01 4.748309e+01 2.139466e+01 3.448029e+01 4.528552e+01 2.372743e+01 2.515389e+01 1.733728e-02 8.823152e-01 2.421014e+00 4.243111e+00 4.474485e+00 3.138603e+00 4.304673e+00 5.201508e+00 1.970373e+00 2.456963e+00 3.160847e+00 3.866915e+00 2.812147e+00 1.559181e-03 7.803041e-02 2.464297e-01 6.200897e-01 7.821547e-01 3.789165e-01 5.635864e-01 8.401164e-01 3.213747e-01 4.046288e-01 4.827887e-01 7.510255e-01 4.914459e-01 1.788796e-04
<GCONST> 9.919749e+01
<STATE> 3
<MEAN> 39
 5.275645e-07 -1.420366e-07 -4.869826e-07 6.087283e-08 1.521821e-08 3.449460e-07 2.029094e-08 -1.826185e-07 -5.072736e-08 -3.043641e-07 -9.638198e-08 2.029094e-08 7.420875e-01 -7.581065e-02 -4.520141e-01 -1.692971e-01 3.323155e-01 2.239287e-01 -1.002624e-01 -1.250883e-01 -9.752658e-03 1.789075e-02 8.950473e-02 2.182010e-01 1.340875e-01 -1.425799e-03 -1.131699e-02 3.228618e-02 4.042407e-02 1.133348e-02 -5.294706e-02 -2.470134e-02 -1.826289e-01 3.107755e-02 -2.707871e-02 5.453625e-02 -4.359526e-02 1.157787e-02 -1.374444e-03
<VARIANCE> 39
 2.470437e+01 6.438178e+01 4.659642e+01 5.279445e+01 3.594786e+01 7.560983e+01 4.748309e+01 2.139466e+01 3.448029e+01 4.528552e+01 2.372743e+01 2.515389e+01 1.733728e-02 8.823152e-01 2.421014e+00 4.243111e+00 4.474485e+00 3.138603e+00 4.304673e+00 5.201508e+00 1.970373e+00 2.456963e+00 3.160847e+00 3.866915e+00 2.812147e+00 1.559181e-03 7.803041e-02 2.464297e-01 6.200897e-01 7.821547e-01 3.789165e-01 5.635864e-01 8.401164e-01 3.213747e-01 4.046288e-01 4.827887e-01 7.510255e-01 4.914459e-01 1.788796e-04
<GCONST> 9.919749e+01
<STATE> 4
<MEAN> 39
 5.275645e-07 -1.420366e-07 -4.869826e-07 6.087283e-08 1.521821e-08 3.449460e-07 2.029094e-08 -1.826185e-07 -5.072736e-08 -3.043641e-07 -9.638198e-08 2.029094e-08 7.420875e-01 -7.581065e-02 -4.520141e-01 -1.692971e-01 3.323155e-01 2.239287e-01 -1.002624e-01 -1.250883e-01 -9.752658e-03 1.789075e-02 8.950473e-02 2.182010e-01 1.340875e-01 -1.425799e-03 -1.131699e-02 3.228618e-02 4.042407e-02 1.133348e-02 -5.294706e-02 -2.470134e-02 -1.826289e-01 3.107755e-02 -2.707871e-02 5.453625e-02 -4.359526e-02 1.157787e-02 -1.374444e-03
<VARIANCE> 39
 2.470437e+01 6.438178e+01 4.659642e+01 5.279445e+01 3.594786e+01 7.560983e+01 4.748309e+01 2.139466e+01 3.448029e+01 4.528552e+01 2.372743e+01 2.515389e+01 1.733728e-02 8.823152e-01 2.421014e+00 4.243111e+00 4.474485e+00 3.138603e+00 4.304673e+00 5.201508e+00 1.970373e+00 2.456963e+00 3.160847e+00 3.866915e+00 2.812147e+00 1.559181e-03 7.803041e-02 2.464297e-01 6.200897e-01 7.821547e-01 3.789165e-01 5.635864e-01 8.401164e-01 3.213747e-01 4.046288e-01 4.827887e-01 7.510255e-01 4.914459e-01 1.788796e-04
<GCONST> 9.919749e+01
<STATE> 5
<MEAN> 39
 5.275645e-07 -1.420366e-07 -4.869826e-07 6.087283e-08 1.521821e-08 3.449460e-07 2.029094e-08 -1.826185e-07 -5.072736e-08 -3.043641e-07 -9.638198e-08 2.029094e-08 7.420875e-01 -7.581065e-02 -4.520141e-01 -1.692971e-01 3.323155e-01 2.239287e-01 -1.002624e-01 -1.250883e-01 -9.752658e-03 1.789075e-02 8.950473e-02 2.182010e-01 1.340875e-01 -1.425799e-03 -1.131699e-02 3.228618e-02 4.042407e-02 1.133348e-02 -5.294706e-02 -2.470134e-02 -1.826289e-01 3.107755e-02 -2.707871e-02 5.453625e-02 -4.359526e-02 1.157787e-02 -1.374444e-03
<VARIANCE> 39
 2.470437e+01 6.438178e+01 4.659642e+01 5.279445e+01 3.594786e+01 7.560983e+01 4.748309e+01 2.139466e+01 3.448029e+01 4.528552e+01 2.372743e+01 2.515389e+01 1.733728e-02 8.823152e-01 2.421014e+00 4.243111e+00 4.474485e+00 3.138603e+00 4.304673e+00 5.201508e+00 1.970373e+00 2.456963e+00 3.160847e+00 3.866915e+00 2.812147e+00 1.559181e-03 7.803041e-02 2.464297e-01 6.200897e-01 7.821547e-01 3.789165e-01 5.635864e-01 8.401164e-01 3.213747e-01 4.046288e-01 4.827887e-01 7.510255e-01 4.914459e-01 1.788796e-04
<GCONST> 9.919749e+01
<STATE> 6
<MEAN> 39
 5.275645e-07 -1.420366e-07 -4.869826e-07 6.087283e-08 1.521821e-08 3.449460e-07 2.029094e-08 -1.826185e-07 -5.072736e-08 -3.043641e-07 -9.638198e-08 2.029094e-08 7.420875e-01 -7.581065e-02 -4.520141e-01 -1.692971e-01 3.323155e-01 2.239287e-01 -1.002624e-01 -1.250883e-01 -9.752658e-03 1.789075e-02 8.950473e-02 2.182010e-01 1.340875e-01 -1.425799e-03 -1.131699e-02 3.228618e-02 4.042407e-02 1.133348e-02 -5.294706e-02 -2.470134e-02 -1.826289e-01 3.107755e-02 -2.707871e-02 5.453625e-02 -4.359526e-02 1.157787e-02 -1.374444e-03
<VARIANCE> 39
 2.470437e+01 6.438178e+01 4.659642e+01 5.279445e+01 3.594786e+01 7.560983e+01 4.748309e+01 2.139466e+01 3.448029e+01 4.528552e+01 2.372743e+01 2.515389e+01 1.733728e-02 8.823152e-01 2.421014e+00 4.243111e+00 4.474485e+00 3.138603e+00 4.304673e+00 5.201508e+00 1.970373e+00 2.456963e+00 3.160847e+00 3.866915e+00 2.812147e+00 1.559181e-03 7.803041e-02 2.464297e-01 6.200897e-01 7.821547e-01 3.789165e-01 5.635864e-01 8.401164e-01 3.213747e-01 4.046288e-01 4.827887e-01 7.510255e-01 4.914459e-01 1.788796e-04
<GCONST> 9.919749e+01
<STATE> 7
<MEAN> 39
 5.275645e-07 -1.420366e-07 -4.869826e-07 6.087283e-08 1.521821e-08 3.449460e-07 2.029094e-08 -1.826185e-07 -5.072736e-08 -3.043641e-07 -9.638198e-08 2.029094e-08 7.420875e-01 -7.581065e-02 -4.520141e-01 -1.692971e-01 3.323155e-01 2.239287e-01 -1.002624e-01 -1.250883e-01 -9.752658e-03 1.789075e-02 8.950473e-02 2.182010e-01 1.340875e-01 -1.425799e-03 -1.131699e-02 3.228618e-02 4.042407e-02 1.133348e-02 -5.294706e-02 -2.470134e-02 -1.826289e-01 3.107755e-02 -2.707871e-02 5.453625e-02 -4.359526e-02 1.157787e-02 -1.374444e-03
<VARIANCE> 39
 2.470437e+01 6.438178e+01 4.659642e+01 5.279445e+01 3.594786e+01 7.560983e+01 4.748309e+01 2.139466e+01 3.448029e+01 4.528552e+01 2.372743e+01 2.515389e+01 1.733728e-02 8.823152e-01 2.421014e+00 4.243111e+00 4.474485e+00 3.138603e+00 4.304673e+00 5.201508e+00 1.970373e+00 2.456963e+00 3.160847e+00 3.866915e+00 2.812147e+00 1.559181e-03 7.803041e-02 2.464297e-01 6.200897e-01 7.821547e-01 3.789165e-01 5.635864e-01 8.401164e-01 3.213747e-01 4.046288e-01 4.827887e-01 7.510255e-01 4.914459e-01 1.788796e-04
<GCONST> 9.919749e+01
<STATE> 8
<MEAN> 39
 5.275645e-07 -1.420366e-07 -4.869826e-07 6.087283e-08 1.521821e-08 3.449460e-07 2.029094e-08 -1.826185e-07 -5.072736e-08 -3.043641e-07 -9.638198e-08 2.029094e-08 7.420875e-01 -7.581065e-02 -4.520141e-01 -1.692971e-01 3.323155e-01 2.239287e-01 -1.002624e-01 -1.250883e-01 -9.752658e-03 1.789075e-02 8.950473e-02 2.182010e-01 1.340875e-01 -1.425799e-03 -1.131699e-02 3.228618e-02 4.042407e-02 1.133348e-02 -5.294706e-02 -2.470134e-02 -1.826289e-01 3.107755e-02 -2.707871e-02 5.453625e-02 -4.359526e-02 1.157787e-02 -1.374444e-03
<VARIANCE> 39
 2.470437e+01 6.438178e+01 4.659642e+01 5.279445e+01 3.594786e+01 7.560983e+01 4.748309e+01 2.139466e+01 3.448029e+01 4.528552e+01 2.372743e+01 2.515389e+01 1.733728e-02 8.823152e-01 2.421014e+00 4.243111e+00 4.474485e+00 3.138603e+00 4.304673e+00 5.201508e+00 1.970373e+00 2.456963e+00 3.160847e+00 3.866915e+00 2.812147e+00 1.559181e-03 7.803041e-02 2.464297e-01 6.200897e-01 7.821547e-01 3.789165e-01 5.635864e-01 8.401164e-01 3.213747e-01 4.046288e-01 4.827887e-01 7.510255e-01 4.914459e-01 1.788796e-04
<GCONST> 9.919749e+01
<STATE> 9
<MEAN> 39
 5.275645e-07 -1.420366e-07 -4.869826e-07 6.087283e-08 1.521821e-08 3.449460e-07 2.029094e-08 -1.826185e-07 -5.072736e-08 -3.043641e-07 -9.638198e-08 2.029094e-08 7.420875e-01 -7.581065e-02 -4.520141e-01 -1.692971e-01 3.323155e-01 2.239287e-01 -1.002624e-01 -1.250883e-01 -9.752658e-03 1.789075e-02 8.950473e-02 2.182010e-01 1.340875e-01 -1.425799e-03 -1.131699e-02 3.228618e-02 4.042407e-02 1.133348e-02 -5.294706e-02 -2.470134e-02 -1.826289e-01 3.107755e-02 -2.707871e-02 5.453625e-02 -4.359526e-02 1.157787e-02 -1.374444e-03
<VARIANCE> 39
 2.470437e+01 6.438178e+01 4.659642e+01 5.279445e+01 3.594786e+01 7.560983e+01 4.748309e+01 2.139466e+01 3.448029e+01 4.528552e+01 2.372743e+01 2.515389e+01 1.733728e-02 8.823152e-01 2.421014e+00 4.243111e+00 4.474485e+00 3.138603e+00 4.304673e+00 5.201508e+00 1.970373e+00 2.456963e+00 3.160847e+00 3.866915e+00 2.812147e+00 1.559181e-03 7.803041e-02 2.464297e-01 6.200897e-01 7.821547e-01 3.789165e-01 5.635864e-01 8.401164e-01 3.213747e-01 4.046288e-01 4.827887e-01 7.510255e-01 4.914459e-01 1.788796e-04
<GCONST> 9.919749e+01
<TRANSP> 10
 0.000000e+00 1.000000e+00 0.000000e+00 0.000000e+00 0.000000e+00 0.000000e+00 0.000000e+00 0.000000e+00 0.000000e+00 0.000000e+00
 0.000000e+00 9.000000e-01 9.999999e-02 0.000000e+00 0.000000e+00 0.000000e+00 0.000000e+00 0.000000e+00 0.000000e+00 0.000000e+00
 0.000000e+00 0.000000e+00 9.000000e-01 9.999999e-02 0.000000e+00 0.000000e+00 0.000000e+00 0.000000e+00 0.000000e+00 0.000000e+00
 0.000000e+00 0.000000e+00 0.000000e+00 9.000000e-01 9.999999e-02 0.000000e+00 0.000000e+00 0.000000e+00 0.000000e+00 0.000000e+00
 0.000000e+00 0.000000e+00 0.000000e+00 0.000000e+00 9.000000e-01 9.999999e-02 0.000000e+00 0.000000e+00 0.000000e+00 0.000000e+00
 0.000000e+00 0.000000e+00 0.000000e+00 0.000000e+00 0.000000e+00 9.000000e-01 9.999999e-02 0.000000e+00 0.000000e+00 0.000000e+00
 0.000000e+00 0.000000e+00 0.000000e+00 0.000000e+00 0.000000e+00 0.000000e+00 9.000000e-01 9.999999e-02 0.000000e+00 0.000000e+00
 0.000000e+00 0.000000e+00 0.000000e+00 0.000000e+00 0.000000e+00 0.000000e+00 0.000000e+00 9.000000e-01 9.999999e-02 0.000000e+00
 0.000000e+00 0.000000e+00 0.000000e+00 0.000000e+00 0.000000e+00 0.000000e+00 0.000000e+00 0.000000e+00 9.000000e-01 9.999999e-02
 0.000000e+00 0.000000e+00 0.000000e+00 0.000000e+00 0.000000e+00 0.000000e+00 0.000000e+00 0.000000e+00 0.000000e+00 0.000000e+00
<ENDHMM>
