~o
<STREAMINFO> 1 39
<VECSIZE> 39<NULLD><MFCC_E_D_A_Z><DIAGC>
~h "s006"
<BEGINHMM>
<NUMSTATES> 10
<STATE> 2
<MEAN> 39
 5.383645e-07 -2.307277e-07 -1.076729e-07 -4.306916e-07 8.460014e-08 -7.690922e-07 8.460014e-08 -1.999640e-07 -9.229106e-08 -2.307277e-07 -7.690922e-09 2.922550e-07 7.401758e-01 -5.899162e-02 -7.707699e-03 1.226184e-01 1.168139e-01 3.898923e-02 1.896224e-01 8.588252e-02 1.351471e-02 -3.175959e-03 -6.208118e-02 3.111199e-02 -8.875612e-04 -4.574632e-03 1.580190e-02 3.962120e-02 3.573820e-02 1.076033e-02 -1.177766e-02 8.897943e-02 -6.162683e-02 -4.877290e-02 -1.577141e-02 5.879600e-03 -2.006491e-02 -3.100369e-02 -7.224604e-04
<VARIANCE> 39
 3.729269e+01 3.969644e+01 1.169191e+01 6.870806e+01 2.037029e+01 6.240496e+01 2.686295e+01 3.517031e+01 3.130624e+01 3.634282e+01 4.598457e+01 6.488380e+01 3.213586e-02 1.351241e+00 1.569897e+00 9.036757e-01 4.039049e+00 1.622800e+00 7.268570e+00 3.244322e+00 3.730053e+00 3.270704e+00 5.086178e+00 5.716464e+00 4.503397e+00 1.418678e-03 1.450901e-01 1.660418e-01 1.428580e-01 4.157270e-01 3.268684e-01 1.360490e+00 5.387506e-01 7.397459e-01 6.470339e-01 1.207345e+00 1.222277e+00 7.333285e-01 1.390479e-04
<GCONST> 1.002572e+02
<STATE> 3
<MEAN> 39
 5.383645e-07 -2.307277e-07 -1.076729e-07 -4.306916e-07 8.460014e-08 -7.690922e-07 8.460014e-08 -1.999640e-07 -9.229106e-08 -2.307277e-07 -7.690922e-09 2.922550e-07 7.401758e-01 -5.899162e-02 -7.707699e-03 1.226184e-01 1.168139e-01 3.898923e-02 1.896224e-01 8.588252e-02 1.351471e-02 -3.175959e-03 -6.208118e-02 3.111199e-02 -8.875612e-04 -4.574632e-03 1.580190e-02 3.962120e-02 3.573820e-02 1.076033e-02 -1.177766e-02 8.897943e-02 -6.162683e-02 -4.877290e-02 -1.577141e-02 5.879600e-03 -2.006491e-02 -3.100369e-02 -7.224604e-04
<VARIANCE> 39
 3.729269e+01 3.969644e+01 1.169191e+01 6.870806e+01 2.037029e+01 6.240496e+01 2.686295e+01 3.517031e+01 3.130624e+01 3.634282e+01 4.598457e+01 6.488380e+01 3.213586e-02 1.351241e+00 1.569897e+00 9.036757e-01 4.039049e+00 1.622800e+00 7.268570e+00 3.244322e+00 3.730053e+00 3.270704e+00 5.086178e+00 5.716464e+00 4.503397e+00 1.418678e-03 1.450901e-01 1.660418e-01 1.428580e-01 4.157270e-01 3.268684e-01 1.360490e+00 5.387506e-01 7.397459e-01 6.470339e-01 1.207345e+00 1.222277e+00 7.333285e-01 1.390479e-04
<GCONST> 1.002572e+02
<STATE> 4
<MEAN> 39
 5.383645e-07 -2.307277e-07 -1.076729e-07 -4.306916e-07 8.460014e-08 -7.690922e-07 8.460014e-08 -1.999640e-07 -9.229106e-08 -2.307277e-07 -7.690922e-09 2.922550e-07 7.401758e-01 -5.899162e-02 -7.707699e-03 1.226184e-01 1.168139e-01 3.898923e-02 1.896224e-01 8.588252e-02 1.351471e-02 -3.175959e-03 -6.208118e-02 3.111199e-02 -8.875612e-04 -4.574632e-03 1.580190e-02 3.962120e-02 3.573820e-02 1.076033e-02 -1.177766e-02 8.897943e-02 -6.162683e-02 -4.877290e-02 -1.577141e-02 5.879600e-03 -2.006491e-02 -3.100369e-02 -7.224604e-04
<VARIANCE> 39
 3.729269e+01 3.969644e+01 1.169191e+01 6.870806e+01 2.037029e+01 6.240496e+01 2.686295e+01 3.517031e+01 3.130624e+01 3.634282e+01 4.598457e+01 6.488380e+01 3.213586e-02 1.351241e+00 1.569897e+00 9.036757e-01 4.039049e+00 1.622800e+00 7.268570e+00 3.244322e+00 3.730053e+00 3.270704e+00 5.086178e+00 5.716464e+00 4.503397e+00 1.418678e-03 1.450901e-01 1.660418e-01 1.428580e-01 4.157270e-01 3.268684e-01 1.360490e+00 5.387506e-01 7.397459e-01 6.470339e-01 1.207345e+00 1.222277e+00 7.333285e-01 1.390479e-04
<GCONST> 1.002572e+02
<STATE> 5
<MEAN> 39
 5.383645e-07 -2.307277e-07 -1.076729e-07 -4.306916e-07 8.460014e-08 -7.690922e-07 8.460014e-08 -1.999640e-07 -9.229106e-08 -2.307277e-07 -7.690922e-09 2.922550e-07 7.401758e-01 -5.899162e-02 -7.707699e-03 1.226184e-01 1.168139e-01 3.898923e-02 1.896224e-01 8.588252e-02 1.351471e-02 -3.175959e-03 -6.208118e-02 3.111199e-02 -8.875612e-04 -4.574632e-03 1.580190e-02 3.962120e-02 3.573820e-02 1.076033e-02 -1.177766e-02 8.897943e-02 -6.162683e-02 -4.877290e-02 -1.577141e-02 5.879600e-03 -2.006491e-02 -3.100369e-02 -7.224604e-04
<VARIANCE> 39
 3.729269e+01 3.969644e+01 1.169191e+01 6.870806e+01 2.037029e+01 6.240496e+01 2.686295e+01 3.517031e+01 3.130624e+01 3.634282e+01 4.598457e+01 6.488380e+01 3.213586e-02 1.351241e+00 1.569897e+00 9.036757e-01 4.039049e+00 1.622800e+00 7.268570e+00 3.244322e+00 3.730053e+00 3.270704e+00 5.086178e+00 5.716464e+00 4.503397e+00 1.418678e-03 1.450901e-01 1.660418e-01 1.428580e-01 4.157270e-01 3.268684e-01 1.360490e+00 5.387506e-01 7.397459e-01 6.470339e-01 1.207345e+00 1.222277e+00 7.333285e-01 1.390479e-04
<GCONST> 1.002572e+02
<STATE> 6
<MEAN> 39
 5.383645e-07 -2.307277e-07 -1.076729e-07 -4.306916e-07 8.460014e-08 -7.690922e-07 8.460014e-08 -1.999640e-07 -9.229106e-08 -2.307277e-07 -7.690922e-09 2.922550e-07 7.401758e-01 -5.899162e-02 -7.707699e-03 1.226184e-01 1.168139e-01 3.898923e-02 1.896224e-01 8.588252e-02 1.351471e-02 -3.175959e-03 -6.208118e-02 3.111199e-02 -8.875612e-04 -4.574632e-03 1.580190e-02 3.962120e-02 3.573820e-02 1.076033e-02 -1.177766e-02 8.897943e-02 -6.162683e-02 -4.877290e-02 -1.577141e-02 5.879600e-03 -2.006491e-02 -3.100369e-02 -7.224604e-04
<VARIANCE> 39
 3.729269e+01 3.969644e+01 1.169191e+01 6.870806e+01 2.037029e+01 6.240496e+01 2.686295e+01 3.517031e+01 3.130624e+01 3.634282e+01 4.598457e+01 6.488380e+01 3.213586e-02 1.351241e+00 1.569897e+00 9.036757e-01 4.039049e+00 1.622800e+00 7.268570e+00 3.244322e+00 3.730053e+00 3.270704e+00 5.086178e+00 5.716464e+00 4.503397e+00 1.418678e-03 1.450901e-01 1.660418e-01 1.428580e-01 4.157270e-01 3.268684e-01 1.360490e+00 5.387506e-01 7.397459e-01 6.470339e-01 1.207345e+00 1.222277e+00 7.333285e-01 1.390479e-04
<GCONST> 1.002572e+02
<STATE> 7
<MEAN> 39
 5.383645e-07 -2.307277e-07 -1.076729e-07 -4.306916e-07 8.460014e-08 -7.690922e-07 8.460014e-08 -1.999640e-07 -9.229106e-08 -2.307277e-07 -7.690922e-09 2.922550e-07 7.401758e-01 -5.899162e-02 -7.707699e-03 1.226184e-01 1.168139e-01 3.898923e-02 1.896224e-01 8.588252e-02 1.351471e-02 -3.175959e-03 -6.208118e-02 3.111199e-02 -8.875612e-04 -4.574632e-03 1.580190e-02 3.962120e-02 3.573820e-02 1.076033e-02 -1.177766e-02 8.897943e-02 -6.162683e-02 -4.877290e-02 -1.577141e-02 5.879600e-03 -2.006491e-02 -3.100369e-02 -7.224604e-04
<VARIANCE> 39
 3.729269e+01 3.969644e+01 1.169191e+01 6.870806e+01 2.037029e+01 6.240496e+01 2.686295e+01 3.517031e+01 3.130624e+01 3.634282e+01 4.598457e+01 6.488380e+01 3.213586e-02 1.351241e+00 1.569897e+00 9.036757e-01 4.039049e+00 1.622800e+00 7.268570e+00 3.244322e+00 3.730053e+00 3.270704e+00 5.086178e+00 5.716464e+00 4.503397e+00 1.418678e-03 1.450901e-01 1.660418e-01 1.428580e-01 4.157270e-01 3.268684e-01 1.360490e+00 5.387506e-01 7.397459e-01 6.470339e-01 1.207345e+00 1.222277e+00 7.333285e-01 1.390479e-04
<GCONST> 1.002572e+02
<STATE> 8
<MEAN> 39
 5.383645e-07 -2.307277e-07 -1.076729e-07 -4.306916e-07 8.460014e-08 -7.690922e-07 8.460014e-08 -1.999640e-07 -9.229106e-08 -2.307277e-07 -7.690922e-09 2.922550e-07 7.401758e-01 -5.899162e-02 -7.707699e-03 1.226184e-01 1.168139e-01 3.898923e-02 1.896224e-01 8.588252e-02 1.351471e-02 -3.175959e-03 -6.208118e-02 3.111199e-02 -8.875612e-04 -4.574632e-03 1.580190e-02 3.962120e-02 3.573820e-02 1.076033e-02 -1.177766e-02 8.897943e-02 -6.162683e-02 -4.877290e-02 -1.577141e-02 5.879600e-03 -2.006491e-02 -3.100369e-02 -7.224604e-04
<VARIANCE> 39
 3.729269e+01 3.969644e+01 1.169191e+01 6.870806e+01 2.037029e+01 6.240496e+01 2.686295e+01 3.517031e+01 3.130624e+01 3.634282e+01 4.598457e+01 6.488380e+01 3.213586e-02 1.351241e+00 1.569897e+00 9.036757e-01 4.039049e+00 1.622800e+00 7.268570e+00 3.244322e+00 3.730053e+00 3.270704e+00 5.086178e+00 5.716464e+00 4.503397e+00 1.418678e-03 1.450901e-01 1.660418e-01 1.428580e-01 4.157270e-01 3.268684e-01 1.360490e+00 5.387506e-01 7.397459e-01 6.470339e-01 1.207345e+00 1.222277e+00 7.333285e-01 1.390479e-04
<GCONST> 1.002572e+02
<STATE> 9
<MEAN> 39
 5.383645e-07 -2.307277e-07 -1.076729e-07 -4.306916e-07 8.460014e-08 -7.690922e-07 8.460014e-08 -1.999640e-07 -9.229106e-08 -2.307277e-07 -7.690922e-09 2.922550e-07 7.401758e-01 -5.899162e-02 -7.707699e-03 1.226184e-01 1.168139e-01 3.898923e-02 1.896224e-01 8.588252e-02 1.351471e-02 -3.175959e-03 -6.208118e-02 3.111199e-02 -8.875612e-04 -4.574632e-03 1.580190e-02 3.962120e-02 3.573820e-02 1.076033e-02 -1.177766e-02 8.897943e-02 -6.162683e-02 -4.877290e-02 -1.577141e-02 5.879600e-03 -2.006491e-02 -3.100369e-02 -7.224604e-04
<VARIANCE> 39
 3.729269e+01 3.969644e+01 1.169191e+01 6.870806e+01 2.037029e+01 6.240496e+01 2.686295e+01 3.517031e+01 3.130624e+01 3.634282e+01 4.598457e+01 6.488380e+01 3.213586e-02 1.351241e+00 1.569897e+00 9.036757e-01 4.039049e+00 1.622800e+00 7.268570e+00 3.244322e+00 3.730053e+00 3.270704e+00 5.086178e+00 5.716464e+00 4.503397e+00 1.418678e-03 1.450901e-01 1.660418e-01 1.428580e-01 4.157270e-01 3.268684e-01 1.360490e+00 5.387506e-01 7.397459e-01 6.470339e-01 1.207345e+00 1.222277e+00 7.333285e-01 1.390479e-04
<GCONST> 1.002572e+02
<TRANSP> 10
 0.000000e+00 1.000000e+00 0.000000e+00 0.000000e+00 0.000000e+00 0.000000e+00 0.000000e+00 0.000000e+00 0.000000e+00 0.000000e+00
 0.000000e+00 9.000000e-01 9.999999e-02 0.000000e+00 0.000000e+00 0.000000e+00 0.000000e+00 0.000000e+00 0.000000e+00 0.000000e+00
 0.000000e+00 0.000000e+00 9.000000e-01 9.999999e-02 0.000000e+00 0.000000e+00 0.000000e+00 0.000000e+00 0.000000e+00 0.000000e+00
 0.000000e+00 0.000000e+00 0.000000e+00 9.000000e-01 9.999999e-02 0.000000e+00 0.000000e+00 0.000000e+00 0.000000e+00 0.000000e+00
 0.000000e+00 0.000000e+00 0.000000e+00 0.000000e+00 9.000000e-01 9.999999e-02 0.000000e+00 0.000000e+00 0.000000e+00 0.000000e+00
 0.000000e+00 0.000000e+00 0.000000e+00 0.000000e+00 0.000000e+00 9.000000e-01 9.999999e-02 0.000000e+00 0.000000e+00 0.000000e+00
 0.000000e+00 0.000000e+00 0.000000e+00 0.000000e+00 0.000000e+00 0.000000e+00 9.000000e-01 9.999999e-02 0.000000e+00 0.000000e+00
 0.000000e+00 0.000000e+00 0.000000e+00 0.000000e+00 0.000000e+00 0.000000e+00 0.000000e+00 9.000000e-01 9.999999e-02 0.000000e+00
 0.000000e+00 0.000000e+00 0.000000e+00 0.000000e+00 0.000000e+00 0.000000e+00 0.000000e+00 0.000000e+00 9.000000e-01 9.999999e-02
 0.000000e+00 0.000000e+00 0.000000e+00 0.000000e+00 0.000000e+00 0.000000e+00 0.000000e+00 0.000000e+00 0.000000e+00 0.000000e+00
<ENDHMM>
