~o
<STREAMINFO> 1 39
<VECSIZE> 39<NULLD><MFCC_E_D_A_Z><DIAGC>
~h "s007"
<BEGINHMM>
<NUMSTATES> 10
<STATE> 2
<MEAN> 39
 1.250244e-07 -8.141122e-08 5.815087e-09 -6.745501e-07 -4.652070e-07 -8.838933e-07 3.081996e-07 -4.652070e-08 5.233579e-08 8.722631e-08 6.978104e-08 5.059126e-07 7.930215e-01 8.028106e-02 -1.757823e-01 -1.515463e-01 3.323002e-01 2.644810e-01 8.395066e-02 2.238294e-01 -5.854851e-02 -1.252033e-01 6.732956e-02 9.119976e-04 2.171346e-01 -6.495477e-03 -4.594223e-03 2.643014e-03 -1.092793e-02 9.618904e-03 -3.662278e-03 2.547589e-02 2.478316e-02 2.670565e-02 -3.574107e-03 -1.474414e-02 3.875834e-02 4.145471e-03 -1.057774e-03
<VARIANCE> 39
 1.977628e+01 4.042117e+01 8.671716e+01 1.080512e+02 8.698211e+01 3.276377e+01 4.532930e+01 6.686686e+01 5.346996e+01 6.271477e+01 4.007149e+01 5.812731e+01 1.779457e-02 6.565951e-01 1.277316e+00 2.348543e+00 2.779590e+00 2.260500e+00 2.661457e+00 2.866869e+00 3.206218e+00 3.943949e+00 4.670790e+00 4.082303e+00 4.724979e+00 5.489928e-04 7.577926e-02 1.462094e-01 2.167492e-01 3.318804e-01 3.232248e-01 4.094993e-01 4.297632e-01 5.715041e-01 6.952713e-01 6.791784e-01 6.471046e-01 9.572672e-01 6.797986e-05
<GCONST> 9.801228e+01
<STATE> 3
<MEAN> 39
 1.250244e-07 -8.141122e-08 5.815087e-09 -6.745501e-07 -4.652070e-07 -8.838933e-07 3.081996e-07 -4.652070e-08 5.233579e-08 8.722631e-08 6.978104e-08 5.059126e-07 7.930215e-01 8.028106e-02 -1.757823e-01 -1.515463e-01 3.323002e-01 2.644810e-01 8.395066e-02 2.238294e-01 -5.854851e-02 -1.252033e-01 6.732956e-02 9.119976e-04 2.171346e-01 -6.495477e-03 -4.594223e-03 2.643014e-03 -1.092793e-02 9.618904e-03 -3.662278e-03 2.547589e-02 2.478316e-02 2.670565e-02 -3.574107e-03 -1.474414e-02 3.875834e-02 4.145471e-03 -1.057774e-03
<VARIANCE> 39
 1.977628e+01 4.042117e+01 8.671716e+01 1.080512e+02 8.698211e+01 3.276377e+01 4.532930e+01 6.686686e+01 5.346996e+01 6.271477e+01 4.007149e+01 5.812731e+01 1.779457e-02 6.565951e-01 1.277316e+00 2.348543e+00 2.779590e+00 2.260500e+00 2.661457e+00 2.866869e+00 3.206218e+00 3.943949e+00 4.670790e+00 4.082303e+00 4.724979e+00 5.489928e-04 7.577926e-02 1.462094e-01 2.167492e-01 3.318804e-01 3.232248e-01 4.094993e-01 4.297632e-01 5.715041e-01 6.952713e-01 6.791784e-01 6.471046e-01 9.572672e-01 6.797986e-05
<GCONST> 9.801228e+01
<STATE> 4
<MEAN> 39
 1.250244e-07 -8.141122e-08 5.815087e-09 -6.745501e-07 -4.652070e-07 -8.838933e-07 3.081996e-07 -4.652070e-08 5.233579e-08 8.722631e-08 6.978104e-08 5.059126e-07 7.930215e-01 8.028106e-02 -1.757823e-01 -1.515463e-01 3.323002e-01 2.644810e-01 8.395066e-02 2.238294e-01 -5.854851e-02 -1.252033e-01 6.732956e-02 9.119976e-04 2.171346e-01 -6.495477e-03 -4.594223e-03 2.643014e-03 -1.092793e-02 9.618904e-03 -3.662278e-03 2.547589e-02 2.478316e-02 2.670565e-02 -3.574107e-03 -1.474414e-02 3.875834e-02 4.145471e-03 -1.057774e-03
<VARIANCE> 39
 1.977628e+01 4.042117e+01 8.671716e+01 1.080512e+02 8.698211e+01 3.276377e+01 4.532930e+01 6.686686e+01 5.346996e+01 6.271477e+01 4.007149e+01 5.812731e+01 1.779457e-02 6.565951e-01 1.277316e+00 2.348543e+00 2.779590e+00 2.260500e+00 2.661457e+00 2.866869e+00 3.206218e+00 3.943949e+00 4.670790e+00 4.082303e+00 4.724979e+00 5.489928e-04 7.577926e-02 1.462094e-01 2.167492e-01 3.318804e-01 3.232248e-01 4.094993e-01 4.297632e-01 5.715041e-01 6.952713e-01 6.791784e-01 6.471046e-01 9.572672e-01 6.797986e-05
<GCONST> 9.801228e+01
<STATE> 5
<MEAN> 39
 1.250244e-07 -8.141122e-08 5.815087e-09 -6.745501e-07 -4.652070e-07 -8.838933e-07 3.081996e-07 -4.652070e-08 5.233579e-08 8.722631e-08 6.978104e-08 5.059126e-07 7.930215e-01 8.028106e-02 -1.757823e-01 -1.515463e-01 3.323002e-01 2.644810e-01 8.395066e-02 2.238294e-01 -5.854851e-02 -1.252033e-01 6.732956e-02 9.119976e-04 2.171346e-01 -6.495477e-03 -4.594223e-03 2.643014e-03 -1.092793e-02 9.618904e-03 -3.662278e-03 2.547589e-02 2.478316e-02 2.670565e-02 -3.574107e-03 -1.474414e-02 3.875834e-02 4.145471e-03 -1.057774e-03
<VARIANCE> 39
 1.977628e+01 4.042117e+01 8.671716e+01 1.080512e+02 8.698211e+01 3.276377e+01 4.532930e+01 6.686686e+01 5.346996e+01 6.271477e+01 4.007149e+01 5.812731e+01 1.779457e-02 6.565951e-01 1.277316e+00 2.348543e+00 2.779590e+00 2.260500e+00 2.661457e+00 2.866869e+00 3.206218e+00 3.943949e+00 4.670790e+00 4.082303e+00 4.724979e+00 5.489928e-04 7.577926e-02 1.462094e-01 2.167492e-01 3.318804e-01 3.232248e-01 4.094993e-01 4.297632e-01 5.715041e-01 6.952713e-01 6.791784e-01 6.471046e-01 9.572672e-01 6.797986e-05
<GCONST> 9.801228e+01
<STATE> 6
<MEAN> 39
 1.250244e-07 -8.141122e-08 5.815087e-09 -6.745501e-07 -4.652070e-07 -8.838933e-07 3.081996e-07 -4.652070e-08 5.233579e-08 8.722631e-08 6.978104e-08 5.059126e-07 7.930215e-01 8.028106e-02 -1.757823e-01 -1.515463e-01 3.323002e-01 2.644810e-01 8.395066e-02 2.238294e-01 -5.854851e-02 -1.252033e-01 6.732956e-02 9.119976e-04 2.171346e-01 -6.495477e-03 -4.594223e-03 2.643014e-03 -1.092793e-02 9.618904e-03 -3.662278e-03 2.547589e-02 2.478316e-02 2.670565e-02 -3.574107e-03 -1.474414e-02 3.875834e-02 4.145471e-03 -1.057774e-03
<VARIANCE> 39
 1.977628e+01 4.042117e+01 8.671716e+01 1.080512e+02 8.698211e+01 3.276377e+01 4.532930e+01 6.686686e+01 5.346996e+01 6.271477e+01 4.007149e+01 5.812731e+01 1.779457e-02 6.565951e-01 1.277316e+00 2.348543e+00 2.779590e+00 2.260500e+00 2.661457e+00 2.866869e+00 3.206218e+00 3.943949e+00 4.670790e+00 4.082303e+00 4.724979e+00 5.489928e-04 7.577926e-02 1.462094e-01 2.167492e-01 3.318804e-01 3.232248e-01 4.094993e-01 4.297632e-01 5.715041e-01 6.952713e-01 6.791784e-01 6.471046e-01 9.572672e-01 6.797986e-05
<GCONST> 9.801228e+01
<STATE> 7
<MEAN> 39
 1.250244e-07 -8.141122e-08 5.815087e-09 -6.745501e-07 -4.652070e-07 -8.838933e-07 3.081996e-07 -4.652070e-08 5.233579e-08 8.722631e-08 6.978104e-08 5.059126e-07 7.930215e-01 8.028106e-02 -1.757823e-01 -1.515463e-01 3.323002e-01 2.644810e-01 8.395066e-02 2.238294e-01 -5.854851e-02 -1.252033e-01 6.732956e-02 9.119976e-04 2.171346e-01 -6.495477e-03 -4.594223e-03 2.643014e-03 -1.092793e-02 9.618904e-03 -3.662278e-03 2.547589e-02 2.478316e-02 2.670565e-02 -3.574107e-03 -1.474414e-02 3.875834e-02 4.145471e-03 -1.057774e-03
<VARIANCE> 39
 1.977628e+01 4.042117e+01 8.671716e+01 1.080512e+02 8.698211e+01 3.276377e+01 4.532930e+01 6.686686e+01 5.346996e+01 6.271477e+01 4.007149e+01 5.812731e+01 1.779457e-02 6.565951e-01 1.277316e+00 2.348543e+00 2.779590e+00 2.260500e+00 2.661457e+00 2.866869e+00 3.206218e+00 3.943949e+00 4.670790e+00 4.082303e+00 4.724979e+00 5.489928e-04 7.577926e-02 1.462094e-01 2.167492e-01 3.318804e-01 3.232248e-01 4.094993e-01 4.297632e-01 5.715041e-01 6.952713e-01 6.791784e-01 6.471046e-01 9.572672e-01 6.797986e-05
<GCONST> 9.801228e+01
<STATE> 8
<MEAN> 39
 1.250244e-07 -8.141122e-08 5.815087e-09 -6.745501e-07 -4.652070e-07 -8.838933e-07 3.081996e-07 -4.652070e-08 5.233579e-08 8.722631e-08 6.978104e-08 5.059126e-07 7.930215e-01 8.028106e-02 -1.757823e-01 -1.515463e-01 3.323002e-01 2.644810e-01 8.395066e-02 2.238294e-01 -5.854851e-02 -1.252033e-01 6.732956e-02 9.119976e-04 2.171346e-01 -6.495477e-03 -4.594223e-03 2.643014e-03 -1.092793e-02 9.618904e-03 -3.662278e-03 2.547589e-02 2.478316e-02 2.670565e-02 -3.574107e-03 -1.474414e-02 3.875834e-02 4.145471e-03 -1.057774e-03
<VARIANCE> 39
 1.977628e+01 4.042117e+01 8.671716e+01 1.080512e+02 8.698211e+01 3.276377e+01 4.532930e+01 6.686686e+01 5.346996e+01 6.271477e+01 4.007149e+01 5.812731e+01 1.779457e-02 6.565951e-01 1.277316e+00 2.348543e+00 2.779590e+00 2.260500e+00 2.661457e+00 2.866869e+00 3.206218e+00 3.943949e+00 4.670790e+00 4.082303e+00 4.724979e+00 5.489928e-04 7.577926e-02 1.462094e-01 2.167492e-01 3.318804e-01 3.232248e-01 4.094993e-01 4.297632e-01 5.715041e-01 6.952713e-01 6.791784e-01 6.471046e-01 9.572672e-01 6.797986e-05
<GCONST> 9.801228e+01
<STATE> 9
<MEAN> 39
 1.250244e-07 -8.141122e-08 5.815087e-09 -6.745501e-07 -4.652070e-07 -8.838933e-07 3.081996e-07 -4.652070e-08 5.233579e-08 8.722631e-08 6.978104e-08 5.059126e-07 7.930215e-01 8.028106e-02 -1.757823e-01 -1.515463e-01 3.323002e-01 2.644810e-01 8.395066e-02 2.238294e-01 -5.854851e-02 -1.252033e-01 6.732956e-02 9.119976e-04 2.171346e-01 -6.495477e-03 -4.594223e-03 2.643014e-03 -1.092793e-02 9.618904e-03 -3.662278e-03 2.547589e-02 2.478316e-02 2.670565e-02 -3.574107e-03 -1.474414e-02 3.875834e-02 4.145471e-03 -1.057774e-03
<VARIANCE> 39
 1.977628e+01 4.042117e+01 8.671716e+01 1.080512e+02 8.698211e+01 3.276377e+01 4.532930e+01 6.686686e+01 5.346996e+01 6.271477e+01 4.007149e+01 5.812731e+01 1.779457e-02 6.565951e-01 1.277316e+00 2.348543e+00 2.779590e+00 2.260500e+00 2.661457e+00 2.866869e+00 3.206218e+00 3.943949e+00 4.670790e+00 4.082303e+00 4.724979e+00 5.489928e-04 7.577926e-02 1.462094e-01 2.167492e-01 3.318804e-01 3.232248e-01 4.094993e-01 4.297632e-01 5.715041e-01 6.952713e-01 6.791784e-01 6.471046e-01 9.572672e-01 6.797986e-05
<GCONST> 9.801228e+01
<TRANSP> 10
 0.000000e+00 1.000000e+00 0.000000e+00 0.000000e+00 0.000000e+00 0.000000e+00 0.000000e+00 0.000000e+00 0.000000e+00 0.000000e+00
 0.000000e+00 9.000000e-01 9.999999e-02 0.000000e+00 0.000000e+00 0.000000e+00 0.000000e+00 0.000000e+00 0.000000e+00 0.000000e+00
 0.000000e+00 0.000000e+00 9.000000e-01 9.999999e-02 0.000000e+00 0.000000e+00 0.000000e+00 0.000000e+00 0.000000e+00 0.000000e+00
 0.000000e+00 0.000000e+00 0.000000e+00 9.000000e-01 9.999999e-02 0.000000e+00 0.000000e+00 0.000000e+00 0.000000e+00 0.000000e+00
 0.000000e+00 0.000000e+00 0.000000e+00 0.000000e+00 9.000000e-01 9.999999e-02 0.000000e+00 0.000000e+00 0.000000e+00 0.000000e+00
 0.000000e+00 0.000000e+00 0.000000e+00 0.000000e+00 0.000000e+00 9.000000e-01 9.999999e-02 0.000000e+00 0.000000e+00 0.000000e+00
 0.000000e+00 0.000000e+00 0.000000e+00 0.000000e+00 0.000000e+00 0.000000e+00 9.000000e-01 9.999999e-02 0.000000e+00 0.000000e+00
 0.000000e+00 0.000000e+00 0.000000e+00 0.000000e+00 0.000000e+00 0.000000e+00 0.000000e+00 9.000000e-01 9.999999e-02 0.000000e+00
 0.000000e+00 0.000000e+00 0.000000e+00 0.000000e+00 0.000000e+00 0.000000e+00 0.000000e+00 0.000000e+00 9.000000e-01 9.999999e-02
 0.000000e+00 0.000000e+00 0.000000e+00 0.000000e+00 0.000000e+00 0.000000e+00 0.000000e+00 0.000000e+00 0.000000e+00 0.000000e+00
<ENDHMM>
