~o
<STREAMINFO> 1 39
<VECSIZE> 39<NULLD><MFCC_E_D_A_Z><DIAGC>
~h "s008"
<BEGINHMM>
<NUMSTATES> 10
<STATE> 2
<MEAN> 39
 2.208878e-07 -1.507647e-07 4.908618e-07 5.750095e-07 9.992544e-08 -4.487879e-07 1.121970e-07 -6.591573e-07 1.402462e-08 1.963447e-07 4.908618e-08 -1.086908e-07 7.923547e-01 -3.027325e-02 -1.636580e-01 -6.179022e-02 1.509072e-01 1.437260e-01 1.929621e-01 1.671071e-01 -5.554869e-02 1.924187e-01 1.529678e-01 -2.391379e-02 -9.294988e-02 -1.684699e-03 1.575201e-02 -2.474497e-03 -1.673683e-02 2.890517e-02 -2.198939e-02 -1.009933e-02 -1.490658e-02 -6.286338e-03 -6.602196e-03 4.294169e-02 3.373179e-02 1.197108e-03 -7.786916e-04
<VARIANCE> 39
 1.070093e+01 4.044200e+01 1.385231e+02 7.614203e+01 5.382396e+01 7.060422e+01 2.560225e+01 5.242864e+01 3.727680e+01 8.255595e+01 2.353131e+01 3.531406e+01 2.661951e-02 9.369597e-01 1.338411e+00 3.715733e+00 3.120504e+00 2.631213e+00 2.403290e+00 2.853035e+00 3.519910e+00 3.696891e+00 2.860204e+00 2.438248e+00 3.117849e+00 6.654224e-04 1.158901e-01 1.823762e-01 4.877887e-01 4.122077e-01 4.829673e-01 4.096070e-01 6.327950e-01 6.718203e-01 5.961916e-01 4.413464e-01 4.141907e-01 5.098487e-01 8.093414e-05
<GCONST> 9.723539e+01
<STATE> 3
<MEAN> 39
 2.208878e-07 -1.507647e-07 4.908618e-07 5.750095e-07 9.992544e-08 -4.487879e-07 1.121970e-07 -6.591573e-07 1.402462e-08 1.963447e-07 4.908618e-08 -1.086908e-07 7.923547e-01 -3.027325e-02 -1.636580e-01 -6.179022e-02 1.509072e-01 1.437260e-01 1.929621e-01 1.671071e-01 -5.554869e-02 1.924187e-01 1.529678e-01 -2.391379e-02 -9.294988e-02 -1.684699e-03 1.575201e-02 -2.474497e-03 -1.673683e-02 2.890517e-02 -2.198939e-02 -1.009933e-02 -1.490658e-02 -6.286338e-03 -6.602196e-03 4.294169e-02 3.373179e-02 1.197108e-03 -7.786916e-04
<VARIANCE> 39
 1.070093e+01 4.044200e+01 1.385231e+02 7.614203e+01 5.382396e+01 7.060422e+01 2.560225e+01 5.242864e+01 3.727680e+01 8.255595e+01 2.353131e+01 3.531406e+01 2.661951e-02 9.369597e-01 1.338411e+00 3.715733e+00 3.120504e+00 2.631213e+00 2.403290e+00 2.853035e+00 3.519910e+00 3.696891e+00 2.860204e+00 2.438248e+00 3.117849e+00 6.654224e-04 1.158901e-01 1.823762e-01 4.877887e-01 4.122077e-01 4.829673e-01 4.096070e-01 6.327950e-01 6.718203e-01 5.961916e-01 4.413464e-01 4.141907e-01 5.098487e-01 8.093414e-05
<GCONST> 9.723539e+01
<STATE> 4
<MEAN> 39
 2.208878e-07 -1.507647e-07 4.908618e-07 5.750095e-07 9.992544e-08 -4.487879e-07 1.121970e-07 -6.591573e-07 1.402462e-08 1.963447e-07 4.908618e-08 -1.086908e-07 7.923547e-01 -3.027325e-02 -1.636580e-01 -6.179022e-02 1.509072e-01 1.437260e-01 1.929621e-01 1.671071e-01 -5.554869e-02 1.924187e-01 1.529678e-01 -2.391379e-02 -9.294988e-02 -1.684699e-03 1.575201e-02 -2.474497e-03 -1.673683e-02 2.890517e-02 -2.198939e-02 -1.009933e-02 -1.490658e-02 -6.286338e-03 -6.602196e-03 4.294169e-02 3.373179e-02 1.197108e-03 -7.786916e-04
<VARIANCE> 39
 1.070093e+01 4.044200e+01 1.385231e+02 7.614203e+01 5.382396e+01 7.060422e+01 2.560225e+01 5.242864e+01 3.727680e+01 8.255595e+01 2.353131e+01 3.531406e+01 2.661951e-02 9.369597e-01 1.338411e+00 3.715733e+00 3.120504e+00 2.631213e+00 2.403290e+00 2.853035e+00 3.519910e+00 3.696891e+00 2.860204e+00 2.438248e+00 3.117849e+00 6.654224e-04 1.158901e-01 1.823762e-01 4.877887e-01 4.122077e-01 4.829673e-01 4.096070e-01 6.327950e-01 6.718203e-01 5.961916e-01 4.413464e-01 4.141907e-01 5.098487e-01 8.093414e-05
<GCONST> 9.723539e+01
<STATE> 5
<MEAN> 39
 2.208878e-07 -1.507647e-07 4.908618e-07 5.750095e-07 9.992544e-08 -4.487879e-07 1.121970e-07 -6.591573e-07 1.402462e-08 1.963447e-07 4.908618e-08 -1.086908e-07 7.923547e-01 -3.027325e-02 -1.636580e-01 -6.179022e-02 1.509072e-01 1.437260e-01 1.929621e-01 1.671071e-01 -5.554869e-02 1.924187e-01 1.529678e-01 -2.391379e-02 -9.294988e-02 -1.684699e-03 1.575201e-02 -2.474497e-03 -1.673683e-02 2.890517e-02 -2.198939e-02 -1.009933e-02 -1.490658e-02 -6.286338e-03 -6.602196e-03 4.294169e-02 3.373179e-02 1.197108e-03 -7.786916e-04
<VARIANCE> 39
 1.070093e+01 4.044200e+01 1.385231e+02 7.614203e+01 5.382396e+01 7.060422e+01 2.560225e+01 5.242864e+01 3.727680e+01 8.255595e+01 2.353131e+01 3.531406e+01 2.661951e-02 9.369597e-01 1.338411e+00 3.715733e+00 3.120504e+00 2.631213e+00 2.403290e+00 2.853035e+00 3.519910e+00 3.696891e+00 2.860204e+00 2.438248e+00 3.117849e+00 6.654224e-04 1.158901e-01 1.823762e-01 4.877887e-01 4.122077e-01 4.829673e-01 4.096070e-01 6.327950e-01 6.718203e-01 5.961916e-01 4.413464e-01 4.141907e-01 5.098487e-01 8.093414e-05
<GCONST> 9.723539e+01
<STATE> 6
<MEAN> 39
 2.208878e-07 -1.507647e-07 4.908618e-07 5.750095e-07 9.992544e-08 -4.487879e-07 1.121970e-07 -6.591573e-07 1.402462e-08 1.963447e-07 4.908618e-08 -1.086908e-07 7.923547e-01 -3.027325e-02 -1.636580e-01 -6.179022e-02 1.509072e-01 1.437260e-01 1.929621e-01 1.671071e-01 -5.554869e-02 1.924187e-01 1.529678e-01 -2.391379e-02 -9.294988e-02 -1.684699e-03 1.575201e-02 -2.474497e-03 -1.673683e-02 2.890517e-02 -2.198939e-02 -1.009933e-02 -1.490658e-02 -6.286338e-03 -6.602196e-03 4.294169e-02 3.373179e-02 1.197108e-03 -7.786916e-04
<VARIANCE> 39
 1.070093e+01 4.044200e+01 1.385231e+02 7.614203e+01 5.382396e+01 7.060422e+01 2.560225e+01 5.242864e+01 3.727680e+01 8.255595e+01 2.353131e+01 3.531406e+01 2.661951e-02 9.369597e-01 1.338411e+00 3.715733e+00 3.120504e+00 2.631213e+00 2.403290e+00 2.853035e+00 3.519910e+00 3.696891e+00 2.860204e+00 2.438248e+00 3.117849e+00 6.654224e-04 1.158901e-01 1.823762e-01 4.877887e-01 4.122077e-01 4.829673e-01 4.096070e-01 6.327950e-01 6.718203e-01 5.961916e-01 4.413464e-01 4.141907e-01 5.098487e-01 8.093414e-05
<GCONST> 9.723539e+01
<STATE> 7
<MEAN> 39
 2.208878e-07 -1.507647e-07 4.908618e-07 5.750095e-07 9.992544e-08 -4.487879e-07 1.121970e-07 -6.591573e-07 1.402462e-08 1.963447e-07 4.908618e-08 -1.086908e-07 7.923547e-01 -3.027325e-02 -1.636580e-01 -6.179022e-02 1.509072e-01 1.437260e-01 1.929621e-01 1.671071e-01 -5.554869e-02 1.924187e-01 1.529678e-01 -2.391379e-02 -9.294988e-02 -1.684699e-03 1.575201e-02 -2.474497e-03 -1.673683e-02 2.890517e-02 -2.198939e-02 -1.009933e-02 -1.490658e-02 -6.286338e-03 -6.602196e-03 4.294169e-02 3.373179e-02 1.197108e-03 -7.786916e-04
<VARIANCE> 39
 1.070093e+01 4.044200e+01 1.385231e+02 7.614203e+01 5.382396e+01 7.060422e+01 2.560225e+01 5.242864e+01 3.727680e+01 8.255595e+01 2.353131e+01 3.531406e+01 2.661951e-02 9.369597e-01 1.338411e+00 3.715733e+00 3.120504e+00 2.631213e+00 2.403290e+00 2.853035e+00 3.519910e+00 3.696891e+00 2.860204e+00 2.438248e+00 3.117849e+00 6.654224e-04 1.158901e-01 1.823762e-01 4.877887e-01 4.122077e-01 4.829673e-01 4.096070e-01 6.327950e-01 6.718203e-01 5.961916e-01 4.413464e-01 4.141907e-01 5.098487e-01 8.093414e-05
<GCONST> 9.723539e+01
<STATE> 8
<MEAN> 39
 2.208878e-07 -1.507647e-07 4.908618e-07 5.750095e-07 9.992544e-08 -4.487879e-07 1.121970e-07 -6.591573e-07 1.402462e-08 1.963447e-07 4.908618e-08 -1.086908e-07 7.923547e-01 -3.027325e-02 -1.636580e-01 -6.179022e-02 1.509072e-01 1.437260e-01 1.929621e-01 1.671071e-01 -5.554869e-02 1.924187e-01 1.529678e-01 -2.391379e-02 -9.294988e-02 -1.684699e-03 1.575201e-02 -2.474497e-03 -1.673683e-02 2.890517e-02 -2.198939e-02 -1.009933e-02 -1.490658e-02 -6.286338e-03 -6.602196e-03 4.294169e-02 3.373179e-02 1.197108e-03 -7.786916e-04
<VARIANCE> 39
 1.070093e+01 4.044200e+01 1.385231e+02 7.614203e+01 5.382396e+01 7.060422e+01 2.560225e+01 5.242864e+01 3.727680e+01 8.255595e+01 2.353131e+01 3.531406e+01 2.661951e-02 9.369597e-01 1.338411e+00 3.715733e+00 3.120504e+00 2.631213e+00 2.403290e+00 2.853035e+00 3.519910e+00 3.696891e+00 2.860204e+00 2.438248e+00 3.117849e+00 6.654224e-04 1.158901e-01 1.823762e-01 4.877887e-01 4.122077e-01 4.829673e-01 4.096070e-01 6.327950e-01 6.718203e-01 5.961916e-01 4.413464e-01 4.141907e-01 5.098487e-01 8.093414e-05
<GCONST> 9.723539e+01
<STATE> 9
<MEAN> 39
 2.208878e-07 -1.507647e-07 4.908618e-07 5.750095e-07 9.992544e-08 -4.487879e-07 1.121970e-07 -6.591573e-07 1.402462e-08 1.963447e-07 4.908618e-08 -1.086908e-07 7.923547e-01 -3.027325e-02 -1.636580e-01 -6.179022e-02 1.509072e-01 1.437260e-01 1.929621e-01 1.671071e-01 -5.554869e-02 1.924187e-01 1.529678e-01 -2.391379e-02 -9.294988e-02 -1.684699e-03 1.575201e-02 -2.474497e-03 -1.673683e-02 2.890517e-02 -2.198939e-02 -1.009933e-02 -1.490658e-02 -6.286338e-03 -6.602196e-03 4.294169e-02 3.373179e-02 1.197108e-03 -7.786916e-04
<VARIANCE> 39
 1.070093e+01 4.044200e+01 1.385231e+02 7.614203e+01 5.382396e+01 7.060422e+01 2.560225e+01 5.242864e+01 3.727680e+01 8.255595e+01 2.353131e+01 3.531406e+01 2.661951e-02 9.369597e-01 1.338411e+00 3.715733e+00 3.120504e+00 2.631213e+00 2.403290e+00 2.853035e+00 3.519910e+00 3.696891e+00 2.860204e+00 2.438248e+00 3.117849e+00 6.654224e-04 1.158901e-01 1.823762e-01 4.877887e-01 4.122077e-01 4.829673e-01 4.096070e-01 6.327950e-01 6.718203e-01 5.961916e-01 4.413464e-01 4.141907e-01 5.098487e-01 8.093414e-05
<GCONST> 9.723539e+01
<TRANSP> 10
 0.000000e+00 1.000000e+00 0.000000e+00 0.000000e+00 0.000000e+00 0.000000e+00 0.000000e+00 0.000000e+00 0.000000e+00 0.000000e+00
 0.000000e+00 9.000000e-01 9.999999e-02 0.000000e+00 0.000000e+00 0.000000e+00 0.000000e+00 0.000000e+00 0.000000e+00 0.000000e+00
 0.000000e+00 0.000000e+00 9.000000e-01 9.999999e-02 0.000000e+00 0.000000e+00 0.000000e+00 0.000000e+00 0.000000e+00 0.000000e+00
 0.000000e+00 0.000000e+00 0.000000e+00 9.000000e-01 9.999999e-02 0.000000e+00 0.000000e+00 0.000000e+00 0.000000e+00 0.000000e+00
 0.000000e+00 0.000000e+00 0.000000e+00 0.000000e+00 9.000000e-01 9.999999e-02 0.000000e+00 0.000000e+00 0.000000e+00 0.000000e+00
 0.000000e+00 0.000000e+00 0.000000e+00 0.000000e+00 0.000000e+00 9.000000e-01 9.999999e-02 0.000000e+00 0.000000e+00 0.000000e+00
 0.000000e+00 0.000000e+00 0.000000e+00 0.000000e+00 0.000000e+00 0.000000e+00 9.000000e-01 9.999999e-02 0.000000e+00 0.000000e+00
 0.000000e+00 0.000000e+00 0.000000e+00 0.000000e+00 0.000000e+00 0.000000e+00 0.000000e+00 9.000000e-01 9.999999e-02 0.000000e+00
 0.000000e+00 0.000000e+00 0.000000e+00 0.000000e+00 0.000000e+00 0.000000e+00 0.000000e+00 0.000000e+00 9.000000e-01 9.999999e-02
 0.000000e+00 0.000000e+00 0.000000e+00 0.000000e+00 0.000000e+00 0.000000e+00 0.000000e+00 0.000000e+00 0.000000e+00 0.000000e+00
<ENDHMM>
