~o
<STREAMINFO> 1 39
<VECSIZE> 39<NULLD><MFCC_E_D_A_Z><DIAGC>
~h "s009"
<BEGINHMM>
<NUMSTATES> 10
<STATE> 2
<MEAN> 39
 -1.675374e-07 3.221873e-07 8.505744e-07 -1.159874e-07 6.443746e-09 0.000000e+00 -3.866247e-08 -1.159874e-07 7.088120e-08 -1.933124e-08 -3.221873e-09 1.288749e-07 6.941446e-01 1.787192e-01 -8.106169e-02 2.332347e-02 3.749455e-02 -4.162246e-02 1.665491e-01 -2.190905e-02 2.423825e-02 -1.530722e-01 2.602268e-03 -1.270040e-01 -3.649957e-02 -3.425620e-03 -3.625767e-02 -2.003602e-02 8.856063e-03 5.557035e-03 5.510714e-02 9.575468e-03 1.189729e-02 9.206950e-02 4.762142e-02 5.147614e-02 2.456655e-02 6.463856e-02 -1.265151e-03
<VARIANCE> 39
 3.727574e+01 3.266312e+01 1.529561e+02 2.413747e+01 7.531016e+01 1.161480e+02 2.173676e+01 2.648781e+01 3.440405e+01 3.462255e+01 3.834882e+01 2.769869e+01 4.161675e-02 2.784307e+00 2.013328e+00 3.346152e+00 2.458425e+00 8.352907e+00 3.524359e+00 2.295655e+00 3.282393e+00 3.869004e+00 4.770843e+00 3.775209e+00 3.243827e+00 1.595410e-03 3.407442e-01 3.090648e-01 3.424269e-01 4.534430e-01 1.614267e+00 6.233287e-01 4.286658e-01 5.621593e-01 4.837125e-01 1.033181e+00 7.430966e-01 6.271687e-01 1.718673e-04
<GCONST> 1.058564e+02
<STATE> 3
<MEAN> 39
 -1.675374e-07 3.221873e-07 8.505744e-07 -1.159874e-07 6.443746e-09 0.000000e+00 -3.866247e-08 -1.159874e-07 7.088120e-08 -1.933124e-08 -3.221873e-09 1.288749e-07 6.941446e-01 1.787192e-01 -8.106169e-02 2.332347e-02 3.749455e-02 -4.162246e-02 1.665491e-01 -2.190905e-02 2.423825e-02 -1.530722e-01 2.602268e-03 -1.270040e-01 -3.649957e-02 -3.425620e-03 -3.625767e-02 -2.003602e-02 8.856063e-03 5.557035e-03 5.510714e-02 9.575468e-03 1.189729e-02 9.206950e-02 4.762142e-02 5.147614e-02 2.456655e-02 6.463856e-02 -1.265151e-03
<VARIANCE> 39
 3.727574e+01 3.266312e+01 1.529561e+02 2.413747e+01 7.531016e+01 1.161480e+02 2.173676e+01 2.648781e+01 3.440405e+01 3.462255e+01 3.834882e+01 2.769869e+01 4.161675e-02 2.784307e+00 2.013328e+00 3.346152e+00 2.458425e+00 8.352907e+00 3.524359e+00 2.295655e+00 3.282393e+00 3.869004e+00 4.770843e+00 3.775209e+00 3.243827e+00 1.595410e-03 3.407442e-01 3.090648e-01 3.424269e-01 4.534430e-01 1.614267e+00 6.233287e-01 4.286658e-01 5.621593e-01 4.837125e-01 1.033181e+00 7.430966e-01 6.271687e-01 1.718673e-04
<GCONST> 1.058564e+02
<STATE> 4
<MEAN> 39
 -1.675374e-07 3.221873e-07 8.505744e-07 -1.159874e-07 6.443746e-09 0.000000e+00 -3.866247e-08 -1.159874e-07 7.088120e-08 -1.933124e-08 -3.221873e-09 1.288749e-07 6.941446e-01 1.787192e-01 -8.106169e-02 2.332347e-02 3.749455e-02 -4.162246e-02 1.665491e-01 -2.190905e-02 2.423825e-02 -1.530722e-01 2.602268e-03 -1.270040e-01 -3.649957e-02 -3.425620e-03 -3.625767e-02 -2.003602e-02 8.856063e-03 5.557035e-03 5.510714e-02 9.575468e-03 1.189729e-02 9.206950e-02 4.762142e-02 5.147614e-02 2.456655e-02 6.463856e-02 -1.265151e-03
<VARIANCE> 39
 3.727574e+01 3.266312e+01 1.529561e+02 2.413747e+01 7.531016e+01 1.161480e+02 2.173676e+01 2.648781e+01 3.440405e+01 3.462255e+01 3.834882e+01 2.769869e+01 4.161675e-02 2.784307e+00 2.013328e+00 3.346152e+00 2.458425e+00 8.352907e+00 3.524359e+00 2.295655e+00 3.282393e+00 3.869004e+00 4.770843e+00 3.775209e+00 3.243827e+00 1.595410e-03 3.407442e-01 3.090648e-01 3.424269e-01 4.534430e-01 1.614267e+00 6.233287e-01 4.286658e-01 5.621593e-01 4.837125e-01 1.033181e+00 7.430966e-01 6.271687e-01 1.718673e-04
<GCONST> 1.058564e+02
<STATE> 5
<MEAN> 39
 -1.675374e-07 3.221873e-07 8.505744e-07 -1.159874e-07 6.443746e-09 0.000000e+00 -3.866247e-08 -1.159874e-07 7.088120e-08 -1.933124e-08 -3.221873e-09 1.288749e-07 6.941446e-01 1.787192e-01 -8.106169e-02 2.332347e-02 3.749455e-02 -4.162246e-02 1.665491e-01 -2.190905e-02 2.423825e-02 -1.530722e-01 2.602268e-03 -1.270040e-01 -3.649957e-02 -3.425620e-03 -3.625767e-02 -2.003602e-02 8.856063e-03 5.557035e-03 5.510714e-02 9.575468e-03 1.189729e-02 9.206950e-02 4.762142e-02 5.147614e-02 2.456655e-02 6.463856e-02 -1.265151e-03
<VARIANCE> 39
 3.727574e+01 3.266312e+01 1.529561e+02 2.413747e+01 7.531016e+01 1.161480e+02 2.173676e+01 2.648781e+01 3.440405e+01 3.462255e+01 3.834882e+01 2.769869e+01 4.161675e-02 2.784307e+00 2.013328e+00 3.346152e+00 2.458425e+00 8.352907e+00 3.524359e+00 2.295655e+00 3.282393e+00 3.869004e+00 4.770843e+00 3.775209e+00 3.243827e+00 1.595410e-03 3.407442e-01 3.090648e-01 3.424269e-01 4.534430e-01 1.614267e+00 6.233287e-01 4.286658e-01 5.621593e-01 4.837125e-01 1.033181e+00 7.430966e-01 6.271687e-01 1.718673e-04
<GCONST> 1.058564e+02
<STATE> 6
<MEAN> 39
 -1.675374e-07 3.221873e-07 8.505744e-07 -1.159874e-07 6.443746e-09 0.000000e+00 -3.866247e-08 -1.159874e-07 7.088120e-08 -1.933124e-08 -3.221873e-09 1.288749e-07 6.941446e-01 1.787192e-01 -8.106169e-02 2.332347e-02 3.749455e-02 -4.162246e-02 1.665491e-01 -2.190905e-02 2.423825e-02 -1.530722e-01 2.602268e-03 -1.270040e-01 -3.649957e-02 -3.425620e-03 -3.625767e-02 -2.003602e-02 8.856063e-03 5.557035e-03 5.510714e-02 9.575468e-03 1.189729e-02 9.206950e-02 4.762142e-02 5.147614e-02 2.456655e-02 6.463856e-02 -1.265151e-03
<VARIANCE> 39
 3.727574e+01 3.266312e+01 1.529561e+02 2.413747e+01 7.531016e+01 1.161480e+02 2.173676e+01 2.648781e+01 3.440405e+01 3.462255e+01 3.834882e+01 2.769869e+01 4.161675e-02 2.784307e+00 2.013328e+00 3.346152e+00 2.458425e+00 8.352907e+00 3.524359e+00 2.295655e+00 3.282393e+00 3.869004e+00 4.770843e+00 3.775209e+00 3.243827e+00 1.595410e-03 3.407442e-01 3.090648e-01 3.424269e-01 4.534430e-01 1.614267e+00 6.233287e-01 4.286658e-01 5.621593e-01 4.837125e-01 1.033181e+00 7.430966e-01 6.271687e-01 1.718673e-04
<GCONST> 1.058564e+02
<STATE> 7
<MEAN> 39
 -1.675374e-07 3.221873e-07 8.505744e-07 -1.159874e-07 6.443746e-09 0.000000e+00 -3.866247e-08 -1.159874e-07 7.088120e-08 -1.933124e-08 -3.221873e-09 1.288749e-07 6.941446e-01 1.787192e-01 -8.106169e-02 2.332347e-02 3.749455e-02 -4.162246e-02 1.665491e-01 -2.190905e-02 2.423825e-02 -1.530722e-01 2.602268e-03 -1.270040e-01 -3.649957e-02 -3.425620e-03 -3.625767e-02 -2.003602e-02 8.856063e-03 5.557035e-03 5.510714e-02 9.575468e-03 1.189729e-02 9.206950e-02 4.762142e-02 5.147614e-02 2.456655e-02 6.463856e-02 -1.265151e-03
<VARIANCE> 39
 3.727574e+01 3.266312e+01 1.529561e+02 2.413747e+01 7.531016e+01 1.161480e+02 2.173676e+01 2.648781e+01 3.440405e+01 3.462255e+01 3.834882e+01 2.769869e+01 4.161675e-02 2.784307e+00 2.013328e+00 3.346152e+00 2.458425e+00 8.352907e+00 3.524359e+00 2.295655e+00 3.282393e+00 3.869004e+00 4.770843e+00 3.775209e+00 3.243827e+00 1.595410e-03 3.407442e-01 3.090648e-01 3.424269e-01 4.534430e-01 1.614267e+00 6.233287e-01 4.286658e-01 5.621593e-01 4.837125e-01 1.033181e+00 7.430966e-01 6.271687e-01 1.718673e-04
<GCONST> 1.058564e+02
<STATE> 8
<MEAN> 39
 -1.675374e-07 3.221873e-07 8.505744e-07 -1.159874e-07 6.443746e-09 0.000000e+00 -3.866247e-08 -1.159874e-07 7.088120e-08 -1.933124e-08 -3.221873e-09 1.288749e-07 6.941446e-01 1.787192e-01 -8.106169e-02 2.332347e-02 3.749455e-02 -4.162246e-02 1.665491e-01 -2.190905e-02 2.423825e-02 -1.530722e-01 2.602268e-03 -1.270040e-01 -3.649957e-02 -3.425620e-03 -3.625767e-02 -2.003602e-02 8.856063e-03 5.557035e-03 5.510714e-02 9.575468e-03 1.189729e-02 9.206950e-02 4.762142e-02 5.147614e-02 2.456655e-02 6.463856e-02 -1.265151e-03
<VARIANCE> 39
 3.727574e+01 3.266312e+01 1.529561e+02 2.413747e+01 7.531016e+01 1.161480e+02 2.173676e+01 2.648781e+01 3.440405e+01 3.462255e+01 3.834882e+01 2.769869e+01 4.161675e-02 2.784307e+00 2.013328e+00 3.346152e+00 2.458425e+00 8.352907e+00 3.524359e+00 2.295655e+00 3.282393e+00 3.869004e+00 4.770843e+00 3.775209e+00 3.243827e+00 1.595410e-03 3.407442e-01 3.090648e-01 3.424269e-01 4.534430e-01 1.614267e+00 6.233287e-01 4.286658e-01 5.621593e-01 4.837125e-01 1.033181e+00 7.430966e-01 6.271687e-01 1.718673e-04
<GCONST> 1.058564e+02
<STATE> 9
<MEAN> 39
 -1.675374e-07 3.221873e-07 8.505744e-07 -1.159874e-07 6.443746e-09 0.000000e+00 -3.866247e-08 -1.159874e-07 7.088120e-08 -1.933124e-08 -3.221873e-09 1.288749e-07 6.941446e-01 1.787192e-01 -8.106169e-02 2.332347e-02 3.749455e-02 -4.162246e-02 1.665491e-01 -2.190905e-02 2.423825e-02 -1.530722e-01 2.602268e-03 -1.270040e-01 -3.649957e-02 -3.425620e-03 -3.625767e-02 -2.003602e-02 8.856063e-03 5.557035e-03 5.510714e-02 9.575468e-03 1.189729e-02 9.206950e-02 4.762142e-02 5.147614e-02 2.456655e-02 6.463856e-02 -1.265151e-03
<VARIANCE> 39
 3.727574e+01 3.266312e+01 1.529561e+02 2.413747e+01 7.531016e+01 1.161480e+02 2.173676e+01 2.648781e+01 3.440405e+01 3.462255e+01 3.834882e+01 2.769869e+01 4.161675e-02 2.784307e+00 2.013328e+00 3.346152e+00 2.458425e+00 8.352907e+00 3.524359e+00 2.295655e+00 3.282393e+00 3.869004e+00 4.770843e+00 3.775209e+00 3.243827e+00 1.595410e-03 3.407442e-01 3.090648e-01 3.424269e-01 4.534430e-01 1.614267e+00 6.233287e-01 4.286658e-01 5.621593e-01 4.837125e-01 1.033181e+00 7.430966e-01 6.271687e-01 1.718673e-04
<GCONST> 1.058564e+02
<TRANSP> 10
 0.000000e+00 1.000000e+00 0.000000e+00 0.000000e+00 0.000000e+00 0.000000e+00 0.000000e+00 0.000000e+00 0.000000e+00 0.000000e+00
 0.000000e+00 9.000000e-01 9.999999e-02 0.000000e+00 0.000000e+00 0.000000e+00 0.000000e+00 0.000000e+00 0.000000e+00 0.000000e+00
 0.000000e+00 0.000000e+00 9.000000e-01 9.999999e-02 0.000000e+00 0.000000e+00 0.000000e+00 0.000000e+00 0.000000e+00 0.000000e+00
 0.000000e+00 0.000000e+00 0.000000e+00 9.000000e-01 9.999999e-02 0.000000e+00 0.000000e+00 0.000000e+00 0.000000e+00 0.000000e+00
 0.000000e+00 0.000000e+00 0.000000e+00 0.000000e+00 9.000000e-01 9.999999e-02 0.000000e+00 0.000000e+00 0.000000e+00 0.000000e+00
 0.000000e+00 0.000000e+00 0.000000e+00 0.000000e+00 0.000000e+00 9.000000e-01 9.999999e-02 0.000000e+00 0.000000e+00 0.000000e+00
 0.000000e+00 0.000000e+00 0.000000e+00 0.000000e+00 0.000000e+00 0.000000e+00 9.000000e-01 9.999999e-02 0.000000e+00 0.000000e+00
 0.000000e+00 0.000000e+00 0.000000e+00 0.000000e+00 0.000000e+00 0.000000e+00 0.000000e+00 9.000000e-01 9.999999e-02 0.000000e+00
 0.000000e+00 0.000000e+00 0.000000e+00 0.000000e+00 0.000000e+00 0.000000e+00 0.000000e+00 0.000000e+00 9.000000e-01 9.999999e-02
 0.000000e+00 0.000000e+00 0.000000e+00 0.000000e+00 0.000000e+00 0.000000e+00 0.000000e+00 0.000000e+00 0.000000e+00 0.000000e+00
<ENDHMM>
