~o
<STREAMINFO> 1 39
<VECSIZE> 39<NULLD><MFCC_E_D_A_Z><DIAGC>
~h "s010"
<BEGINHMM>
<NUMSTATES> 10
<STATE> 2
<MEAN> 39
 1.086464e-07 -5.130526e-07 -3.621548e-08 1.629697e-07 -8.450279e-08 1.448619e-07 -4.949449e-07 -2.082390e-07 -2.776520e-07 -2.474725e-07 -7.243096e-08 1.508978e-07 6.452503e-01 2.877310e-02 3.086196e-02 -9.681378e-03 -3.831771e-02 8.476583e-02 -5.819411e-02 1.520551e-02 9.388833e-03 8.295487e-02 2.627938e-01 1.848026e-01 -1.312351e-01 -6.363235e-04 -2.582731e-02 -9.566236e-03 -2.890426e-02 -1.702220e-02 9.402470e-02 7.014550e-02 -1.047867e-03 3.809295e-04 -4.510003e-02 -8.289120e-04 4.471643e-02 2.439220e-02 -1.571697e-03
<VARIANCE> 39
 1.410990e+01 5.635483e+01 2.434620e+01 2.082269e+01 9.898056e+01 9.194139e+01 6.484321e+01 2.263664e+01 3.885340e+01 3.208426e+01 4.095562e+01 3.383628e+01 4.721157e-02 1.186141e+00 1.447030e+00 1.405559e+00 2.523829e+00 6.048026e+00 4.647337e+00 6.165644e+00 2.263310e+00 2.357266e+00 3.125887e+00 3.462792e+00 2.969273e+00 2.062224e-03 1.907736e-01 2.035261e-01 2.302955e-01 5.194411e-01 1.148448e+00 4.855172e-01 1.181106e+00 4.510194e-01 3.849102e-01 6.234022e-01 6.279501e-01 5.301826e-01 1.512966e-04
<GCONST> 1.003134e+02
<STATE> 3
<MEAN> 39
 1.086464e-07 -5.130526e-07 -3.621548e-08 1.629697e-07 -8.450279e-08 1.448619e-07 -4.949449e-07 -2.082390e-07 -2.776520e-07 -2.474725e-07 -7.243096e-08 1.508978e-07 6.452503e-01 2.877310e-02 3.086196e-02 -9.681378e-03 -3.831771e-02 8.476583e-02 -5.819411e-02 1.520551e-02 9.388833e-03 8.295487e-02 2.627938e-01 1.848026e-01 -1.312351e-01 -6.363235e-04 -2.582731e-02 -9.566236e-03 -2.890426e-02 -1.702220e-02 9.402470e-02 7.014550e-02 -1.047867e-03 3.809295e-04 -4.510003e-02 -8.289120e-04 4.471643e-02 2.439220e-02 -1.571697e-03
<VARIANCE> 39
 1.410990e+01 5.635483e+01 2.434620e+01 2.082269e+01 9.898056e+01 9.194139e+01 6.484321e+01 2.263664e+01 3.885340e+01 3.208426e+01 4.095562e+01 3.383628e+01 4.721157e-02 1.186141e+00 1.447030e+00 1.405559e+00 2.523829e+00 6.048026e+00 4.647337e+00 6.165644e+00 2.263310e+00 2.357266e+00 3.125887e+00 3.462792e+00 2.969273e+00 2.062224e-03 1.907736e-01 2.035261e-01 2.302955e-01 5.194411e-01 1.148448e+00 4.855172e-01 1.181106e+00 4.510194e-01 3.849102e-01 6.234022e-01 6.279501e-01 5.301826e-01 1.512966e-04
<GCONST> 1.003134e+02
<STATE> 4
<MEAN> 39
 1.086464e-07 -5.130526e-07 -3.621548e-08 1.629697e-07 -8.450279e-08 1.448619e-07 -4.949449e-07 -2.082390e-07 -2.776520e-07 -2.474725e-07 -7.243096e-08 1.508978e-07 6.452503e-01 2.877310e-02 3.086196e-02 -9.681378e-03 -3.831771e-02 8.476583e-02 -5.819411e-02 1.520551e-02 9.388833e-03 8.295487e-02 2.627938e-01 1.848026e-01 -1.312351e-01 -6.363235e-04 -2.582731e-02 -9.566236e-03 -2.890426e-02 -1.702220e-02 9.402470e-02 7.014550e-02 -1.047867e-03 3.809295e-04 -4.510003e-02 -8.289120e-04 4.471643e-02 2.439220e-02 -1.571697e-03
<VARIANCE> 39
 1.410990e+01 5.635483e+01 2.434620e+01 2.082269e+01 9.898056e+01 9.194139e+01 6.484321e+01 2.263664e+01 3.885340e+01 3.208426e+01 4.095562e+01 3.383628e+01 4.721157e-02 1.186141e+00 1.447030e+00 1.405559e+00 2.523829e+00 6.048026e+00 4.647337e+00 6.165644e+00 2.263310e+00 2.357266e+00 3.125887e+00 3.462792e+00 2.969273e+00 2.062224e-03 1.907736e-01 2.035261e-01 2.302955e-01 5.194411e-01 1.148448e+00 4.855172e-01 1.181106e+00 4.510194e-01 3.849102e-01 6.234022e-01 6.279501e-01 5.301826e-01 1.512966e-04
<GCONST> 1.003134e+02
<STATE> 5
<MEAN> 39
 1.086464e-07 -5.130526e-07 -3.621548e-08 1.629697e-07 -8.450279e-08 1.448619e-07 -4.949449e-07 -2.082390e-07 -2.776520e-07 -2.474725e-07 -7.243096e-08 1.508978e-07 6.452503e-01 2.877310e-02 3.086196e-02 -9.681378e-03 -3.831771e-02 8.476583e-02 -5.819411e-02 1.520551e-02 9.388833e-03 8.295487e-02 2.627938e-01 1.848026e-01 -1.312351e-01 -6.363235e-04 -2.582731e-02 -9.566236e-03 -2.890426e-02 -1.702220e-02 9.402470e-02 7.014550e-02 -1.047867e-03 3.809295e-04 -4.510003e-02 -8.289120e-04 4.471643e-02 2.439220e-02 -1.571697e-03
<VARIANCE> 39
 1.410990e+01 5.635483e+01 2.434620e+01 2.082269e+01 9.898056e+01 9.194139e+01 6.484321e+01 2.263664e+01 3.885340e+01 3.208426e+01 4.095562e+01 3.383628e+01 4.721157e-02 1.186141e+00 1.447030e+00 1.405559e+00 2.523829e+00 6.048026e+00 4.647337e+00 6.165644e+00 2.263310e+00 2.357266e+00 3.125887e+00 3.462792e+00 2.969273e+00 2.062224e-03 1.907736e-01 2.035261e-01 2.302955e-01 5.194411e-01 1.148448e+00 4.855172e-01 1.181106e+00 4.510194e-01 3.849102e-01 6.234022e-01 6.279501e-01 5.301826e-01 1.512966e-04
<GCONST> 1.003134e+02
<STATE> 6
<MEAN> 39
 1.086464e-07 -5.130526e-07 -3.621548e-08 1.629697e-07 -8.450279e-08 1.448619e-07 -4.949449e-07 -2.082390e-07 -2.776520e-07 -2.474725e-07 -7.243096e-08 1.508978e-07 6.452503e-01 2.877310e-02 3.086196e-02 -9.681378e-03 -3.831771e-02 8.476583e-02 -5.819411e-02 1.520551e-02 9.388833e-03 8.295487e-02 2.627938e-01 1.848026e-01 -1.312351e-01 -6.363235e-04 -2.582731e-02 -9.566236e-03 -2.890426e-02 -1.702220e-02 9.402470e-02 7.014550e-02 -1.047867e-03 3.809295e-04 -4.510003e-02 -8.289120e-04 4.471643e-02 2.439220e-02 -1.571697e-03
<VARIANCE> 39
 1.410990e+01 5.635483e+01 2.434620e+01 2.082269e+01 9.898056e+01 9.194139e+01 6.484321e+01 2.263664e+01 3.885340e+01 3.208426e+01 4.095562e+01 3.383628e+01 4.721157e-02 1.186141e+00 1.447030e+00 1.405559e+00 2.523829e+00 6.048026e+00 4.647337e+00 6.165644e+00 2.263310e+00 2.357266e+00 3.125887e+00 3.462792e+00 2.969273e+00 2.062224e-03 1.907736e-01 2.035261e-01 2.302955e-01 5.194411e-01 1.148448e+00 4.855172e-01 1.181106e+00 4.510194e-01 3.849102e-01 6.234022e-01 6.279501e-01 5.301826e-01 1.512966e-04
<GCONST> 1.003134e+02
<STATE> 7
<MEAN> 39
 1.086464e-07 -5.130526e-07 -3.621548e-08 1.629697e-07 -8.450279e-08 1.448619e-07 -4.949449e-07 -2.082390e-07 -2.776520e-07 -2.474725e-07 -7.243096e-08 1.508978e-07 6.452503e-01 2.877310e-02 3.086196e-02 -9.681378e-03 -3.831771e-02 8.476583e-02 -5.819411e-02 1.520551e-02 9.388833e-03 8.295487e-02 2.627938e-01 1.848026e-01 -1.312351e-01 -6.363235e-04 -2.582731e-02 -9.566236e-03 -2.890426e-02 -1.702220e-02 9.402470e-02 7.014550e-02 -1.047867e-03 3.809295e-04 -4.510003e-02 -8.289120e-04 4.471643e-02 2.439220e-02 -1.571697e-03
<VARIANCE> 39
 1.410990e+01 5.635483e+01 2.434620e+01 2.082269e+01 9.898056e+01 9.194139e+01 6.484321e+01 2.263664e+01 3.885340e+01 3.208426e+01 4.095562e+01 3.383628e+01 4.721157e-02 1.186141e+00 1.447030e+00 1.405559e+00 2.523829e+00 6.048026e+00 4.647337e+00 6.165644e+00 2.263310e+00 2.357266e+00 3.125887e+00 3.462792e+00 2.969273e+00 2.062224e-03 1.907736e-01 2.035261e-01 2.302955e-01 5.194411e-01 1.148448e+00 4.855172e-01 1.181106e+00 4.510194e-01 3.849102e-01 6.234022e-01 6.279501e-01 5.301826e-01 1.512966e-04
<GCONST> 1.003134e+02
<STATE> 8
<MEAN> 39
 1.086464e-07 -5.130526e-07 -3.621548e-08 1.629697e-07 -8.450279e-08 1.448619e-07 -4.949449e-07 -2.082390e-07 -2.776520e-07 -2.474725e-07 -7.243096e-08 1.508978e-07 6.452503e-01 2.877310e-02 3.086196e-02 -9.681378e-03 -3.831771e-02 8.476583e-02 -5.819411e-02 1.520551e-02 9.388833e-03 8.295487e-02 2.627938e-01 1.848026e-01 -1.312351e-01 -6.363235e-04 -2.582731e-02 -9.566236e-03 -2.890426e-02 -1.702220e-02 9.402470e-02 7.014550e-02 -1.047867e-03 3.809295e-04 -4.510003e-02 -8.289120e-04 4.471643e-02 2.439220e-02 -1.571697e-03
<VARIANCE> 39
 1.410990e+01 5.635483e+01 2.434620e+01 2.082269e+01 9.898056e+01 9.194139e+01 6.484321e+01 2.263664e+01 3.885340e+01 3.208426e+01 4.095562e+01 3.383628e+01 4.721157e-02 1.186141e+00 1.447030e+00 1.405559e+00 2.523829e+00 6.048026e+00 4.647337e+00 6.165644e+00 2.263310e+00 2.357266e+00 3.125887e+00 3.462792e+00 2.969273e+00 2.062224e-03 1.907736e-01 2.035261e-01 2.302955e-01 5.194411e-01 1.148448e+00 4.855172e-01 1.181106e+00 4.510194e-01 3.849102e-01 6.234022e-01 6.279501e-01 5.301826e-01 1.512966e-04
<GCONST> 1.003134e+02
<STATE> 9
<MEAN> 39
 1.086464e-07 -5.130526e-07 -3.621548e-08 1.629697e-07 -8.450279e-08 1.448619e-07 -4.949449e-07 -2.082390e-07 -2.776520e-07 -2.474725e-07 -7.243096e-08 1.508978e-07 6.452503e-01 2.877310e-02 3.086196e-02 -9.681378e-03 -3.831771e-02 8.476583e-02 -5.819411e-02 1.520551e-02 9.388833e-03 8.295487e-02 2.627938e-01 1.848026e-01 -1.312351e-01 -6.363235e-04 -2.582731e-02 -9.566236e-03 -2.890426e-02 -1.702220e-02 9.402470e-02 7.014550e-02 -1.047867e-03 3.809295e-04 -4.510003e-02 -8.289120e-04 4.471643e-02 2.439220e-02 -1.571697e-03
<VARIANCE> 39
 1.410990e+01 5.635483e+01 2.434620e+01 2.082269e+01 9.898056e+01 9.194139e+01 6.484321e+01 2.263664e+01 3.885340e+01 3.208426e+01 4.095562e+01 3.383628e+01 4.721157e-02 1.186141e+00 1.447030e+00 1.405559e+00 2.523829e+00 6.048026e+00 4.647337e+00 6.165644e+00 2.263310e+00 2.357266e+00 3.125887e+00 3.462792e+00 2.969273e+00 2.062224e-03 1.907736e-01 2.035261e-01 2.302955e-01 5.194411e-01 1.148448e+00 4.855172e-01 1.181106e+00 4.510194e-01 3.849102e-01 6.234022e-01 6.279501e-01 5.301826e-01 1.512966e-04
<GCONST> 1.003134e+02
<TRANSP> 10
 0.000000e+00 1.000000e+00 0.000000e+00 0.000000e+00 0.000000e+00 0.000000e+00 0.000000e+00 0.000000e+00 0.000000e+00 0.000000e+00
 0.000000e+00 9.000000e-01 9.999999e-02 0.000000e+00 0.000000e+00 0.000000e+00 0.000000e+00 0.000000e+00 0.000000e+00 0.000000e+00
 0.000000e+00 0.000000e+00 9.000000e-01 9.999999e-02 0.000000e+00 0.000000e+00 0.000000e+00 0.000000e+00 0.000000e+00 0.000000e+00
 0.000000e+00 0.000000e+00 0.000000e+00 9.000000e-01 9.999999e-02 0.000000e+00 0.000000e+00 0.000000e+00 0.000000e+00 0.000000e+00
 0.000000e+00 0.000000e+00 0.000000e+00 0.000000e+00 9.000000e-01 9.999999e-02 0.000000e+00 0.000000e+00 0.000000e+00 0.000000e+00
 0.000000e+00 0.000000e+00 0.000000e+00 0.000000e+00 0.000000e+00 9.000000e-01 9.999999e-02 0.000000e+00 0.000000e+00 0.000000e+00
 0.000000e+00 0.000000e+00 0.000000e+00 0.000000e+00 0.000000e+00 0.000000e+00 9.000000e-01 9.999999e-02 0.000000e+00 0.000000e+00
 0.000000e+00 0.000000e+00 0.000000e+00 0.000000e+00 0.000000e+00 0.000000e+00 0.000000e+00 9.000000e-01 9.999999e-02 0.000000e+00
 0.000000e+00 0.000000e+00 0.000000e+00 0.000000e+00 0.000000e+00 0.000000e+00 0.000000e+00 0.000000e+00 9.000000e-01 9.999999e-02
 0.000000e+00 0.000000e+00 0.000000e+00 0.000000e+00 0.000000e+00 0.000000e+00 0.000000e+00 0.000000e+00 0.000000e+00 0.000000e+00
<ENDHMM>
