~o
<STREAMINFO> 1 39
<VECSIZE> 39<NULLD><MFCC_E_D_A_Z><DIAGC>
~h "s011"
<BEGINHMM>
<NUMSTATES> 10
<STATE> 2
<MEAN> 39
 2.766833e-07 -6.828779e-07 7.064254e-08 -7.652942e-08 -3.532127e-08 8.241630e-08 3.532127e-08 -2.590226e-07 -8.241630e-08 -7.064254e-08 5.886879e-09 -1.177376e-08 7.198873e-01 -2.457025e-02 -2.114610e-02 1.497687e-01 8.066379e-02 2.194625e-01 1.735663e-01 -1.625246e-01 8.624871e-04 1.298584e-01 2.361223e-01 -3.538746e-02 5.634676e-02 -5.844075e-03 2.676379e-02 2.818955e-02 -7.729891e-03 -9.013041e-03 -7.987066e-03 2.640958e-02 3.048520e-02 -1.965773e-02 1.073605e-02 -1.947308e-02 2.769994e-02 9.964182e-02 -5.194687e-04
<VARIANCE> 39
 2.092085e+01 8.825062e+01 2.550626e+01 3.937926e+01 6.500684e+01 5.032211e+01 5.345753e+01 2.809994e+01 3.791029e+01 9.938458e+01 3.674441e+01 3.715054e+01 2.960294e-02 1.145019e+00 2.828729e+00 2.323634e+00 4.147045e+00 3.670480e+00 3.277702e+00 5.120358e+00 2.157738e+00 4.719912e+00 4.118339e+00 3.165019e+00 3.366867e+00 7.731635e-04 1.595282e-01 2.713192e-01 5.171749e-01 7.730653e-01 5.441378e-01 6.192595e-01 9.137574e-01 3.922643e-01 1.000569e+00 6.706209e-01 6.545659e-01 5.059431e-01 7.407623e-05
<GCONST> 1.027650e+02
<STATE> 3
<MEAN> 39
 2.766833e-07 -6.828779e-07 7.064254e-08 -7.652942e-08 -3.532127e-08 8.241630e-08 3.532127e-08 -2.590226e-07 -8.241630e-08 -7.064254e-08 5.886879e-09 -1.177376e-08 7.198873e-01 -2.457025e-02 -2.114610e-02 1.497687e-01 8.066379e-02 2.194625e-01 1.735663e-01 -1.625246e-01 8.624871e-04 1.298584e-01 2.361223e-01 -3.538746e-02 5.634676e-02 -5.844075e-03 2.676379e-02 2.818955e-02 -7.729891e-03 -9.013041e-03 -7.987066e-03 2.640958e-02 3.048520e-02 -1.965773e-02 1.073605e-02 -1.947308e-02 2.769994e-02 9.964182e-02 -5.194687e-04
<VARIANCE> 39
 2.092085e+01 8.825062e+01 2.550626e+01 3.937926e+01 6.500684e+01 5.032211e+01 5.345753e+01 2.809994e+01 3.791029e+01 9.938458e+01 3.674441e+01 3.715054e+01 2.960294e-02 1.145019e+00 2.828729e+00 2.323634e+00 4.147045e+00 3.670480e+00 3.277702e+00 5.120358e+00 2.157738e+00 4.719912e+00 4.118339e+00 3.165019e+00 3.366867e+00 7.731635e-04 1.595282e-01 2.713192e-01 5.171749e-01 7.730653e-01 5.441378e-01 6.192595e-01 9.137574e-01 3.922643e-01 1.000569e+00 6.706209e-01 6.545659e-01 5.059431e-01 7.407623e-05
<GCONST> 1.027650e+02
<STATE> 4
<MEAN> 39
 2.766833e-07 -6.828779e-07 7.064254e-08 -7.652942e-08 -3.532127e-08 8.241630e-08 3.532127e-08 -2.590226e-07 -8.241630e-08 -7.064254e-08 5.886879e-09 -1.177376e-08 7.198873e-01 -2.457025e-02 -2.114610e-02 1.497687e-01 8.066379e-02 2.194625e-01 1.735663e-01 -1.625246e-01 8.624871e-04 1.298584e-01 2.361223e-01 -3.538746e-02 5.634676e-02 -5.844075e-03 2.676379e-02 2.818955e-02 -7.729891e-03 -9.013041e-03 -7.987066e-03 2.640958e-02 3.048520e-02 -1.965773e-02 1.073605e-02 -1.947308e-02 2.769994e-02 9.964182e-02 -5.194687e-04
<VARIANCE> 39
 2.092085e+01 8.825062e+01 2.550626e+01 3.937926e+01 6.500684e+01 5.032211e+01 5.345753e+01 2.809994e+01 3.791029e+01 9.938458e+01 3.674441e+01 3.715054e+01 2.960294e-02 1.145019e+00 2.828729e+00 2.323634e+00 4.147045e+00 3.670480e+00 3.277702e+00 5.120358e+00 2.157738e+00 4.719912e+00 4.118339e+00 3.165019e+00 3.366867e+00 7.731635e-04 1.595282e-01 2.713192e-01 5.171749e-01 7.730653e-01 5.441378e-01 6.192595e-01 9.137574e-01 3.922643e-01 1.000569e+00 6.706209e-01 6.545659e-01 5.059431e-01 7.407623e-05
<GCONST> 1.027650e+02
<STATE> 5
<MEAN> 39
 2.766833e-07 -6.828779e-07 7.064254e-08 -7.652942e-08 -3.532127e-08 8.241630e-08 3.532127e-08 -2.590226e-07 -8.241630e-08 -7.064254e-08 5.886879e-09 -1.177376e-08 7.198873e-01 -2.457025e-02 -2.114610e-02 1.497687e-01 8.066379e-02 2.194625e-01 1.735663e-01 -1.625246e-01 8.624871e-04 1.298584e-01 2.361223e-01 -3.538746e-02 5.634676e-02 -5.844075e-03 2.676379e-02 2.818955e-02 -7.729891e-03 -9.013041e-03 -7.987066e-03 2.640958e-02 3.048520e-02 -1.965773e-02 1.073605e-02 -1.947308e-02 2.769994e-02 9.964182e-02 -5.194687e-04
<VARIANCE> 39
 2.092085e+01 8.825062e+01 2.550626e+01 3.937926e+01 6.500684e+01 5.032211e+01 5.345753e+01 2.809994e+01 3.791029e+01 9.938458e+01 3.674441e+01 3.715054e+01 2.960294e-02 1.145019e+00 2.828729e+00 2.323634e+00 4.147045e+00 3.670480e+00 3.277702e+00 5.120358e+00 2.157738e+00 4.719912e+00 4.118339e+00 3.165019e+00 3.366867e+00 7.731635e-04 1.595282e-01 2.713192e-01 5.171749e-01 7.730653e-01 5.441378e-01 6.192595e-01 9.137574e-01 3.922643e-01 1.000569e+00 6.706209e-01 6.545659e-01 5.059431e-01 7.407623e-05
<GCONST> 1.027650e+02
<STATE> 6
<MEAN> 39
 2.766833e-07 -6.828779e-07 7.064254e-08 -7.652942e-08 -3.532127e-08 8.241630e-08 3.532127e-08 -2.590226e-07 -8.241630e-08 -7.064254e-08 5.886879e-09 -1.177376e-08 7.198873e-01 -2.457025e-02 -2.114610e-02 1.497687e-01 8.066379e-02 2.194625e-01 1.735663e-01 -1.625246e-01 8.624871e-04 1.298584e-01 2.361223e-01 -3.538746e-02 5.634676e-02 -5.844075e-03 2.676379e-02 2.818955e-02 -7.729891e-03 -9.013041e-03 -7.987066e-03 2.640958e-02 3.048520e-02 -1.965773e-02 1.073605e-02 -1.947308e-02 2.769994e-02 9.964182e-02 -5.194687e-04
<VARIANCE> 39
 2.092085e+01 8.825062e+01 2.550626e+01 3.937926e+01 6.500684e+01 5.032211e+01 5.345753e+01 2.809994e+01 3.791029e+01 9.938458e+01 3.674441e+01 3.715054e+01 2.960294e-02 1.145019e+00 2.828729e+00 2.323634e+00 4.147045e+00 3.670480e+00 3.277702e+00 5.120358e+00 2.157738e+00 4.719912e+00 4.118339e+00 3.165019e+00 3.366867e+00 7.731635e-04 1.595282e-01 2.713192e-01 5.171749e-01 7.730653e-01 5.441378e-01 6.192595e-01 9.137574e-01 3.922643e-01 1.000569e+00 6.706209e-01 6.545659e-01 5.059431e-01 7.407623e-05
<GCONST> 1.027650e+02
<STATE> 7
<MEAN> 39
 2.766833e-07 -6.828779e-07 7.064254e-08 -7.652942e-08 -3.532127e-08 8.241630e-08 3.532127e-08 -2.590226e-07 -8.241630e-08 -7.064254e-08 5.886879e-09 -1.177376e-08 7.198873e-01 -2.457025e-02 -2.114610e-02 1.497687e-01 8.066379e-02 2.194625e-01 1.735663e-01 -1.625246e-01 8.624871e-04 1.298584e-01 2.361223e-01 -3.538746e-02 5.634676e-02 -5.844075e-03 2.676379e-02 2.818955e-02 -7.729891e-03 -9.013041e-03 -7.987066e-03 2.640958e-02 3.048520e-02 -1.965773e-02 1.073605e-02 -1.947308e-02 2.769994e-02 9.964182e-02 -5.194687e-04
<VARIANCE> 39
 2.092085e+01 8.825062e+01 2.550626e+01 3.937926e+01 6.500684e+01 5.032211e+01 5.345753e+01 2.809994e+01 3.791029e+01 9.938458e+01 3.674441e+01 3.715054e+01 2.960294e-02 1.145019e+00 2.828729e+00 2.323634e+00 4.147045e+00 3.670480e+00 3.277702e+00 5.120358e+00 2.157738e+00 4.719912e+00 4.118339e+00 3.165019e+00 3.366867e+00 7.731635e-04 1.595282e-01 2.713192e-01 5.171749e-01 7.730653e-01 5.441378e-01 6.192595e-01 9.137574e-01 3.922643e-01 1.000569e+00 6.706209e-01 6.545659e-01 5.059431e-01 7.407623e-05
<GCONST> 1.027650e+02
<STATE> 8
<MEAN> 39
 2.766833e-07 -6.828779e-07 7.064254e-08 -7.652942e-08 -3.532127e-08 8.241630e-08 3.532127e-08 -2.590226e-07 -8.241630e-08 -7.064254e-08 5.886879e-09 -1.177376e-08 7.198873e-01 -2.457025e-02 -2.114610e-02 1.497687e-01 8.066379e-02 2.194625e-01 1.735663e-01 -1.625246e-01 8.624871e-04 1.298584e-01 2.361223e-01 -3.538746e-02 5.634676e-02 -5.844075e-03 2.676379e-02 2.818955e-02 -7.729891e-03 -9.013041e-03 -7.987066e-03 2.640958e-02 3.048520e-02 -1.965773e-02 1.073605e-02 -1.947308e-02 2.769994e-02 9.964182e-02 -5.194687e-04
<VARIANCE> 39
 2.092085e+01 8.825062e+01 2.550626e+01 3.937926e+01 6.500684e+01 5.032211e+01 5.345753e+01 2.809994e+01 3.791029e+01 9.938458e+01 3.674441e+01 3.715054e+01 2.960294e-02 1.145019e+00 2.828729e+00 2.323634e+00 4.147045e+00 3.670480e+00 3.277702e+00 5.120358e+00 2.157738e+00 4.719912e+00 4.118339e+00 3.165019e+00 3.366867e+00 7.731635e-04 1.595282e-01 2.713192e-01 5.171749e-01 7.730653e-01 5.441378e-01 6.192595e-01 9.137574e-01 3.922643e-01 1.000569e+00 6.706209e-01 6.545659e-01 5.059431e-01 7.407623e-05
<GCONST> 1.027650e+02
<STATE> 9
<MEAN> 39
 2.766833e-07 -6.828779e-07 7.064254e-08 -7.652942e-08 -3.532127e-08 8.241630e-08 3.532127e-08 -2.590226e-07 -8.241630e-08 -7.064254e-08 5.886879e-09 -1.177376e-08 7.198873e-01 -2.457025e-02 -2.114610e-02 1.497687e-01 8.066379e-02 2.194625e-01 1.735663e-01 -1.625246e-01 8.624871e-04 1.298584e-01 2.361223e-01 -3.538746e-02 5.634676e-02 -5.844075e-03 2.676379e-02 2.818955e-02 -7.729891e-03 -9.013041e-03 -7.987066e-03 2.640958e-02 3.048520e-02 -1.965773e-02 1.073605e-02 -1.947308e-02 2.769994e-02 9.964182e-02 -5.194687e-04
<VARIANCE> 39
 2.092085e+01 8.825062e+01 2.550626e+01 3.937926e+01 6.500684e+01 5.032211e+01 5.345753e+01 2.809994e+01 3.791029e+01 9.938458e+01 3.674441e+01 3.715054e+01 2.960294e-02 1.145019e+00 2.828729e+00 2.323634e+00 4.147045e+00 3.670480e+00 3.277702e+00 5.120358e+00 2.157738e+00 4.719912e+00 4.118339e+00 3.165019e+00 3.366867e+00 7.731635e-04 1.595282e-01 2.713192e-01 5.171749e-01 7.730653e-01 5.441378e-01 6.192595e-01 9.137574e-01 3.922643e-01 1.000569e+00 6.706209e-01 6.545659e-01 5.059431e-01 7.407623e-05
<GCONST> 1.027650e+02
<TRANSP> 10
 0.000000e+00 1.000000e+00 0.000000e+00 0.000000e+00 0.000000e+00 0.000000e+00 0.000000e+00 0.000000e+00 0.000000e+00 0.000000e+00
 0.000000e+00 9.000000e-01 9.999999e-02 0.000000e+00 0.000000e+00 0.000000e+00 0.000000e+00 0.000000e+00 0.000000e+00 0.000000e+00
 0.000000e+00 0.000000e+00 9.000000e-01 9.999999e-02 0.000000e+00 0.000000e+00 0.000000e+00 0.000000e+00 0.000000e+00 0.000000e+00
 0.000000e+00 0.000000e+00 0.000000e+00 9.000000e-01 9.999999e-02 0.000000e+00 0.000000e+00 0.000000e+00 0.000000e+00 0.000000e+00
 0.000000e+00 0.000000e+00 0.000000e+00 0.000000e+00 9.000000e-01 9.999999e-02 0.000000e+00 0.000000e+00 0.000000e+00 0.000000e+00
 0.000000e+00 0.000000e+00 0.000000e+00 0.000000e+00 0.000000e+00 9.000000e-01 9.999999e-02 0.000000e+00 0.000000e+00 0.000000e+00
 0.000000e+00 0.000000e+00 0.000000e+00 0.000000e+00 0.000000e+00 0.000000e+00 9.000000e-01 9.999999e-02 0.000000e+00 0.000000e+00
 0.000000e+00 0.000000e+00 0.000000e+00 0.000000e+00 0.000000e+00 0.000000e+00 0.000000e+00 9.000000e-01 9.999999e-02 0.000000e+00
 0.000000e+00 0.000000e+00 0.000000e+00 0.000000e+00 0.000000e+00 0.000000e+00 0.000000e+00 0.000000e+00 9.000000e-01 9.999999e-02
 0.000000e+00 0.000000e+00 0.000000e+00 0.000000e+00 0.000000e+00 0.000000e+00 0.000000e+00 0.000000e+00 0.000000e+00 0.000000e+00
<ENDHMM>
