~o
<STREAMINFO> 1 39
<VECSIZE> 39<NULLD><MFCC_E_D_A_Z><DIAGC>
~h "s012"
<BEGINHMM>
<NUMSTATES> 10
<STATE> 2
<MEAN> 39
 -3.311369e-07 4.768372e-07 -6.463792e-07 4.238553e-08 -2.569622e-07 -1.483493e-07 3.602770e-07 1.218584e-07 -5.616082e-07 1.059638e-07 -2.331204e-07 -1.324548e-08 6.968957e-01 -4.847049e-02 1.623278e-01 2.488037e-01 4.410778e-02 1.671579e-02 8.211011e-03 1.574282e-01 -9.129424e-02 -8.514099e-02 -9.370974e-02 2.109482e-01 -3.160970e-02 -4.574972e-03 -5.186794e-03 -2.875378e-02 2.076095e-02 1.340455e-02 -1.010568e-02 5.072383e-03 3.597986e-02 1.511681e-02 -2.939717e-02 -6.114449e-02 -3.190914e-02 -1.521211e-03 -7.600763e-04
<VARIANCE> 39
 3.372282e+01 8.343819e+01 8.676766e+01 3.486278e+01 4.394298e+01 3.980515e+01 3.713489e+01 4.944744e+01 4.725343e+01 3.154850e+01 5.662747e+01 2.702884e+01 3.092868e-02 3.060527e+00 1.929255e+00 2.065596e+00 2.763622e+00 2.937114e+00 4.853789e+00 2.864103e+00 4.147350e+00 2.838739e+00 4.652929e+00 3.382211e+00 2.229391e+00 1.436314e-03 6.170866e-01 2.515592e-01 3.175076e-01 4.300792e-01 5.598688e-01 1.032188e+00 4.821263e-01 6.055015e-01 5.032656e-01 9.167935e-01 5.141856e-01 4.315507e-01 1.771285e-04
<GCONST> 1.039347e+02
<STATE> 3
<MEAN> 39
 -3.311369e-07 4.768372e-07 -6.463792e-07 4.238553e-08 -2.569622e-07 -1.483493e-07 3.602770e-07 1.218584e-07 -5.616082e-07 1.059638e-07 -2.331204e-07 -1.324548e-08 6.968957e-01 -4.847049e-02 1.623278e-01 2.488037e-01 4.410778e-02 1.671579e-02 8.211011e-03 1.574282e-01 -9.129424e-02 -8.514099e-02 -9.370974e-02 2.109482e-01 -3.160970e-02 -4.574972e-03 -5.186794e-03 -2.875378e-02 2.076095e-02 1.340455e-02 -1.010568e-02 5.072383e-03 3.597986e-02 1.511681e-02 -2.939717e-02 -6.114449e-02 -3.190914e-02 -1.521211e-03 -7.600763e-04
<VARIANCE> 39
 3.372282e+01 8.343819e+01 8.676766e+01 3.486278e+01 4.394298e+01 3.980515e+01 3.713489e+01 4.944744e+01 4.725343e+01 3.154850e+01 5.662747e+01 2.702884e+01 3.092868e-02 3.060527e+00 1.929255e+00 2.065596e+00 2.763622e+00 2.937114e+00 4.853789e+00 2.864103e+00 4.147350e+00 2.838739e+00 4.652929e+00 3.382211e+00 2.229391e+00 1.436314e-03 6.170866e-01 2.515592e-01 3.175076e-01 4.300792e-01 5.598688e-01 1.032188e+00 4.821263e-01 6.055015e-01 5.032656e-01 9.167935e-01 5.141856e-01 4.315507e-01 1.771285e-04
<GCONST> 1.039347e+02
<STATE> 4
<MEAN> 39
 -3.311369e-07 4.768372e-07 -6.463792e-07 4.238553e-08 -2.569622e-07 -1.483493e-07 3.602770e-07 1.218584e-07 -5.616082e-07 1.059638e-07 -2.331204e-07 -1.324548e-08 6.968957e-01 -4.847049e-02 1.623278e-01 2.488037e-01 4.410778e-02 1.671579e-02 8.211011e-03 1.574282e-01 -9.129424e-02 -8.514099e-02 -9.370974e-02 2.109482e-01 -3.160970e-02 -4.574972e-03 -5.186794e-03 -2.875378e-02 2.076095e-02 1.340455e-02 -1.010568e-02 5.072383e-03 3.597986e-02 1.511681e-02 -2.939717e-02 -6.114449e-02 -3.190914e-02 -1.521211e-03 -7.600763e-04
<VARIANCE> 39
 3.372282e+01 8.343819e+01 8.676766e+01 3.486278e+01 4.394298e+01 3.980515e+01 3.713489e+01 4.944744e+01 4.725343e+01 3.154850e+01 5.662747e+01 2.702884e+01 3.092868e-02 3.060527e+00 1.929255e+00 2.065596e+00 2.763622e+00 2.937114e+00 4.853789e+00 2.864103e+00 4.147350e+00 2.838739e+00 4.652929e+00 3.382211e+00 2.229391e+00 1.436314e-03 6.170866e-01 2.515592e-01 3.175076e-01 4.300792e-01 5.598688e-01 1.032188e+00 4.821263e-01 6.055015e-01 5.032656e-01 9.167935e-01 5.141856e-01 4.315507e-01 1.771285e-04
<GCONST> 1.039347e+02
<STATE> 5
<MEAN> 39
 -3.311369e-07 4.768372e-07 -6.463792e-07 4.238553e-08 -2.569622e-07 -1.483493e-07 3.602770e-07 1.218584e-07 -5.616082e-07 1.059638e-07 -2.331204e-07 -1.324548e-08 6.968957e-01 -4.847049e-02 1.623278e-01 2.488037e-01 4.410778e-02 1.671579e-02 8.211011e-03 1.574282e-01 -9.129424e-02 -8.514099e-02 -9.370974e-02 2.109482e-01 -3.160970e-02 -4.574972e-03 -5.186794e-03 -2.875378e-02 2.076095e-02 1.340455e-02 -1.010568e-02 5.072383e-03 3.597986e-02 1.511681e-02 -2.939717e-02 -6.114449e-02 -3.190914e-02 -1.521211e-03 -7.600763e-04
<VARIANCE> 39
 3.372282e+01 8.343819e+01 8.676766e+01 3.486278e+01 4.394298e+01 3.980515e+01 3.713489e+01 4.944744e+01 4.725343e+01 3.154850e+01 5.662747e+01 2.702884e+01 3.092868e-02 3.060527e+00 1.929255e+00 2.065596e+00 2.763622e+00 2.937114e+00 4.853789e+00 2.864103e+00 4.147350e+00 2.838739e+00 4.652929e+00 3.382211e+00 2.229391e+00 1.436314e-03 6.170866e-01 2.515592e-01 3.175076e-01 4.300792e-01 5.598688e-01 1.032188e+00 4.821263e-01 6.055015e-01 5.032656e-01 9.167935e-01 5.141856e-01 4.315507e-01 1.771285e-04
<GCONST> 1.039347e+02
<STATE> 6
<MEAN> 39
 -3.311369e-07 4.768372e-07 -6.463792e-07 4.238553e-08 -2.569622e-07 -1.483493e-07 3.602770e-07 1.218584e-07 -5.616082e-07 1.059638e-07 -2.331204e-07 -1.324548e-08 6.968957e-01 -4.847049e-02 1.623278e-01 2.488037e-01 4.410778e-02 1.671579e-02 8.211011e-03 1.574282e-01 -9.129424e-02 -8.514099e-02 -9.370974e-02 2.109482e-01 -3.160970e-02 -4.574972e-03 -5.186794e-03 -2.875378e-02 2.076095e-02 1.340455e-02 -1.010568e-02 5.072383e-03 3.597986e-02 1.511681e-02 -2.939717e-02 -6.114449e-02 -3.190914e-02 -1.521211e-03 -7.600763e-04
<VARIANCE> 39
 3.372282e+01 8.343819e+01 8.676766e+01 3.486278e+01 4.394298e+01 3.980515e+01 3.713489e+01 4.944744e+01 4.725343e+01 3.154850e+01 5.662747e+01 2.702884e+01 3.092868e-02 3.060527e+00 1.929255e+00 2.065596e+00 2.763622e+00 2.937114e+00 4.853789e+00 2.864103e+00 4.147350e+00 2.838739e+00 4.652929e+00 3.382211e+00 2.229391e+00 1.436314e-03 6.170866e-01 2.515592e-01 3.175076e-01 4.300792e-01 5.598688e-01 1.032188e+00 4.821263e-01 6.055015e-01 5.032656e-01 9.167935e-01 5.141856e-01 4.315507e-01 1.771285e-04
<GCONST> 1.039347e+02
<STATE> 7
<MEAN> 39
 -3.311369e-07 4.768372e-07 -6.463792e-07 4.238553e-08 -2.569622e-07 -1.483493e-07 3.602770e-07 1.218584e-07 -5.616082e-07 1.059638e-07 -2.331204e-07 -1.324548e-08 6.968957e-01 -4.847049e-02 1.623278e-01 2.488037e-01 4.410778e-02 1.671579e-02 8.211011e-03 1.574282e-01 -9.129424e-02 -8.514099e-02 -9.370974e-02 2.109482e-01 -3.160970e-02 -4.574972e-03 -5.186794e-03 -2.875378e-02 2.076095e-02 1.340455e-02 -1.010568e-02 5.072383e-03 3.597986e-02 1.511681e-02 -2.939717e-02 -6.114449e-02 -3.190914e-02 -1.521211e-03 -7.600763e-04
<VARIANCE> 39
 3.372282e+01 8.343819e+01 8.676766e+01 3.486278e+01 4.394298e+01 3.980515e+01 3.713489e+01 4.944744e+01 4.725343e+01 3.154850e+01 5.662747e+01 2.702884e+01 3.092868e-02 3.060527e+00 1.929255e+00 2.065596e+00 2.763622e+00 2.937114e+00 4.853789e+00 2.864103e+00 4.147350e+00 2.838739e+00 4.652929e+00 3.382211e+00 2.229391e+00 1.436314e-03 6.170866e-01 2.515592e-01 3.175076e-01 4.300792e-01 5.598688e-01 1.032188e+00 4.821263e-01 6.055015e-01 5.032656e-01 9.167935e-01 5.141856e-01 4.315507e-01 1.771285e-04
<GCONST> 1.039347e+02
<STATE> 8
<MEAN> 39
 -3.311369e-07 4.768372e-07 -6.463792e-07 4.238553e-08 -2.569622e-07 -1.483493e-07 3.602770e-07 1.218584e-07 -5.616082e-07 1.059638e-07 -2.331204e-07 -1.324548e-08 6.968957e-01 -4.847049e-02 1.623278e-01 2.488037e-01 4.410778e-02 1.671579e-02 8.211011e-03 1.574282e-01 -9.129424e-02 -8.514099e-02 -9.370974e-02 2.109482e-01 -3.160970e-02 -4.574972e-03 -5.186794e-03 -2.875378e-02 2.076095e-02 1.340455e-02 -1.010568e-02 5.072383e-03 3.597986e-02 1.511681e-02 -2.939717e-02 -6.114449e-02 -3.190914e-02 -1.521211e-03 -7.600763e-04
<VARIANCE> 39
 3.372282e+01 8.343819e+01 8.676766e+01 3.486278e+01 4.394298e+01 3.980515e+01 3.713489e+01 4.944744e+01 4.725343e+01 3.154850e+01 5.662747e+01 2.702884e+01 3.092868e-02 3.060527e+00 1.929255e+00 2.065596e+00 2.763622e+00 2.937114e+00 4.853789e+00 2.864103e+00 4.147350e+00 2.838739e+00 4.652929e+00 3.382211e+00 2.229391e+00 1.436314e-03 6.170866e-01 2.515592e-01 3.175076e-01 4.300792e-01 5.598688e-01 1.032188e+00 4.821263e-01 6.055015e-01 5.032656e-01 9.167935e-01 5.141856e-01 4.315507e-01 1.771285e-04
<GCONST> 1.039347e+02
<STATE> 9
<MEAN> 39
 -3.311369e-07 4.768372e-07 -6.463792e-07 4.238553e-08 -2.569622e-07 -1.483493e-07 3.602770e-07 1.218584e-07 -5.616082e-07 1.059638e-07 -2.331204e-07 -1.324548e-08 6.968957e-01 -4.847049e-02 1.623278e-01 2.488037e-01 4.410778e-02 1.671579e-02 8.211011e-03 1.574282e-01 -9.129424e-02 -8.514099e-02 -9.370974e-02 2.109482e-01 -3.160970e-02 -4.574972e-03 -5.186794e-03 -2.875378e-02 2.076095e-02 1.340455e-02 -1.010568e-02 5.072383e-03 3.597986e-02 1.511681e-02 -2.939717e-02 -6.114449e-02 -3.190914e-02 -1.521211e-03 -7.600763e-04
<VARIANCE> 39
 3.372282e+01 8.343819e+01 8.676766e+01 3.486278e+01 4.394298e+01 3.980515e+01 3.713489e+01 4.944744e+01 4.725343e+01 3.154850e+01 5.662747e+01 2.702884e+01 3.092868e-02 3.060527e+00 1.929255e+00 2.065596e+00 2.763622e+00 2.937114e+00 4.853789e+00 2.864103e+00 4.147350e+00 2.838739e+00 4.652929e+00 3.382211e+00 2.229391e+00 1.436314e-03 6.170866e-01 2.515592e-01 3.175076e-01 4.300792e-01 5.598688e-01 1.032188e+00 4.821263e-01 6.055015e-01 5.032656e-01 9.167935e-01 5.141856e-01 4.315507e-01 1.771285e-04
<GCONST> 1.039347e+02
<TRANSP> 10
 0.000000e+00 1.000000e+00 0.000000e+00 0.000000e+00 0.000000e+00 0.000000e+00 0.000000e+00 0.000000e+00 0.000000e+00 0.000000e+00
 0.000000e+00 9.000000e-01 9.999999e-02 0.000000e+00 0.000000e+00 0.000000e+00 0.000000e+00 0.000000e+00 0.000000e+00 0.000000e+00
 0.000000e+00 0.000000e+00 9.000000e-01 9.999999e-02 0.000000e+00 0.000000e+00 0.000000e+00 0.000000e+00 0.000000e+00 0.000000e+00
 0.000000e+00 0.000000e+00 0.000000e+00 9.000000e-01 9.999999e-02 0.000000e+00 0.000000e+00 0.000000e+00 0.000000e+00 0.000000e+00
 0.000000e+00 0.000000e+00 0.000000e+00 0.000000e+00 9.000000e-01 9.999999e-02 0.000000e+00 0.000000e+00 0.000000e+00 0.000000e+00
 0.000000e+00 0.000000e+00 0.000000e+00 0.000000e+00 0.000000e+00 9.000000e-01 9.999999e-02 0.000000e+00 0.000000e+00 0.000000e+00
 0.000000e+00 0.000000e+00 0.000000e+00 0.000000e+00 0.000000e+00 0.000000e+00 9.000000e-01 9.999999e-02 0.000000e+00 0.000000e+00
 0.000000e+00 0.000000e+00 0.000000e+00 0.000000e+00 0.000000e+00 0.000000e+00 0.000000e+00 9.000000e-01 9.999999e-02 0.000000e+00
 0.000000e+00 0.000000e+00 0.000000e+00 0.000000e+00 0.000000e+00 0.000000e+00 0.000000e+00 0.000000e+00 9.000000e-01 9.999999e-02
 0.000000e+00 0.000000e+00 0.000000e+00 0.000000e+00 0.000000e+00 0.000000e+00 0.000000e+00 0.000000e+00 0.000000e+00 0.000000e+00
<ENDHMM>
