~o
<STREAMINFO> 1 39
<VECSIZE> 39<NULLD><MFCC_E_D_A_Z><DIAGC>
~h "s014"
<BEGINHMM>
<NUMSTATES> 10
<STATE> 2
<MEAN> 39
 3.901395e-07 2.962170e-07 4.045891e-07 6.719069e-07 3.034418e-07 3.251162e-07 -7.224806e-09 -2.095194e-07 -1.444961e-07 -1.155969e-07 9.031007e-08 7.224806e-09 6.996193e-01 2.281358e-01 -7.520647e-02 7.777457e-02 1.422051e-01 -2.664672e-01 2.774096e-02 -1.788190e-01 -2.097583e-01 9.213436e-02 2.846904e-02 -6.597168e-04 -8.903079e-02 -2.486412e-04 4.177380e-03 2.486231e-03 3.993146e-02 -1.804735e-02 -6.969540e-03 -2.473628e-02 -1.708451e-03 3.167247e-02 4.672540e-02 2.271067e-02 -1.263835e-02 -2.728131e-02 -5.805735e-04
<VARIANCE> 39
 7.912906e+01 3.863585e+01 1.273872e+02 6.099073e+01 6.282530e+01 4.813139e+01 5.495462e+01 7.573718e+01 2.797981e+01 4.181789e+01 3.332446e+01 3.553744e+01 4.909712e-02 2.361553e+00 1.587353e+00 4.083794e+00 3.562274e+00 2.285272e+00 5.230695e+00 3.059782e+00 4.698477e+00 3.278255e+00 2.400197e+00 3.965516e+00 2.854358e+00 2.249461e-03 3.372976e-01 2.928259e-01 4.449692e-01 4.874627e-01 4.491813e-01 8.768677e-01 4.926659e-01 9.008388e-01 4.732487e-01 3.597365e-01 7.971919e-01 5.387598e-01 2.666843e-04
<GCONST> 1.072415e+02
<STATE> 3
<MEAN> 39
 3.901395e-07 2.962170e-07 4.045891e-07 6.719069e-07 3.034418e-07 3.251162e-07 -7.224806e-09 -2.095194e-07 -1.444961e-07 -1.155969e-07 9.031007e-08 7.224806e-09 6.996193e-01 2.281358e-01 -7.520647e-02 7.777457e-02 1.422051e-01 -2.664672e-01 2.774096e-02 -1.788190e-01 -2.097583e-01 9.213436e-02 2.846904e-02 -6.597168e-04 -8.903079e-02 -2.486412e-04 4.177380e-03 2.486231e-03 3.993146e-02 -1.804735e-02 -6.969540e-03 -2.473628e-02 -1.708451e-03 3.167247e-02 4.672540e-02 2.271067e-02 -1.263835e-02 -2.728131e-02 -5.805735e-04
<VARIANCE> 39
 7.912906e+01 3.863585e+01 1.273872e+02 6.099073e+01 6.282530e+01 4.813139e+01 5.495462e+01 7.573718e+01 2.797981e+01 4.181789e+01 3.332446e+01 3.553744e+01 4.909712e-02 2.361553e+00 1.587353e+00 4.083794e+00 3.562274e+00 2.285272e+00 5.230695e+00 3.059782e+00 4.698477e+00 3.278255e+00 2.400197e+00 3.965516e+00 2.854358e+00 2.249461e-03 3.372976e-01 2.928259e-01 4.449692e-01 4.874627e-01 4.491813e-01 8.768677e-01 4.926659e-01 9.008388e-01 4.732487e-01 3.597365e-01 7.971919e-01 5.387598e-01 2.666843e-04
<GCONST> 1.072415e+02
<STATE> 4
<MEAN> 39
 3.901395e-07 2.962170e-07 4.045891e-07 6.719069e-07 3.034418e-07 3.251162e-07 -7.224806e-09 -2.095194e-07 -1.444961e-07 -1.155969e-07 9.031007e-08 7.224806e-09 6.996193e-01 2.281358e-01 -7.520647e-02 7.777457e-02 1.422051e-01 -2.664672e-01 2.774096e-02 -1.788190e-01 -2.097583e-01 9.213436e-02 2.846904e-02 -6.597168e-04 -8.903079e-02 -2.486412e-04 4.177380e-03 2.486231e-03 3.993146e-02 -1.804735e-02 -6.969540e-03 -2.473628e-02 -1.708451e-03 3.167247e-02 4.672540e-02 2.271067e-02 -1.263835e-02 -2.728131e-02 -5.805735e-04
<VARIANCE> 39
 7.912906e+01 3.863585e+01 1.273872e+02 6.099073e+01 6.282530e+01 4.813139e+01 5.495462e+01 7.573718e+01 2.797981e+01 4.181789e+01 3.332446e+01 3.553744e+01 4.909712e-02 2.361553e+00 1.587353e+00 4.083794e+00 3.562274e+00 2.285272e+00 5.230695e+00 3.059782e+00 4.698477e+00 3.278255e+00 2.400197e+00 3.965516e+00 2.854358e+00 2.249461e-03 3.372976e-01 2.928259e-01 4.449692e-01 4.874627e-01 4.491813e-01 8.768677e-01 4.926659e-01 9.008388e-01 4.732487e-01 3.597365e-01 7.971919e-01 5.387598e-01 2.666843e-04
<GCONST> 1.072415e+02
<STATE> 5
<MEAN> 39
 3.901395e-07 2.962170e-07 4.045891e-07 6.719069e-07 3.034418e-07 3.251162e-07 -7.224806e-09 -2.095194e-07 -1.444961e-07 -1.155969e-07 9.031007e-08 7.224806e-09 6.996193e-01 2.281358e-01 -7.520647e-02 7.777457e-02 1.422051e-01 -2.664672e-01 2.774096e-02 -1.788190e-01 -2.097583e-01 9.213436e-02 2.846904e-02 -6.597168e-04 -8.903079e-02 -2.486412e-04 4.177380e-03 2.486231e-03 3.993146e-02 -1.804735e-02 -6.969540e-03 -2.473628e-02 -1.708451e-03 3.167247e-02 4.672540e-02 2.271067e-02 -1.263835e-02 -2.728131e-02 -5.805735e-04
<VARIANCE> 39
 7.912906e+01 3.863585e+01 1.273872e+02 6.099073e+01 6.282530e+01 4.813139e+01 5.495462e+01 7.573718e+01 2.797981e+01 4.181789e+01 3.332446e+01 3.553744e+01 4.909712e-02 2.361553e+00 1.587353e+00 4.083794e+00 3.562274e+00 2.285272e+00 5.230695e+00 3.059782e+00 4.698477e+00 3.278255e+00 2.400197e+00 3.965516e+00 2.854358e+00 2.249461e-03 3.372976e-01 2.928259e-01 4.449692e-01 4.874627e-01 4.491813e-01 8.768677e-01 4.926659e-01 9.008388e-01 4.732487e-01 3.597365e-01 7.971919e-01 5.387598e-01 2.666843e-04
<GCONST> 1.072415e+02
<STATE> 6
<MEAN> 39
 3.901395e-07 2.962170e-07 4.045891e-07 6.719069e-07 3.034418e-07 3.251162e-07 -7.224806e-09 -2.095194e-07 -1.444961e-07 -1.155969e-07 9.031007e-08 7.224806e-09 6.996193e-01 2.281358e-01 -7.520647e-02 7.777457e-02 1.422051e-01 -2.664672e-01 2.774096e-02 -1.788190e-01 -2.097583e-01 9.213436e-02 2.846904e-02 -6.597168e-04 -8.903079e-02 -2.486412e-04 4.177380e-03 2.486231e-03 3.993146e-02 -1.804735e-02 -6.969540e-03 -2.473628e-02 -1.708451e-03 3.167247e-02 4.672540e-02 2.271067e-02 -1.263835e-02 -2.728131e-02 -5.805735e-04
<VARIANCE> 39
 7.912906e+01 3.863585e+01 1.273872e+02 6.099073e+01 6.282530e+01 4.813139e+01 5.495462e+01 7.573718e+01 2.797981e+01 4.181789e+01 3.332446e+01 3.553744e+01 4.909712e-02 2.361553e+00 1.587353e+00 4.083794e+00 3.562274e+00 2.285272e+00 5.230695e+00 3.059782e+00 4.698477e+00 3.278255e+00 2.400197e+00 3.965516e+00 2.854358e+00 2.249461e-03 3.372976e-01 2.928259e-01 4.449692e-01 4.874627e-01 4.491813e-01 8.768677e-01 4.926659e-01 9.008388e-01 4.732487e-01 3.597365e-01 7.971919e-01 5.387598e-01 2.666843e-04
<GCONST> 1.072415e+02
<STATE> 7
<MEAN> 39
 3.901395e-07 2.962170e-07 4.045891e-07 6.719069e-07 3.034418e-07 3.251162e-07 -7.224806e-09 -2.095194e-07 -1.444961e-07 -1.155969e-07 9.031007e-08 7.224806e-09 6.996193e-01 2.281358e-01 -7.520647e-02 7.777457e-02 1.422051e-01 -2.664672e-01 2.774096e-02 -1.788190e-01 -2.097583e-01 9.213436e-02 2.846904e-02 -6.597168e-04 -8.903079e-02 -2.486412e-04 4.177380e-03 2.486231e-03 3.993146e-02 -1.804735e-02 -6.969540e-03 -2.473628e-02 -1.708451e-03 3.167247e-02 4.672540e-02 2.271067e-02 -1.263835e-02 -2.728131e-02 -5.805735e-04
<VARIANCE> 39
 7.912906e+01 3.863585e+01 1.273872e+02 6.099073e+01 6.282530e+01 4.813139e+01 5.495462e+01 7.573718e+01 2.797981e+01 4.181789e+01 3.332446e+01 3.553744e+01 4.909712e-02 2.361553e+00 1.587353e+00 4.083794e+00 3.562274e+00 2.285272e+00 5.230695e+00 3.059782e+00 4.698477e+00 3.278255e+00 2.400197e+00 3.965516e+00 2.854358e+00 2.249461e-03 3.372976e-01 2.928259e-01 4.449692e-01 4.874627e-01 4.491813e-01 8.768677e-01 4.926659e-01 9.008388e-01 4.732487e-01 3.597365e-01 7.971919e-01 5.387598e-01 2.666843e-04
<GCONST> 1.072415e+02
<STATE> 8
<MEAN> 39
 3.901395e-07 2.962170e-07 4.045891e-07 6.719069e-07 3.034418e-07 3.251162e-07 -7.224806e-09 -2.095194e-07 -1.444961e-07 -1.155969e-07 9.031007e-08 7.224806e-09 6.996193e-01 2.281358e-01 -7.520647e-02 7.777457e-02 1.422051e-01 -2.664672e-01 2.774096e-02 -1.788190e-01 -2.097583e-01 9.213436e-02 2.846904e-02 -6.597168e-04 -8.903079e-02 -2.486412e-04 4.177380e-03 2.486231e-03 3.993146e-02 -1.804735e-02 -6.969540e-03 -2.473628e-02 -1.708451e-03 3.167247e-02 4.672540e-02 2.271067e-02 -1.263835e-02 -2.728131e-02 -5.805735e-04
<VARIANCE> 39
 7.912906e+01 3.863585e+01 1.273872e+02 6.099073e+01 6.282530e+01 4.813139e+01 5.495462e+01 7.573718e+01 2.797981e+01 4.181789e+01 3.332446e+01 3.553744e+01 4.909712e-02 2.361553e+00 1.587353e+00 4.083794e+00 3.562274e+00 2.285272e+00 5.230695e+00 3.059782e+00 4.698477e+00 3.278255e+00 2.400197e+00 3.965516e+00 2.854358e+00 2.249461e-03 3.372976e-01 2.928259e-01 4.449692e-01 4.874627e-01 4.491813e-01 8.768677e-01 4.926659e-01 9.008388e-01 4.732487e-01 3.597365e-01 7.971919e-01 5.387598e-01 2.666843e-04
<GCONST> 1.072415e+02
<STATE> 9
<MEAN> 39
 3.901395e-07 2.962170e-07 4.045891e-07 6.719069e-07 3.034418e-07 3.251162e-07 -7.224806e-09 -2.095194e-07 -1.444961e-07 -1.155969e-07 9.031007e-08 7.224806e-09 6.996193e-01 2.281358e-01 -7.520647e-02 7.777457e-02 1.422051e-01 -2.664672e-01 2.774096e-02 -1.788190e-01 -2.097583e-01 9.213436e-02 2.846904e-02 -6.597168e-04 -8.903079e-02 -2.486412e-04 4.177380e-03 2.486231e-03 3.993146e-02 -1.804735e-02 -6.969540e-03 -2.473628e-02 -1.708451e-03 3.167247e-02 4.672540e-02 2.271067e-02 -1.263835e-02 -2.728131e-02 -5.805735e-04
<VARIANCE> 39
 7.912906e+01 3.863585e+01 1.273872e+02 6.099073e+01 6.282530e+01 4.813139e+01 5.495462e+01 7.573718e+01 2.797981e+01 4.181789e+01 3.332446e+01 3.553744e+01 4.909712e-02 2.361553e+00 1.587353e+00 4.083794e+00 3.562274e+00 2.285272e+00 5.230695e+00 3.059782e+00 4.698477e+00 3.278255e+00 2.400197e+00 3.965516e+00 2.854358e+00 2.249461e-03 3.372976e-01 2.928259e-01 4.449692e-01 4.874627e-01 4.491813e-01 8.768677e-01 4.926659e-01 9.008388e-01 4.732487e-01 3.597365e-01 7.971919e-01 5.387598e-01 2.666843e-04
<GCONST> 1.072415e+02
<TRANSP> 10
 0.000000e+00 1.000000e+00 0.000000e+00 0.000000e+00 0.000000e+00 0.000000e+00 0.000000e+00 0.000000e+00 0.000000e+00 0.000000e+00
 0.000000e+00 9.000000e-01 9.999999e-02 0.000000e+00 0.000000e+00 0.000000e+00 0.000000e+00 0.000000e+00 0.000000e+00 0.000000e+00
 0.000000e+00 0.000000e+00 9.000000e-01 9.999999e-02 0.000000e+00 0.000000e+00 0.000000e+00 0.000000e+00 0.000000e+00 0.000000e+00
 0.000000e+00 0.000000e+00 0.000000e+00 9.000000e-01 9.999999e-02 0.000000e+00 0.000000e+00 0.000000e+00 0.000000e+00 0.000000e+00
 0.000000e+00 0.000000e+00 0.000000e+00 0.000000e+00 9.000000e-01 9.999999e-02 0.000000e+00 0.000000e+00 0.000000e+00 0.000000e+00
 0.000000e+00 0.000000e+00 0.000000e+00 0.000000e+00 0.000000e+00 9.000000e-01 9.999999e-02 0.000000e+00 0.000000e+00 0.000000e+00
 0.000000e+00 0.000000e+00 0.000000e+00 0.000000e+00 0.000000e+00 0.000000e+00 9.000000e-01 9.999999e-02 0.000000e+00 0.000000e+00
 0.000000e+00 0.000000e+00 0.000000e+00 0.000000e+00 0.000000e+00 0.000000e+00 0.000000e+00 9.000000e-01 9.999999e-02 0.000000e+00
 0.000000e+00 0.000000e+00 0.000000e+00 0.000000e+00 0.000000e+00 0.000000e+00 0.000000e+00 0.000000e+00 9.000000e-01 9.999999e-02
 0.000000e+00 0.000000e+00 0.000000e+00 0.000000e+00 0.000000e+00 0.000000e+00 0.000000e+00 0.000000e+00 0.000000e+00 0.000000e+00
<ENDHMM>
