~o
<STREAMINFO> 1 39
<VECSIZE> 39<NULLD><MFCC_E_D_A_Z><DIAGC>
~h "s015"
<BEGINHMM>
<NUMSTATES> 10
<STATE> 2
<MEAN> 39
 -6.953875e-08 -1.509984e-07 -7.152558e-08 -7.947286e-08 2.463659e-07 -3.973643e-07 6.357829e-08 -5.563100e-07 1.072884e-07 -2.106031e-07 9.536743e-08 1.112620e-07 8.514681e-01 3.865118e-02 -2.119751e-01 -2.104190e-01 1.897469e-01 1.125023e-01 8.990011e-02 -2.794694e-02 -1.244861e-01 -2.072709e-02 -9.354667e-02 -8.365830e-02 -4.643166e-02 -4.930791e-03 1.117899e-02 -1.761343e-02 2.101027e-03 5.821331e-02 2.182441e-02 -1.974327e-02 -2.202400e-02 -2.155713e-02 -4.255040e-02 9.530629e-03 -2.602203e-02 -4.490781e-02 -7.044866e-04
<VARIANCE> 39
 1.568184e+01 4.114707e+01 7.840948e+01 5.741796e+01 3.928185e+01 4.859431e+01 4.578951e+01 1.086883e+02 5.456525e+01 3.871660e+01 5.596954e+01 2.415771e+01 3.387661e-02 1.384340e+00 1.233604e+00 3.736178e+00 4.001983e+00 3.005752e+00 3.581612e+00 3.203316e+00 5.203148e+00 3.789750e+00 4.945931e+00 4.545486e+00 2.783214e+00 1.794922e-03 2.506649e-01 2.235141e-01 4.194279e-01 5.936002e-01 4.571011e-01 4.100406e-01 5.379386e-01 7.146688e-01 6.634440e-01 1.099089e+00 8.307688e-01 6.199350e-01 2.433844e-04
<GCONST> 1.054788e+02
<STATE> 3
<MEAN> 39
 -6.953875e-08 -1.509984e-07 -7.152558e-08 -7.947286e-08 2.463659e-07 -3.973643e-07 6.357829e-08 -5.563100e-07 1.072884e-07 -2.106031e-07 9.536743e-08 1.112620e-07 8.514681e-01 3.865118e-02 -2.119751e-01 -2.104190e-01 1.897469e-01 1.125023e-01 8.990011e-02 -2.794694e-02 -1.244861e-01 -2.072709e-02 -9.354667e-02 -8.365830e-02 -4.643166e-02 -4.930791e-03 1.117899e-02 -1.761343e-02 2.101027e-03 5.821331e-02 2.182441e-02 -1.974327e-02 -2.202400e-02 -2.155713e-02 -4.255040e-02 9.530629e-03 -2.602203e-02 -4.490781e-02 -7.044866e-04
<VARIANCE> 39
 1.568184e+01 4.114707e+01 7.840948e+01 5.741796e+01 3.928185e+01 4.859431e+01 4.578951e+01 1.086883e+02 5.456525e+01 3.871660e+01 5.596954e+01 2.415771e+01 3.387661e-02 1.384340e+00 1.233604e+00 3.736178e+00 4.001983e+00 3.005752e+00 3.581612e+00 3.203316e+00 5.203148e+00 3.789750e+00 4.945931e+00 4.545486e+00 2.783214e+00 1.794922e-03 2.506649e-01 2.235141e-01 4.194279e-01 5.936002e-01 4.571011e-01 4.100406e-01 5.379386e-01 7.146688e-01 6.634440e-01 1.099089e+00 8.307688e-01 6.199350e-01 2.433844e-04
<GCONST> 1.054788e+02
<STATE> 4
<MEAN> 39
 -6.953875e-08 -1.509984e-07 -7.152558e-08 -7.947286e-08 2.463659e-07 -3.973643e-07 6.357829e-08 -5.563100e-07 1.072884e-07 -2.106031e-07 9.536743e-08 1.112620e-07 8.514681e-01 3.865118e-02 -2.119751e-01 -2.104190e-01 1.897469e-01 1.125023e-01 8.990011e-02 -2.794694e-02 -1.244861e-01 -2.072709e-02 -9.354667e-02 -8.365830e-02 -4.643166e-02 -4.930791e-03 1.117899e-02 -1.761343e-02 2.101027e-03 5.821331e-02 2.182441e-02 -1.974327e-02 -2.202400e-02 -2.155713e-02 -4.255040e-02 9.530629e-03 -2.602203e-02 -4.490781e-02 -7.044866e-04
<VARIANCE> 39
 1.568184e+01 4.114707e+01 7.840948e+01 5.741796e+01 3.928185e+01 4.859431e+01 4.578951e+01 1.086883e+02 5.456525e+01 3.871660e+01 5.596954e+01 2.415771e+01 3.387661e-02 1.384340e+00 1.233604e+00 3.736178e+00 4.001983e+00 3.005752e+00 3.581612e+00 3.203316e+00 5.203148e+00 3.789750e+00 4.945931e+00 4.545486e+00 2.783214e+00 1.794922e-03 2.506649e-01 2.235141e-01 4.194279e-01 5.936002e-01 4.571011e-01 4.100406e-01 5.379386e-01 7.146688e-01 6.634440e-01 1.099089e+00 8.307688e-01 6.199350e-01 2.433844e-04
<GCONST> 1.054788e+02
<STATE> 5
<MEAN> 39
 -6.953875e-08 -1.509984e-07 -7.152558e-08 -7.947286e-08 2.463659e-07 -3.973643e-07 6.357829e-08 -5.563100e-07 1.072884e-07 -2.106031e-07 9.536743e-08 1.112620e-07 8.514681e-01 3.865118e-02 -2.119751e-01 -2.104190e-01 1.897469e-01 1.125023e-01 8.990011e-02 -2.794694e-02 -1.244861e-01 -2.072709e-02 -9.354667e-02 -8.365830e-02 -4.643166e-02 -4.930791e-03 1.117899e-02 -1.761343e-02 2.101027e-03 5.821331e-02 2.182441e-02 -1.974327e-02 -2.202400e-02 -2.155713e-02 -4.255040e-02 9.530629e-03 -2.602203e-02 -4.490781e-02 -7.044866e-04
<VARIANCE> 39
 1.568184e+01 4.114707e+01 7.840948e+01 5.741796e+01 3.928185e+01 4.859431e+01 4.578951e+01 1.086883e+02 5.456525e+01 3.871660e+01 5.596954e+01 2.415771e+01 3.387661e-02 1.384340e+00 1.233604e+00 3.736178e+00 4.001983e+00 3.005752e+00 3.581612e+00 3.203316e+00 5.203148e+00 3.789750e+00 4.945931e+00 4.545486e+00 2.783214e+00 1.794922e-03 2.506649e-01 2.235141e-01 4.194279e-01 5.936002e-01 4.571011e-01 4.100406e-01 5.379386e-01 7.146688e-01 6.634440e-01 1.099089e+00 8.307688e-01 6.199350e-01 2.433844e-04
<GCONST> 1.054788e+02
<STATE> 6
<MEAN> 39
 -6.953875e-08 -1.509984e-07 -7.152558e-08 -7.947286e-08 2.463659e-07 -3.973643e-07 6.357829e-08 -5.563100e-07 1.072884e-07 -2.106031e-07 9.536743e-08 1.112620e-07 8.514681e-01 3.865118e-02 -2.119751e-01 -2.104190e-01 1.897469e-01 1.125023e-01 8.990011e-02 -2.794694e-02 -1.244861e-01 -2.072709e-02 -9.354667e-02 -8.365830e-02 -4.643166e-02 -4.930791e-03 1.117899e-02 -1.761343e-02 2.101027e-03 5.821331e-02 2.182441e-02 -1.974327e-02 -2.202400e-02 -2.155713e-02 -4.255040e-02 9.530629e-03 -2.602203e-02 -4.490781e-02 -7.044866e-04
<VARIANCE> 39
 1.568184e+01 4.114707e+01 7.840948e+01 5.741796e+01 3.928185e+01 4.859431e+01 4.578951e+01 1.086883e+02 5.456525e+01 3.871660e+01 5.596954e+01 2.415771e+01 3.387661e-02 1.384340e+00 1.233604e+00 3.736178e+00 4.001983e+00 3.005752e+00 3.581612e+00 3.203316e+00 5.203148e+00 3.789750e+00 4.945931e+00 4.545486e+00 2.783214e+00 1.794922e-03 2.506649e-01 2.235141e-01 4.194279e-01 5.936002e-01 4.571011e-01 4.100406e-01 5.379386e-01 7.146688e-01 6.634440e-01 1.099089e+00 8.307688e-01 6.199350e-01 2.433844e-04
<GCONST> 1.054788e+02
<STATE> 7
<MEAN> 39
 -6.953875e-08 -1.509984e-07 -7.152558e-08 -7.947286e-08 2.463659e-07 -3.973643e-07 6.357829e-08 -5.563100e-07 1.072884e-07 -2.106031e-07 9.536743e-08 1.112620e-07 8.514681e-01 3.865118e-02 -2.119751e-01 -2.104190e-01 1.897469e-01 1.125023e-01 8.990011e-02 -2.794694e-02 -1.244861e-01 -2.072709e-02 -9.354667e-02 -8.365830e-02 -4.643166e-02 -4.930791e-03 1.117899e-02 -1.761343e-02 2.101027e-03 5.821331e-02 2.182441e-02 -1.974327e-02 -2.202400e-02 -2.155713e-02 -4.255040e-02 9.530629e-03 -2.602203e-02 -4.490781e-02 -7.044866e-04
<VARIANCE> 39
 1.568184e+01 4.114707e+01 7.840948e+01 5.741796e+01 3.928185e+01 4.859431e+01 4.578951e+01 1.086883e+02 5.456525e+01 3.871660e+01 5.596954e+01 2.415771e+01 3.387661e-02 1.384340e+00 1.233604e+00 3.736178e+00 4.001983e+00 3.005752e+00 3.581612e+00 3.203316e+00 5.203148e+00 3.789750e+00 4.945931e+00 4.545486e+00 2.783214e+00 1.794922e-03 2.506649e-01 2.235141e-01 4.194279e-01 5.936002e-01 4.571011e-01 4.100406e-01 5.379386e-01 7.146688e-01 6.634440e-01 1.099089e+00 8.307688e-01 6.199350e-01 2.433844e-04
<GCONST> 1.054788e+02
<STATE> 8
<MEAN> 39
 -6.953875e-08 -1.509984e-07 -7.152558e-08 -7.947286e-08 2.463659e-07 -3.973643e-07 6.357829e-08 -5.563100e-07 1.072884e-07 -2.106031e-07 9.536743e-08 1.112620e-07 8.514681e-01 3.865118e-02 -2.119751e-01 -2.104190e-01 1.897469e-01 1.125023e-01 8.990011e-02 -2.794694e-02 -1.244861e-01 -2.072709e-02 -9.354667e-02 -8.365830e-02 -4.643166e-02 -4.930791e-03 1.117899e-02 -1.761343e-02 2.101027e-03 5.821331e-02 2.182441e-02 -1.974327e-02 -2.202400e-02 -2.155713e-02 -4.255040e-02 9.530629e-03 -2.602203e-02 -4.490781e-02 -7.044866e-04
<VARIANCE> 39
 1.568184e+01 4.114707e+01 7.840948e+01 5.741796e+01 3.928185e+01 4.859431e+01 4.578951e+01 1.086883e+02 5.456525e+01 3.871660e+01 5.596954e+01 2.415771e+01 3.387661e-02 1.384340e+00 1.233604e+00 3.736178e+00 4.001983e+00 3.005752e+00 3.581612e+00 3.203316e+00 5.203148e+00 3.789750e+00 4.945931e+00 4.545486e+00 2.783214e+00 1.794922e-03 2.506649e-01 2.235141e-01 4.194279e-01 5.936002e-01 4.571011e-01 4.100406e-01 5.379386e-01 7.146688e-01 6.634440e-01 1.099089e+00 8.307688e-01 6.199350e-01 2.433844e-04
<GCONST> 1.054788e+02
<STATE> 9
<MEAN> 39
 -6.953875e-08 -1.509984e-07 -7.152558e-08 -7.947286e-08 2.463659e-07 -3.973643e-07 6.357829e-08 -5.563100e-07 1.072884e-07 -2.106031e-07 9.536743e-08 1.112620e-07 8.514681e-01 3.865118e-02 -2.119751e-01 -2.104190e-01 1.897469e-01 1.125023e-01 8.990011e-02 -2.794694e-02 -1.244861e-01 -2.072709e-02 -9.354667e-02 -8.365830e-02 -4.643166e-02 -4.930791e-03 1.117899e-02 -1.761343e-02 2.101027e-03 5.821331e-02 2.182441e-02 -1.974327e-02 -2.202400e-02 -2.155713e-02 -4.255040e-02 9.530629e-03 -2.602203e-02 -4.490781e-02 -7.044866e-04
<VARIANCE> 39
 1.568184e+01 4.114707e+01 7.840948e+01 5.741796e+01 3.928185e+01 4.859431e+01 4.578951e+01 1.086883e+02 5.456525e+01 3.871660e+01 5.596954e+01 2.415771e+01 3.387661e-02 1.384340e+00 1.233604e+00 3.736178e+00 4.001983e+00 3.005752e+00 3.581612e+00 3.203316e+00 5.203148e+00 3.789750e+00 4.945931e+00 4.545486e+00 2.783214e+00 1.794922e-03 2.506649e-01 2.235141e-01 4.194279e-01 5.936002e-01 4.571011e-01 4.100406e-01 5.379386e-01 7.146688e-01 6.634440e-01 1.099089e+00 8.307688e-01 6.199350e-01 2.433844e-04
<GCONST> 1.054788e+02
<TRANSP> 10
 0.000000e+00 1.000000e+00 0.000000e+00 0.000000e+00 0.000000e+00 0.000000e+00 0.000000e+00 0.000000e+00 0.000000e+00 0.000000e+00
 0.000000e+00 9.000000e-01 9.999999e-02 0.000000e+00 0.000000e+00 0.000000e+00 0.000000e+00 0.000000e+00 0.000000e+00 0.000000e+00
 0.000000e+00 0.000000e+00 9.000000e-01 9.999999e-02 0.000000e+00 0.000000e+00 0.000000e+00 0.000000e+00 0.000000e+00 0.000000e+00
 0.000000e+00 0.000000e+00 0.000000e+00 9.000000e-01 9.999999e-02 0.000000e+00 0.000000e+00 0.000000e+00 0.000000e+00 0.000000e+00
 0.000000e+00 0.000000e+00 0.000000e+00 0.000000e+00 9.000000e-01 9.999999e-02 0.000000e+00 0.000000e+00 0.000000e+00 0.000000e+00
 0.000000e+00 0.000000e+00 0.000000e+00 0.000000e+00 0.000000e+00 9.000000e-01 9.999999e-02 0.000000e+00 0.000000e+00 0.000000e+00
 0.000000e+00 0.000000e+00 0.000000e+00 0.000000e+00 0.000000e+00 0.000000e+00 9.000000e-01 9.999999e-02 0.000000e+00 0.000000e+00
 0.000000e+00 0.000000e+00 0.000000e+00 0.000000e+00 0.000000e+00 0.000000e+00 0.000000e+00 9.000000e-01 9.999999e-02 0.000000e+00
 0.000000e+00 0.000000e+00 0.000000e+00 0.000000e+00 0.000000e+00 0.000000e+00 0.000000e+00 0.000000e+00 9.000000e-01 9.999999e-02
 0.000000e+00 0.000000e+00 0.000000e+00 0.000000e+00 0.000000e+00 0.000000e+00 0.000000e+00 0.000000e+00 0.000000e+00 0.000000e+00
<ENDHMM>
