~o
<STREAMINFO> 1 39
<VECSIZE> 39<NULLD><MFCC_E_D_A_Z><DIAGC>
~h "s017"
<BEGINHMM>
<NUMSTATES> 10
<STATE> 2
<MEAN> 39
 2.926046e-07 -3.251162e-07 0.000000e+00 2.167442e-07 4.334883e-08 3.251163e-08 -3.684651e-07 -3.251163e-08 4.660000e-07 4.334883e-08 -2.167442e-08 7.152557e-07 7.252293e-01 -9.275544e-02 -1.792402e-01 -9.576856e-02 -1.297204e-01 3.112313e-01 2.598479e-01 2.079422e-01 -4.020327e-02 -2.025298e-01 -6.326665e-03 4.690531e-01 -9.839495e-02 -5.643282e-03 1.058762e-02 -5.665058e-03 8.283281e-02 9.119651e-02 -2.528340e-02 -6.043148e-02 6.503247e-02 -4.222356e-02 1.280813e-02 1.658564e-01 -9.837844e-02 1.357647e-02 -1.494810e-03
<VARIANCE> 39
 1.519458e+01 8.924335e+01 5.018063e+01 5.555628e+01 9.566179e+01 1.316572e+02 7.490378e+01 1.019476e+02 5.420056e+01 4.737871e+01 2.210555e+01 4.274207e+01 4.745337e-02 1.055377e+00 2.142888e+00 4.972569e+00 3.696661e+00 3.951430e+00 4.698543e+00 5.040371e+00 5.278634e+00 4.823382e+00 7.540158e+00 4.539997e+00 3.013912e+00 8.138181e-04 9.938838e-02 1.952856e-01 6.334056e-01 5.071479e-01 7.627885e-01 5.997620e-01 8.705609e-01 8.498170e-01 9.440121e-01 9.995980e-01 7.299567e-01 4.397051e-01 3.031867e-05
<GCONST> 1.081249e+02
<STATE> 3
<MEAN> 39
 2.926046e-07 -3.251162e-07 0.000000e+00 2.167442e-07 4.334883e-08 3.251163e-08 -3.684651e-07 -3.251163e-08 4.660000e-07 4.334883e-08 -2.167442e-08 7.152557e-07 7.252293e-01 -9.275544e-02 -1.792402e-01 -9.576856e-02 -1.297204e-01 3.112313e-01 2.598479e-01 2.079422e-01 -4.020327e-02 -2.025298e-01 -6.326665e-03 4.690531e-01 -9.839495e-02 -5.643282e-03 1.058762e-02 -5.665058e-03 8.283281e-02 9.119651e-02 -2.528340e-02 -6.043148e-02 6.503247e-02 -4.222356e-02 1.280813e-02 1.658564e-01 -9.837844e-02 1.357647e-02 -1.494810e-03
<VARIANCE> 39
 1.519458e+01 8.924335e+01 5.018063e+01 5.555628e+01 9.566179e+01 1.316572e+02 7.490378e+01 1.019476e+02 5.420056e+01 4.737871e+01 2.210555e+01 4.274207e+01 4.745337e-02 1.055377e+00 2.142888e+00 4.972569e+00 3.696661e+00 3.951430e+00 4.698543e+00 5.040371e+00 5.278634e+00 4.823382e+00 7.540158e+00 4.539997e+00 3.013912e+00 8.138181e-04 9.938838e-02 1.952856e-01 6.334056e-01 5.071479e-01 7.627885e-01 5.997620e-01 8.705609e-01 8.498170e-01 9.440121e-01 9.995980e-01 7.299567e-01 4.397051e-01 3.031867e-05
<GCONST> 1.081249e+02
<STATE> 4
<MEAN> 39
 2.926046e-07 -3.251162e-07 0.000000e+00 2.167442e-07 4.334883e-08 3.251163e-08 -3.684651e-07 -3.251163e-08 4.660000e-07 4.334883e-08 -2.167442e-08 7.152557e-07 7.252293e-01 -9.275544e-02 -1.792402e-01 -9.576856e-02 -1.297204e-01 3.112313e-01 2.598479e-01 2.079422e-01 -4.020327e-02 -2.025298e-01 -6.326665e-03 4.690531e-01 -9.839495e-02 -5.643282e-03 1.058762e-02 -5.665058e-03 8.283281e-02 9.119651e-02 -2.528340e-02 -6.043148e-02 6.503247e-02 -4.222356e-02 1.280813e-02 1.658564e-01 -9.837844e-02 1.357647e-02 -1.494810e-03
<VARIANCE> 39
 1.519458e+01 8.924335e+01 5.018063e+01 5.555628e+01 9.566179e+01 1.316572e+02 7.490378e+01 1.019476e+02 5.420056e+01 4.737871e+01 2.210555e+01 4.274207e+01 4.745337e-02 1.055377e+00 2.142888e+00 4.972569e+00 3.696661e+00 3.951430e+00 4.698543e+00 5.040371e+00 5.278634e+00 4.823382e+00 7.540158e+00 4.539997e+00 3.013912e+00 8.138181e-04 9.938838e-02 1.952856e-01 6.334056e-01 5.071479e-01 7.627885e-01 5.997620e-01 8.705609e-01 8.498170e-01 9.440121e-01 9.995980e-01 7.299567e-01 4.397051e-01 3.031867e-05
<GCONST> 1.081249e+02
<STATE> 5
<MEAN> 39
 2.926046e-07 -3.251162e-07 0.000000e+00 2.167442e-07 4.334883e-08 3.251163e-08 -3.684651e-07 -3.251163e-08 4.660000e-07 4.334883e-08 -2.167442e-08 7.152557e-07 7.252293e-01 -9.275544e-02 -1.792402e-01 -9.576856e-02 -1.297204e-01 3.112313e-01 2.598479e-01 2.079422e-01 -4.020327e-02 -2.025298e-01 -6.326665e-03 4.690531e-01 -9.839495e-02 -5.643282e-03 1.058762e-02 -5.665058e-03 8.283281e-02 9.119651e-02 -2.528340e-02 -6.043148e-02 6.503247e-02 -4.222356e-02 1.280813e-02 1.658564e-01 -9.837844e-02 1.357647e-02 -1.494810e-03
<VARIANCE> 39
 1.519458e+01 8.924335e+01 5.018063e+01 5.555628e+01 9.566179e+01 1.316572e+02 7.490378e+01 1.019476e+02 5.420056e+01 4.737871e+01 2.210555e+01 4.274207e+01 4.745337e-02 1.055377e+00 2.142888e+00 4.972569e+00 3.696661e+00 3.951430e+00 4.698543e+00 5.040371e+00 5.278634e+00 4.823382e+00 7.540158e+00 4.539997e+00 3.013912e+00 8.138181e-04 9.938838e-02 1.952856e-01 6.334056e-01 5.071479e-01 7.627885e-01 5.997620e-01 8.705609e-01 8.498170e-01 9.440121e-01 9.995980e-01 7.299567e-01 4.397051e-01 3.031867e-05
<GCONST> 1.081249e+02
<STATE> 6
<MEAN> 39
 2.926046e-07 -3.251162e-07 0.000000e+00 2.167442e-07 4.334883e-08 3.251163e-08 -3.684651e-07 -3.251163e-08 4.660000e-07 4.334883e-08 -2.167442e-08 7.152557e-07 7.252293e-01 -9.275544e-02 -1.792402e-01 -9.576856e-02 -1.297204e-01 3.112313e-01 2.598479e-01 2.079422e-01 -4.020327e-02 -2.025298e-01 -6.326665e-03 4.690531e-01 -9.839495e-02 -5.643282e-03 1.058762e-02 -5.665058e-03 8.283281e-02 9.119651e-02 -2.528340e-02 -6.043148e-02 6.503247e-02 -4.222356e-02 1.280813e-02 1.658564e-01 -9.837844e-02 1.357647e-02 -1.494810e-03
<VARIANCE> 39
 1.519458e+01 8.924335e+01 5.018063e+01 5.555628e+01 9.566179e+01 1.316572e+02 7.490378e+01 1.019476e+02 5.420056e+01 4.737871e+01 2.210555e+01 4.274207e+01 4.745337e-02 1.055377e+00 2.142888e+00 4.972569e+00 3.696661e+00 3.951430e+00 4.698543e+00 5.040371e+00 5.278634e+00 4.823382e+00 7.540158e+00 4.539997e+00 3.013912e+00 8.138181e-04 9.938838e-02 1.952856e-01 6.334056e-01 5.071479e-01 7.627885e-01 5.997620e-01 8.705609e-01 8.498170e-01 9.440121e-01 9.995980e-01 7.299567e-01 4.397051e-01 3.031867e-05
<GCONST> 1.081249e+02
<STATE> 7
<MEAN> 39
 2.926046e-07 -3.251162e-07 0.000000e+00 2.167442e-07 4.334883e-08 3.251163e-08 -3.684651e-07 -3.251163e-08 4.660000e-07 4.334883e-08 -2.167442e-08 7.152557e-07 7.252293e-01 -9.275544e-02 -1.792402e-01 -9.576856e-02 -1.297204e-01 3.112313e-01 2.598479e-01 2.079422e-01 -4.020327e-02 -2.025298e-01 -6.326665e-03 4.690531e-01 -9.839495e-02 -5.643282e-03 1.058762e-02 -5.665058e-03 8.283281e-02 9.119651e-02 -2.528340e-02 -6.043148e-02 6.503247e-02 -4.222356e-02 1.280813e-02 1.658564e-01 -9.837844e-02 1.357647e-02 -1.494810e-03
<VARIANCE> 39
 1.519458e+01 8.924335e+01 5.018063e+01 5.555628e+01 9.566179e+01 1.316572e+02 7.490378e+01 1.019476e+02 5.420056e+01 4.737871e+01 2.210555e+01 4.274207e+01 4.745337e-02 1.055377e+00 2.142888e+00 4.972569e+00 3.696661e+00 3.951430e+00 4.698543e+00 5.040371e+00 5.278634e+00 4.823382e+00 7.540158e+00 4.539997e+00 3.013912e+00 8.138181e-04 9.938838e-02 1.952856e-01 6.334056e-01 5.071479e-01 7.627885e-01 5.997620e-01 8.705609e-01 8.498170e-01 9.440121e-01 9.995980e-01 7.299567e-01 4.397051e-01 3.031867e-05
<GCONST> 1.081249e+02
<STATE> 8
<MEAN> 39
 2.926046e-07 -3.251162e-07 0.000000e+00 2.167442e-07 4.334883e-08 3.251163e-08 -3.684651e-07 -3.251163e-08 4.660000e-07 4.334883e-08 -2.167442e-08 7.152557e-07 7.252293e-01 -9.275544e-02 -1.792402e-01 -9.576856e-02 -1.297204e-01 3.112313e-01 2.598479e-01 2.079422e-01 -4.020327e-02 -2.025298e-01 -6.326665e-03 4.690531e-01 -9.839495e-02 -5.643282e-03 1.058762e-02 -5.665058e-03 8.283281e-02 9.119651e-02 -2.528340e-02 -6.043148e-02 6.503247e-02 -4.222356e-02 1.280813e-02 1.658564e-01 -9.837844e-02 1.357647e-02 -1.494810e-03
<VARIANCE> 39
 1.519458e+01 8.924335e+01 5.018063e+01 5.555628e+01 9.566179e+01 1.316572e+02 7.490378e+01 1.019476e+02 5.420056e+01 4.737871e+01 2.210555e+01 4.274207e+01 4.745337e-02 1.055377e+00 2.142888e+00 4.972569e+00 3.696661e+00 3.951430e+00 4.698543e+00 5.040371e+00 5.278634e+00 4.823382e+00 7.540158e+00 4.539997e+00 3.013912e+00 8.138181e-04 9.938838e-02 1.952856e-01 6.334056e-01 5.071479e-01 7.627885e-01 5.997620e-01 8.705609e-01 8.498170e-01 9.440121e-01 9.995980e-01 7.299567e-01 4.397051e-01 3.031867e-05
<GCONST> 1.081249e+02
<STATE> 9
<MEAN> 39
 2.926046e-07 -3.251162e-07 0.000000e+00 2.167442e-07 4.334883e-08 3.251163e-08 -3.684651e-07 -3.251163e-08 4.660000e-07 4.334883e-08 -2.167442e-08 7.152557e-07 7.252293e-01 -9.275544e-02 -1.792402e-01 -9.576856e-02 -1.297204e-01 3.112313e-01 2.598479e-01 2.079422e-01 -4.020327e-02 -2.025298e-01 -6.326665e-03 4.690531e-01 -9.839495e-02 -5.643282e-03 1.058762e-02 -5.665058e-03 8.283281e-02 9.119651e-02 -2.528340e-02 -6.043148e-02 6.503247e-02 -4.222356e-02 1.280813e-02 1.658564e-01 -9.837844e-02 1.357647e-02 -1.494810e-03
<VARIANCE> 39
 1.519458e+01 8.924335e+01 5.018063e+01 5.555628e+01 9.566179e+01 1.316572e+02 7.490378e+01 1.019476e+02 5.420056e+01 4.737871e+01 2.210555e+01 4.274207e+01 4.745337e-02 1.055377e+00 2.142888e+00 4.972569e+00 3.696661e+00 3.951430e+00 4.698543e+00 5.040371e+00 5.278634e+00 4.823382e+00 7.540158e+00 4.539997e+00 3.013912e+00 8.138181e-04 9.938838e-02 1.952856e-01 6.334056e-01 5.071479e-01 7.627885e-01 5.997620e-01 8.705609e-01 8.498170e-01 9.440121e-01 9.995980e-01 7.299567e-01 4.397051e-01 3.031867e-05
<GCONST> 1.081249e+02
<TRANSP> 10
 0.000000e+00 1.000000e+00 0.000000e+00 0.000000e+00 0.000000e+00 0.000000e+00 0.000000e+00 0.000000e+00 0.000000e+00 0.000000e+00
 0.000000e+00 9.000000e-01 9.999999e-02 0.000000e+00 0.000000e+00 0.000000e+00 0.000000e+00 0.000000e+00 0.000000e+00 0.000000e+00
 0.000000e+00 0.000000e+00 9.000000e-01 9.999999e-02 0.000000e+00 0.000000e+00 0.000000e+00 0.000000e+00 0.000000e+00 0.000000e+00
 0.000000e+00 0.000000e+00 0.000000e+00 9.000000e-01 9.999999e-02 0.000000e+00 0.000000e+00 0.000000e+00 0.000000e+00 0.000000e+00
 0.000000e+00 0.000000e+00 0.000000e+00 0.000000e+00 9.000000e-01 9.999999e-02 0.000000e+00 0.000000e+00 0.000000e+00 0.000000e+00
 0.000000e+00 0.000000e+00 0.000000e+00 0.000000e+00 0.000000e+00 9.000000e-01 9.999999e-02 0.000000e+00 0.000000e+00 0.000000e+00
 0.000000e+00 0.000000e+00 0.000000e+00 0.000000e+00 0.000000e+00 0.000000e+00 9.000000e-01 9.999999e-02 0.000000e+00 0.000000e+00
 0.000000e+00 0.000000e+00 0.000000e+00 0.000000e+00 0.000000e+00 0.000000e+00 0.000000e+00 9.000000e-01 9.999999e-02 0.000000e+00
 0.000000e+00 0.000000e+00 0.000000e+00 0.000000e+00 0.000000e+00 0.000000e+00 0.000000e+00 0.000000e+00 9.000000e-01 9.999999e-02
 0.000000e+00 0.000000e+00 0.000000e+00 0.000000e+00 0.000000e+00 0.000000e+00 0.000000e+00 0.000000e+00 0.000000e+00 0.000000e+00
<ENDHMM>
