~o
<STREAMINFO> 1 39
<VECSIZE> 39<NULLD><MFCC_E_D_A_Z><DIAGC>
~h "s022"
<BEGINHMM>
<NUMSTATES> 10
<STATE> 2
<MEAN> 39
 0.000000e+00 2.715323e-07 6.622739e-08 -2.516641e-07 -1.556344e-07 -3.510051e-07 -2.582868e-07 -3.112687e-07 -1.688798e-07 -3.046460e-07 -2.251731e-07 -1.788139e-07 7.631152e-01 2.623414e-01 -9.110415e-02 6.827039e-03 5.798687e-02 -1.197537e-01 -7.432508e-02 -9.366339e-02 -1.909727e-01 -7.035390e-03 -9.301030e-02 -4.491736e-02 -3.279893e-02 1.878680e-04 2.981212e-03 -1.574011e-02 1.440280e-02 7.435100e-05 -2.582736e-03 2.466097e-02 2.732125e-02 -7.473825e-03 -3.452499e-02 -3.798153e-02 1.448726e-02 3.902028e-03 -4.049657e-04
<VARIANCE> 39
 3.714398e+01 5.416936e+01 5.909344e+01 1.050965e+02 2.946684e+01 7.159519e+01 1.685749e+01 4.481105e+01 3.619385e+01 3.353773e+01 3.684779e+01 2.973370e+01 3.070517e-02 1.198979e+00 2.718730e+00 4.774289e+00 5.172379e+00 2.933788e+00 4.348895e+00 1.817925e+00 4.591445e+00 3.359255e+00 4.014960e+00 3.721013e+00 3.417441e+00 1.257600e-03 2.399133e-01 3.480054e-01 7.630009e-01 7.044537e-01 5.480736e-01 6.429080e-01 3.589170e-01 8.533841e-01 6.327781e-01 9.388338e-01 7.499908e-01 7.015747e-01 1.325318e-04
<GCONST> 1.050177e+02
<STATE> 3
<MEAN> 39
 0.000000e+00 2.715323e-07 6.622739e-08 -2.516641e-07 -1.556344e-07 -3.510051e-07 -2.582868e-07 -3.112687e-07 -1.688798e-07 -3.046460e-07 -2.251731e-07 -1.788139e-07 7.631152e-01 2.623414e-01 -9.110415e-02 6.827039e-03 5.798687e-02 -1.197537e-01 -7.432508e-02 -9.366339e-02 -1.909727e-01 -7.035390e-03 -9.301030e-02 -4.491736e-02 -3.279893e-02 1.878680e-04 2.981212e-03 -1.574011e-02 1.440280e-02 7.435100e-05 -2.582736e-03 2.466097e-02 2.732125e-02 -7.473825e-03 -3.452499e-02 -3.798153e-02 1.448726e-02 3.902028e-03 -4.049657e-04
<VARIANCE> 39
 3.714398e+01 5.416936e+01 5.909344e+01 1.050965e+02 2.946684e+01 7.159519e+01 1.685749e+01 4.481105e+01 3.619385e+01 3.353773e+01 3.684779e+01 2.973370e+01 3.070517e-02 1.198979e+00 2.718730e+00 4.774289e+00 5.172379e+00 2.933788e+00 4.348895e+00 1.817925e+00 4.591445e+00 3.359255e+00 4.014960e+00 3.721013e+00 3.417441e+00 1.257600e-03 2.399133e-01 3.480054e-01 7.630009e-01 7.044537e-01 5.480736e-01 6.429080e-01 3.589170e-01 8.533841e-01 6.327781e-01 9.388338e-01 7.499908e-01 7.015747e-01 1.325318e-04
<GCONST> 1.050177e+02
<STATE> 4
<MEAN> 39
 0.000000e+00 2.715323e-07 6.622739e-08 -2.516641e-07 -1.556344e-07 -3.510051e-07 -2.582868e-07 -3.112687e-07 -1.688798e-07 -3.046460e-07 -2.251731e-07 -1.788139e-07 7.631152e-01 2.623414e-01 -9.110415e-02 6.827039e-03 5.798687e-02 -1.197537e-01 -7.432508e-02 -9.366339e-02 -1.909727e-01 -7.035390e-03 -9.301030e-02 -4.491736e-02 -3.279893e-02 1.878680e-04 2.981212e-03 -1.574011e-02 1.440280e-02 7.435100e-05 -2.582736e-03 2.466097e-02 2.732125e-02 -7.473825e-03 -3.452499e-02 -3.798153e-02 1.448726e-02 3.902028e-03 -4.049657e-04
<VARIANCE> 39
 3.714398e+01 5.416936e+01 5.909344e+01 1.050965e+02 2.946684e+01 7.159519e+01 1.685749e+01 4.481105e+01 3.619385e+01 3.353773e+01 3.684779e+01 2.973370e+01 3.070517e-02 1.198979e+00 2.718730e+00 4.774289e+00 5.172379e+00 2.933788e+00 4.348895e+00 1.817925e+00 4.591445e+00 3.359255e+00 4.014960e+00 3.721013e+00 3.417441e+00 1.257600e-03 2.399133e-01 3.480054e-01 7.630009e-01 7.044537e-01 5.480736e-01 6.429080e-01 3.589170e-01 8.533841e-01 6.327781e-01 9.388338e-01 7.499908e-01 7.015747e-01 1.325318e-04
<GCONST> 1.050177e+02
<STATE> 5
<MEAN> 39
 0.000000e+00 2.715323e-07 6.622739e-08 -2.516641e-07 -1.556344e-07 -3.510051e-07 -2.582868e-07 -3.112687e-07 -1.688798e-07 -3.046460e-07 -2.251731e-07 -1.788139e-07 7.631152e-01 2.623414e-01 -9.110415e-02 6.827039e-03 5.798687e-02 -1.197537e-01 -7.432508e-02 -9.366339e-02 -1.909727e-01 -7.035390e-03 -9.301030e-02 -4.491736e-02 -3.279893e-02 1.878680e-04 2.981212e-03 -1.574011e-02 1.440280e-02 7.435100e-05 -2.582736e-03 2.466097e-02 2.732125e-02 -7.473825e-03 -3.452499e-02 -3.798153e-02 1.448726e-02 3.902028e-03 -4.049657e-04
<VARIANCE> 39
 3.714398e+01 5.416936e+01 5.909344e+01 1.050965e+02 2.946684e+01 7.159519e+01 1.685749e+01 4.481105e+01 3.619385e+01 3.353773e+01 3.684779e+01 2.973370e+01 3.070517e-02 1.198979e+00 2.718730e+00 4.774289e+00 5.172379e+00 2.933788e+00 4.348895e+00 1.817925e+00 4.591445e+00 3.359255e+00 4.014960e+00 3.721013e+00 3.417441e+00 1.257600e-03 2.399133e-01 3.480054e-01 7.630009e-01 7.044537e-01 5.480736e-01 6.429080e-01 3.589170e-01 8.533841e-01 6.327781e-01 9.388338e-01 7.499908e-01 7.015747e-01 1.325318e-04
<GCONST> 1.050177e+02
<STATE> 6
<MEAN> 39
 0.000000e+00 2.715323e-07 6.622739e-08 -2.516641e-07 -1.556344e-07 -3.510051e-07 -2.582868e-07 -3.112687e-07 -1.688798e-07 -3.046460e-07 -2.251731e-07 -1.788139e-07 7.631152e-01 2.623414e-01 -9.110415e-02 6.827039e-03 5.798687e-02 -1.197537e-01 -7.432508e-02 -9.366339e-02 -1.909727e-01 -7.035390e-03 -9.301030e-02 -4.491736e-02 -3.279893e-02 1.878680e-04 2.981212e-03 -1.574011e-02 1.440280e-02 7.435100e-05 -2.582736e-03 2.466097e-02 2.732125e-02 -7.473825e-03 -3.452499e-02 -3.798153e-02 1.448726e-02 3.902028e-03 -4.049657e-04
<VARIANCE> 39
 3.714398e+01 5.416936e+01 5.909344e+01 1.050965e+02 2.946684e+01 7.159519e+01 1.685749e+01 4.481105e+01 3.619385e+01 3.353773e+01 3.684779e+01 2.973370e+01 3.070517e-02 1.198979e+00 2.718730e+00 4.774289e+00 5.172379e+00 2.933788e+00 4.348895e+00 1.817925e+00 4.591445e+00 3.359255e+00 4.014960e+00 3.721013e+00 3.417441e+00 1.257600e-03 2.399133e-01 3.480054e-01 7.630009e-01 7.044537e-01 5.480736e-01 6.429080e-01 3.589170e-01 8.533841e-01 6.327781e-01 9.388338e-01 7.499908e-01 7.015747e-01 1.325318e-04
<GCONST> 1.050177e+02
<STATE> 7
<MEAN> 39
 0.000000e+00 2.715323e-07 6.622739e-08 -2.516641e-07 -1.556344e-07 -3.510051e-07 -2.582868e-07 -3.112687e-07 -1.688798e-07 -3.046460e-07 -2.251731e-07 -1.788139e-07 7.631152e-01 2.623414e-01 -9.110415e-02 6.827039e-03 5.798687e-02 -1.197537e-01 -7.432508e-02 -9.366339e-02 -1.909727e-01 -7.035390e-03 -9.301030e-02 -4.491736e-02 -3.279893e-02 1.878680e-04 2.981212e-03 -1.574011e-02 1.440280e-02 7.435100e-05 -2.582736e-03 2.466097e-02 2.732125e-02 -7.473825e-03 -3.452499e-02 -3.798153e-02 1.448726e-02 3.902028e-03 -4.049657e-04
<VARIANCE> 39
 3.714398e+01 5.416936e+01 5.909344e+01 1.050965e+02 2.946684e+01 7.159519e+01 1.685749e+01 4.481105e+01 3.619385e+01 3.353773e+01 3.684779e+01 2.973370e+01 3.070517e-02 1.198979e+00 2.718730e+00 4.774289e+00 5.172379e+00 2.933788e+00 4.348895e+00 1.817925e+00 4.591445e+00 3.359255e+00 4.014960e+00 3.721013e+00 3.417441e+00 1.257600e-03 2.399133e-01 3.480054e-01 7.630009e-01 7.044537e-01 5.480736e-01 6.429080e-01 3.589170e-01 8.533841e-01 6.327781e-01 9.388338e-01 7.499908e-01 7.015747e-01 1.325318e-04
<GCONST> 1.050177e+02
<STATE> 8
<MEAN> 39
 0.000000e+00 2.715323e-07 6.622739e-08 -2.516641e-07 -1.556344e-07 -3.510051e-07 -2.582868e-07 -3.112687e-07 -1.688798e-07 -3.046460e-07 -2.251731e-07 -1.788139e-07 7.631152e-01 2.623414e-01 -9.110415e-02 6.827039e-03 5.798687e-02 -1.197537e-01 -7.432508e-02 -9.366339e-02 -1.909727e-01 -7.035390e-03 -9.301030e-02 -4.491736e-02 -3.279893e-02 1.878680e-04 2.981212e-03 -1.574011e-02 1.440280e-02 7.435100e-05 -2.582736e-03 2.466097e-02 2.732125e-02 -7.473825e-03 -3.452499e-02 -3.798153e-02 1.448726e-02 3.902028e-03 -4.049657e-04
<VARIANCE> 39
 3.714398e+01 5.416936e+01 5.909344e+01 1.050965e+02 2.946684e+01 7.159519e+01 1.685749e+01 4.481105e+01 3.619385e+01 3.353773e+01 3.684779e+01 2.973370e+01 3.070517e-02 1.198979e+00 2.718730e+00 4.774289e+00 5.172379e+00 2.933788e+00 4.348895e+00 1.817925e+00 4.591445e+00 3.359255e+00 4.014960e+00 3.721013e+00 3.417441e+00 1.257600e-03 2.399133e-01 3.480054e-01 7.630009e-01 7.044537e-01 5.480736e-01 6.429080e-01 3.589170e-01 8.533841e-01 6.327781e-01 9.388338e-01 7.499908e-01 7.015747e-01 1.325318e-04
<GCONST> 1.050177e+02
<STATE> 9
<MEAN> 39
 0.000000e+00 2.715323e-07 6.622739e-08 -2.516641e-07 -1.556344e-07 -3.510051e-07 -2.582868e-07 -3.112687e-07 -1.688798e-07 -3.046460e-07 -2.251731e-07 -1.788139e-07 7.631152e-01 2.623414e-01 -9.110415e-02 6.827039e-03 5.798687e-02 -1.197537e-01 -7.432508e-02 -9.366339e-02 -1.909727e-01 -7.035390e-03 -9.301030e-02 -4.491736e-02 -3.279893e-02 1.878680e-04 2.981212e-03 -1.574011e-02 1.440280e-02 7.435100e-05 -2.582736e-03 2.466097e-02 2.732125e-02 -7.473825e-03 -3.452499e-02 -3.798153e-02 1.448726e-02 3.902028e-03 -4.049657e-04
<VARIANCE> 39
 3.714398e+01 5.416936e+01 5.909344e+01 1.050965e+02 2.946684e+01 7.159519e+01 1.685749e+01 4.481105e+01 3.619385e+01 3.353773e+01 3.684779e+01 2.973370e+01 3.070517e-02 1.198979e+00 2.718730e+00 4.774289e+00 5.172379e+00 2.933788e+00 4.348895e+00 1.817925e+00 4.591445e+00 3.359255e+00 4.014960e+00 3.721013e+00 3.417441e+00 1.257600e-03 2.399133e-01 3.480054e-01 7.630009e-01 7.044537e-01 5.480736e-01 6.429080e-01 3.589170e-01 8.533841e-01 6.327781e-01 9.388338e-01 7.499908e-01 7.015747e-01 1.325318e-04
<GCONST> 1.050177e+02
<TRANSP> 10
 0.000000e+00 1.000000e+00 0.000000e+00 0.000000e+00 0.000000e+00 0.000000e+00 0.000000e+00 0.000000e+00 0.000000e+00 0.000000e+00
 0.000000e+00 9.000000e-01 9.999999e-02 0.000000e+00 0.000000e+00 0.000000e+00 0.000000e+00 0.000000e+00 0.000000e+00 0.000000e+00
 0.000000e+00 0.000000e+00 9.000000e-01 9.999999e-02 0.000000e+00 0.000000e+00 0.000000e+00 0.000000e+00 0.000000e+00 0.000000e+00
 0.000000e+00 0.000000e+00 0.000000e+00 9.000000e-01 9.999999e-02 0.000000e+00 0.000000e+00 0.000000e+00 0.000000e+00 0.000000e+00
 0.000000e+00 0.000000e+00 0.000000e+00 0.000000e+00 9.000000e-01 9.999999e-02 0.000000e+00 0.000000e+00 0.000000e+00 0.000000e+00
 0.000000e+00 0.000000e+00 0.000000e+00 0.000000e+00 0.000000e+00 9.000000e-01 9.999999e-02 0.000000e+00 0.000000e+00 0.000000e+00
 0.000000e+00 0.000000e+00 0.000000e+00 0.000000e+00 0.000000e+00 0.000000e+00 9.000000e-01 9.999999e-02 0.000000e+00 0.000000e+00
 0.000000e+00 0.000000e+00 0.000000e+00 0.000000e+00 0.000000e+00 0.000000e+00 0.000000e+00 9.000000e-01 9.999999e-02 0.000000e+00
 0.000000e+00 0.000000e+00 0.000000e+00 0.000000e+00 0.000000e+00 0.000000e+00 0.000000e+00 0.000000e+00 9.000000e-01 9.999999e-02
 0.000000e+00 0.000000e+00 0.000000e+00 0.000000e+00 0.000000e+00 0.000000e+00 0.000000e+00 0.000000e+00 0.000000e+00 0.000000e+00
<ENDHMM>
