~o
<STREAMINFO> 1 39
<VECSIZE> 39<NULLD><MFCC_E_D_A_Z><DIAGC>
~h "s023"
<BEGINHMM>
<NUMSTATES> 10
<STATE> 2
<MEAN> 39
 2.473593e-07 -7.301569e-07 2.384186e-07 5.960464e-08 4.887581e-07 1.668930e-07 5.006790e-07 -2.592802e-07 -8.344650e-08 -5.960465e-09 3.516674e-07 1.266599e-07 7.739533e-01 -4.700434e-02 2.380740e-01 2.208836e-01 -1.193352e-01 1.945331e-02 -8.251955e-02 1.610574e-01 4.884431e-02 -7.728785e-02 4.815186e-02 1.222081e-04 2.567256e-02 -5.618300e-04 5.124021e-03 -2.685003e-02 1.552327e-03 6.867563e-03 -2.110348e-02 -2.048039e-02 3.319582e-02 -3.764987e-02 -6.539641e-02 4.310928e-03 2.192610e-02 2.831807e-03 4.332830e-06
<VARIANCE> 39
 1.605626e+01 1.080718e+02 2.515299e+01 5.983236e+01 3.646491e+01 6.105964e+01 3.910907e+01 8.136119e+01 7.595421e+01 3.082788e+01 3.482679e+01 3.872749e+01 2.941995e-02 1.294950e+00 2.107627e+00 2.512903e+00 3.189242e+00 3.499440e+00 3.271868e+00 3.696644e+00 4.888943e+00 7.224348e+00 3.050883e+00 2.976622e+00 4.185592e+00 1.684334e-03 1.785024e-01 2.662457e-01 4.431275e-01 4.995159e-01 6.560134e-01 5.290895e-01 6.756622e-01 6.754794e-01 1.328243e+00 5.678923e-01 5.892119e-01 9.367427e-01 2.457467e-04
<GCONST> 1.057275e+02
<STATE> 3
<MEAN> 39
 2.473593e-07 -7.301569e-07 2.384186e-07 5.960464e-08 4.887581e-07 1.668930e-07 5.006790e-07 -2.592802e-07 -8.344650e-08 -5.960465e-09 3.516674e-07 1.266599e-07 7.739533e-01 -4.700434e-02 2.380740e-01 2.208836e-01 -1.193352e-01 1.945331e-02 -8.251955e-02 1.610574e-01 4.884431e-02 -7.728785e-02 4.815186e-02 1.222081e-04 2.567256e-02 -5.618300e-04 5.124021e-03 -2.685003e-02 1.552327e-03 6.867563e-03 -2.110348e-02 -2.048039e-02 3.319582e-02 -3.764987e-02 -6.539641e-02 4.310928e-03 2.192610e-02 2.831807e-03 4.332830e-06
<VARIANCE> 39
 1.605626e+01 1.080718e+02 2.515299e+01 5.983236e+01 3.646491e+01 6.105964e+01 3.910907e+01 8.136119e+01 7.595421e+01 3.082788e+01 3.482679e+01 3.872749e+01 2.941995e-02 1.294950e+00 2.107627e+00 2.512903e+00 3.189242e+00 3.499440e+00 3.271868e+00 3.696644e+00 4.888943e+00 7.224348e+00 3.050883e+00 2.976622e+00 4.185592e+00 1.684334e-03 1.785024e-01 2.662457e-01 4.431275e-01 4.995159e-01 6.560134e-01 5.290895e-01 6.756622e-01 6.754794e-01 1.328243e+00 5.678923e-01 5.892119e-01 9.367427e-01 2.457467e-04
<GCONST> 1.057275e+02
<STATE> 4
<MEAN> 39
 2.473593e-07 -7.301569e-07 2.384186e-07 5.960464e-08 4.887581e-07 1.668930e-07 5.006790e-07 -2.592802e-07 -8.344650e-08 -5.960465e-09 3.516674e-07 1.266599e-07 7.739533e-01 -4.700434e-02 2.380740e-01 2.208836e-01 -1.193352e-01 1.945331e-02 -8.251955e-02 1.610574e-01 4.884431e-02 -7.728785e-02 4.815186e-02 1.222081e-04 2.567256e-02 -5.618300e-04 5.124021e-03 -2.685003e-02 1.552327e-03 6.867563e-03 -2.110348e-02 -2.048039e-02 3.319582e-02 -3.764987e-02 -6.539641e-02 4.310928e-03 2.192610e-02 2.831807e-03 4.332830e-06
<VARIANCE> 39
 1.605626e+01 1.080718e+02 2.515299e+01 5.983236e+01 3.646491e+01 6.105964e+01 3.910907e+01 8.136119e+01 7.595421e+01 3.082788e+01 3.482679e+01 3.872749e+01 2.941995e-02 1.294950e+00 2.107627e+00 2.512903e+00 3.189242e+00 3.499440e+00 3.271868e+00 3.696644e+00 4.888943e+00 7.224348e+00 3.050883e+00 2.976622e+00 4.185592e+00 1.684334e-03 1.785024e-01 2.662457e-01 4.431275e-01 4.995159e-01 6.560134e-01 5.290895e-01 6.756622e-01 6.754794e-01 1.328243e+00 5.678923e-01 5.892119e-01 9.367427e-01 2.457467e-04
<GCONST> 1.057275e+02
<STATE> 5
<MEAN> 39
 2.473593e-07 -7.301569e-07 2.384186e-07 5.960464e-08 4.887581e-07 1.668930e-07 5.006790e-07 -2.592802e-07 -8.344650e-08 -5.960465e-09 3.516674e-07 1.266599e-07 7.739533e-01 -4.700434e-02 2.380740e-01 2.208836e-01 -1.193352e-01 1.945331e-02 -8.251955e-02 1.610574e-01 4.884431e-02 -7.728785e-02 4.815186e-02 1.222081e-04 2.567256e-02 -5.618300e-04 5.124021e-03 -2.685003e-02 1.552327e-03 6.867563e-03 -2.110348e-02 -2.048039e-02 3.319582e-02 -3.764987e-02 -6.539641e-02 4.310928e-03 2.192610e-02 2.831807e-03 4.332830e-06
<VARIANCE> 39
 1.605626e+01 1.080718e+02 2.515299e+01 5.983236e+01 3.646491e+01 6.105964e+01 3.910907e+01 8.136119e+01 7.595421e+01 3.082788e+01 3.482679e+01 3.872749e+01 2.941995e-02 1.294950e+00 2.107627e+00 2.512903e+00 3.189242e+00 3.499440e+00 3.271868e+00 3.696644e+00 4.888943e+00 7.224348e+00 3.050883e+00 2.976622e+00 4.185592e+00 1.684334e-03 1.785024e-01 2.662457e-01 4.431275e-01 4.995159e-01 6.560134e-01 5.290895e-01 6.756622e-01 6.754794e-01 1.328243e+00 5.678923e-01 5.892119e-01 9.367427e-01 2.457467e-04
<GCONST> 1.057275e+02
<STATE> 6
<MEAN> 39
 2.473593e-07 -7.301569e-07 2.384186e-07 5.960464e-08 4.887581e-07 1.668930e-07 5.006790e-07 -2.592802e-07 -8.344650e-08 -5.960465e-09 3.516674e-07 1.266599e-07 7.739533e-01 -4.700434e-02 2.380740e-01 2.208836e-01 -1.193352e-01 1.945331e-02 -8.251955e-02 1.610574e-01 4.884431e-02 -7.728785e-02 4.815186e-02 1.222081e-04 2.567256e-02 -5.618300e-04 5.124021e-03 -2.685003e-02 1.552327e-03 6.867563e-03 -2.110348e-02 -2.048039e-02 3.319582e-02 -3.764987e-02 -6.539641e-02 4.310928e-03 2.192610e-02 2.831807e-03 4.332830e-06
<VARIANCE> 39
 1.605626e+01 1.080718e+02 2.515299e+01 5.983236e+01 3.646491e+01 6.105964e+01 3.910907e+01 8.136119e+01 7.595421e+01 3.082788e+01 3.482679e+01 3.872749e+01 2.941995e-02 1.294950e+00 2.107627e+00 2.512903e+00 3.189242e+00 3.499440e+00 3.271868e+00 3.696644e+00 4.888943e+00 7.224348e+00 3.050883e+00 2.976622e+00 4.185592e+00 1.684334e-03 1.785024e-01 2.662457e-01 4.431275e-01 4.995159e-01 6.560134e-01 5.290895e-01 6.756622e-01 6.754794e-01 1.328243e+00 5.678923e-01 5.892119e-01 9.367427e-01 2.457467e-04
<GCONST> 1.057275e+02
<STATE> 7
<MEAN> 39
 2.473593e-07 -7.301569e-07 2.384186e-07 5.960464e-08 4.887581e-07 1.668930e-07 5.006790e-07 -2.592802e-07 -8.344650e-08 -5.960465e-09 3.516674e-07 1.266599e-07 7.739533e-01 -4.700434e-02 2.380740e-01 2.208836e-01 -1.193352e-01 1.945331e-02 -8.251955e-02 1.610574e-01 4.884431e-02 -7.728785e-02 4.815186e-02 1.222081e-04 2.567256e-02 -5.618300e-04 5.124021e-03 -2.685003e-02 1.552327e-03 6.867563e-03 -2.110348e-02 -2.048039e-02 3.319582e-02 -3.764987e-02 -6.539641e-02 4.310928e-03 2.192610e-02 2.831807e-03 4.332830e-06
<VARIANCE> 39
 1.605626e+01 1.080718e+02 2.515299e+01 5.983236e+01 3.646491e+01 6.105964e+01 3.910907e+01 8.136119e+01 7.595421e+01 3.082788e+01 3.482679e+01 3.872749e+01 2.941995e-02 1.294950e+00 2.107627e+00 2.512903e+00 3.189242e+00 3.499440e+00 3.271868e+00 3.696644e+00 4.888943e+00 7.224348e+00 3.050883e+00 2.976622e+00 4.185592e+00 1.684334e-03 1.785024e-01 2.662457e-01 4.431275e-01 4.995159e-01 6.560134e-01 5.290895e-01 6.756622e-01 6.754794e-01 1.328243e+00 5.678923e-01 5.892119e-01 9.367427e-01 2.457467e-04
<GCONST> 1.057275e+02
<STATE> 8
<MEAN> 39
 2.473593e-07 -7.301569e-07 2.384186e-07 5.960464e-08 4.887581e-07 1.668930e-07 5.006790e-07 -2.592802e-07 -8.344650e-08 -5.960465e-09 3.516674e-07 1.266599e-07 7.739533e-01 -4.700434e-02 2.380740e-01 2.208836e-01 -1.193352e-01 1.945331e-02 -8.251955e-02 1.610574e-01 4.884431e-02 -7.728785e-02 4.815186e-02 1.222081e-04 2.567256e-02 -5.618300e-04 5.124021e-03 -2.685003e-02 1.552327e-03 6.867563e-03 -2.110348e-02 -2.048039e-02 3.319582e-02 -3.764987e-02 -6.539641e-02 4.310928e-03 2.192610e-02 2.831807e-03 4.332830e-06
<VARIANCE> 39
 1.605626e+01 1.080718e+02 2.515299e+01 5.983236e+01 3.646491e+01 6.105964e+01 3.910907e+01 8.136119e+01 7.595421e+01 3.082788e+01 3.482679e+01 3.872749e+01 2.941995e-02 1.294950e+00 2.107627e+00 2.512903e+00 3.189242e+00 3.499440e+00 3.271868e+00 3.696644e+00 4.888943e+00 7.224348e+00 3.050883e+00 2.976622e+00 4.185592e+00 1.684334e-03 1.785024e-01 2.662457e-01 4.431275e-01 4.995159e-01 6.560134e-01 5.290895e-01 6.756622e-01 6.754794e-01 1.328243e+00 5.678923e-01 5.892119e-01 9.367427e-01 2.457467e-04
<GCONST> 1.057275e+02
<STATE> 9
<MEAN> 39
 2.473593e-07 -7.301569e-07 2.384186e-07 5.960464e-08 4.887581e-07 1.668930e-07 5.006790e-07 -2.592802e-07 -8.344650e-08 -5.960465e-09 3.516674e-07 1.266599e-07 7.739533e-01 -4.700434e-02 2.380740e-01 2.208836e-01 -1.193352e-01 1.945331e-02 -8.251955e-02 1.610574e-01 4.884431e-02 -7.728785e-02 4.815186e-02 1.222081e-04 2.567256e-02 -5.618300e-04 5.124021e-03 -2.685003e-02 1.552327e-03 6.867563e-03 -2.110348e-02 -2.048039e-02 3.319582e-02 -3.764987e-02 -6.539641e-02 4.310928e-03 2.192610e-02 2.831807e-03 4.332830e-06
<VARIANCE> 39
 1.605626e+01 1.080718e+02 2.515299e+01 5.983236e+01 3.646491e+01 6.105964e+01 3.910907e+01 8.136119e+01 7.595421e+01 3.082788e+01 3.482679e+01 3.872749e+01 2.941995e-02 1.294950e+00 2.107627e+00 2.512903e+00 3.189242e+00 3.499440e+00 3.271868e+00 3.696644e+00 4.888943e+00 7.224348e+00 3.050883e+00 2.976622e+00 4.185592e+00 1.684334e-03 1.785024e-01 2.662457e-01 4.431275e-01 4.995159e-01 6.560134e-01 5.290895e-01 6.756622e-01 6.754794e-01 1.328243e+00 5.678923e-01 5.892119e-01 9.367427e-01 2.457467e-04
<GCONST> 1.057275e+02
<TRANSP> 10
 0.000000e+00 1.000000e+00 0.000000e+00 0.000000e+00 0.000000e+00 0.000000e+00 0.000000e+00 0.000000e+00 0.000000e+00 0.000000e+00
 0.000000e+00 9.000000e-01 9.999999e-02 0.000000e+00 0.000000e+00 0.000000e+00 0.000000e+00 0.000000e+00 0.000000e+00 0.000000e+00
 0.000000e+00 0.000000e+00 9.000000e-01 9.999999e-02 0.000000e+00 0.000000e+00 0.000000e+00 0.000000e+00 0.000000e+00 0.000000e+00
 0.000000e+00 0.000000e+00 0.000000e+00 9.000000e-01 9.999999e-02 0.000000e+00 0.000000e+00 0.000000e+00 0.000000e+00 0.000000e+00
 0.000000e+00 0.000000e+00 0.000000e+00 0.000000e+00 9.000000e-01 9.999999e-02 0.000000e+00 0.000000e+00 0.000000e+00 0.000000e+00
 0.000000e+00 0.000000e+00 0.000000e+00 0.000000e+00 0.000000e+00 9.000000e-01 9.999999e-02 0.000000e+00 0.000000e+00 0.000000e+00
 0.000000e+00 0.000000e+00 0.000000e+00 0.000000e+00 0.000000e+00 0.000000e+00 9.000000e-01 9.999999e-02 0.000000e+00 0.000000e+00
 0.000000e+00 0.000000e+00 0.000000e+00 0.000000e+00 0.000000e+00 0.000000e+00 0.000000e+00 9.000000e-01 9.999999e-02 0.000000e+00
 0.000000e+00 0.000000e+00 0.000000e+00 0.000000e+00 0.000000e+00 0.000000e+00 0.000000e+00 0.000000e+00 9.000000e-01 9.999999e-02
 0.000000e+00 0.000000e+00 0.000000e+00 0.000000e+00 0.000000e+00 0.000000e+00 0.000000e+00 0.000000e+00 0.000000e+00 0.000000e+00
<ENDHMM>
