~o
<STREAMINFO> 1 39
<VECSIZE> 39<NULLD><MFCC_E_D_A_Z><DIAGC>
~h "s024"
<BEGINHMM>
<NUMSTATES> 10
<STATE> 2
<MEAN> 39
 -2.702077e-07 -1.851718e-06 3.496806e-07 3.178914e-07 -4.768372e-08 -2.225240e-07 1.112620e-07 -3.178914e-07 -1.986821e-07 -1.271566e-07 6.834666e-07 -6.437302e-07 8.165327e-01 9.044493e-02 -1.803698e-01 -2.926640e-01 -4.226448e-02 2.880517e-02 -1.190255e-02 9.764118e-02 -6.515880e-04 6.674400e-02 -1.938968e-01 -7.064965e-02 1.056766e-01 2.099479e-03 5.687525e-03 -3.051568e-02 2.378037e-03 8.407006e-02 1.329773e-02 3.856813e-02 2.584930e-02 -8.242018e-02 2.343171e-02 -5.076106e-02 6.063066e-02 -2.761290e-03 -1.144791e-03
<VARIANCE> 39
 1.694633e+01 1.146520e+02 1.010789e+02 8.875388e+01 3.458892e+01 5.059658e+01 1.069907e+02 7.103461e+01 4.206116e+01 6.362638e+01 3.094201e+01 4.742014e+01 1.842467e-02 6.038092e-01 1.579834e+00 2.082845e+00 4.151595e+00 3.224825e+00 4.023682e+00 2.884555e+00 4.042356e+00 4.075129e+00 3.044028e+00 3.773860e+00 2.844778e+00 1.425774e-03 8.408845e-02 1.916944e-01 2.585162e-01 5.899559e-01 5.745022e-01 5.857292e-01 2.506181e-01 6.078503e-01 7.245264e-01 6.162144e-01 8.706703e-01 5.249244e-01 1.632689e-04
<GCONST> 1.021229e+02
<STATE> 3
<MEAN> 39
 -2.702077e-07 -1.851718e-06 3.496806e-07 3.178914e-07 -4.768372e-08 -2.225240e-07 1.112620e-07 -3.178914e-07 -1.986821e-07 -1.271566e-07 6.834666e-07 -6.437302e-07 8.165327e-01 9.044493e-02 -1.803698e-01 -2.926640e-01 -4.226448e-02 2.880517e-02 -1.190255e-02 9.764118e-02 -6.515880e-04 6.674400e-02 -1.938968e-01 -7.064965e-02 1.056766e-01 2.099479e-03 5.687525e-03 -3.051568e-02 2.378037e-03 8.407006e-02 1.329773e-02 3.856813e-02 2.584930e-02 -8.242018e-02 2.343171e-02 -5.076106e-02 6.063066e-02 -2.761290e-03 -1.144791e-03
<VARIANCE> 39
 1.694633e+01 1.146520e+02 1.010789e+02 8.875388e+01 3.458892e+01 5.059658e+01 1.069907e+02 7.103461e+01 4.206116e+01 6.362638e+01 3.094201e+01 4.742014e+01 1.842467e-02 6.038092e-01 1.579834e+00 2.082845e+00 4.151595e+00 3.224825e+00 4.023682e+00 2.884555e+00 4.042356e+00 4.075129e+00 3.044028e+00 3.773860e+00 2.844778e+00 1.425774e-03 8.408845e-02 1.916944e-01 2.585162e-01 5.899559e-01 5.745022e-01 5.857292e-01 2.506181e-01 6.078503e-01 7.245264e-01 6.162144e-01 8.706703e-01 5.249244e-01 1.632689e-04
<GCONST> 1.021229e+02
<STATE> 4
<MEAN> 39
 -2.702077e-07 -1.851718e-06 3.496806e-07 3.178914e-07 -4.768372e-08 -2.225240e-07 1.112620e-07 -3.178914e-07 -1.986821e-07 -1.271566e-07 6.834666e-07 -6.437302e-07 8.165327e-01 9.044493e-02 -1.803698e-01 -2.926640e-01 -4.226448e-02 2.880517e-02 -1.190255e-02 9.764118e-02 -6.515880e-04 6.674400e-02 -1.938968e-01 -7.064965e-02 1.056766e-01 2.099479e-03 5.687525e-03 -3.051568e-02 2.378037e-03 8.407006e-02 1.329773e-02 3.856813e-02 2.584930e-02 -8.242018e-02 2.343171e-02 -5.076106e-02 6.063066e-02 -2.761290e-03 -1.144791e-03
<VARIANCE> 39
 1.694633e+01 1.146520e+02 1.010789e+02 8.875388e+01 3.458892e+01 5.059658e+01 1.069907e+02 7.103461e+01 4.206116e+01 6.362638e+01 3.094201e+01 4.742014e+01 1.842467e-02 6.038092e-01 1.579834e+00 2.082845e+00 4.151595e+00 3.224825e+00 4.023682e+00 2.884555e+00 4.042356e+00 4.075129e+00 3.044028e+00 3.773860e+00 2.844778e+00 1.425774e-03 8.408845e-02 1.916944e-01 2.585162e-01 5.899559e-01 5.745022e-01 5.857292e-01 2.506181e-01 6.078503e-01 7.245264e-01 6.162144e-01 8.706703e-01 5.249244e-01 1.632689e-04
<GCONST> 1.021229e+02
<STATE> 5
<MEAN> 39
 -2.702077e-07 -1.851718e-06 3.496806e-07 3.178914e-07 -4.768372e-08 -2.225240e-07 1.112620e-07 -3.178914e-07 -1.986821e-07 -1.271566e-07 6.834666e-07 -6.437302e-07 8.165327e-01 9.044493e-02 -1.803698e-01 -2.926640e-01 -4.226448e-02 2.880517e-02 -1.190255e-02 9.764118e-02 -6.515880e-04 6.674400e-02 -1.938968e-01 -7.064965e-02 1.056766e-01 2.099479e-03 5.687525e-03 -3.051568e-02 2.378037e-03 8.407006e-02 1.329773e-02 3.856813e-02 2.584930e-02 -8.242018e-02 2.343171e-02 -5.076106e-02 6.063066e-02 -2.761290e-03 -1.144791e-03
<VARIANCE> 39
 1.694633e+01 1.146520e+02 1.010789e+02 8.875388e+01 3.458892e+01 5.059658e+01 1.069907e+02 7.103461e+01 4.206116e+01 6.362638e+01 3.094201e+01 4.742014e+01 1.842467e-02 6.038092e-01 1.579834e+00 2.082845e+00 4.151595e+00 3.224825e+00 4.023682e+00 2.884555e+00 4.042356e+00 4.075129e+00 3.044028e+00 3.773860e+00 2.844778e+00 1.425774e-03 8.408845e-02 1.916944e-01 2.585162e-01 5.899559e-01 5.745022e-01 5.857292e-01 2.506181e-01 6.078503e-01 7.245264e-01 6.162144e-01 8.706703e-01 5.249244e-01 1.632689e-04
<GCONST> 1.021229e+02
<STATE> 6
<MEAN> 39
 -2.702077e-07 -1.851718e-06 3.496806e-07 3.178914e-07 -4.768372e-08 -2.225240e-07 1.112620e-07 -3.178914e-07 -1.986821e-07 -1.271566e-07 6.834666e-07 -6.437302e-07 8.165327e-01 9.044493e-02 -1.803698e-01 -2.926640e-01 -4.226448e-02 2.880517e-02 -1.190255e-02 9.764118e-02 -6.515880e-04 6.674400e-02 -1.938968e-01 -7.064965e-02 1.056766e-01 2.099479e-03 5.687525e-03 -3.051568e-02 2.378037e-03 8.407006e-02 1.329773e-02 3.856813e-02 2.584930e-02 -8.242018e-02 2.343171e-02 -5.076106e-02 6.063066e-02 -2.761290e-03 -1.144791e-03
<VARIANCE> 39
 1.694633e+01 1.146520e+02 1.010789e+02 8.875388e+01 3.458892e+01 5.059658e+01 1.069907e+02 7.103461e+01 4.206116e+01 6.362638e+01 3.094201e+01 4.742014e+01 1.842467e-02 6.038092e-01 1.579834e+00 2.082845e+00 4.151595e+00 3.224825e+00 4.023682e+00 2.884555e+00 4.042356e+00 4.075129e+00 3.044028e+00 3.773860e+00 2.844778e+00 1.425774e-03 8.408845e-02 1.916944e-01 2.585162e-01 5.899559e-01 5.745022e-01 5.857292e-01 2.506181e-01 6.078503e-01 7.245264e-01 6.162144e-01 8.706703e-01 5.249244e-01 1.632689e-04
<GCONST> 1.021229e+02
<STATE> 7
<MEAN> 39
 -2.702077e-07 -1.851718e-06 3.496806e-07 3.178914e-07 -4.768372e-08 -2.225240e-07 1.112620e-07 -3.178914e-07 -1.986821e-07 -1.271566e-07 6.834666e-07 -6.437302e-07 8.165327e-01 9.044493e-02 -1.803698e-01 -2.926640e-01 -4.226448e-02 2.880517e-02 -1.190255e-02 9.764118e-02 -6.515880e-04 6.674400e-02 -1.938968e-01 -7.064965e-02 1.056766e-01 2.099479e-03 5.687525e-03 -3.051568e-02 2.378037e-03 8.407006e-02 1.329773e-02 3.856813e-02 2.584930e-02 -8.242018e-02 2.343171e-02 -5.076106e-02 6.063066e-02 -2.761290e-03 -1.144791e-03
<VARIANCE> 39
 1.694633e+01 1.146520e+02 1.010789e+02 8.875388e+01 3.458892e+01 5.059658e+01 1.069907e+02 7.103461e+01 4.206116e+01 6.362638e+01 3.094201e+01 4.742014e+01 1.842467e-02 6.038092e-01 1.579834e+00 2.082845e+00 4.151595e+00 3.224825e+00 4.023682e+00 2.884555e+00 4.042356e+00 4.075129e+00 3.044028e+00 3.773860e+00 2.844778e+00 1.425774e-03 8.408845e-02 1.916944e-01 2.585162e-01 5.899559e-01 5.745022e-01 5.857292e-01 2.506181e-01 6.078503e-01 7.245264e-01 6.162144e-01 8.706703e-01 5.249244e-01 1.632689e-04
<GCONST> 1.021229e+02
<STATE> 8
<MEAN> 39
 -2.702077e-07 -1.851718e-06 3.496806e-07 3.178914e-07 -4.768372e-08 -2.225240e-07 1.112620e-07 -3.178914e-07 -1.986821e-07 -1.271566e-07 6.834666e-07 -6.437302e-07 8.165327e-01 9.044493e-02 -1.803698e-01 -2.926640e-01 -4.226448e-02 2.880517e-02 -1.190255e-02 9.764118e-02 -6.515880e-04 6.674400e-02 -1.938968e-01 -7.064965e-02 1.056766e-01 2.099479e-03 5.687525e-03 -3.051568e-02 2.378037e-03 8.407006e-02 1.329773e-02 3.856813e-02 2.584930e-02 -8.242018e-02 2.343171e-02 -5.076106e-02 6.063066e-02 -2.761290e-03 -1.144791e-03
<VARIANCE> 39
 1.694633e+01 1.146520e+02 1.010789e+02 8.875388e+01 3.458892e+01 5.059658e+01 1.069907e+02 7.103461e+01 4.206116e+01 6.362638e+01 3.094201e+01 4.742014e+01 1.842467e-02 6.038092e-01 1.579834e+00 2.082845e+00 4.151595e+00 3.224825e+00 4.023682e+00 2.884555e+00 4.042356e+00 4.075129e+00 3.044028e+00 3.773860e+00 2.844778e+00 1.425774e-03 8.408845e-02 1.916944e-01 2.585162e-01 5.899559e-01 5.745022e-01 5.857292e-01 2.506181e-01 6.078503e-01 7.245264e-01 6.162144e-01 8.706703e-01 5.249244e-01 1.632689e-04
<GCONST> 1.021229e+02
<STATE> 9
<MEAN> 39
 -2.702077e-07 -1.851718e-06 3.496806e-07 3.178914e-07 -4.768372e-08 -2.225240e-07 1.112620e-07 -3.178914e-07 -1.986821e-07 -1.271566e-07 6.834666e-07 -6.437302e-07 8.165327e-01 9.044493e-02 -1.803698e-01 -2.926640e-01 -4.226448e-02 2.880517e-02 -1.190255e-02 9.764118e-02 -6.515880e-04 6.674400e-02 -1.938968e-01 -7.064965e-02 1.056766e-01 2.099479e-03 5.687525e-03 -3.051568e-02 2.378037e-03 8.407006e-02 1.329773e-02 3.856813e-02 2.584930e-02 -8.242018e-02 2.343171e-02 -5.076106e-02 6.063066e-02 -2.761290e-03 -1.144791e-03
<VARIANCE> 39
 1.694633e+01 1.146520e+02 1.010789e+02 8.875388e+01 3.458892e+01 5.059658e+01 1.069907e+02 7.103461e+01 4.206116e+01 6.362638e+01 3.094201e+01 4.742014e+01 1.842467e-02 6.038092e-01 1.579834e+00 2.082845e+00 4.151595e+00 3.224825e+00 4.023682e+00 2.884555e+00 4.042356e+00 4.075129e+00 3.044028e+00 3.773860e+00 2.844778e+00 1.425774e-03 8.408845e-02 1.916944e-01 2.585162e-01 5.899559e-01 5.745022e-01 5.857292e-01 2.506181e-01 6.078503e-01 7.245264e-01 6.162144e-01 8.706703e-01 5.249244e-01 1.632689e-04
<GCONST> 1.021229e+02
<TRANSP> 10
 0.000000e+00 1.000000e+00 0.000000e+00 0.000000e+00 0.000000e+00 0.000000e+00 0.000000e+00 0.000000e+00 0.000000e+00 0.000000e+00
 0.000000e+00 9.000000e-01 9.999999e-02 0.000000e+00 0.000000e+00 0.000000e+00 0.000000e+00 0.000000e+00 0.000000e+00 0.000000e+00
 0.000000e+00 0.000000e+00 9.000000e-01 9.999999e-02 0.000000e+00 0.000000e+00 0.000000e+00 0.000000e+00 0.000000e+00 0.000000e+00
 0.000000e+00 0.000000e+00 0.000000e+00 9.000000e-01 9.999999e-02 0.000000e+00 0.000000e+00 0.000000e+00 0.000000e+00 0.000000e+00
 0.000000e+00 0.000000e+00 0.000000e+00 0.000000e+00 9.000000e-01 9.999999e-02 0.000000e+00 0.000000e+00 0.000000e+00 0.000000e+00
 0.000000e+00 0.000000e+00 0.000000e+00 0.000000e+00 0.000000e+00 9.000000e-01 9.999999e-02 0.000000e+00 0.000000e+00 0.000000e+00
 0.000000e+00 0.000000e+00 0.000000e+00 0.000000e+00 0.000000e+00 0.000000e+00 9.000000e-01 9.999999e-02 0.000000e+00 0.000000e+00
 0.000000e+00 0.000000e+00 0.000000e+00 0.000000e+00 0.000000e+00 0.000000e+00 0.000000e+00 9.000000e-01 9.999999e-02 0.000000e+00
 0.000000e+00 0.000000e+00 0.000000e+00 0.000000e+00 0.000000e+00 0.000000e+00 0.000000e+00 0.000000e+00 9.000000e-01 9.999999e-02
 0.000000e+00 0.000000e+00 0.000000e+00 0.000000e+00 0.000000e+00 0.000000e+00 0.000000e+00 0.000000e+00 0.000000e+00 0.000000e+00
<ENDHMM>
