~o
<STREAMINFO> 1 39
<VECSIZE> 39<NULLD><MFCC_E_D_A_Z><DIAGC>
~h "s026"
<BEGINHMM>
<NUMSTATES> 10
<STATE> 2
<MEAN> 39
 5.838822e-08 -5.352254e-08 -1.873289e-07 5.254940e-07 -2.530156e-07 4.865685e-07 -2.335529e-07 -5.060313e-07 -6.811960e-08 2.238215e-07 -2.919411e-08 -2.432843e-08 8.539373e-01 1.853432e-01 1.238967e-01 6.602173e-02 -4.228383e-02 3.329217e-01 -3.576215e-02 -6.858717e-02 -2.009137e-01 3.734172e-02 7.739510e-02 2.308314e-01 1.134640e-01 -2.642284e-03 1.634376e-02 1.611703e-02 4.879664e-02 -1.801709e-02 -2.418230e-02 -1.141118e-02 -1.641671e-02 9.212409e-03 -5.894385e-02 6.661507e-02 -9.285041e-03 -1.563070e-02 -1.173974e-03
<VARIANCE> 39
 2.109781e+01 2.062102e+01 8.478262e+01 4.121498e+01 3.534690e+01 9.556556e+01 3.971988e+01 7.034308e+01 5.139780e+01 6.757865e+01 3.086979e+01 4.404186e+01 5.457694e-03 1.165547e+00 1.079556e+00 2.716156e+00 2.315723e+00 1.959553e+00 3.294313e+00 3.042834e+00 4.917188e+00 5.312551e+00 4.140270e+00 1.792464e+00 3.322742e+00 2.317306e-04 1.212604e-01 1.533565e-01 2.377786e-01 3.478943e-01 1.788359e-01 3.649898e-01 5.160521e-01 1.019642e+00 7.320685e-01 6.754892e-01 2.693485e-01 3.690440e-01 2.995800e-05
<GCONST> 9.199648e+01
<STATE> 3
<MEAN> 39
 5.838822e-08 -5.352254e-08 -1.873289e-07 5.254940e-07 -2.530156e-07 4.865685e-07 -2.335529e-07 -5.060313e-07 -6.811960e-08 2.238215e-07 -2.919411e-08 -2.432843e-08 8.539373e-01 1.853432e-01 1.238967e-01 6.602173e-02 -4.228383e-02 3.329217e-01 -3.576215e-02 -6.858717e-02 -2.009137e-01 3.734172e-02 7.739510e-02 2.308314e-01 1.134640e-01 -2.642284e-03 1.634376e-02 1.611703e-02 4.879664e-02 -1.801709e-02 -2.418230e-02 -1.141118e-02 -1.641671e-02 9.212409e-03 -5.894385e-02 6.661507e-02 -9.285041e-03 -1.563070e-02 -1.173974e-03
<VARIANCE> 39
 2.109781e+01 2.062102e+01 8.478262e+01 4.121498e+01 3.534690e+01 9.556556e+01 3.971988e+01 7.034308e+01 5.139780e+01 6.757865e+01 3.086979e+01 4.404186e+01 5.457694e-03 1.165547e+00 1.079556e+00 2.716156e+00 2.315723e+00 1.959553e+00 3.294313e+00 3.042834e+00 4.917188e+00 5.312551e+00 4.140270e+00 1.792464e+00 3.322742e+00 2.317306e-04 1.212604e-01 1.533565e-01 2.377786e-01 3.478943e-01 1.788359e-01 3.649898e-01 5.160521e-01 1.019642e+00 7.320685e-01 6.754892e-01 2.693485e-01 3.690440e-01 2.995800e-05
<GCONST> 9.199648e+01
<STATE> 4
<MEAN> 39
 5.838822e-08 -5.352254e-08 -1.873289e-07 5.254940e-07 -2.530156e-07 4.865685e-07 -2.335529e-07 -5.060313e-07 -6.811960e-08 2.238215e-07 -2.919411e-08 -2.432843e-08 8.539373e-01 1.853432e-01 1.238967e-01 6.602173e-02 -4.228383e-02 3.329217e-01 -3.576215e-02 -6.858717e-02 -2.009137e-01 3.734172e-02 7.739510e-02 2.308314e-01 1.134640e-01 -2.642284e-03 1.634376e-02 1.611703e-02 4.879664e-02 -1.801709e-02 -2.418230e-02 -1.141118e-02 -1.641671e-02 9.212409e-03 -5.894385e-02 6.661507e-02 -9.285041e-03 -1.563070e-02 -1.173974e-03
<VARIANCE> 39
 2.109781e+01 2.062102e+01 8.478262e+01 4.121498e+01 3.534690e+01 9.556556e+01 3.971988e+01 7.034308e+01 5.139780e+01 6.757865e+01 3.086979e+01 4.404186e+01 5.457694e-03 1.165547e+00 1.079556e+00 2.716156e+00 2.315723e+00 1.959553e+00 3.294313e+00 3.042834e+00 4.917188e+00 5.312551e+00 4.140270e+00 1.792464e+00 3.322742e+00 2.317306e-04 1.212604e-01 1.533565e-01 2.377786e-01 3.478943e-01 1.788359e-01 3.649898e-01 5.160521e-01 1.019642e+00 7.320685e-01 6.754892e-01 2.693485e-01 3.690440e-01 2.995800e-05
<GCONST> 9.199648e+01
<STATE> 5
<MEAN> 39
 5.838822e-08 -5.352254e-08 -1.873289e-07 5.254940e-07 -2.530156e-07 4.865685e-07 -2.335529e-07 -5.060313e-07 -6.811960e-08 2.238215e-07 -2.919411e-08 -2.432843e-08 8.539373e-01 1.853432e-01 1.238967e-01 6.602173e-02 -4.228383e-02 3.329217e-01 -3.576215e-02 -6.858717e-02 -2.009137e-01 3.734172e-02 7.739510e-02 2.308314e-01 1.134640e-01 -2.642284e-03 1.634376e-02 1.611703e-02 4.879664e-02 -1.801709e-02 -2.418230e-02 -1.141118e-02 -1.641671e-02 9.212409e-03 -5.894385e-02 6.661507e-02 -9.285041e-03 -1.563070e-02 -1.173974e-03
<VARIANCE> 39
 2.109781e+01 2.062102e+01 8.478262e+01 4.121498e+01 3.534690e+01 9.556556e+01 3.971988e+01 7.034308e+01 5.139780e+01 6.757865e+01 3.086979e+01 4.404186e+01 5.457694e-03 1.165547e+00 1.079556e+00 2.716156e+00 2.315723e+00 1.959553e+00 3.294313e+00 3.042834e+00 4.917188e+00 5.312551e+00 4.140270e+00 1.792464e+00 3.322742e+00 2.317306e-04 1.212604e-01 1.533565e-01 2.377786e-01 3.478943e-01 1.788359e-01 3.649898e-01 5.160521e-01 1.019642e+00 7.320685e-01 6.754892e-01 2.693485e-01 3.690440e-01 2.995800e-05
<GCONST> 9.199648e+01
<STATE> 6
<MEAN> 39
 5.838822e-08 -5.352254e-08 -1.873289e-07 5.254940e-07 -2.530156e-07 4.865685e-07 -2.335529e-07 -5.060313e-07 -6.811960e-08 2.238215e-07 -2.919411e-08 -2.432843e-08 8.539373e-01 1.853432e-01 1.238967e-01 6.602173e-02 -4.228383e-02 3.329217e-01 -3.576215e-02 -6.858717e-02 -2.009137e-01 3.734172e-02 7.739510e-02 2.308314e-01 1.134640e-01 -2.642284e-03 1.634376e-02 1.611703e-02 4.879664e-02 -1.801709e-02 -2.418230e-02 -1.141118e-02 -1.641671e-02 9.212409e-03 -5.894385e-02 6.661507e-02 -9.285041e-03 -1.563070e-02 -1.173974e-03
<VARIANCE> 39
 2.109781e+01 2.062102e+01 8.478262e+01 4.121498e+01 3.534690e+01 9.556556e+01 3.971988e+01 7.034308e+01 5.139780e+01 6.757865e+01 3.086979e+01 4.404186e+01 5.457694e-03 1.165547e+00 1.079556e+00 2.716156e+00 2.315723e+00 1.959553e+00 3.294313e+00 3.042834e+00 4.917188e+00 5.312551e+00 4.140270e+00 1.792464e+00 3.322742e+00 2.317306e-04 1.212604e-01 1.533565e-01 2.377786e-01 3.478943e-01 1.788359e-01 3.649898e-01 5.160521e-01 1.019642e+00 7.320685e-01 6.754892e-01 2.693485e-01 3.690440e-01 2.995800e-05
<GCONST> 9.199648e+01
<STATE> 7
<MEAN> 39
 5.838822e-08 -5.352254e-08 -1.873289e-07 5.254940e-07 -2.530156e-07 4.865685e-07 -2.335529e-07 -5.060313e-07 -6.811960e-08 2.238215e-07 -2.919411e-08 -2.432843e-08 8.539373e-01 1.853432e-01 1.238967e-01 6.602173e-02 -4.228383e-02 3.329217e-01 -3.576215e-02 -6.858717e-02 -2.009137e-01 3.734172e-02 7.739510e-02 2.308314e-01 1.134640e-01 -2.642284e-03 1.634376e-02 1.611703e-02 4.879664e-02 -1.801709e-02 -2.418230e-02 -1.141118e-02 -1.641671e-02 9.212409e-03 -5.894385e-02 6.661507e-02 -9.285041e-03 -1.563070e-02 -1.173974e-03
<VARIANCE> 39
 2.109781e+01 2.062102e+01 8.478262e+01 4.121498e+01 3.534690e+01 9.556556e+01 3.971988e+01 7.034308e+01 5.139780e+01 6.757865e+01 3.086979e+01 4.404186e+01 5.457694e-03 1.165547e+00 1.079556e+00 2.716156e+00 2.315723e+00 1.959553e+00 3.294313e+00 3.042834e+00 4.917188e+00 5.312551e+00 4.140270e+00 1.792464e+00 3.322742e+00 2.317306e-04 1.212604e-01 1.533565e-01 2.377786e-01 3.478943e-01 1.788359e-01 3.649898e-01 5.160521e-01 1.019642e+00 7.320685e-01 6.754892e-01 2.693485e-01 3.690440e-01 2.995800e-05
<GCONST> 9.199648e+01
<STATE> 8
<MEAN> 39
 5.838822e-08 -5.352254e-08 -1.873289e-07 5.254940e-07 -2.530156e-07 4.865685e-07 -2.335529e-07 -5.060313e-07 -6.811960e-08 2.238215e-07 -2.919411e-08 -2.432843e-08 8.539373e-01 1.853432e-01 1.238967e-01 6.602173e-02 -4.228383e-02 3.329217e-01 -3.576215e-02 -6.858717e-02 -2.009137e-01 3.734172e-02 7.739510e-02 2.308314e-01 1.134640e-01 -2.642284e-03 1.634376e-02 1.611703e-02 4.879664e-02 -1.801709e-02 -2.418230e-02 -1.141118e-02 -1.641671e-02 9.212409e-03 -5.894385e-02 6.661507e-02 -9.285041e-03 -1.563070e-02 -1.173974e-03
<VARIANCE> 39
 2.109781e+01 2.062102e+01 8.478262e+01 4.121498e+01 3.534690e+01 9.556556e+01 3.971988e+01 7.034308e+01 5.139780e+01 6.757865e+01 3.086979e+01 4.404186e+01 5.457694e-03 1.165547e+00 1.079556e+00 2.716156e+00 2.315723e+00 1.959553e+00 3.294313e+00 3.042834e+00 4.917188e+00 5.312551e+00 4.140270e+00 1.792464e+00 3.322742e+00 2.317306e-04 1.212604e-01 1.533565e-01 2.377786e-01 3.478943e-01 1.788359e-01 3.649898e-01 5.160521e-01 1.019642e+00 7.320685e-01 6.754892e-01 2.693485e-01 3.690440e-01 2.995800e-05
<GCONST> 9.199648e+01
<STATE> 9
<MEAN> 39
 5.838822e-08 -5.352254e-08 -1.873289e-07 5.254940e-07 -2.530156e-07 4.865685e-07 -2.335529e-07 -5.060313e-07 -6.811960e-08 2.238215e-07 -2.919411e-08 -2.432843e-08 8.539373e-01 1.853432e-01 1.238967e-01 6.602173e-02 -4.228383e-02 3.329217e-01 -3.576215e-02 -6.858717e-02 -2.009137e-01 3.734172e-02 7.739510e-02 2.308314e-01 1.134640e-01 -2.642284e-03 1.634376e-02 1.611703e-02 4.879664e-02 -1.801709e-02 -2.418230e-02 -1.141118e-02 -1.641671e-02 9.212409e-03 -5.894385e-02 6.661507e-02 -9.285041e-03 -1.563070e-02 -1.173974e-03
<VARIANCE> 39
 2.109781e+01 2.062102e+01 8.478262e+01 4.121498e+01 3.534690e+01 9.556556e+01 3.971988e+01 7.034308e+01 5.139780e+01 6.757865e+01 3.086979e+01 4.404186e+01 5.457694e-03 1.165547e+00 1.079556e+00 2.716156e+00 2.315723e+00 1.959553e+00 3.294313e+00 3.042834e+00 4.917188e+00 5.312551e+00 4.140270e+00 1.792464e+00 3.322742e+00 2.317306e-04 1.212604e-01 1.533565e-01 2.377786e-01 3.478943e-01 1.788359e-01 3.649898e-01 5.160521e-01 1.019642e+00 7.320685e-01 6.754892e-01 2.693485e-01 3.690440e-01 2.995800e-05
<GCONST> 9.199648e+01
<TRANSP> 10
 0.000000e+00 1.000000e+00 0.000000e+00 0.000000e+00 0.000000e+00 0.000000e+00 0.000000e+00 0.000000e+00 0.000000e+00 0.000000e+00
 0.000000e+00 9.000000e-01 9.999999e-02 0.000000e+00 0.000000e+00 0.000000e+00 0.000000e+00 0.000000e+00 0.000000e+00 0.000000e+00
 0.000000e+00 0.000000e+00 9.000000e-01 9.999999e-02 0.000000e+00 0.000000e+00 0.000000e+00 0.000000e+00 0.000000e+00 0.000000e+00
 0.000000e+00 0.000000e+00 0.000000e+00 9.000000e-01 9.999999e-02 0.000000e+00 0.000000e+00 0.000000e+00 0.000000e+00 0.000000e+00
 0.000000e+00 0.000000e+00 0.000000e+00 0.000000e+00 9.000000e-01 9.999999e-02 0.000000e+00 0.000000e+00 0.000000e+00 0.000000e+00
 0.000000e+00 0.000000e+00 0.000000e+00 0.000000e+00 0.000000e+00 9.000000e-01 9.999999e-02 0.000000e+00 0.000000e+00 0.000000e+00
 0.000000e+00 0.000000e+00 0.000000e+00 0.000000e+00 0.000000e+00 0.000000e+00 9.000000e-01 9.999999e-02 0.000000e+00 0.000000e+00
 0.000000e+00 0.000000e+00 0.000000e+00 0.000000e+00 0.000000e+00 0.000000e+00 0.000000e+00 9.000000e-01 9.999999e-02 0.000000e+00
 0.000000e+00 0.000000e+00 0.000000e+00 0.000000e+00 0.000000e+00 0.000000e+00 0.000000e+00 0.000000e+00 9.000000e-01 9.999999e-02
 0.000000e+00 0.000000e+00 0.000000e+00 0.000000e+00 0.000000e+00 0.000000e+00 0.000000e+00 0.000000e+00 0.000000e+00 0.000000e+00
<ENDHMM>
