~o
<STREAMINFO> 1 39
<VECSIZE> 39<NULLD><MFCC_E_D_A_Z><DIAGC>
~h "s027"
<BEGINHMM>
<NUMSTATES> 10
<STATE> 2
<MEAN> 39
 1.475925e-07 0.000000e+00 2.043588e-07 3.178914e-07 5.676633e-07 -4.200708e-07 4.881904e-07 -3.973643e-07 2.270653e-08 1.759756e-07 1.816523e-07 -9.082613e-08 7.962128e-01 1.160536e-01 -2.465646e-01 -5.187472e-01 3.059501e-01 3.644868e-01 2.201196e-01 -1.755373e-01 1.169509e-01 2.788128e-01 -3.600141e-01 -3.332923e-01 3.305027e-01 1.302470e-03 4.616202e-02 3.399283e-02 5.514032e-02 7.274040e-02 6.810307e-02 -3.851097e-02 -3.578622e-02 -8.648053e-02 3.227361e-02 4.890341e-02 5.821494e-02 1.342018e-02 -8.453221e-04
<VARIANCE> 39
 1.443311e+01 1.664856e+01 6.160484e+01 4.088332e+01 2.298369e+01 2.353226e+01 4.717208e+01 7.005016e+01 2.934724e+01 5.596730e+01 4.461660e+01 4.320163e+01 9.008371e-03 9.617692e-01 1.017805e+00 3.648279e+00 2.494794e+00 1.850421e+00 2.224581e+00 1.831978e+00 3.195222e+00 3.851608e+00 6.655316e+00 2.065534e+00 4.780113e+00 4.553205e-04 8.986504e-02 1.332695e-01 3.828193e-01 3.682694e-01 3.423487e-01 4.743803e-01 3.225861e-01 3.437850e-01 9.084064e-01 1.164506e+00 3.573976e-01 6.954942e-01 5.322402e-05
<GCONST> 9.127589e+01
<STATE> 3
<MEAN> 39
 1.475925e-07 0.000000e+00 2.043588e-07 3.178914e-07 5.676633e-07 -4.200708e-07 4.881904e-07 -3.973643e-07 2.270653e-08 1.759756e-07 1.816523e-07 -9.082613e-08 7.962128e-01 1.160536e-01 -2.465646e-01 -5.187472e-01 3.059501e-01 3.644868e-01 2.201196e-01 -1.755373e-01 1.169509e-01 2.788128e-01 -3.600141e-01 -3.332923e-01 3.305027e-01 1.302470e-03 4.616202e-02 3.399283e-02 5.514032e-02 7.274040e-02 6.810307e-02 -3.851097e-02 -3.578622e-02 -8.648053e-02 3.227361e-02 4.890341e-02 5.821494e-02 1.342018e-02 -8.453221e-04
<VARIANCE> 39
 1.443311e+01 1.664856e+01 6.160484e+01 4.088332e+01 2.298369e+01 2.353226e+01 4.717208e+01 7.005016e+01 2.934724e+01 5.596730e+01 4.461660e+01 4.320163e+01 9.008371e-03 9.617692e-01 1.017805e+00 3.648279e+00 2.494794e+00 1.850421e+00 2.224581e+00 1.831978e+00 3.195222e+00 3.851608e+00 6.655316e+00 2.065534e+00 4.780113e+00 4.553205e-04 8.986504e-02 1.332695e-01 3.828193e-01 3.682694e-01 3.423487e-01 4.743803e-01 3.225861e-01 3.437850e-01 9.084064e-01 1.164506e+00 3.573976e-01 6.954942e-01 5.322402e-05
<GCONST> 9.127589e+01
<STATE> 4
<MEAN> 39
 1.475925e-07 0.000000e+00 2.043588e-07 3.178914e-07 5.676633e-07 -4.200708e-07 4.881904e-07 -3.973643e-07 2.270653e-08 1.759756e-07 1.816523e-07 -9.082613e-08 7.962128e-01 1.160536e-01 -2.465646e-01 -5.187472e-01 3.059501e-01 3.644868e-01 2.201196e-01 -1.755373e-01 1.169509e-01 2.788128e-01 -3.600141e-01 -3.332923e-01 3.305027e-01 1.302470e-03 4.616202e-02 3.399283e-02 5.514032e-02 7.274040e-02 6.810307e-02 -3.851097e-02 -3.578622e-02 -8.648053e-02 3.227361e-02 4.890341e-02 5.821494e-02 1.342018e-02 -8.453221e-04
<VARIANCE> 39
 1.443311e+01 1.664856e+01 6.160484e+01 4.088332e+01 2.298369e+01 2.353226e+01 4.717208e+01 7.005016e+01 2.934724e+01 5.596730e+01 4.461660e+01 4.320163e+01 9.008371e-03 9.617692e-01 1.017805e+00 3.648279e+00 2.494794e+00 1.850421e+00 2.224581e+00 1.831978e+00 3.195222e+00 3.851608e+00 6.655316e+00 2.065534e+00 4.780113e+00 4.553205e-04 8.986504e-02 1.332695e-01 3.828193e-01 3.682694e-01 3.423487e-01 4.743803e-01 3.225861e-01 3.437850e-01 9.084064e-01 1.164506e+00 3.573976e-01 6.954942e-01 5.322402e-05
<GCONST> 9.127589e+01
<STATE> 5
<MEAN> 39
 1.475925e-07 0.000000e+00 2.043588e-07 3.178914e-07 5.676633e-07 -4.200708e-07 4.881904e-07 -3.973643e-07 2.270653e-08 1.759756e-07 1.816523e-07 -9.082613e-08 7.962128e-01 1.160536e-01 -2.465646e-01 -5.187472e-01 3.059501e-01 3.644868e-01 2.201196e-01 -1.755373e-01 1.169509e-01 2.788128e-01 -3.600141e-01 -3.332923e-01 3.305027e-01 1.302470e-03 4.616202e-02 3.399283e-02 5.514032e-02 7.274040e-02 6.810307e-02 -3.851097e-02 -3.578622e-02 -8.648053e-02 3.227361e-02 4.890341e-02 5.821494e-02 1.342018e-02 -8.453221e-04
<VARIANCE> 39
 1.443311e+01 1.664856e+01 6.160484e+01 4.088332e+01 2.298369e+01 2.353226e+01 4.717208e+01 7.005016e+01 2.934724e+01 5.596730e+01 4.461660e+01 4.320163e+01 9.008371e-03 9.617692e-01 1.017805e+00 3.648279e+00 2.494794e+00 1.850421e+00 2.224581e+00 1.831978e+00 3.195222e+00 3.851608e+00 6.655316e+00 2.065534e+00 4.780113e+00 4.553205e-04 8.986504e-02 1.332695e-01 3.828193e-01 3.682694e-01 3.423487e-01 4.743803e-01 3.225861e-01 3.437850e-01 9.084064e-01 1.164506e+00 3.573976e-01 6.954942e-01 5.322402e-05
<GCONST> 9.127589e+01
<STATE> 6
<MEAN> 39
 1.475925e-07 0.000000e+00 2.043588e-07 3.178914e-07 5.676633e-07 -4.200708e-07 4.881904e-07 -3.973643e-07 2.270653e-08 1.759756e-07 1.816523e-07 -9.082613e-08 7.962128e-01 1.160536e-01 -2.465646e-01 -5.187472e-01 3.059501e-01 3.644868e-01 2.201196e-01 -1.755373e-01 1.169509e-01 2.788128e-01 -3.600141e-01 -3.332923e-01 3.305027e-01 1.302470e-03 4.616202e-02 3.399283e-02 5.514032e-02 7.274040e-02 6.810307e-02 -3.851097e-02 -3.578622e-02 -8.648053e-02 3.227361e-02 4.890341e-02 5.821494e-02 1.342018e-02 -8.453221e-04
<VARIANCE> 39
 1.443311e+01 1.664856e+01 6.160484e+01 4.088332e+01 2.298369e+01 2.353226e+01 4.717208e+01 7.005016e+01 2.934724e+01 5.596730e+01 4.461660e+01 4.320163e+01 9.008371e-03 9.617692e-01 1.017805e+00 3.648279e+00 2.494794e+00 1.850421e+00 2.224581e+00 1.831978e+00 3.195222e+00 3.851608e+00 6.655316e+00 2.065534e+00 4.780113e+00 4.553205e-04 8.986504e-02 1.332695e-01 3.828193e-01 3.682694e-01 3.423487e-01 4.743803e-01 3.225861e-01 3.437850e-01 9.084064e-01 1.164506e+00 3.573976e-01 6.954942e-01 5.322402e-05
<GCONST> 9.127589e+01
<STATE> 7
<MEAN> 39
 1.475925e-07 0.000000e+00 2.043588e-07 3.178914e-07 5.676633e-07 -4.200708e-07 4.881904e-07 -3.973643e-07 2.270653e-08 1.759756e-07 1.816523e-07 -9.082613e-08 7.962128e-01 1.160536e-01 -2.465646e-01 -5.187472e-01 3.059501e-01 3.644868e-01 2.201196e-01 -1.755373e-01 1.169509e-01 2.788128e-01 -3.600141e-01 -3.332923e-01 3.305027e-01 1.302470e-03 4.616202e-02 3.399283e-02 5.514032e-02 7.274040e-02 6.810307e-02 -3.851097e-02 -3.578622e-02 -8.648053e-02 3.227361e-02 4.890341e-02 5.821494e-02 1.342018e-02 -8.453221e-04
<VARIANCE> 39
 1.443311e+01 1.664856e+01 6.160484e+01 4.088332e+01 2.298369e+01 2.353226e+01 4.717208e+01 7.005016e+01 2.934724e+01 5.596730e+01 4.461660e+01 4.320163e+01 9.008371e-03 9.617692e-01 1.017805e+00 3.648279e+00 2.494794e+00 1.850421e+00 2.224581e+00 1.831978e+00 3.195222e+00 3.851608e+00 6.655316e+00 2.065534e+00 4.780113e+00 4.553205e-04 8.986504e-02 1.332695e-01 3.828193e-01 3.682694e-01 3.423487e-01 4.743803e-01 3.225861e-01 3.437850e-01 9.084064e-01 1.164506e+00 3.573976e-01 6.954942e-01 5.322402e-05
<GCONST> 9.127589e+01
<STATE> 8
<MEAN> 39
 1.475925e-07 0.000000e+00 2.043588e-07 3.178914e-07 5.676633e-07 -4.200708e-07 4.881904e-07 -3.973643e-07 2.270653e-08 1.759756e-07 1.816523e-07 -9.082613e-08 7.962128e-01 1.160536e-01 -2.465646e-01 -5.187472e-01 3.059501e-01 3.644868e-01 2.201196e-01 -1.755373e-01 1.169509e-01 2.788128e-01 -3.600141e-01 -3.332923e-01 3.305027e-01 1.302470e-03 4.616202e-02 3.399283e-02 5.514032e-02 7.274040e-02 6.810307e-02 -3.851097e-02 -3.578622e-02 -8.648053e-02 3.227361e-02 4.890341e-02 5.821494e-02 1.342018e-02 -8.453221e-04
<VARIANCE> 39
 1.443311e+01 1.664856e+01 6.160484e+01 4.088332e+01 2.298369e+01 2.353226e+01 4.717208e+01 7.005016e+01 2.934724e+01 5.596730e+01 4.461660e+01 4.320163e+01 9.008371e-03 9.617692e-01 1.017805e+00 3.648279e+00 2.494794e+00 1.850421e+00 2.224581e+00 1.831978e+00 3.195222e+00 3.851608e+00 6.655316e+00 2.065534e+00 4.780113e+00 4.553205e-04 8.986504e-02 1.332695e-01 3.828193e-01 3.682694e-01 3.423487e-01 4.743803e-01 3.225861e-01 3.437850e-01 9.084064e-01 1.164506e+00 3.573976e-01 6.954942e-01 5.322402e-05
<GCONST> 9.127589e+01
<STATE> 9
<MEAN> 39
 1.475925e-07 0.000000e+00 2.043588e-07 3.178914e-07 5.676633e-07 -4.200708e-07 4.881904e-07 -3.973643e-07 2.270653e-08 1.759756e-07 1.816523e-07 -9.082613e-08 7.962128e-01 1.160536e-01 -2.465646e-01 -5.187472e-01 3.059501e-01 3.644868e-01 2.201196e-01 -1.755373e-01 1.169509e-01 2.788128e-01 -3.600141e-01 -3.332923e-01 3.305027e-01 1.302470e-03 4.616202e-02 3.399283e-02 5.514032e-02 7.274040e-02 6.810307e-02 -3.851097e-02 -3.578622e-02 -8.648053e-02 3.227361e-02 4.890341e-02 5.821494e-02 1.342018e-02 -8.453221e-04
<VARIANCE> 39
 1.443311e+01 1.664856e+01 6.160484e+01 4.088332e+01 2.298369e+01 2.353226e+01 4.717208e+01 7.005016e+01 2.934724e+01 5.596730e+01 4.461660e+01 4.320163e+01 9.008371e-03 9.617692e-01 1.017805e+00 3.648279e+00 2.494794e+00 1.850421e+00 2.224581e+00 1.831978e+00 3.195222e+00 3.851608e+00 6.655316e+00 2.065534e+00 4.780113e+00 4.553205e-04 8.986504e-02 1.332695e-01 3.828193e-01 3.682694e-01 3.423487e-01 4.743803e-01 3.225861e-01 3.437850e-01 9.084064e-01 1.164506e+00 3.573976e-01 6.954942e-01 5.322402e-05
<GCONST> 9.127589e+01
<TRANSP> 10
 0.000000e+00 1.000000e+00 0.000000e+00 0.000000e+00 0.000000e+00 0.000000e+00 0.000000e+00 0.000000e+00 0.000000e+00 0.000000e+00
 0.000000e+00 9.000000e-01 9.999999e-02 0.000000e+00 0.000000e+00 0.000000e+00 0.000000e+00 0.000000e+00 0.000000e+00 0.000000e+00
 0.000000e+00 0.000000e+00 9.000000e-01 9.999999e-02 0.000000e+00 0.000000e+00 0.000000e+00 0.000000e+00 0.000000e+00 0.000000e+00
 0.000000e+00 0.000000e+00 0.000000e+00 9.000000e-01 9.999999e-02 0.000000e+00 0.000000e+00 0.000000e+00 0.000000e+00 0.000000e+00
 0.000000e+00 0.000000e+00 0.000000e+00 0.000000e+00 9.000000e-01 9.999999e-02 0.000000e+00 0.000000e+00 0.000000e+00 0.000000e+00
 0.000000e+00 0.000000e+00 0.000000e+00 0.000000e+00 0.000000e+00 9.000000e-01 9.999999e-02 0.000000e+00 0.000000e+00 0.000000e+00
 0.000000e+00 0.000000e+00 0.000000e+00 0.000000e+00 0.000000e+00 0.000000e+00 9.000000e-01 9.999999e-02 0.000000e+00 0.000000e+00
 0.000000e+00 0.000000e+00 0.000000e+00 0.000000e+00 0.000000e+00 0.000000e+00 0.000000e+00 9.000000e-01 9.999999e-02 0.000000e+00
 0.000000e+00 0.000000e+00 0.000000e+00 0.000000e+00 0.000000e+00 0.000000e+00 0.000000e+00 0.000000e+00 9.000000e-01 9.999999e-02
 0.000000e+00 0.000000e+00 0.000000e+00 0.000000e+00 0.000000e+00 0.000000e+00 0.000000e+00 0.000000e+00 0.000000e+00 0.000000e+00
<ENDHMM>
