~o
<STREAMINFO> 1 39
<VECSIZE> 39<NULLD><MFCC_E_D_A_Z><DIAGC>
~h "s028"
<BEGINHMM>
<NUMSTATES> 10
<STATE> 2
<MEAN> 39
 1.291434e-07 1.192093e-06 -1.490116e-08 -1.132488e-06 -2.284845e-07 -1.986821e-07 -5.165736e-07 -1.986821e-07 4.371007e-07 -9.934107e-08 -3.973643e-07 -1.589457e-07 8.453100e-01 1.600179e-01 -4.829198e-01 -1.086060e-02 3.166212e-01 4.202465e-01 -1.058752e-01 3.793221e-01 -2.729116e-01 -3.604525e-01 -7.156765e-02 -3.299162e-01 2.219324e-01 -3.805062e-03 -6.111653e-03 4.153030e-02 7.949245e-03 1.886923e-02 2.078810e-02 2.303647e-02 2.660606e-02 -6.528114e-03 -4.338954e-02 -8.740305e-02 4.636243e-02 1.183469e-01 -1.091580e-03
<VARIANCE> 39
 2.091253e+01 1.928217e+02 5.098336e+00 1.221446e+02 4.297336e+01 3.104498e+01 4.573228e+01 2.689001e+01 1.273948e+02 3.066859e+01 5.594259e+01 3.525586e+01 1.469083e-02 1.338194e+00 3.175503e+00 7.589364e-01 1.798366e+00 4.324670e+00 1.483924e+00 1.112724e+00 2.042115e+00 2.532159e+00 3.347414e+00 2.545211e+00 3.076577e+00 8.621023e-04 2.358425e-01 2.622118e-01 1.532929e-01 1.707337e-01 7.693995e-01 1.944028e-01 1.608919e-01 3.184144e-01 2.902943e-01 5.785640e-01 4.569848e-01 4.429382e-01 8.778303e-05
<GCONST> 8.991801e+01
<STATE> 3
<MEAN> 39
 1.291434e-07 1.192093e-06 -1.490116e-08 -1.132488e-06 -2.284845e-07 -1.986821e-07 -5.165736e-07 -1.986821e-07 4.371007e-07 -9.934107e-08 -3.973643e-07 -1.589457e-07 8.453100e-01 1.600179e-01 -4.829198e-01 -1.086060e-02 3.166212e-01 4.202465e-01 -1.058752e-01 3.793221e-01 -2.729116e-01 -3.604525e-01 -7.156765e-02 -3.299162e-01 2.219324e-01 -3.805062e-03 -6.111653e-03 4.153030e-02 7.949245e-03 1.886923e-02 2.078810e-02 2.303647e-02 2.660606e-02 -6.528114e-03 -4.338954e-02 -8.740305e-02 4.636243e-02 1.183469e-01 -1.091580e-03
<VARIANCE> 39
 2.091253e+01 1.928217e+02 5.098336e+00 1.221446e+02 4.297336e+01 3.104498e+01 4.573228e+01 2.689001e+01 1.273948e+02 3.066859e+01 5.594259e+01 3.525586e+01 1.469083e-02 1.338194e+00 3.175503e+00 7.589364e-01 1.798366e+00 4.324670e+00 1.483924e+00 1.112724e+00 2.042115e+00 2.532159e+00 3.347414e+00 2.545211e+00 3.076577e+00 8.621023e-04 2.358425e-01 2.622118e-01 1.532929e-01 1.707337e-01 7.693995e-01 1.944028e-01 1.608919e-01 3.184144e-01 2.902943e-01 5.785640e-01 4.569848e-01 4.429382e-01 8.778303e-05
<GCONST> 8.991801e+01
<STATE> 4
<MEAN> 39
 1.291434e-07 1.192093e-06 -1.490116e-08 -1.132488e-06 -2.284845e-07 -1.986821e-07 -5.165736e-07 -1.986821e-07 4.371007e-07 -9.934107e-08 -3.973643e-07 -1.589457e-07 8.453100e-01 1.600179e-01 -4.829198e-01 -1.086060e-02 3.166212e-01 4.202465e-01 -1.058752e-01 3.793221e-01 -2.729116e-01 -3.604525e-01 -7.156765e-02 -3.299162e-01 2.219324e-01 -3.805062e-03 -6.111653e-03 4.153030e-02 7.949245e-03 1.886923e-02 2.078810e-02 2.303647e-02 2.660606e-02 -6.528114e-03 -4.338954e-02 -8.740305e-02 4.636243e-02 1.183469e-01 -1.091580e-03
<VARIANCE> 39
 2.091253e+01 1.928217e+02 5.098336e+00 1.221446e+02 4.297336e+01 3.104498e+01 4.573228e+01 2.689001e+01 1.273948e+02 3.066859e+01 5.594259e+01 3.525586e+01 1.469083e-02 1.338194e+00 3.175503e+00 7.589364e-01 1.798366e+00 4.324670e+00 1.483924e+00 1.112724e+00 2.042115e+00 2.532159e+00 3.347414e+00 2.545211e+00 3.076577e+00 8.621023e-04 2.358425e-01 2.622118e-01 1.532929e-01 1.707337e-01 7.693995e-01 1.944028e-01 1.608919e-01 3.184144e-01 2.902943e-01 5.785640e-01 4.569848e-01 4.429382e-01 8.778303e-05
<GCONST> 8.991801e+01
<STATE> 5
<MEAN> 39
 1.291434e-07 1.192093e-06 -1.490116e-08 -1.132488e-06 -2.284845e-07 -1.986821e-07 -5.165736e-07 -1.986821e-07 4.371007e-07 -9.934107e-08 -3.973643e-07 -1.589457e-07 8.453100e-01 1.600179e-01 -4.829198e-01 -1.086060e-02 3.166212e-01 4.202465e-01 -1.058752e-01 3.793221e-01 -2.729116e-01 -3.604525e-01 -7.156765e-02 -3.299162e-01 2.219324e-01 -3.805062e-03 -6.111653e-03 4.153030e-02 7.949245e-03 1.886923e-02 2.078810e-02 2.303647e-02 2.660606e-02 -6.528114e-03 -4.338954e-02 -8.740305e-02 4.636243e-02 1.183469e-01 -1.091580e-03
<VARIANCE> 39
 2.091253e+01 1.928217e+02 5.098336e+00 1.221446e+02 4.297336e+01 3.104498e+01 4.573228e+01 2.689001e+01 1.273948e+02 3.066859e+01 5.594259e+01 3.525586e+01 1.469083e-02 1.338194e+00 3.175503e+00 7.589364e-01 1.798366e+00 4.324670e+00 1.483924e+00 1.112724e+00 2.042115e+00 2.532159e+00 3.347414e+00 2.545211e+00 3.076577e+00 8.621023e-04 2.358425e-01 2.622118e-01 1.532929e-01 1.707337e-01 7.693995e-01 1.944028e-01 1.608919e-01 3.184144e-01 2.902943e-01 5.785640e-01 4.569848e-01 4.429382e-01 8.778303e-05
<GCONST> 8.991801e+01
<STATE> 6
<MEAN> 39
 1.291434e-07 1.192093e-06 -1.490116e-08 -1.132488e-06 -2.284845e-07 -1.986821e-07 -5.165736e-07 -1.986821e-07 4.371007e-07 -9.934107e-08 -3.973643e-07 -1.589457e-07 8.453100e-01 1.600179e-01 -4.829198e-01 -1.086060e-02 3.166212e-01 4.202465e-01 -1.058752e-01 3.793221e-01 -2.729116e-01 -3.604525e-01 -7.156765e-02 -3.299162e-01 2.219324e-01 -3.805062e-03 -6.111653e-03 4.153030e-02 7.949245e-03 1.886923e-02 2.078810e-02 2.303647e-02 2.660606e-02 -6.528114e-03 -4.338954e-02 -8.740305e-02 4.636243e-02 1.183469e-01 -1.091580e-03
<VARIANCE> 39
 2.091253e+01 1.928217e+02 5.098336e+00 1.221446e+02 4.297336e+01 3.104498e+01 4.573228e+01 2.689001e+01 1.273948e+02 3.066859e+01 5.594259e+01 3.525586e+01 1.469083e-02 1.338194e+00 3.175503e+00 7.589364e-01 1.798366e+00 4.324670e+00 1.483924e+00 1.112724e+00 2.042115e+00 2.532159e+00 3.347414e+00 2.545211e+00 3.076577e+00 8.621023e-04 2.358425e-01 2.622118e-01 1.532929e-01 1.707337e-01 7.693995e-01 1.944028e-01 1.608919e-01 3.184144e-01 2.902943e-01 5.785640e-01 4.569848e-01 4.429382e-01 8.778303e-05
<GCONST> 8.991801e+01
<STATE> 7
<MEAN> 39
 1.291434e-07 1.192093e-06 -1.490116e-08 -1.132488e-06 -2.284845e-07 -1.986821e-07 -5.165736e-07 -1.986821e-07 4.371007e-07 -9.934107e-08 -3.973643e-07 -1.589457e-07 8.453100e-01 1.600179e-01 -4.829198e-01 -1.086060e-02 3.166212e-01 4.202465e-01 -1.058752e-01 3.793221e-01 -2.729116e-01 -3.604525e-01 -7.156765e-02 -3.299162e-01 2.219324e-01 -3.805062e-03 -6.111653e-03 4.153030e-02 7.949245e-03 1.886923e-02 2.078810e-02 2.303647e-02 2.660606e-02 -6.528114e-03 -4.338954e-02 -8.740305e-02 4.636243e-02 1.183469e-01 -1.091580e-03
<VARIANCE> 39
 2.091253e+01 1.928217e+02 5.098336e+00 1.221446e+02 4.297336e+01 3.104498e+01 4.573228e+01 2.689001e+01 1.273948e+02 3.066859e+01 5.594259e+01 3.525586e+01 1.469083e-02 1.338194e+00 3.175503e+00 7.589364e-01 1.798366e+00 4.324670e+00 1.483924e+00 1.112724e+00 2.042115e+00 2.532159e+00 3.347414e+00 2.545211e+00 3.076577e+00 8.621023e-04 2.358425e-01 2.622118e-01 1.532929e-01 1.707337e-01 7.693995e-01 1.944028e-01 1.608919e-01 3.184144e-01 2.902943e-01 5.785640e-01 4.569848e-01 4.429382e-01 8.778303e-05
<GCONST> 8.991801e+01
<STATE> 8
<MEAN> 39
 1.291434e-07 1.192093e-06 -1.490116e-08 -1.132488e-06 -2.284845e-07 -1.986821e-07 -5.165736e-07 -1.986821e-07 4.371007e-07 -9.934107e-08 -3.973643e-07 -1.589457e-07 8.453100e-01 1.600179e-01 -4.829198e-01 -1.086060e-02 3.166212e-01 4.202465e-01 -1.058752e-01 3.793221e-01 -2.729116e-01 -3.604525e-01 -7.156765e-02 -3.299162e-01 2.219324e-01 -3.805062e-03 -6.111653e-03 4.153030e-02 7.949245e-03 1.886923e-02 2.078810e-02 2.303647e-02 2.660606e-02 -6.528114e-03 -4.338954e-02 -8.740305e-02 4.636243e-02 1.183469e-01 -1.091580e-03
<VARIANCE> 39
 2.091253e+01 1.928217e+02 5.098336e+00 1.221446e+02 4.297336e+01 3.104498e+01 4.573228e+01 2.689001e+01 1.273948e+02 3.066859e+01 5.594259e+01 3.525586e+01 1.469083e-02 1.338194e+00 3.175503e+00 7.589364e-01 1.798366e+00 4.324670e+00 1.483924e+00 1.112724e+00 2.042115e+00 2.532159e+00 3.347414e+00 2.545211e+00 3.076577e+00 8.621023e-04 2.358425e-01 2.622118e-01 1.532929e-01 1.707337e-01 7.693995e-01 1.944028e-01 1.608919e-01 3.184144e-01 2.902943e-01 5.785640e-01 4.569848e-01 4.429382e-01 8.778303e-05
<GCONST> 8.991801e+01
<STATE> 9
<MEAN> 39
 1.291434e-07 1.192093e-06 -1.490116e-08 -1.132488e-06 -2.284845e-07 -1.986821e-07 -5.165736e-07 -1.986821e-07 4.371007e-07 -9.934107e-08 -3.973643e-07 -1.589457e-07 8.453100e-01 1.600179e-01 -4.829198e-01 -1.086060e-02 3.166212e-01 4.202465e-01 -1.058752e-01 3.793221e-01 -2.729116e-01 -3.604525e-01 -7.156765e-02 -3.299162e-01 2.219324e-01 -3.805062e-03 -6.111653e-03 4.153030e-02 7.949245e-03 1.886923e-02 2.078810e-02 2.303647e-02 2.660606e-02 -6.528114e-03 -4.338954e-02 -8.740305e-02 4.636243e-02 1.183469e-01 -1.091580e-03
<VARIANCE> 39
 2.091253e+01 1.928217e+02 5.098336e+00 1.221446e+02 4.297336e+01 3.104498e+01 4.573228e+01 2.689001e+01 1.273948e+02 3.066859e+01 5.594259e+01 3.525586e+01 1.469083e-02 1.338194e+00 3.175503e+00 7.589364e-01 1.798366e+00 4.324670e+00 1.483924e+00 1.112724e+00 2.042115e+00 2.532159e+00 3.347414e+00 2.545211e+00 3.076577e+00 8.621023e-04 2.358425e-01 2.622118e-01 1.532929e-01 1.707337e-01 7.693995e-01 1.944028e-01 1.608919e-01 3.184144e-01 2.902943e-01 5.785640e-01 4.569848e-01 4.429382e-01 8.778303e-05
<GCONST> 8.991801e+01
<TRANSP> 10
 0.000000e+00 1.000000e+00 0.000000e+00 0.000000e+00 0.000000e+00 0.000000e+00 0.000000e+00 0.000000e+00 0.000000e+00 0.000000e+00
 0.000000e+00 9.000000e-01 9.999999e-02 0.000000e+00 0.000000e+00 0.000000e+00 0.000000e+00 0.000000e+00 0.000000e+00 0.000000e+00
 0.000000e+00 0.000000e+00 9.000000e-01 9.999999e-02 0.000000e+00 0.000000e+00 0.000000e+00 0.000000e+00 0.000000e+00 0.000000e+00
 0.000000e+00 0.000000e+00 0.000000e+00 9.000000e-01 9.999999e-02 0.000000e+00 0.000000e+00 0.000000e+00 0.000000e+00 0.000000e+00
 0.000000e+00 0.000000e+00 0.000000e+00 0.000000e+00 9.000000e-01 9.999999e-02 0.000000e+00 0.000000e+00 0.000000e+00 0.000000e+00
 0.000000e+00 0.000000e+00 0.000000e+00 0.000000e+00 0.000000e+00 9.000000e-01 9.999999e-02 0.000000e+00 0.000000e+00 0.000000e+00
 0.000000e+00 0.000000e+00 0.000000e+00 0.000000e+00 0.000000e+00 0.000000e+00 9.000000e-01 9.999999e-02 0.000000e+00 0.000000e+00
 0.000000e+00 0.000000e+00 0.000000e+00 0.000000e+00 0.000000e+00 0.000000e+00 0.000000e+00 9.000000e-01 9.999999e-02 0.000000e+00
 0.000000e+00 0.000000e+00 0.000000e+00 0.000000e+00 0.000000e+00 0.000000e+00 0.000000e+00 0.000000e+00 9.000000e-01 9.999999e-02
 0.000000e+00 0.000000e+00 0.000000e+00 0.000000e+00 0.000000e+00 0.000000e+00 0.000000e+00 0.000000e+00 0.000000e+00 0.000000e+00
<ENDHMM>
