~o
<STREAMINFO> 1 39
<VECSIZE> 39<NULLD><MFCC_E_D_A_Z><DIAGC>
~h "s029"
<BEGINHMM>
<NUMSTATES> 10
<STATE> 2
<MEAN> 39
 -1.589457e-07 7.568844e-09 -9.082613e-08 5.298191e-07 5.071125e-07 2.724784e-07 -2.951849e-07 7.871598e-07 -1.324548e-08 -3.784422e-09 3.254603e-07 5.298191e-08 8.593168e-01 1.349398e-01 9.421258e-02 4.653645e-03 3.384408e-02 1.118380e-01 -8.574358e-02 -3.739573e-02 -4.241750e-02 1.337523e-01 9.973666e-02 5.703278e-02 5.451955e-02 -3.304515e-03 1.239055e-02 7.202987e-04 5.921311e-03 -8.421285e-05 -1.200678e-02 2.854076e-02 -2.961723e-02 3.952530e-02 2.776368e-02 -3.419210e-02 -1.198127e-02 4.239069e-02 -4.215497e-04
<VARIANCE> 39
 3.516705e+01 1.163461e+01 8.566488e+01 2.594719e+01 3.584020e+01 5.125296e+01 3.413972e+01 1.001102e+02 3.324744e+01 6.687435e+01 3.574484e+01 4.094497e+01 1.180218e-02 3.197484e+00 1.457767e+00 4.437343e+00 2.423169e+00 2.682126e+00 4.300058e+00 2.697823e+00 3.612324e+00 2.547622e+00 7.201903e+00 3.734938e+00 2.066576e+00 1.167346e-03 5.722169e-01 3.052256e-01 4.418791e-01 3.815774e-01 4.940334e-01 5.939313e-01 5.098488e-01 4.241228e-01 4.720127e-01 1.366050e+00 7.391685e-01 3.855090e-01 1.825381e-04
<GCONST> 1.018575e+02
<STATE> 3
<MEAN> 39
 -1.589457e-07 7.568844e-09 -9.082613e-08 5.298191e-07 5.071125e-07 2.724784e-07 -2.951849e-07 7.871598e-07 -1.324548e-08 -3.784422e-09 3.254603e-07 5.298191e-08 8.593168e-01 1.349398e-01 9.421258e-02 4.653645e-03 3.384408e-02 1.118380e-01 -8.574358e-02 -3.739573e-02 -4.241750e-02 1.337523e-01 9.973666e-02 5.703278e-02 5.451955e-02 -3.304515e-03 1.239055e-02 7.202987e-04 5.921311e-03 -8.421285e-05 -1.200678e-02 2.854076e-02 -2.961723e-02 3.952530e-02 2.776368e-02 -3.419210e-02 -1.198127e-02 4.239069e-02 -4.215497e-04
<VARIANCE> 39
 3.516705e+01 1.163461e+01 8.566488e+01 2.594719e+01 3.584020e+01 5.125296e+01 3.413972e+01 1.001102e+02 3.324744e+01 6.687435e+01 3.574484e+01 4.094497e+01 1.180218e-02 3.197484e+00 1.457767e+00 4.437343e+00 2.423169e+00 2.682126e+00 4.300058e+00 2.697823e+00 3.612324e+00 2.547622e+00 7.201903e+00 3.734938e+00 2.066576e+00 1.167346e-03 5.722169e-01 3.052256e-01 4.418791e-01 3.815774e-01 4.940334e-01 5.939313e-01 5.098488e-01 4.241228e-01 4.720127e-01 1.366050e+00 7.391685e-01 3.855090e-01 1.825381e-04
<GCONST> 1.018575e+02
<STATE> 4
<MEAN> 39
 -1.589457e-07 7.568844e-09 -9.082613e-08 5.298191e-07 5.071125e-07 2.724784e-07 -2.951849e-07 7.871598e-07 -1.324548e-08 -3.784422e-09 3.254603e-07 5.298191e-08 8.593168e-01 1.349398e-01 9.421258e-02 4.653645e-03 3.384408e-02 1.118380e-01 -8.574358e-02 -3.739573e-02 -4.241750e-02 1.337523e-01 9.973666e-02 5.703278e-02 5.451955e-02 -3.304515e-03 1.239055e-02 7.202987e-04 5.921311e-03 -8.421285e-05 -1.200678e-02 2.854076e-02 -2.961723e-02 3.952530e-02 2.776368e-02 -3.419210e-02 -1.198127e-02 4.239069e-02 -4.215497e-04
<VARIANCE> 39
 3.516705e+01 1.163461e+01 8.566488e+01 2.594719e+01 3.584020e+01 5.125296e+01 3.413972e+01 1.001102e+02 3.324744e+01 6.687435e+01 3.574484e+01 4.094497e+01 1.180218e-02 3.197484e+00 1.457767e+00 4.437343e+00 2.423169e+00 2.682126e+00 4.300058e+00 2.697823e+00 3.612324e+00 2.547622e+00 7.201903e+00 3.734938e+00 2.066576e+00 1.167346e-03 5.722169e-01 3.052256e-01 4.418791e-01 3.815774e-01 4.940334e-01 5.939313e-01 5.098488e-01 4.241228e-01 4.720127e-01 1.366050e+00 7.391685e-01 3.855090e-01 1.825381e-04
<GCONST> 1.018575e+02
<STATE> 5
<MEAN> 39
 -1.589457e-07 7.568844e-09 -9.082613e-08 5.298191e-07 5.071125e-07 2.724784e-07 -2.951849e-07 7.871598e-07 -1.324548e-08 -3.784422e-09 3.254603e-07 5.298191e-08 8.593168e-01 1.349398e-01 9.421258e-02 4.653645e-03 3.384408e-02 1.118380e-01 -8.574358e-02 -3.739573e-02 -4.241750e-02 1.337523e-01 9.973666e-02 5.703278e-02 5.451955e-02 -3.304515e-03 1.239055e-02 7.202987e-04 5.921311e-03 -8.421285e-05 -1.200678e-02 2.854076e-02 -2.961723e-02 3.952530e-02 2.776368e-02 -3.419210e-02 -1.198127e-02 4.239069e-02 -4.215497e-04
<VARIANCE> 39
 3.516705e+01 1.163461e+01 8.566488e+01 2.594719e+01 3.584020e+01 5.125296e+01 3.413972e+01 1.001102e+02 3.324744e+01 6.687435e+01 3.574484e+01 4.094497e+01 1.180218e-02 3.197484e+00 1.457767e+00 4.437343e+00 2.423169e+00 2.682126e+00 4.300058e+00 2.697823e+00 3.612324e+00 2.547622e+00 7.201903e+00 3.734938e+00 2.066576e+00 1.167346e-03 5.722169e-01 3.052256e-01 4.418791e-01 3.815774e-01 4.940334e-01 5.939313e-01 5.098488e-01 4.241228e-01 4.720127e-01 1.366050e+00 7.391685e-01 3.855090e-01 1.825381e-04
<GCONST> 1.018575e+02
<STATE> 6
<MEAN> 39
 -1.589457e-07 7.568844e-09 -9.082613e-08 5.298191e-07 5.071125e-07 2.724784e-07 -2.951849e-07 7.871598e-07 -1.324548e-08 -3.784422e-09 3.254603e-07 5.298191e-08 8.593168e-01 1.349398e-01 9.421258e-02 4.653645e-03 3.384408e-02 1.118380e-01 -8.574358e-02 -3.739573e-02 -4.241750e-02 1.337523e-01 9.973666e-02 5.703278e-02 5.451955e-02 -3.304515e-03 1.239055e-02 7.202987e-04 5.921311e-03 -8.421285e-05 -1.200678e-02 2.854076e-02 -2.961723e-02 3.952530e-02 2.776368e-02 -3.419210e-02 -1.198127e-02 4.239069e-02 -4.215497e-04
<VARIANCE> 39
 3.516705e+01 1.163461e+01 8.566488e+01 2.594719e+01 3.584020e+01 5.125296e+01 3.413972e+01 1.001102e+02 3.324744e+01 6.687435e+01 3.574484e+01 4.094497e+01 1.180218e-02 3.197484e+00 1.457767e+00 4.437343e+00 2.423169e+00 2.682126e+00 4.300058e+00 2.697823e+00 3.612324e+00 2.547622e+00 7.201903e+00 3.734938e+00 2.066576e+00 1.167346e-03 5.722169e-01 3.052256e-01 4.418791e-01 3.815774e-01 4.940334e-01 5.939313e-01 5.098488e-01 4.241228e-01 4.720127e-01 1.366050e+00 7.391685e-01 3.855090e-01 1.825381e-04
<GCONST> 1.018575e+02
<STATE> 7
<MEAN> 39
 -1.589457e-07 7.568844e-09 -9.082613e-08 5.298191e-07 5.071125e-07 2.724784e-07 -2.951849e-07 7.871598e-07 -1.324548e-08 -3.784422e-09 3.254603e-07 5.298191e-08 8.593168e-01 1.349398e-01 9.421258e-02 4.653645e-03 3.384408e-02 1.118380e-01 -8.574358e-02 -3.739573e-02 -4.241750e-02 1.337523e-01 9.973666e-02 5.703278e-02 5.451955e-02 -3.304515e-03 1.239055e-02 7.202987e-04 5.921311e-03 -8.421285e-05 -1.200678e-02 2.854076e-02 -2.961723e-02 3.952530e-02 2.776368e-02 -3.419210e-02 -1.198127e-02 4.239069e-02 -4.215497e-04
<VARIANCE> 39
 3.516705e+01 1.163461e+01 8.566488e+01 2.594719e+01 3.584020e+01 5.125296e+01 3.413972e+01 1.001102e+02 3.324744e+01 6.687435e+01 3.574484e+01 4.094497e+01 1.180218e-02 3.197484e+00 1.457767e+00 4.437343e+00 2.423169e+00 2.682126e+00 4.300058e+00 2.697823e+00 3.612324e+00 2.547622e+00 7.201903e+00 3.734938e+00 2.066576e+00 1.167346e-03 5.722169e-01 3.052256e-01 4.418791e-01 3.815774e-01 4.940334e-01 5.939313e-01 5.098488e-01 4.241228e-01 4.720127e-01 1.366050e+00 7.391685e-01 3.855090e-01 1.825381e-04
<GCONST> 1.018575e+02
<STATE> 8
<MEAN> 39
 -1.589457e-07 7.568844e-09 -9.082613e-08 5.298191e-07 5.071125e-07 2.724784e-07 -2.951849e-07 7.871598e-07 -1.324548e-08 -3.784422e-09 3.254603e-07 5.298191e-08 8.593168e-01 1.349398e-01 9.421258e-02 4.653645e-03 3.384408e-02 1.118380e-01 -8.574358e-02 -3.739573e-02 -4.241750e-02 1.337523e-01 9.973666e-02 5.703278e-02 5.451955e-02 -3.304515e-03 1.239055e-02 7.202987e-04 5.921311e-03 -8.421285e-05 -1.200678e-02 2.854076e-02 -2.961723e-02 3.952530e-02 2.776368e-02 -3.419210e-02 -1.198127e-02 4.239069e-02 -4.215497e-04
<VARIANCE> 39
 3.516705e+01 1.163461e+01 8.566488e+01 2.594719e+01 3.584020e+01 5.125296e+01 3.413972e+01 1.001102e+02 3.324744e+01 6.687435e+01 3.574484e+01 4.094497e+01 1.180218e-02 3.197484e+00 1.457767e+00 4.437343e+00 2.423169e+00 2.682126e+00 4.300058e+00 2.697823e+00 3.612324e+00 2.547622e+00 7.201903e+00 3.734938e+00 2.066576e+00 1.167346e-03 5.722169e-01 3.052256e-01 4.418791e-01 3.815774e-01 4.940334e-01 5.939313e-01 5.098488e-01 4.241228e-01 4.720127e-01 1.366050e+00 7.391685e-01 3.855090e-01 1.825381e-04
<GCONST> 1.018575e+02
<STATE> 9
<MEAN> 39
 -1.589457e-07 7.568844e-09 -9.082613e-08 5.298191e-07 5.071125e-07 2.724784e-07 -2.951849e-07 7.871598e-07 -1.324548e-08 -3.784422e-09 3.254603e-07 5.298191e-08 8.593168e-01 1.349398e-01 9.421258e-02 4.653645e-03 3.384408e-02 1.118380e-01 -8.574358e-02 -3.739573e-02 -4.241750e-02 1.337523e-01 9.973666e-02 5.703278e-02 5.451955e-02 -3.304515e-03 1.239055e-02 7.202987e-04 5.921311e-03 -8.421285e-05 -1.200678e-02 2.854076e-02 -2.961723e-02 3.952530e-02 2.776368e-02 -3.419210e-02 -1.198127e-02 4.239069e-02 -4.215497e-04
<VARIANCE> 39
 3.516705e+01 1.163461e+01 8.566488e+01 2.594719e+01 3.584020e+01 5.125296e+01 3.413972e+01 1.001102e+02 3.324744e+01 6.687435e+01 3.574484e+01 4.094497e+01 1.180218e-02 3.197484e+00 1.457767e+00 4.437343e+00 2.423169e+00 2.682126e+00 4.300058e+00 2.697823e+00 3.612324e+00 2.547622e+00 7.201903e+00 3.734938e+00 2.066576e+00 1.167346e-03 5.722169e-01 3.052256e-01 4.418791e-01 3.815774e-01 4.940334e-01 5.939313e-01 5.098488e-01 4.241228e-01 4.720127e-01 1.366050e+00 7.391685e-01 3.855090e-01 1.825381e-04
<GCONST> 1.018575e+02
<TRANSP> 10
 0.000000e+00 1.000000e+00 0.000000e+00 0.000000e+00 0.000000e+00 0.000000e+00 0.000000e+00 0.000000e+00 0.000000e+00 0.000000e+00
 0.000000e+00 9.000000e-01 9.999999e-02 0.000000e+00 0.000000e+00 0.000000e+00 0.000000e+00 0.000000e+00 0.000000e+00 0.000000e+00
 0.000000e+00 0.000000e+00 9.000000e-01 9.999999e-02 0.000000e+00 0.000000e+00 0.000000e+00 0.000000e+00 0.000000e+00 0.000000e+00
 0.000000e+00 0.000000e+00 0.000000e+00 9.000000e-01 9.999999e-02 0.000000e+00 0.000000e+00 0.000000e+00 0.000000e+00 0.000000e+00
 0.000000e+00 0.000000e+00 0.000000e+00 0.000000e+00 9.000000e-01 9.999999e-02 0.000000e+00 0.000000e+00 0.000000e+00 0.000000e+00
 0.000000e+00 0.000000e+00 0.000000e+00 0.000000e+00 0.000000e+00 9.000000e-01 9.999999e-02 0.000000e+00 0.000000e+00 0.000000e+00
 0.000000e+00 0.000000e+00 0.000000e+00 0.000000e+00 0.000000e+00 0.000000e+00 9.000000e-01 9.999999e-02 0.000000e+00 0.000000e+00
 0.000000e+00 0.000000e+00 0.000000e+00 0.000000e+00 0.000000e+00 0.000000e+00 0.000000e+00 9.000000e-01 9.999999e-02 0.000000e+00
 0.000000e+00 0.000000e+00 0.000000e+00 0.000000e+00 0.000000e+00 0.000000e+00 0.000000e+00 0.000000e+00 9.000000e-01 9.999999e-02
 0.000000e+00 0.000000e+00 0.000000e+00 0.000000e+00 0.000000e+00 0.000000e+00 0.000000e+00 0.000000e+00 0.000000e+00 0.000000e+00
<ENDHMM>
