~o
<STREAMINFO> 1 39
<VECSIZE> 39<NULLD><MFCC_E_D_A_Z><DIAGC>
~h "s030"
<BEGINHMM>
<NUMSTATES> 10
<STATE> 2
<MEAN> 39
 3.939089e-07 -3.109808e-07 7.411708e-07 -1.243923e-06 1.554904e-07 -6.426936e-07 -3.006147e-07 -9.536743e-07 2.591506e-08 -1.561383e-07 -1.243923e-07 -2.902487e-07 8.211505e-01 8.107060e-02 1.911944e-01 4.979518e-01 -1.720077e-01 -1.519261e-02 2.072343e-01 1.703037e-01 -3.515728e-01 7.648286e-03 2.369635e-01 2.346941e-01 9.543115e-03 -3.870408e-03 -6.865498e-03 -2.536249e-02 1.812252e-02 1.900173e-02 3.562216e-02 -2.471061e-02 -1.742548e-02 2.529988e-03 -1.125386e-01 3.541237e-02 -8.507365e-02 -3.761083e-03 -5.277180e-04
<VARIANCE> 39
 2.149823e+01 4.171790e+01 1.260844e+02 4.734759e+01 2.878977e+01 7.881744e+01 3.091751e+01 1.066459e+02 1.850342e+01 4.794476e+01 4.511117e+01 2.485770e+01 1.082422e-02 1.433540e+00 2.262191e+00 3.442320e+00 2.638794e+00 3.017919e+00 3.819947e+00 2.128929e+00 3.476974e+00 2.611335e+00 4.122006e+00 2.591576e+00 2.118284e+00 6.256328e-04 1.852937e-01 3.450366e-01 4.941682e-01 3.894209e-01 6.261907e-01 6.040109e-01 3.647444e-01 5.377922e-01 4.589743e-01 7.143228e-01 3.511196e-01 4.204126e-01 8.030709e-05
<GCONST> 9.735777e+01
<STATE> 3
<MEAN> 39
 3.939089e-07 -3.109808e-07 7.411708e-07 -1.243923e-06 1.554904e-07 -6.426936e-07 -3.006147e-07 -9.536743e-07 2.591506e-08 -1.561383e-07 -1.243923e-07 -2.902487e-07 8.211505e-01 8.107060e-02 1.911944e-01 4.979518e-01 -1.720077e-01 -1.519261e-02 2.072343e-01 1.703037e-01 -3.515728e-01 7.648286e-03 2.369635e-01 2.346941e-01 9.543115e-03 -3.870408e-03 -6.865498e-03 -2.536249e-02 1.812252e-02 1.900173e-02 3.562216e-02 -2.471061e-02 -1.742548e-02 2.529988e-03 -1.125386e-01 3.541237e-02 -8.507365e-02 -3.761083e-03 -5.277180e-04
<VARIANCE> 39
 2.149823e+01 4.171790e+01 1.260844e+02 4.734759e+01 2.878977e+01 7.881744e+01 3.091751e+01 1.066459e+02 1.850342e+01 4.794476e+01 4.511117e+01 2.485770e+01 1.082422e-02 1.433540e+00 2.262191e+00 3.442320e+00 2.638794e+00 3.017919e+00 3.819947e+00 2.128929e+00 3.476974e+00 2.611335e+00 4.122006e+00 2.591576e+00 2.118284e+00 6.256328e-04 1.852937e-01 3.450366e-01 4.941682e-01 3.894209e-01 6.261907e-01 6.040109e-01 3.647444e-01 5.377922e-01 4.589743e-01 7.143228e-01 3.511196e-01 4.204126e-01 8.030709e-05
<GCONST> 9.735777e+01
<STATE> 4
<MEAN> 39
 3.939089e-07 -3.109808e-07 7.411708e-07 -1.243923e-06 1.554904e-07 -6.426936e-07 -3.006147e-07 -9.536743e-07 2.591506e-08 -1.561383e-07 -1.243923e-07 -2.902487e-07 8.211505e-01 8.107060e-02 1.911944e-01 4.979518e-01 -1.720077e-01 -1.519261e-02 2.072343e-01 1.703037e-01 -3.515728e-01 7.648286e-03 2.369635e-01 2.346941e-01 9.543115e-03 -3.870408e-03 -6.865498e-03 -2.536249e-02 1.812252e-02 1.900173e-02 3.562216e-02 -2.471061e-02 -1.742548e-02 2.529988e-03 -1.125386e-01 3.541237e-02 -8.507365e-02 -3.761083e-03 -5.277180e-04
<VARIANCE> 39
 2.149823e+01 4.171790e+01 1.260844e+02 4.734759e+01 2.878977e+01 7.881744e+01 3.091751e+01 1.066459e+02 1.850342e+01 4.794476e+01 4.511117e+01 2.485770e+01 1.082422e-02 1.433540e+00 2.262191e+00 3.442320e+00 2.638794e+00 3.017919e+00 3.819947e+00 2.128929e+00 3.476974e+00 2.611335e+00 4.122006e+00 2.591576e+00 2.118284e+00 6.256328e-04 1.852937e-01 3.450366e-01 4.941682e-01 3.894209e-01 6.261907e-01 6.040109e-01 3.647444e-01 5.377922e-01 4.589743e-01 7.143228e-01 3.511196e-01 4.204126e-01 8.030709e-05
<GCONST> 9.735777e+01
<STATE> 5
<MEAN> 39
 3.939089e-07 -3.109808e-07 7.411708e-07 -1.243923e-06 1.554904e-07 -6.426936e-07 -3.006147e-07 -9.536743e-07 2.591506e-08 -1.561383e-07 -1.243923e-07 -2.902487e-07 8.211505e-01 8.107060e-02 1.911944e-01 4.979518e-01 -1.720077e-01 -1.519261e-02 2.072343e-01 1.703037e-01 -3.515728e-01 7.648286e-03 2.369635e-01 2.346941e-01 9.543115e-03 -3.870408e-03 -6.865498e-03 -2.536249e-02 1.812252e-02 1.900173e-02 3.562216e-02 -2.471061e-02 -1.742548e-02 2.529988e-03 -1.125386e-01 3.541237e-02 -8.507365e-02 -3.761083e-03 -5.277180e-04
<VARIANCE> 39
 2.149823e+01 4.171790e+01 1.260844e+02 4.734759e+01 2.878977e+01 7.881744e+01 3.091751e+01 1.066459e+02 1.850342e+01 4.794476e+01 4.511117e+01 2.485770e+01 1.082422e-02 1.433540e+00 2.262191e+00 3.442320e+00 2.638794e+00 3.017919e+00 3.819947e+00 2.128929e+00 3.476974e+00 2.611335e+00 4.122006e+00 2.591576e+00 2.118284e+00 6.256328e-04 1.852937e-01 3.450366e-01 4.941682e-01 3.894209e-01 6.261907e-01 6.040109e-01 3.647444e-01 5.377922e-01 4.589743e-01 7.143228e-01 3.511196e-01 4.204126e-01 8.030709e-05
<GCONST> 9.735777e+01
<STATE> 6
<MEAN> 39
 3.939089e-07 -3.109808e-07 7.411708e-07 -1.243923e-06 1.554904e-07 -6.426936e-07 -3.006147e-07 -9.536743e-07 2.591506e-08 -1.561383e-07 -1.243923e-07 -2.902487e-07 8.211505e-01 8.107060e-02 1.911944e-01 4.979518e-01 -1.720077e-01 -1.519261e-02 2.072343e-01 1.703037e-01 -3.515728e-01 7.648286e-03 2.369635e-01 2.346941e-01 9.543115e-03 -3.870408e-03 -6.865498e-03 -2.536249e-02 1.812252e-02 1.900173e-02 3.562216e-02 -2.471061e-02 -1.742548e-02 2.529988e-03 -1.125386e-01 3.541237e-02 -8.507365e-02 -3.761083e-03 -5.277180e-04
<VARIANCE> 39
 2.149823e+01 4.171790e+01 1.260844e+02 4.734759e+01 2.878977e+01 7.881744e+01 3.091751e+01 1.066459e+02 1.850342e+01 4.794476e+01 4.511117e+01 2.485770e+01 1.082422e-02 1.433540e+00 2.262191e+00 3.442320e+00 2.638794e+00 3.017919e+00 3.819947e+00 2.128929e+00 3.476974e+00 2.611335e+00 4.122006e+00 2.591576e+00 2.118284e+00 6.256328e-04 1.852937e-01 3.450366e-01 4.941682e-01 3.894209e-01 6.261907e-01 6.040109e-01 3.647444e-01 5.377922e-01 4.589743e-01 7.143228e-01 3.511196e-01 4.204126e-01 8.030709e-05
<GCONST> 9.735777e+01
<STATE> 7
<MEAN> 39
 3.939089e-07 -3.109808e-07 7.411708e-07 -1.243923e-06 1.554904e-07 -6.426936e-07 -3.006147e-07 -9.536743e-07 2.591506e-08 -1.561383e-07 -1.243923e-07 -2.902487e-07 8.211505e-01 8.107060e-02 1.911944e-01 4.979518e-01 -1.720077e-01 -1.519261e-02 2.072343e-01 1.703037e-01 -3.515728e-01 7.648286e-03 2.369635e-01 2.346941e-01 9.543115e-03 -3.870408e-03 -6.865498e-03 -2.536249e-02 1.812252e-02 1.900173e-02 3.562216e-02 -2.471061e-02 -1.742548e-02 2.529988e-03 -1.125386e-01 3.541237e-02 -8.507365e-02 -3.761083e-03 -5.277180e-04
<VARIANCE> 39
 2.149823e+01 4.171790e+01 1.260844e+02 4.734759e+01 2.878977e+01 7.881744e+01 3.091751e+01 1.066459e+02 1.850342e+01 4.794476e+01 4.511117e+01 2.485770e+01 1.082422e-02 1.433540e+00 2.262191e+00 3.442320e+00 2.638794e+00 3.017919e+00 3.819947e+00 2.128929e+00 3.476974e+00 2.611335e+00 4.122006e+00 2.591576e+00 2.118284e+00 6.256328e-04 1.852937e-01 3.450366e-01 4.941682e-01 3.894209e-01 6.261907e-01 6.040109e-01 3.647444e-01 5.377922e-01 4.589743e-01 7.143228e-01 3.511196e-01 4.204126e-01 8.030709e-05
<GCONST> 9.735777e+01
<STATE> 8
<MEAN> 39
 3.939089e-07 -3.109808e-07 7.411708e-07 -1.243923e-06 1.554904e-07 -6.426936e-07 -3.006147e-07 -9.536743e-07 2.591506e-08 -1.561383e-07 -1.243923e-07 -2.902487e-07 8.211505e-01 8.107060e-02 1.911944e-01 4.979518e-01 -1.720077e-01 -1.519261e-02 2.072343e-01 1.703037e-01 -3.515728e-01 7.648286e-03 2.369635e-01 2.346941e-01 9.543115e-03 -3.870408e-03 -6.865498e-03 -2.536249e-02 1.812252e-02 1.900173e-02 3.562216e-02 -2.471061e-02 -1.742548e-02 2.529988e-03 -1.125386e-01 3.541237e-02 -8.507365e-02 -3.761083e-03 -5.277180e-04
<VARIANCE> 39
 2.149823e+01 4.171790e+01 1.260844e+02 4.734759e+01 2.878977e+01 7.881744e+01 3.091751e+01 1.066459e+02 1.850342e+01 4.794476e+01 4.511117e+01 2.485770e+01 1.082422e-02 1.433540e+00 2.262191e+00 3.442320e+00 2.638794e+00 3.017919e+00 3.819947e+00 2.128929e+00 3.476974e+00 2.611335e+00 4.122006e+00 2.591576e+00 2.118284e+00 6.256328e-04 1.852937e-01 3.450366e-01 4.941682e-01 3.894209e-01 6.261907e-01 6.040109e-01 3.647444e-01 5.377922e-01 4.589743e-01 7.143228e-01 3.511196e-01 4.204126e-01 8.030709e-05
<GCONST> 9.735777e+01
<STATE> 9
<MEAN> 39
 3.939089e-07 -3.109808e-07 7.411708e-07 -1.243923e-06 1.554904e-07 -6.426936e-07 -3.006147e-07 -9.536743e-07 2.591506e-08 -1.561383e-07 -1.243923e-07 -2.902487e-07 8.211505e-01 8.107060e-02 1.911944e-01 4.979518e-01 -1.720077e-01 -1.519261e-02 2.072343e-01 1.703037e-01 -3.515728e-01 7.648286e-03 2.369635e-01 2.346941e-01 9.543115e-03 -3.870408e-03 -6.865498e-03 -2.536249e-02 1.812252e-02 1.900173e-02 3.562216e-02 -2.471061e-02 -1.742548e-02 2.529988e-03 -1.125386e-01 3.541237e-02 -8.507365e-02 -3.761083e-03 -5.277180e-04
<VARIANCE> 39
 2.149823e+01 4.171790e+01 1.260844e+02 4.734759e+01 2.878977e+01 7.881744e+01 3.091751e+01 1.066459e+02 1.850342e+01 4.794476e+01 4.511117e+01 2.485770e+01 1.082422e-02 1.433540e+00 2.262191e+00 3.442320e+00 2.638794e+00 3.017919e+00 3.819947e+00 2.128929e+00 3.476974e+00 2.611335e+00 4.122006e+00 2.591576e+00 2.118284e+00 6.256328e-04 1.852937e-01 3.450366e-01 4.941682e-01 3.894209e-01 6.261907e-01 6.040109e-01 3.647444e-01 5.377922e-01 4.589743e-01 7.143228e-01 3.511196e-01 4.204126e-01 8.030709e-05
<GCONST> 9.735777e+01
<TRANSP> 10
 0.000000e+00 1.000000e+00 0.000000e+00 0.000000e+00 0.000000e+00 0.000000e+00 0.000000e+00 0.000000e+00 0.000000e+00 0.000000e+00
 0.000000e+00 9.000000e-01 9.999999e-02 0.000000e+00 0.000000e+00 0.000000e+00 0.000000e+00 0.000000e+00 0.000000e+00 0.000000e+00
 0.000000e+00 0.000000e+00 9.000000e-01 9.999999e-02 0.000000e+00 0.000000e+00 0.000000e+00 0.000000e+00 0.000000e+00 0.000000e+00
 0.000000e+00 0.000000e+00 0.000000e+00 9.000000e-01 9.999999e-02 0.000000e+00 0.000000e+00 0.000000e+00 0.000000e+00 0.000000e+00
 0.000000e+00 0.000000e+00 0.000000e+00 0.000000e+00 9.000000e-01 9.999999e-02 0.000000e+00 0.000000e+00 0.000000e+00 0.000000e+00
 0.000000e+00 0.000000e+00 0.000000e+00 0.000000e+00 0.000000e+00 9.000000e-01 9.999999e-02 0.000000e+00 0.000000e+00 0.000000e+00
 0.000000e+00 0.000000e+00 0.000000e+00 0.000000e+00 0.000000e+00 0.000000e+00 9.000000e-01 9.999999e-02 0.000000e+00 0.000000e+00
 0.000000e+00 0.000000e+00 0.000000e+00 0.000000e+00 0.000000e+00 0.000000e+00 0.000000e+00 9.000000e-01 9.999999e-02 0.000000e+00
 0.000000e+00 0.000000e+00 0.000000e+00 0.000000e+00 0.000000e+00 0.000000e+00 0.000000e+00 0.000000e+00 9.000000e-01 9.999999e-02
 0.000000e+00 0.000000e+00 0.000000e+00 0.000000e+00 0.000000e+00 0.000000e+00 0.000000e+00 0.000000e+00 0.000000e+00 0.000000e+00
<ENDHMM>
