~o
<STREAMINFO> 1 39
<VECSIZE> 39<NULLD><MFCC_E_D_A_Z><DIAGC>
~h "s032"
<BEGINHMM>
<NUMSTATES> 10
<STATE> 2
<MEAN> 39
 5.878814e-08 2.612806e-08 -2.384186e-07 4.180490e-07 -1.136571e-06 1.306403e-07 -1.698324e-07 -2.351526e-07 -1.175763e-07 3.298668e-07 8.818221e-08 -5.388913e-08 7.426949e-01 1.626655e-02 -6.397246e-02 5.910892e-02 3.378522e-01 3.694638e-01 2.327192e-01 -1.037681e-01 1.195701e-01 1.219712e-01 4.336755e-02 3.259864e-02 1.403190e-01 -7.904397e-03 8.545667e-03 -7.020810e-03 1.033832e-02 6.695617e-03 -3.130084e-02 -1.664745e-02 -3.515454e-03 4.926136e-03 3.896449e-02 4.997229e-02 2.250661e-02 -1.361502e-02 -5.474400e-04
<VARIANCE> 39
 1.443998e+01 7.334889e+01 5.750051e+01 1.301033e+02 8.797144e+01 5.486239e+01 8.609859e+01 6.531097e+01 7.532824e+01 4.831873e+01 5.406268e+01 3.925735e+01 3.879540e-02 1.262327e+00 2.031262e+00 2.005902e+00 2.089149e+00 2.220754e+00 2.783698e+00 3.083389e+00 3.254465e+00 2.911405e+00 2.376835e+00 3.273242e+00 2.214632e+00 6.689973e-04 2.038239e-01 1.981000e-01 2.123675e-01 3.810993e-01 4.348250e-01 3.388743e-01 4.947321e-01 4.660386e-01 3.416661e-01 3.650433e-01 5.710542e-01 3.647246e-01 8.359738e-05
<GCONST> 9.825143e+01
<STATE> 3
<MEAN> 39
 5.878814e-08 2.612806e-08 -2.384186e-07 4.180490e-07 -1.136571e-06 1.306403e-07 -1.698324e-07 -2.351526e-07 -1.175763e-07 3.298668e-07 8.818221e-08 -5.388913e-08 7.426949e-01 1.626655e-02 -6.397246e-02 5.910892e-02 3.378522e-01 3.694638e-01 2.327192e-01 -1.037681e-01 1.195701e-01 1.219712e-01 4.336755e-02 3.259864e-02 1.403190e-01 -7.904397e-03 8.545667e-03 -7.020810e-03 1.033832e-02 6.695617e-03 -3.130084e-02 -1.664745e-02 -3.515454e-03 4.926136e-03 3.896449e-02 4.997229e-02 2.250661e-02 -1.361502e-02 -5.474400e-04
<VARIANCE> 39
 1.443998e+01 7.334889e+01 5.750051e+01 1.301033e+02 8.797144e+01 5.486239e+01 8.609859e+01 6.531097e+01 7.532824e+01 4.831873e+01 5.406268e+01 3.925735e+01 3.879540e-02 1.262327e+00 2.031262e+00 2.005902e+00 2.089149e+00 2.220754e+00 2.783698e+00 3.083389e+00 3.254465e+00 2.911405e+00 2.376835e+00 3.273242e+00 2.214632e+00 6.689973e-04 2.038239e-01 1.981000e-01 2.123675e-01 3.810993e-01 4.348250e-01 3.388743e-01 4.947321e-01 4.660386e-01 3.416661e-01 3.650433e-01 5.710542e-01 3.647246e-01 8.359738e-05
<GCONST> 9.825143e+01
<STATE> 4
<MEAN> 39
 5.878814e-08 2.612806e-08 -2.384186e-07 4.180490e-07 -1.136571e-06 1.306403e-07 -1.698324e-07 -2.351526e-07 -1.175763e-07 3.298668e-07 8.818221e-08 -5.388913e-08 7.426949e-01 1.626655e-02 -6.397246e-02 5.910892e-02 3.378522e-01 3.694638e-01 2.327192e-01 -1.037681e-01 1.195701e-01 1.219712e-01 4.336755e-02 3.259864e-02 1.403190e-01 -7.904397e-03 8.545667e-03 -7.020810e-03 1.033832e-02 6.695617e-03 -3.130084e-02 -1.664745e-02 -3.515454e-03 4.926136e-03 3.896449e-02 4.997229e-02 2.250661e-02 -1.361502e-02 -5.474400e-04
<VARIANCE> 39
 1.443998e+01 7.334889e+01 5.750051e+01 1.301033e+02 8.797144e+01 5.486239e+01 8.609859e+01 6.531097e+01 7.532824e+01 4.831873e+01 5.406268e+01 3.925735e+01 3.879540e-02 1.262327e+00 2.031262e+00 2.005902e+00 2.089149e+00 2.220754e+00 2.783698e+00 3.083389e+00 3.254465e+00 2.911405e+00 2.376835e+00 3.273242e+00 2.214632e+00 6.689973e-04 2.038239e-01 1.981000e-01 2.123675e-01 3.810993e-01 4.348250e-01 3.388743e-01 4.947321e-01 4.660386e-01 3.416661e-01 3.650433e-01 5.710542e-01 3.647246e-01 8.359738e-05
<GCONST> 9.825143e+01
<STATE> 5
<MEAN> 39
 5.878814e-08 2.612806e-08 -2.384186e-07 4.180490e-07 -1.136571e-06 1.306403e-07 -1.698324e-07 -2.351526e-07 -1.175763e-07 3.298668e-07 8.818221e-08 -5.388913e-08 7.426949e-01 1.626655e-02 -6.397246e-02 5.910892e-02 3.378522e-01 3.694638e-01 2.327192e-01 -1.037681e-01 1.195701e-01 1.219712e-01 4.336755e-02 3.259864e-02 1.403190e-01 -7.904397e-03 8.545667e-03 -7.020810e-03 1.033832e-02 6.695617e-03 -3.130084e-02 -1.664745e-02 -3.515454e-03 4.926136e-03 3.896449e-02 4.997229e-02 2.250661e-02 -1.361502e-02 -5.474400e-04
<VARIANCE> 39
 1.443998e+01 7.334889e+01 5.750051e+01 1.301033e+02 8.797144e+01 5.486239e+01 8.609859e+01 6.531097e+01 7.532824e+01 4.831873e+01 5.406268e+01 3.925735e+01 3.879540e-02 1.262327e+00 2.031262e+00 2.005902e+00 2.089149e+00 2.220754e+00 2.783698e+00 3.083389e+00 3.254465e+00 2.911405e+00 2.376835e+00 3.273242e+00 2.214632e+00 6.689973e-04 2.038239e-01 1.981000e-01 2.123675e-01 3.810993e-01 4.348250e-01 3.388743e-01 4.947321e-01 4.660386e-01 3.416661e-01 3.650433e-01 5.710542e-01 3.647246e-01 8.359738e-05
<GCONST> 9.825143e+01
<STATE> 6
<MEAN> 39
 5.878814e-08 2.612806e-08 -2.384186e-07 4.180490e-07 -1.136571e-06 1.306403e-07 -1.698324e-07 -2.351526e-07 -1.175763e-07 3.298668e-07 8.818221e-08 -5.388913e-08 7.426949e-01 1.626655e-02 -6.397246e-02 5.910892e-02 3.378522e-01 3.694638e-01 2.327192e-01 -1.037681e-01 1.195701e-01 1.219712e-01 4.336755e-02 3.259864e-02 1.403190e-01 -7.904397e-03 8.545667e-03 -7.020810e-03 1.033832e-02 6.695617e-03 -3.130084e-02 -1.664745e-02 -3.515454e-03 4.926136e-03 3.896449e-02 4.997229e-02 2.250661e-02 -1.361502e-02 -5.474400e-04
<VARIANCE> 39
 1.443998e+01 7.334889e+01 5.750051e+01 1.301033e+02 8.797144e+01 5.486239e+01 8.609859e+01 6.531097e+01 7.532824e+01 4.831873e+01 5.406268e+01 3.925735e+01 3.879540e-02 1.262327e+00 2.031262e+00 2.005902e+00 2.089149e+00 2.220754e+00 2.783698e+00 3.083389e+00 3.254465e+00 2.911405e+00 2.376835e+00 3.273242e+00 2.214632e+00 6.689973e-04 2.038239e-01 1.981000e-01 2.123675e-01 3.810993e-01 4.348250e-01 3.388743e-01 4.947321e-01 4.660386e-01 3.416661e-01 3.650433e-01 5.710542e-01 3.647246e-01 8.359738e-05
<GCONST> 9.825143e+01
<STATE> 7
<MEAN> 39
 5.878814e-08 2.612806e-08 -2.384186e-07 4.180490e-07 -1.136571e-06 1.306403e-07 -1.698324e-07 -2.351526e-07 -1.175763e-07 3.298668e-07 8.818221e-08 -5.388913e-08 7.426949e-01 1.626655e-02 -6.397246e-02 5.910892e-02 3.378522e-01 3.694638e-01 2.327192e-01 -1.037681e-01 1.195701e-01 1.219712e-01 4.336755e-02 3.259864e-02 1.403190e-01 -7.904397e-03 8.545667e-03 -7.020810e-03 1.033832e-02 6.695617e-03 -3.130084e-02 -1.664745e-02 -3.515454e-03 4.926136e-03 3.896449e-02 4.997229e-02 2.250661e-02 -1.361502e-02 -5.474400e-04
<VARIANCE> 39
 1.443998e+01 7.334889e+01 5.750051e+01 1.301033e+02 8.797144e+01 5.486239e+01 8.609859e+01 6.531097e+01 7.532824e+01 4.831873e+01 5.406268e+01 3.925735e+01 3.879540e-02 1.262327e+00 2.031262e+00 2.005902e+00 2.089149e+00 2.220754e+00 2.783698e+00 3.083389e+00 3.254465e+00 2.911405e+00 2.376835e+00 3.273242e+00 2.214632e+00 6.689973e-04 2.038239e-01 1.981000e-01 2.123675e-01 3.810993e-01 4.348250e-01 3.388743e-01 4.947321e-01 4.660386e-01 3.416661e-01 3.650433e-01 5.710542e-01 3.647246e-01 8.359738e-05
<GCONST> 9.825143e+01
<STATE> 8
<MEAN> 39
 5.878814e-08 2.612806e-08 -2.384186e-07 4.180490e-07 -1.136571e-06 1.306403e-07 -1.698324e-07 -2.351526e-07 -1.175763e-07 3.298668e-07 8.818221e-08 -5.388913e-08 7.426949e-01 1.626655e-02 -6.397246e-02 5.910892e-02 3.378522e-01 3.694638e-01 2.327192e-01 -1.037681e-01 1.195701e-01 1.219712e-01 4.336755e-02 3.259864e-02 1.403190e-01 -7.904397e-03 8.545667e-03 -7.020810e-03 1.033832e-02 6.695617e-03 -3.130084e-02 -1.664745e-02 -3.515454e-03 4.926136e-03 3.896449e-02 4.997229e-02 2.250661e-02 -1.361502e-02 -5.474400e-04
<VARIANCE> 39
 1.443998e+01 7.334889e+01 5.750051e+01 1.301033e+02 8.797144e+01 5.486239e+01 8.609859e+01 6.531097e+01 7.532824e+01 4.831873e+01 5.406268e+01 3.925735e+01 3.879540e-02 1.262327e+00 2.031262e+00 2.005902e+00 2.089149e+00 2.220754e+00 2.783698e+00 3.083389e+00 3.254465e+00 2.911405e+00 2.376835e+00 3.273242e+00 2.214632e+00 6.689973e-04 2.038239e-01 1.981000e-01 2.123675e-01 3.810993e-01 4.348250e-01 3.388743e-01 4.947321e-01 4.660386e-01 3.416661e-01 3.650433e-01 5.710542e-01 3.647246e-01 8.359738e-05
<GCONST> 9.825143e+01
<STATE> 9
<MEAN> 39
 5.878814e-08 2.612806e-08 -2.384186e-07 4.180490e-07 -1.136571e-06 1.306403e-07 -1.698324e-07 -2.351526e-07 -1.175763e-07 3.298668e-07 8.818221e-08 -5.388913e-08 7.426949e-01 1.626655e-02 -6.397246e-02 5.910892e-02 3.378522e-01 3.694638e-01 2.327192e-01 -1.037681e-01 1.195701e-01 1.219712e-01 4.336755e-02 3.259864e-02 1.403190e-01 -7.904397e-03 8.545667e-03 -7.020810e-03 1.033832e-02 6.695617e-03 -3.130084e-02 -1.664745e-02 -3.515454e-03 4.926136e-03 3.896449e-02 4.997229e-02 2.250661e-02 -1.361502e-02 -5.474400e-04
<VARIANCE> 39
 1.443998e+01 7.334889e+01 5.750051e+01 1.301033e+02 8.797144e+01 5.486239e+01 8.609859e+01 6.531097e+01 7.532824e+01 4.831873e+01 5.406268e+01 3.925735e+01 3.879540e-02 1.262327e+00 2.031262e+00 2.005902e+00 2.089149e+00 2.220754e+00 2.783698e+00 3.083389e+00 3.254465e+00 2.911405e+00 2.376835e+00 3.273242e+00 2.214632e+00 6.689973e-04 2.038239e-01 1.981000e-01 2.123675e-01 3.810993e-01 4.348250e-01 3.388743e-01 4.947321e-01 4.660386e-01 3.416661e-01 3.650433e-01 5.710542e-01 3.647246e-01 8.359738e-05
<GCONST> 9.825143e+01
<TRANSP> 10
 0.000000e+00 1.000000e+00 0.000000e+00 0.000000e+00 0.000000e+00 0.000000e+00 0.000000e+00 0.000000e+00 0.000000e+00 0.000000e+00
 0.000000e+00 9.000000e-01 9.999999e-02 0.000000e+00 0.000000e+00 0.000000e+00 0.000000e+00 0.000000e+00 0.000000e+00 0.000000e+00
 0.000000e+00 0.000000e+00 9.000000e-01 9.999999e-02 0.000000e+00 0.000000e+00 0.000000e+00 0.000000e+00 0.000000e+00 0.000000e+00
 0.000000e+00 0.000000e+00 0.000000e+00 9.000000e-01 9.999999e-02 0.000000e+00 0.000000e+00 0.000000e+00 0.000000e+00 0.000000e+00
 0.000000e+00 0.000000e+00 0.000000e+00 0.000000e+00 9.000000e-01 9.999999e-02 0.000000e+00 0.000000e+00 0.000000e+00 0.000000e+00
 0.000000e+00 0.000000e+00 0.000000e+00 0.000000e+00 0.000000e+00 9.000000e-01 9.999999e-02 0.000000e+00 0.000000e+00 0.000000e+00
 0.000000e+00 0.000000e+00 0.000000e+00 0.000000e+00 0.000000e+00 0.000000e+00 9.000000e-01 9.999999e-02 0.000000e+00 0.000000e+00
 0.000000e+00 0.000000e+00 0.000000e+00 0.000000e+00 0.000000e+00 0.000000e+00 0.000000e+00 9.000000e-01 9.999999e-02 0.000000e+00
 0.000000e+00 0.000000e+00 0.000000e+00 0.000000e+00 0.000000e+00 0.000000e+00 0.000000e+00 0.000000e+00 9.000000e-01 9.999999e-02
 0.000000e+00 0.000000e+00 0.000000e+00 0.000000e+00 0.000000e+00 0.000000e+00 0.000000e+00 0.000000e+00 0.000000e+00 0.000000e+00
<ENDHMM>
