~o
<STREAMINFO> 1 39
<VECSIZE> 39<NULLD><MFCC_E_D_A_Z><DIAGC>
~h "s033"
<BEGINHMM>
<NUMSTATES> 10
<STATE> 2
<MEAN> 39
 -2.427535e-07 -1.127070e-07 -3.467906e-08 -3.121116e-07 6.068836e-08 1.733953e-08 5.115162e-07 -1.733953e-08 -1.603907e-07 -1.907349e-07 3.207814e-07 -8.669767e-08 7.747293e-01 1.735166e-02 1.651148e-01 -1.840150e-01 1.325081e-01 -2.407055e-02 2.633275e-01 1.507646e-02 -1.563933e-01 1.459411e-01 -6.569703e-02 -1.718456e-03 4.020853e-02 -5.813509e-03 2.270441e-03 3.163818e-02 2.454921e-02 -1.867090e-03 -1.156155e-02 1.814135e-02 -3.133916e-03 -1.808960e-02 -5.126636e-02 1.958081e-02 3.016111e-02 3.213156e-02 -9.488025e-04
<VARIANCE> 39
 5.429725e+01 5.147901e+01 9.935764e+01 3.810550e+01 2.673892e+01 4.914098e+01 2.761297e+01 5.016348e+01 6.523786e+01 3.062058e+01 3.253238e+01 4.324146e+01 3.766015e-02 2.614491e+00 1.823265e+00 4.014097e+00 3.255386e+00 3.994868e+00 2.502380e+00 4.566052e+00 3.307987e+00 6.612273e+00 2.774737e+00 3.744493e+00 4.410283e+00 1.906305e-03 3.207978e-01 2.266211e-01 5.590147e-01 5.214601e-01 7.561649e-01 3.711519e-01 9.949151e-01 5.438153e-01 1.188476e+00 6.546240e-01 7.404089e-01 7.720855e-01 1.633988e-04
<GCONST> 1.071676e+02
<STATE> 3
<MEAN> 39
 -2.427535e-07 -1.127070e-07 -3.467906e-08 -3.121116e-07 6.068836e-08 1.733953e-08 5.115162e-07 -1.733953e-08 -1.603907e-07 -1.907349e-07 3.207814e-07 -8.669767e-08 7.747293e-01 1.735166e-02 1.651148e-01 -1.840150e-01 1.325081e-01 -2.407055e-02 2.633275e-01 1.507646e-02 -1.563933e-01 1.459411e-01 -6.569703e-02 -1.718456e-03 4.020853e-02 -5.813509e-03 2.270441e-03 3.163818e-02 2.454921e-02 -1.867090e-03 -1.156155e-02 1.814135e-02 -3.133916e-03 -1.808960e-02 -5.126636e-02 1.958081e-02 3.016111e-02 3.213156e-02 -9.488025e-04
<VARIANCE> 39
 5.429725e+01 5.147901e+01 9.935764e+01 3.810550e+01 2.673892e+01 4.914098e+01 2.761297e+01 5.016348e+01 6.523786e+01 3.062058e+01 3.253238e+01 4.324146e+01 3.766015e-02 2.614491e+00 1.823265e+00 4.014097e+00 3.255386e+00 3.994868e+00 2.502380e+00 4.566052e+00 3.307987e+00 6.612273e+00 2.774737e+00 3.744493e+00 4.410283e+00 1.906305e-03 3.207978e-01 2.266211e-01 5.590147e-01 5.214601e-01 7.561649e-01 3.711519e-01 9.949151e-01 5.438153e-01 1.188476e+00 6.546240e-01 7.404089e-01 7.720855e-01 1.633988e-04
<GCONST> 1.071676e+02
<STATE> 4
<MEAN> 39
 -2.427535e-07 -1.127070e-07 -3.467906e-08 -3.121116e-07 6.068836e-08 1.733953e-08 5.115162e-07 -1.733953e-08 -1.603907e-07 -1.907349e-07 3.207814e-07 -8.669767e-08 7.747293e-01 1.735166e-02 1.651148e-01 -1.840150e-01 1.325081e-01 -2.407055e-02 2.633275e-01 1.507646e-02 -1.563933e-01 1.459411e-01 -6.569703e-02 -1.718456e-03 4.020853e-02 -5.813509e-03 2.270441e-03 3.163818e-02 2.454921e-02 -1.867090e-03 -1.156155e-02 1.814135e-02 -3.133916e-03 -1.808960e-02 -5.126636e-02 1.958081e-02 3.016111e-02 3.213156e-02 -9.488025e-04
<VARIANCE> 39
 5.429725e+01 5.147901e+01 9.935764e+01 3.810550e+01 2.673892e+01 4.914098e+01 2.761297e+01 5.016348e+01 6.523786e+01 3.062058e+01 3.253238e+01 4.324146e+01 3.766015e-02 2.614491e+00 1.823265e+00 4.014097e+00 3.255386e+00 3.994868e+00 2.502380e+00 4.566052e+00 3.307987e+00 6.612273e+00 2.774737e+00 3.744493e+00 4.410283e+00 1.906305e-03 3.207978e-01 2.266211e-01 5.590147e-01 5.214601e-01 7.561649e-01 3.711519e-01 9.949151e-01 5.438153e-01 1.188476e+00 6.546240e-01 7.404089e-01 7.720855e-01 1.633988e-04
<GCONST> 1.071676e+02
<STATE> 5
<MEAN> 39
 -2.427535e-07 -1.127070e-07 -3.467906e-08 -3.121116e-07 6.068836e-08 1.733953e-08 5.115162e-07 -1.733953e-08 -1.603907e-07 -1.907349e-07 3.207814e-07 -8.669767e-08 7.747293e-01 1.735166e-02 1.651148e-01 -1.840150e-01 1.325081e-01 -2.407055e-02 2.633275e-01 1.507646e-02 -1.563933e-01 1.459411e-01 -6.569703e-02 -1.718456e-03 4.020853e-02 -5.813509e-03 2.270441e-03 3.163818e-02 2.454921e-02 -1.867090e-03 -1.156155e-02 1.814135e-02 -3.133916e-03 -1.808960e-02 -5.126636e-02 1.958081e-02 3.016111e-02 3.213156e-02 -9.488025e-04
<VARIANCE> 39
 5.429725e+01 5.147901e+01 9.935764e+01 3.810550e+01 2.673892e+01 4.914098e+01 2.761297e+01 5.016348e+01 6.523786e+01 3.062058e+01 3.253238e+01 4.324146e+01 3.766015e-02 2.614491e+00 1.823265e+00 4.014097e+00 3.255386e+00 3.994868e+00 2.502380e+00 4.566052e+00 3.307987e+00 6.612273e+00 2.774737e+00 3.744493e+00 4.410283e+00 1.906305e-03 3.207978e-01 2.266211e-01 5.590147e-01 5.214601e-01 7.561649e-01 3.711519e-01 9.949151e-01 5.438153e-01 1.188476e+00 6.546240e-01 7.404089e-01 7.720855e-01 1.633988e-04
<GCONST> 1.071676e+02
<STATE> 6
<MEAN> 39
 -2.427535e-07 -1.127070e-07 -3.467906e-08 -3.121116e-07 6.068836e-08 1.733953e-08 5.115162e-07 -1.733953e-08 -1.603907e-07 -1.907349e-07 3.207814e-07 -8.669767e-08 7.747293e-01 1.735166e-02 1.651148e-01 -1.840150e-01 1.325081e-01 -2.407055e-02 2.633275e-01 1.507646e-02 -1.563933e-01 1.459411e-01 -6.569703e-02 -1.718456e-03 4.020853e-02 -5.813509e-03 2.270441e-03 3.163818e-02 2.454921e-02 -1.867090e-03 -1.156155e-02 1.814135e-02 -3.133916e-03 -1.808960e-02 -5.126636e-02 1.958081e-02 3.016111e-02 3.213156e-02 -9.488025e-04
<VARIANCE> 39
 5.429725e+01 5.147901e+01 9.935764e+01 3.810550e+01 2.673892e+01 4.914098e+01 2.761297e+01 5.016348e+01 6.523786e+01 3.062058e+01 3.253238e+01 4.324146e+01 3.766015e-02 2.614491e+00 1.823265e+00 4.014097e+00 3.255386e+00 3.994868e+00 2.502380e+00 4.566052e+00 3.307987e+00 6.612273e+00 2.774737e+00 3.744493e+00 4.410283e+00 1.906305e-03 3.207978e-01 2.266211e-01 5.590147e-01 5.214601e-01 7.561649e-01 3.711519e-01 9.949151e-01 5.438153e-01 1.188476e+00 6.546240e-01 7.404089e-01 7.720855e-01 1.633988e-04
<GCONST> 1.071676e+02
<STATE> 7
<MEAN> 39
 -2.427535e-07 -1.127070e-07 -3.467906e-08 -3.121116e-07 6.068836e-08 1.733953e-08 5.115162e-07 -1.733953e-08 -1.603907e-07 -1.907349e-07 3.207814e-07 -8.669767e-08 7.747293e-01 1.735166e-02 1.651148e-01 -1.840150e-01 1.325081e-01 -2.407055e-02 2.633275e-01 1.507646e-02 -1.563933e-01 1.459411e-01 -6.569703e-02 -1.718456e-03 4.020853e-02 -5.813509e-03 2.270441e-03 3.163818e-02 2.454921e-02 -1.867090e-03 -1.156155e-02 1.814135e-02 -3.133916e-03 -1.808960e-02 -5.126636e-02 1.958081e-02 3.016111e-02 3.213156e-02 -9.488025e-04
<VARIANCE> 39
 5.429725e+01 5.147901e+01 9.935764e+01 3.810550e+01 2.673892e+01 4.914098e+01 2.761297e+01 5.016348e+01 6.523786e+01 3.062058e+01 3.253238e+01 4.324146e+01 3.766015e-02 2.614491e+00 1.823265e+00 4.014097e+00 3.255386e+00 3.994868e+00 2.502380e+00 4.566052e+00 3.307987e+00 6.612273e+00 2.774737e+00 3.744493e+00 4.410283e+00 1.906305e-03 3.207978e-01 2.266211e-01 5.590147e-01 5.214601e-01 7.561649e-01 3.711519e-01 9.949151e-01 5.438153e-01 1.188476e+00 6.546240e-01 7.404089e-01 7.720855e-01 1.633988e-04
<GCONST> 1.071676e+02
<STATE> 8
<MEAN> 39
 -2.427535e-07 -1.127070e-07 -3.467906e-08 -3.121116e-07 6.068836e-08 1.733953e-08 5.115162e-07 -1.733953e-08 -1.603907e-07 -1.907349e-07 3.207814e-07 -8.669767e-08 7.747293e-01 1.735166e-02 1.651148e-01 -1.840150e-01 1.325081e-01 -2.407055e-02 2.633275e-01 1.507646e-02 -1.563933e-01 1.459411e-01 -6.569703e-02 -1.718456e-03 4.020853e-02 -5.813509e-03 2.270441e-03 3.163818e-02 2.454921e-02 -1.867090e-03 -1.156155e-02 1.814135e-02 -3.133916e-03 -1.808960e-02 -5.126636e-02 1.958081e-02 3.016111e-02 3.213156e-02 -9.488025e-04
<VARIANCE> 39
 5.429725e+01 5.147901e+01 9.935764e+01 3.810550e+01 2.673892e+01 4.914098e+01 2.761297e+01 5.016348e+01 6.523786e+01 3.062058e+01 3.253238e+01 4.324146e+01 3.766015e-02 2.614491e+00 1.823265e+00 4.014097e+00 3.255386e+00 3.994868e+00 2.502380e+00 4.566052e+00 3.307987e+00 6.612273e+00 2.774737e+00 3.744493e+00 4.410283e+00 1.906305e-03 3.207978e-01 2.266211e-01 5.590147e-01 5.214601e-01 7.561649e-01 3.711519e-01 9.949151e-01 5.438153e-01 1.188476e+00 6.546240e-01 7.404089e-01 7.720855e-01 1.633988e-04
<GCONST> 1.071676e+02
<STATE> 9
<MEAN> 39
 -2.427535e-07 -1.127070e-07 -3.467906e-08 -3.121116e-07 6.068836e-08 1.733953e-08 5.115162e-07 -1.733953e-08 -1.603907e-07 -1.907349e-07 3.207814e-07 -8.669767e-08 7.747293e-01 1.735166e-02 1.651148e-01 -1.840150e-01 1.325081e-01 -2.407055e-02 2.633275e-01 1.507646e-02 -1.563933e-01 1.459411e-01 -6.569703e-02 -1.718456e-03 4.020853e-02 -5.813509e-03 2.270441e-03 3.163818e-02 2.454921e-02 -1.867090e-03 -1.156155e-02 1.814135e-02 -3.133916e-03 -1.808960e-02 -5.126636e-02 1.958081e-02 3.016111e-02 3.213156e-02 -9.488025e-04
<VARIANCE> 39
 5.429725e+01 5.147901e+01 9.935764e+01 3.810550e+01 2.673892e+01 4.914098e+01 2.761297e+01 5.016348e+01 6.523786e+01 3.062058e+01 3.253238e+01 4.324146e+01 3.766015e-02 2.614491e+00 1.823265e+00 4.014097e+00 3.255386e+00 3.994868e+00 2.502380e+00 4.566052e+00 3.307987e+00 6.612273e+00 2.774737e+00 3.744493e+00 4.410283e+00 1.906305e-03 3.207978e-01 2.266211e-01 5.590147e-01 5.214601e-01 7.561649e-01 3.711519e-01 9.949151e-01 5.438153e-01 1.188476e+00 6.546240e-01 7.404089e-01 7.720855e-01 1.633988e-04
<GCONST> 1.071676e+02
<TRANSP> 10
 0.000000e+00 1.000000e+00 0.000000e+00 0.000000e+00 0.000000e+00 0.000000e+00 0.000000e+00 0.000000e+00 0.000000e+00 0.000000e+00
 0.000000e+00 9.000000e-01 9.999999e-02 0.000000e+00 0.000000e+00 0.000000e+00 0.000000e+00 0.000000e+00 0.000000e+00 0.000000e+00
 0.000000e+00 0.000000e+00 9.000000e-01 9.999999e-02 0.000000e+00 0.000000e+00 0.000000e+00 0.000000e+00 0.000000e+00 0.000000e+00
 0.000000e+00 0.000000e+00 0.000000e+00 9.000000e-01 9.999999e-02 0.000000e+00 0.000000e+00 0.000000e+00 0.000000e+00 0.000000e+00
 0.000000e+00 0.000000e+00 0.000000e+00 0.000000e+00 9.000000e-01 9.999999e-02 0.000000e+00 0.000000e+00 0.000000e+00 0.000000e+00
 0.000000e+00 0.000000e+00 0.000000e+00 0.000000e+00 0.000000e+00 9.000000e-01 9.999999e-02 0.000000e+00 0.000000e+00 0.000000e+00
 0.000000e+00 0.000000e+00 0.000000e+00 0.000000e+00 0.000000e+00 0.000000e+00 9.000000e-01 9.999999e-02 0.000000e+00 0.000000e+00
 0.000000e+00 0.000000e+00 0.000000e+00 0.000000e+00 0.000000e+00 0.000000e+00 0.000000e+00 9.000000e-01 9.999999e-02 0.000000e+00
 0.000000e+00 0.000000e+00 0.000000e+00 0.000000e+00 0.000000e+00 0.000000e+00 0.000000e+00 0.000000e+00 9.000000e-01 9.999999e-02
 0.000000e+00 0.000000e+00 0.000000e+00 0.000000e+00 0.000000e+00 0.000000e+00 0.000000e+00 0.000000e+00 0.000000e+00 0.000000e+00
<ENDHMM>
