~o
<STREAMINFO> 1 39
<VECSIZE> 39<NULLD><MFCC_E_D_A_Z><DIAGC>
~h "s034"
<BEGINHMM>
<NUMSTATES> 10
<STATE> 2
<MEAN> 39
 4.427774e-08 -1.907349e-07 6.811960e-08 1.634870e-07 -2.588545e-07 -3.133501e-07 -6.811960e-08 3.405980e-08 -1.021794e-07 1.498631e-07 -3.405980e-08 -2.929143e-07 7.671847e-01 -1.611280e-01 -2.559461e-01 1.811900e-01 2.864023e-01 4.314184e-01 1.913632e-01 2.007761e-01 9.321101e-02 -2.665925e-02 1.856650e-01 -1.381228e-01 1.577731e-01 -3.679954e-03 6.745110e-03 2.002001e-02 1.946895e-02 8.417730e-03 6.201639e-03 5.591132e-02 6.512418e-03 -3.305475e-02 5.874336e-02 -3.300512e-02 8.003350e-03 2.076704e-02 -1.875210e-04
<VARIANCE> 39
 3.374463e+01 5.027416e+01 3.912979e+01 7.328348e+01 7.962080e+01 8.588702e+01 4.250011e+01 8.010277e+01 3.620258e+01 5.585183e+01 5.440414e+01 4.369902e+01 2.373734e-02 2.291253e+00 2.141189e+00 3.326239e+00 4.616129e+00 3.213353e+00 8.011208e+00 4.923685e+00 7.348087e+00 5.381623e+00 4.099126e+00 4.578744e+00 4.159711e+00 8.323886e-04 3.281305e-01 2.804887e-01 6.492339e-01 7.235705e-01 4.235094e-01 1.289859e+00 1.089219e+00 1.273796e+00 1.142740e+00 7.027161e-01 6.930006e-01 7.464674e-01 9.582410e-05
<GCONST> 1.122409e+02
<STATE> 3
<MEAN> 39
 4.427774e-08 -1.907349e-07 6.811960e-08 1.634870e-07 -2.588545e-07 -3.133501e-07 -6.811960e-08 3.405980e-08 -1.021794e-07 1.498631e-07 -3.405980e-08 -2.929143e-07 7.671847e-01 -1.611280e-01 -2.559461e-01 1.811900e-01 2.864023e-01 4.314184e-01 1.913632e-01 2.007761e-01 9.321101e-02 -2.665925e-02 1.856650e-01 -1.381228e-01 1.577731e-01 -3.679954e-03 6.745110e-03 2.002001e-02 1.946895e-02 8.417730e-03 6.201639e-03 5.591132e-02 6.512418e-03 -3.305475e-02 5.874336e-02 -3.300512e-02 8.003350e-03 2.076704e-02 -1.875210e-04
<VARIANCE> 39
 3.374463e+01 5.027416e+01 3.912979e+01 7.328348e+01 7.962080e+01 8.588702e+01 4.250011e+01 8.010277e+01 3.620258e+01 5.585183e+01 5.440414e+01 4.369902e+01 2.373734e-02 2.291253e+00 2.141189e+00 3.326239e+00 4.616129e+00 3.213353e+00 8.011208e+00 4.923685e+00 7.348087e+00 5.381623e+00 4.099126e+00 4.578744e+00 4.159711e+00 8.323886e-04 3.281305e-01 2.804887e-01 6.492339e-01 7.235705e-01 4.235094e-01 1.289859e+00 1.089219e+00 1.273796e+00 1.142740e+00 7.027161e-01 6.930006e-01 7.464674e-01 9.582410e-05
<GCONST> 1.122409e+02
<STATE> 4
<MEAN> 39
 4.427774e-08 -1.907349e-07 6.811960e-08 1.634870e-07 -2.588545e-07 -3.133501e-07 -6.811960e-08 3.405980e-08 -1.021794e-07 1.498631e-07 -3.405980e-08 -2.929143e-07 7.671847e-01 -1.611280e-01 -2.559461e-01 1.811900e-01 2.864023e-01 4.314184e-01 1.913632e-01 2.007761e-01 9.321101e-02 -2.665925e-02 1.856650e-01 -1.381228e-01 1.577731e-01 -3.679954e-03 6.745110e-03 2.002001e-02 1.946895e-02 8.417730e-03 6.201639e-03 5.591132e-02 6.512418e-03 -3.305475e-02 5.874336e-02 -3.300512e-02 8.003350e-03 2.076704e-02 -1.875210e-04
<VARIANCE> 39
 3.374463e+01 5.027416e+01 3.912979e+01 7.328348e+01 7.962080e+01 8.588702e+01 4.250011e+01 8.010277e+01 3.620258e+01 5.585183e+01 5.440414e+01 4.369902e+01 2.373734e-02 2.291253e+00 2.141189e+00 3.326239e+00 4.616129e+00 3.213353e+00 8.011208e+00 4.923685e+00 7.348087e+00 5.381623e+00 4.099126e+00 4.578744e+00 4.159711e+00 8.323886e-04 3.281305e-01 2.804887e-01 6.492339e-01 7.235705e-01 4.235094e-01 1.289859e+00 1.089219e+00 1.273796e+00 1.142740e+00 7.027161e-01 6.930006e-01 7.464674e-01 9.582410e-05
<GCONST> 1.122409e+02
<STATE> 5
<MEAN> 39
 4.427774e-08 -1.907349e-07 6.811960e-08 1.634870e-07 -2.588545e-07 -3.133501e-07 -6.811960e-08 3.405980e-08 -1.021794e-07 1.498631e-07 -3.405980e-08 -2.929143e-07 7.671847e-01 -1.611280e-01 -2.559461e-01 1.811900e-01 2.864023e-01 4.314184e-01 1.913632e-01 2.007761e-01 9.321101e-02 -2.665925e-02 1.856650e-01 -1.381228e-01 1.577731e-01 -3.679954e-03 6.745110e-03 2.002001e-02 1.946895e-02 8.417730e-03 6.201639e-03 5.591132e-02 6.512418e-03 -3.305475e-02 5.874336e-02 -3.300512e-02 8.003350e-03 2.076704e-02 -1.875210e-04
<VARIANCE> 39
 3.374463e+01 5.027416e+01 3.912979e+01 7.328348e+01 7.962080e+01 8.588702e+01 4.250011e+01 8.010277e+01 3.620258e+01 5.585183e+01 5.440414e+01 4.369902e+01 2.373734e-02 2.291253e+00 2.141189e+00 3.326239e+00 4.616129e+00 3.213353e+00 8.011208e+00 4.923685e+00 7.348087e+00 5.381623e+00 4.099126e+00 4.578744e+00 4.159711e+00 8.323886e-04 3.281305e-01 2.804887e-01 6.492339e-01 7.235705e-01 4.235094e-01 1.289859e+00 1.089219e+00 1.273796e+00 1.142740e+00 7.027161e-01 6.930006e-01 7.464674e-01 9.582410e-05
<GCONST> 1.122409e+02
<STATE> 6
<MEAN> 39
 4.427774e-08 -1.907349e-07 6.811960e-08 1.634870e-07 -2.588545e-07 -3.133501e-07 -6.811960e-08 3.405980e-08 -1.021794e-07 1.498631e-07 -3.405980e-08 -2.929143e-07 7.671847e-01 -1.611280e-01 -2.559461e-01 1.811900e-01 2.864023e-01 4.314184e-01 1.913632e-01 2.007761e-01 9.321101e-02 -2.665925e-02 1.856650e-01 -1.381228e-01 1.577731e-01 -3.679954e-03 6.745110e-03 2.002001e-02 1.946895e-02 8.417730e-03 6.201639e-03 5.591132e-02 6.512418e-03 -3.305475e-02 5.874336e-02 -3.300512e-02 8.003350e-03 2.076704e-02 -1.875210e-04
<VARIANCE> 39
 3.374463e+01 5.027416e+01 3.912979e+01 7.328348e+01 7.962080e+01 8.588702e+01 4.250011e+01 8.010277e+01 3.620258e+01 5.585183e+01 5.440414e+01 4.369902e+01 2.373734e-02 2.291253e+00 2.141189e+00 3.326239e+00 4.616129e+00 3.213353e+00 8.011208e+00 4.923685e+00 7.348087e+00 5.381623e+00 4.099126e+00 4.578744e+00 4.159711e+00 8.323886e-04 3.281305e-01 2.804887e-01 6.492339e-01 7.235705e-01 4.235094e-01 1.289859e+00 1.089219e+00 1.273796e+00 1.142740e+00 7.027161e-01 6.930006e-01 7.464674e-01 9.582410e-05
<GCONST> 1.122409e+02
<STATE> 7
<MEAN> 39
 4.427774e-08 -1.907349e-07 6.811960e-08 1.634870e-07 -2.588545e-07 -3.133501e-07 -6.811960e-08 3.405980e-08 -1.021794e-07 1.498631e-07 -3.405980e-08 -2.929143e-07 7.671847e-01 -1.611280e-01 -2.559461e-01 1.811900e-01 2.864023e-01 4.314184e-01 1.913632e-01 2.007761e-01 9.321101e-02 -2.665925e-02 1.856650e-01 -1.381228e-01 1.577731e-01 -3.679954e-03 6.745110e-03 2.002001e-02 1.946895e-02 8.417730e-03 6.201639e-03 5.591132e-02 6.512418e-03 -3.305475e-02 5.874336e-02 -3.300512e-02 8.003350e-03 2.076704e-02 -1.875210e-04
<VARIANCE> 39
 3.374463e+01 5.027416e+01 3.912979e+01 7.328348e+01 7.962080e+01 8.588702e+01 4.250011e+01 8.010277e+01 3.620258e+01 5.585183e+01 5.440414e+01 4.369902e+01 2.373734e-02 2.291253e+00 2.141189e+00 3.326239e+00 4.616129e+00 3.213353e+00 8.011208e+00 4.923685e+00 7.348087e+00 5.381623e+00 4.099126e+00 4.578744e+00 4.159711e+00 8.323886e-04 3.281305e-01 2.804887e-01 6.492339e-01 7.235705e-01 4.235094e-01 1.289859e+00 1.089219e+00 1.273796e+00 1.142740e+00 7.027161e-01 6.930006e-01 7.464674e-01 9.582410e-05
<GCONST> 1.122409e+02
<STATE> 8
<MEAN> 39
 4.427774e-08 -1.907349e-07 6.811960e-08 1.634870e-07 -2.588545e-07 -3.133501e-07 -6.811960e-08 3.405980e-08 -1.021794e-07 1.498631e-07 -3.405980e-08 -2.929143e-07 7.671847e-01 -1.611280e-01 -2.559461e-01 1.811900e-01 2.864023e-01 4.314184e-01 1.913632e-01 2.007761e-01 9.321101e-02 -2.665925e-02 1.856650e-01 -1.381228e-01 1.577731e-01 -3.679954e-03 6.745110e-03 2.002001e-02 1.946895e-02 8.417730e-03 6.201639e-03 5.591132e-02 6.512418e-03 -3.305475e-02 5.874336e-02 -3.300512e-02 8.003350e-03 2.076704e-02 -1.875210e-04
<VARIANCE> 39
 3.374463e+01 5.027416e+01 3.912979e+01 7.328348e+01 7.962080e+01 8.588702e+01 4.250011e+01 8.010277e+01 3.620258e+01 5.585183e+01 5.440414e+01 4.369902e+01 2.373734e-02 2.291253e+00 2.141189e+00 3.326239e+00 4.616129e+00 3.213353e+00 8.011208e+00 4.923685e+00 7.348087e+00 5.381623e+00 4.099126e+00 4.578744e+00 4.159711e+00 8.323886e-04 3.281305e-01 2.804887e-01 6.492339e-01 7.235705e-01 4.235094e-01 1.289859e+00 1.089219e+00 1.273796e+00 1.142740e+00 7.027161e-01 6.930006e-01 7.464674e-01 9.582410e-05
<GCONST> 1.122409e+02
<STATE> 9
<MEAN> 39
 4.427774e-08 -1.907349e-07 6.811960e-08 1.634870e-07 -2.588545e-07 -3.133501e-07 -6.811960e-08 3.405980e-08 -1.021794e-07 1.498631e-07 -3.405980e-08 -2.929143e-07 7.671847e-01 -1.611280e-01 -2.559461e-01 1.811900e-01 2.864023e-01 4.314184e-01 1.913632e-01 2.007761e-01 9.321101e-02 -2.665925e-02 1.856650e-01 -1.381228e-01 1.577731e-01 -3.679954e-03 6.745110e-03 2.002001e-02 1.946895e-02 8.417730e-03 6.201639e-03 5.591132e-02 6.512418e-03 -3.305475e-02 5.874336e-02 -3.300512e-02 8.003350e-03 2.076704e-02 -1.875210e-04
<VARIANCE> 39
 3.374463e+01 5.027416e+01 3.912979e+01 7.328348e+01 7.962080e+01 8.588702e+01 4.250011e+01 8.010277e+01 3.620258e+01 5.585183e+01 5.440414e+01 4.369902e+01 2.373734e-02 2.291253e+00 2.141189e+00 3.326239e+00 4.616129e+00 3.213353e+00 8.011208e+00 4.923685e+00 7.348087e+00 5.381623e+00 4.099126e+00 4.578744e+00 4.159711e+00 8.323886e-04 3.281305e-01 2.804887e-01 6.492339e-01 7.235705e-01 4.235094e-01 1.289859e+00 1.089219e+00 1.273796e+00 1.142740e+00 7.027161e-01 6.930006e-01 7.464674e-01 9.582410e-05
<GCONST> 1.122409e+02
<TRANSP> 10
 0.000000e+00 1.000000e+00 0.000000e+00 0.000000e+00 0.000000e+00 0.000000e+00 0.000000e+00 0.000000e+00 0.000000e+00 0.000000e+00
 0.000000e+00 9.000000e-01 9.999999e-02 0.000000e+00 0.000000e+00 0.000000e+00 0.000000e+00 0.000000e+00 0.000000e+00 0.000000e+00
 0.000000e+00 0.000000e+00 9.000000e-01 9.999999e-02 0.000000e+00 0.000000e+00 0.000000e+00 0.000000e+00 0.000000e+00 0.000000e+00
 0.000000e+00 0.000000e+00 0.000000e+00 9.000000e-01 9.999999e-02 0.000000e+00 0.000000e+00 0.000000e+00 0.000000e+00 0.000000e+00
 0.000000e+00 0.000000e+00 0.000000e+00 0.000000e+00 9.000000e-01 9.999999e-02 0.000000e+00 0.000000e+00 0.000000e+00 0.000000e+00
 0.000000e+00 0.000000e+00 0.000000e+00 0.000000e+00 0.000000e+00 9.000000e-01 9.999999e-02 0.000000e+00 0.000000e+00 0.000000e+00
 0.000000e+00 0.000000e+00 0.000000e+00 0.000000e+00 0.000000e+00 0.000000e+00 9.000000e-01 9.999999e-02 0.000000e+00 0.000000e+00
 0.000000e+00 0.000000e+00 0.000000e+00 0.000000e+00 0.000000e+00 0.000000e+00 0.000000e+00 9.000000e-01 9.999999e-02 0.000000e+00
 0.000000e+00 0.000000e+00 0.000000e+00 0.000000e+00 0.000000e+00 0.000000e+00 0.000000e+00 0.000000e+00 9.000000e-01 9.999999e-02
 0.000000e+00 0.000000e+00 0.000000e+00 0.000000e+00 0.000000e+00 0.000000e+00 0.000000e+00 0.000000e+00 0.000000e+00 0.000000e+00
<ENDHMM>
