~o
<STREAMINFO> 1 39
<VECSIZE> 39<NULLD><MFCC_E_D_A_Z><DIAGC>
~h "s035"
<BEGINHMM>
<NUMSTATES> 10
<STATE> 2
<MEAN> 39
 7.713543e-08 -8.695266e-07 -2.524432e-07 -6.731819e-07 7.012311e-07 5.890341e-07 1.823201e-07 1.893324e-07 2.506901e-07 -9.817236e-08 2.875047e-07 -2.296532e-07 8.335389e-01 -1.124949e-02 -1.077046e-01 1.354401e-01 8.149105e-02 1.752928e-01 3.292460e-01 2.039474e-01 -1.517897e-02 8.703275e-03 -3.590539e-02 -1.180572e-01 1.369480e-01 -2.154037e-03 2.134294e-02 -1.846530e-02 -1.717893e-03 2.119617e-02 4.500841e-02 3.885340e-02 7.019950e-02 -5.547629e-02 -4.562115e-03 3.019712e-02 -1.697465e-03 -3.026971e-03 -7.476839e-04
<VARIANCE> 39
 1.214929e+01 9.959801e+01 5.229735e+01 5.723114e+01 1.014993e+02 7.015961e+01 6.763787e+01 8.636115e+01 3.458669e+01 3.275552e+01 6.970417e+01 4.268936e+01 1.620046e-02 1.438153e+00 3.580679e+00 3.008602e+00 2.809328e+00 4.211902e+00 5.295399e+00 2.862502e+00 4.754710e+00 4.353403e+00 3.568793e+00 4.954973e+00 2.998892e+00 1.449532e-03 3.133941e-01 2.987395e-01 5.173700e-01 4.829281e-01 6.718740e-01 9.682791e-01 4.504757e-01 6.094822e-01 9.394502e-01 7.185361e-01 6.982047e-01 5.338116e-01 2.348298e-04
<GCONST> 1.084109e+02
<STATE> 3
<MEAN> 39
 7.713543e-08 -8.695266e-07 -2.524432e-07 -6.731819e-07 7.012311e-07 5.890341e-07 1.823201e-07 1.893324e-07 2.506901e-07 -9.817236e-08 2.875047e-07 -2.296532e-07 8.335389e-01 -1.124949e-02 -1.077046e-01 1.354401e-01 8.149105e-02 1.752928e-01 3.292460e-01 2.039474e-01 -1.517897e-02 8.703275e-03 -3.590539e-02 -1.180572e-01 1.369480e-01 -2.154037e-03 2.134294e-02 -1.846530e-02 -1.717893e-03 2.119617e-02 4.500841e-02 3.885340e-02 7.019950e-02 -5.547629e-02 -4.562115e-03 3.019712e-02 -1.697465e-03 -3.026971e-03 -7.476839e-04
<VARIANCE> 39
 1.214929e+01 9.959801e+01 5.229735e+01 5.723114e+01 1.014993e+02 7.015961e+01 6.763787e+01 8.636115e+01 3.458669e+01 3.275552e+01 6.970417e+01 4.268936e+01 1.620046e-02 1.438153e+00 3.580679e+00 3.008602e+00 2.809328e+00 4.211902e+00 5.295399e+00 2.862502e+00 4.754710e+00 4.353403e+00 3.568793e+00 4.954973e+00 2.998892e+00 1.449532e-03 3.133941e-01 2.987395e-01 5.173700e-01 4.829281e-01 6.718740e-01 9.682791e-01 4.504757e-01 6.094822e-01 9.394502e-01 7.185361e-01 6.982047e-01 5.338116e-01 2.348298e-04
<GCONST> 1.084109e+02
<STATE> 4
<MEAN> 39
 7.713543e-08 -8.695266e-07 -2.524432e-07 -6.731819e-07 7.012311e-07 5.890341e-07 1.823201e-07 1.893324e-07 2.506901e-07 -9.817236e-08 2.875047e-07 -2.296532e-07 8.335389e-01 -1.124949e-02 -1.077046e-01 1.354401e-01 8.149105e-02 1.752928e-01 3.292460e-01 2.039474e-01 -1.517897e-02 8.703275e-03 -3.590539e-02 -1.180572e-01 1.369480e-01 -2.154037e-03 2.134294e-02 -1.846530e-02 -1.717893e-03 2.119617e-02 4.500841e-02 3.885340e-02 7.019950e-02 -5.547629e-02 -4.562115e-03 3.019712e-02 -1.697465e-03 -3.026971e-03 -7.476839e-04
<VARIANCE> 39
 1.214929e+01 9.959801e+01 5.229735e+01 5.723114e+01 1.014993e+02 7.015961e+01 6.763787e+01 8.636115e+01 3.458669e+01 3.275552e+01 6.970417e+01 4.268936e+01 1.620046e-02 1.438153e+00 3.580679e+00 3.008602e+00 2.809328e+00 4.211902e+00 5.295399e+00 2.862502e+00 4.754710e+00 4.353403e+00 3.568793e+00 4.954973e+00 2.998892e+00 1.449532e-03 3.133941e-01 2.987395e-01 5.173700e-01 4.829281e-01 6.718740e-01 9.682791e-01 4.504757e-01 6.094822e-01 9.394502e-01 7.185361e-01 6.982047e-01 5.338116e-01 2.348298e-04
<GCONST> 1.084109e+02
<STATE> 5
<MEAN> 39
 7.713543e-08 -8.695266e-07 -2.524432e-07 -6.731819e-07 7.012311e-07 5.890341e-07 1.823201e-07 1.893324e-07 2.506901e-07 -9.817236e-08 2.875047e-07 -2.296532e-07 8.335389e-01 -1.124949e-02 -1.077046e-01 1.354401e-01 8.149105e-02 1.752928e-01 3.292460e-01 2.039474e-01 -1.517897e-02 8.703275e-03 -3.590539e-02 -1.180572e-01 1.369480e-01 -2.154037e-03 2.134294e-02 -1.846530e-02 -1.717893e-03 2.119617e-02 4.500841e-02 3.885340e-02 7.019950e-02 -5.547629e-02 -4.562115e-03 3.019712e-02 -1.697465e-03 -3.026971e-03 -7.476839e-04
<VARIANCE> 39
 1.214929e+01 9.959801e+01 5.229735e+01 5.723114e+01 1.014993e+02 7.015961e+01 6.763787e+01 8.636115e+01 3.458669e+01 3.275552e+01 6.970417e+01 4.268936e+01 1.620046e-02 1.438153e+00 3.580679e+00 3.008602e+00 2.809328e+00 4.211902e+00 5.295399e+00 2.862502e+00 4.754710e+00 4.353403e+00 3.568793e+00 4.954973e+00 2.998892e+00 1.449532e-03 3.133941e-01 2.987395e-01 5.173700e-01 4.829281e-01 6.718740e-01 9.682791e-01 4.504757e-01 6.094822e-01 9.394502e-01 7.185361e-01 6.982047e-01 5.338116e-01 2.348298e-04
<GCONST> 1.084109e+02
<STATE> 6
<MEAN> 39
 7.713543e-08 -8.695266e-07 -2.524432e-07 -6.731819e-07 7.012311e-07 5.890341e-07 1.823201e-07 1.893324e-07 2.506901e-07 -9.817236e-08 2.875047e-07 -2.296532e-07 8.335389e-01 -1.124949e-02 -1.077046e-01 1.354401e-01 8.149105e-02 1.752928e-01 3.292460e-01 2.039474e-01 -1.517897e-02 8.703275e-03 -3.590539e-02 -1.180572e-01 1.369480e-01 -2.154037e-03 2.134294e-02 -1.846530e-02 -1.717893e-03 2.119617e-02 4.500841e-02 3.885340e-02 7.019950e-02 -5.547629e-02 -4.562115e-03 3.019712e-02 -1.697465e-03 -3.026971e-03 -7.476839e-04
<VARIANCE> 39
 1.214929e+01 9.959801e+01 5.229735e+01 5.723114e+01 1.014993e+02 7.015961e+01 6.763787e+01 8.636115e+01 3.458669e+01 3.275552e+01 6.970417e+01 4.268936e+01 1.620046e-02 1.438153e+00 3.580679e+00 3.008602e+00 2.809328e+00 4.211902e+00 5.295399e+00 2.862502e+00 4.754710e+00 4.353403e+00 3.568793e+00 4.954973e+00 2.998892e+00 1.449532e-03 3.133941e-01 2.987395e-01 5.173700e-01 4.829281e-01 6.718740e-01 9.682791e-01 4.504757e-01 6.094822e-01 9.394502e-01 7.185361e-01 6.982047e-01 5.338116e-01 2.348298e-04
<GCONST> 1.084109e+02
<STATE> 7
<MEAN> 39
 7.713543e-08 -8.695266e-07 -2.524432e-07 -6.731819e-07 7.012311e-07 5.890341e-07 1.823201e-07 1.893324e-07 2.506901e-07 -9.817236e-08 2.875047e-07 -2.296532e-07 8.335389e-01 -1.124949e-02 -1.077046e-01 1.354401e-01 8.149105e-02 1.752928e-01 3.292460e-01 2.039474e-01 -1.517897e-02 8.703275e-03 -3.590539e-02 -1.180572e-01 1.369480e-01 -2.154037e-03 2.134294e-02 -1.846530e-02 -1.717893e-03 2.119617e-02 4.500841e-02 3.885340e-02 7.019950e-02 -5.547629e-02 -4.562115e-03 3.019712e-02 -1.697465e-03 -3.026971e-03 -7.476839e-04
<VARIANCE> 39
 1.214929e+01 9.959801e+01 5.229735e+01 5.723114e+01 1.014993e+02 7.015961e+01 6.763787e+01 8.636115e+01 3.458669e+01 3.275552e+01 6.970417e+01 4.268936e+01 1.620046e-02 1.438153e+00 3.580679e+00 3.008602e+00 2.809328e+00 4.211902e+00 5.295399e+00 2.862502e+00 4.754710e+00 4.353403e+00 3.568793e+00 4.954973e+00 2.998892e+00 1.449532e-03 3.133941e-01 2.987395e-01 5.173700e-01 4.829281e-01 6.718740e-01 9.682791e-01 4.504757e-01 6.094822e-01 9.394502e-01 7.185361e-01 6.982047e-01 5.338116e-01 2.348298e-04
<GCONST> 1.084109e+02
<STATE> 8
<MEAN> 39
 7.713543e-08 -8.695266e-07 -2.524432e-07 -6.731819e-07 7.012311e-07 5.890341e-07 1.823201e-07 1.893324e-07 2.506901e-07 -9.817236e-08 2.875047e-07 -2.296532e-07 8.335389e-01 -1.124949e-02 -1.077046e-01 1.354401e-01 8.149105e-02 1.752928e-01 3.292460e-01 2.039474e-01 -1.517897e-02 8.703275e-03 -3.590539e-02 -1.180572e-01 1.369480e-01 -2.154037e-03 2.134294e-02 -1.846530e-02 -1.717893e-03 2.119617e-02 4.500841e-02 3.885340e-02 7.019950e-02 -5.547629e-02 -4.562115e-03 3.019712e-02 -1.697465e-03 -3.026971e-03 -7.476839e-04
<VARIANCE> 39
 1.214929e+01 9.959801e+01 5.229735e+01 5.723114e+01 1.014993e+02 7.015961e+01 6.763787e+01 8.636115e+01 3.458669e+01 3.275552e+01 6.970417e+01 4.268936e+01 1.620046e-02 1.438153e+00 3.580679e+00 3.008602e+00 2.809328e+00 4.211902e+00 5.295399e+00 2.862502e+00 4.754710e+00 4.353403e+00 3.568793e+00 4.954973e+00 2.998892e+00 1.449532e-03 3.133941e-01 2.987395e-01 5.173700e-01 4.829281e-01 6.718740e-01 9.682791e-01 4.504757e-01 6.094822e-01 9.394502e-01 7.185361e-01 6.982047e-01 5.338116e-01 2.348298e-04
<GCONST> 1.084109e+02
<STATE> 9
<MEAN> 39
 7.713543e-08 -8.695266e-07 -2.524432e-07 -6.731819e-07 7.012311e-07 5.890341e-07 1.823201e-07 1.893324e-07 2.506901e-07 -9.817236e-08 2.875047e-07 -2.296532e-07 8.335389e-01 -1.124949e-02 -1.077046e-01 1.354401e-01 8.149105e-02 1.752928e-01 3.292460e-01 2.039474e-01 -1.517897e-02 8.703275e-03 -3.590539e-02 -1.180572e-01 1.369480e-01 -2.154037e-03 2.134294e-02 -1.846530e-02 -1.717893e-03 2.119617e-02 4.500841e-02 3.885340e-02 7.019950e-02 -5.547629e-02 -4.562115e-03 3.019712e-02 -1.697465e-03 -3.026971e-03 -7.476839e-04
<VARIANCE> 39
 1.214929e+01 9.959801e+01 5.229735e+01 5.723114e+01 1.014993e+02 7.015961e+01 6.763787e+01 8.636115e+01 3.458669e+01 3.275552e+01 6.970417e+01 4.268936e+01 1.620046e-02 1.438153e+00 3.580679e+00 3.008602e+00 2.809328e+00 4.211902e+00 5.295399e+00 2.862502e+00 4.754710e+00 4.353403e+00 3.568793e+00 4.954973e+00 2.998892e+00 1.449532e-03 3.133941e-01 2.987395e-01 5.173700e-01 4.829281e-01 6.718740e-01 9.682791e-01 4.504757e-01 6.094822e-01 9.394502e-01 7.185361e-01 6.982047e-01 5.338116e-01 2.348298e-04
<GCONST> 1.084109e+02
<TRANSP> 10
 0.000000e+00 1.000000e+00 0.000000e+00 0.000000e+00 0.000000e+00 0.000000e+00 0.000000e+00 0.000000e+00 0.000000e+00 0.000000e+00
 0.000000e+00 9.000000e-01 9.999999e-02 0.000000e+00 0.000000e+00 0.000000e+00 0.000000e+00 0.000000e+00 0.000000e+00 0.000000e+00
 0.000000e+00 0.000000e+00 9.000000e-01 9.999999e-02 0.000000e+00 0.000000e+00 0.000000e+00 0.000000e+00 0.000000e+00 0.000000e+00
 0.000000e+00 0.000000e+00 0.000000e+00 9.000000e-01 9.999999e-02 0.000000e+00 0.000000e+00 0.000000e+00 0.000000e+00 0.000000e+00
 0.000000e+00 0.000000e+00 0.000000e+00 0.000000e+00 9.000000e-01 9.999999e-02 0.000000e+00 0.000000e+00 0.000000e+00 0.000000e+00
 0.000000e+00 0.000000e+00 0.000000e+00 0.000000e+00 0.000000e+00 9.000000e-01 9.999999e-02 0.000000e+00 0.000000e+00 0.000000e+00
 0.000000e+00 0.000000e+00 0.000000e+00 0.000000e+00 0.000000e+00 0.000000e+00 9.000000e-01 9.999999e-02 0.000000e+00 0.000000e+00
 0.000000e+00 0.000000e+00 0.000000e+00 0.000000e+00 0.000000e+00 0.000000e+00 0.000000e+00 9.000000e-01 9.999999e-02 0.000000e+00
 0.000000e+00 0.000000e+00 0.000000e+00 0.000000e+00 0.000000e+00 0.000000e+00 0.000000e+00 0.000000e+00 9.000000e-01 9.999999e-02
 0.000000e+00 0.000000e+00 0.000000e+00 0.000000e+00 0.000000e+00 0.000000e+00 0.000000e+00 0.000000e+00 0.000000e+00 0.000000e+00
<ENDHMM>
