~o
<STREAMINFO> 1 39
<VECSIZE> 39<NULLD><MFCC_E_D_A_Z><DIAGC>
~h "s037"
<BEGINHMM>
<NUMSTATES> 10
<STATE> 2
<MEAN> 39
 5.779845e-08 -1.047597e-07 1.878449e-07 2.311938e-07 -5.779845e-08 -2.311938e-07 -2.600930e-07 -3.323410e-07 6.502325e-08 5.779845e-08 -3.756899e-07 1.155969e-07 8.835325e-01 -1.578338e-01 -8.519882e-03 6.338584e-01 4.431544e-02 -4.179109e-01 3.705382e-01 7.406761e-01 -8.352678e-02 2.973661e-02 8.531591e-02 1.792929e-01 1.403302e-01 -5.256111e-03 4.118949e-02 3.588592e-02 -8.268777e-03 1.243096e-02 7.024786e-02 5.675828e-02 1.803672e-02 -3.493049e-02 -3.194710e-02 -1.209060e-01 5.097385e-03 2.205658e-03 -1.556454e-03
<VARIANCE> 39
 1.007443e+01 2.191134e+01 5.797253e+01 2.196233e+01 5.092291e+01 2.542109e+01 4.959598e+01 4.374708e+01 4.570595e+01 6.676195e+01 3.220047e+01 3.541591e+01 8.738706e-03 1.085039e+00 1.648153e+00 2.661454e+00 2.371310e+00 3.462042e+00 2.505384e+00 3.830848e+00 3.452031e+00 5.196004e+00 8.075629e+00 2.642636e+00 2.643249e+00 4.073703e-04 9.292656e-02 1.925446e-01 4.638494e-01 3.633054e-01 5.385686e-01 4.715265e-01 7.046297e-01 5.440854e-01 9.463975e-01 1.108628e+00 4.500728e-01 4.630234e-01 4.659579e-05
<GCONST> 9.480720e+01
<STATE> 3
<MEAN> 39
 5.779845e-08 -1.047597e-07 1.878449e-07 2.311938e-07 -5.779845e-08 -2.311938e-07 -2.600930e-07 -3.323410e-07 6.502325e-08 5.779845e-08 -3.756899e-07 1.155969e-07 8.835325e-01 -1.578338e-01 -8.519882e-03 6.338584e-01 4.431544e-02 -4.179109e-01 3.705382e-01 7.406761e-01 -8.352678e-02 2.973661e-02 8.531591e-02 1.792929e-01 1.403302e-01 -5.256111e-03 4.118949e-02 3.588592e-02 -8.268777e-03 1.243096e-02 7.024786e-02 5.675828e-02 1.803672e-02 -3.493049e-02 -3.194710e-02 -1.209060e-01 5.097385e-03 2.205658e-03 -1.556454e-03
<VARIANCE> 39
 1.007443e+01 2.191134e+01 5.797253e+01 2.196233e+01 5.092291e+01 2.542109e+01 4.959598e+01 4.374708e+01 4.570595e+01 6.676195e+01 3.220047e+01 3.541591e+01 8.738706e-03 1.085039e+00 1.648153e+00 2.661454e+00 2.371310e+00 3.462042e+00 2.505384e+00 3.830848e+00 3.452031e+00 5.196004e+00 8.075629e+00 2.642636e+00 2.643249e+00 4.073703e-04 9.292656e-02 1.925446e-01 4.638494e-01 3.633054e-01 5.385686e-01 4.715265e-01 7.046297e-01 5.440854e-01 9.463975e-01 1.108628e+00 4.500728e-01 4.630234e-01 4.659579e-05
<GCONST> 9.480720e+01
<STATE> 4
<MEAN> 39
 5.779845e-08 -1.047597e-07 1.878449e-07 2.311938e-07 -5.779845e-08 -2.311938e-07 -2.600930e-07 -3.323410e-07 6.502325e-08 5.779845e-08 -3.756899e-07 1.155969e-07 8.835325e-01 -1.578338e-01 -8.519882e-03 6.338584e-01 4.431544e-02 -4.179109e-01 3.705382e-01 7.406761e-01 -8.352678e-02 2.973661e-02 8.531591e-02 1.792929e-01 1.403302e-01 -5.256111e-03 4.118949e-02 3.588592e-02 -8.268777e-03 1.243096e-02 7.024786e-02 5.675828e-02 1.803672e-02 -3.493049e-02 -3.194710e-02 -1.209060e-01 5.097385e-03 2.205658e-03 -1.556454e-03
<VARIANCE> 39
 1.007443e+01 2.191134e+01 5.797253e+01 2.196233e+01 5.092291e+01 2.542109e+01 4.959598e+01 4.374708e+01 4.570595e+01 6.676195e+01 3.220047e+01 3.541591e+01 8.738706e-03 1.085039e+00 1.648153e+00 2.661454e+00 2.371310e+00 3.462042e+00 2.505384e+00 3.830848e+00 3.452031e+00 5.196004e+00 8.075629e+00 2.642636e+00 2.643249e+00 4.073703e-04 9.292656e-02 1.925446e-01 4.638494e-01 3.633054e-01 5.385686e-01 4.715265e-01 7.046297e-01 5.440854e-01 9.463975e-01 1.108628e+00 4.500728e-01 4.630234e-01 4.659579e-05
<GCONST> 9.480720e+01
<STATE> 5
<MEAN> 39
 5.779845e-08 -1.047597e-07 1.878449e-07 2.311938e-07 -5.779845e-08 -2.311938e-07 -2.600930e-07 -3.323410e-07 6.502325e-08 5.779845e-08 -3.756899e-07 1.155969e-07 8.835325e-01 -1.578338e-01 -8.519882e-03 6.338584e-01 4.431544e-02 -4.179109e-01 3.705382e-01 7.406761e-01 -8.352678e-02 2.973661e-02 8.531591e-02 1.792929e-01 1.403302e-01 -5.256111e-03 4.118949e-02 3.588592e-02 -8.268777e-03 1.243096e-02 7.024786e-02 5.675828e-02 1.803672e-02 -3.493049e-02 -3.194710e-02 -1.209060e-01 5.097385e-03 2.205658e-03 -1.556454e-03
<VARIANCE> 39
 1.007443e+01 2.191134e+01 5.797253e+01 2.196233e+01 5.092291e+01 2.542109e+01 4.959598e+01 4.374708e+01 4.570595e+01 6.676195e+01 3.220047e+01 3.541591e+01 8.738706e-03 1.085039e+00 1.648153e+00 2.661454e+00 2.371310e+00 3.462042e+00 2.505384e+00 3.830848e+00 3.452031e+00 5.196004e+00 8.075629e+00 2.642636e+00 2.643249e+00 4.073703e-04 9.292656e-02 1.925446e-01 4.638494e-01 3.633054e-01 5.385686e-01 4.715265e-01 7.046297e-01 5.440854e-01 9.463975e-01 1.108628e+00 4.500728e-01 4.630234e-01 4.659579e-05
<GCONST> 9.480720e+01
<STATE> 6
<MEAN> 39
 5.779845e-08 -1.047597e-07 1.878449e-07 2.311938e-07 -5.779845e-08 -2.311938e-07 -2.600930e-07 -3.323410e-07 6.502325e-08 5.779845e-08 -3.756899e-07 1.155969e-07 8.835325e-01 -1.578338e-01 -8.519882e-03 6.338584e-01 4.431544e-02 -4.179109e-01 3.705382e-01 7.406761e-01 -8.352678e-02 2.973661e-02 8.531591e-02 1.792929e-01 1.403302e-01 -5.256111e-03 4.118949e-02 3.588592e-02 -8.268777e-03 1.243096e-02 7.024786e-02 5.675828e-02 1.803672e-02 -3.493049e-02 -3.194710e-02 -1.209060e-01 5.097385e-03 2.205658e-03 -1.556454e-03
<VARIANCE> 39
 1.007443e+01 2.191134e+01 5.797253e+01 2.196233e+01 5.092291e+01 2.542109e+01 4.959598e+01 4.374708e+01 4.570595e+01 6.676195e+01 3.220047e+01 3.541591e+01 8.738706e-03 1.085039e+00 1.648153e+00 2.661454e+00 2.371310e+00 3.462042e+00 2.505384e+00 3.830848e+00 3.452031e+00 5.196004e+00 8.075629e+00 2.642636e+00 2.643249e+00 4.073703e-04 9.292656e-02 1.925446e-01 4.638494e-01 3.633054e-01 5.385686e-01 4.715265e-01 7.046297e-01 5.440854e-01 9.463975e-01 1.108628e+00 4.500728e-01 4.630234e-01 4.659579e-05
<GCONST> 9.480720e+01
<STATE> 7
<MEAN> 39
 5.779845e-08 -1.047597e-07 1.878449e-07 2.311938e-07 -5.779845e-08 -2.311938e-07 -2.600930e-07 -3.323410e-07 6.502325e-08 5.779845e-08 -3.756899e-07 1.155969e-07 8.835325e-01 -1.578338e-01 -8.519882e-03 6.338584e-01 4.431544e-02 -4.179109e-01 3.705382e-01 7.406761e-01 -8.352678e-02 2.973661e-02 8.531591e-02 1.792929e-01 1.403302e-01 -5.256111e-03 4.118949e-02 3.588592e-02 -8.268777e-03 1.243096e-02 7.024786e-02 5.675828e-02 1.803672e-02 -3.493049e-02 -3.194710e-02 -1.209060e-01 5.097385e-03 2.205658e-03 -1.556454e-03
<VARIANCE> 39
 1.007443e+01 2.191134e+01 5.797253e+01 2.196233e+01 5.092291e+01 2.542109e+01 4.959598e+01 4.374708e+01 4.570595e+01 6.676195e+01 3.220047e+01 3.541591e+01 8.738706e-03 1.085039e+00 1.648153e+00 2.661454e+00 2.371310e+00 3.462042e+00 2.505384e+00 3.830848e+00 3.452031e+00 5.196004e+00 8.075629e+00 2.642636e+00 2.643249e+00 4.073703e-04 9.292656e-02 1.925446e-01 4.638494e-01 3.633054e-01 5.385686e-01 4.715265e-01 7.046297e-01 5.440854e-01 9.463975e-01 1.108628e+00 4.500728e-01 4.630234e-01 4.659579e-05
<GCONST> 9.480720e+01
<STATE> 8
<MEAN> 39
 5.779845e-08 -1.047597e-07 1.878449e-07 2.311938e-07 -5.779845e-08 -2.311938e-07 -2.600930e-07 -3.323410e-07 6.502325e-08 5.779845e-08 -3.756899e-07 1.155969e-07 8.835325e-01 -1.578338e-01 -8.519882e-03 6.338584e-01 4.431544e-02 -4.179109e-01 3.705382e-01 7.406761e-01 -8.352678e-02 2.973661e-02 8.531591e-02 1.792929e-01 1.403302e-01 -5.256111e-03 4.118949e-02 3.588592e-02 -8.268777e-03 1.243096e-02 7.024786e-02 5.675828e-02 1.803672e-02 -3.493049e-02 -3.194710e-02 -1.209060e-01 5.097385e-03 2.205658e-03 -1.556454e-03
<VARIANCE> 39
 1.007443e+01 2.191134e+01 5.797253e+01 2.196233e+01 5.092291e+01 2.542109e+01 4.959598e+01 4.374708e+01 4.570595e+01 6.676195e+01 3.220047e+01 3.541591e+01 8.738706e-03 1.085039e+00 1.648153e+00 2.661454e+00 2.371310e+00 3.462042e+00 2.505384e+00 3.830848e+00 3.452031e+00 5.196004e+00 8.075629e+00 2.642636e+00 2.643249e+00 4.073703e-04 9.292656e-02 1.925446e-01 4.638494e-01 3.633054e-01 5.385686e-01 4.715265e-01 7.046297e-01 5.440854e-01 9.463975e-01 1.108628e+00 4.500728e-01 4.630234e-01 4.659579e-05
<GCONST> 9.480720e+01
<STATE> 9
<MEAN> 39
 5.779845e-08 -1.047597e-07 1.878449e-07 2.311938e-07 -5.779845e-08 -2.311938e-07 -2.600930e-07 -3.323410e-07 6.502325e-08 5.779845e-08 -3.756899e-07 1.155969e-07 8.835325e-01 -1.578338e-01 -8.519882e-03 6.338584e-01 4.431544e-02 -4.179109e-01 3.705382e-01 7.406761e-01 -8.352678e-02 2.973661e-02 8.531591e-02 1.792929e-01 1.403302e-01 -5.256111e-03 4.118949e-02 3.588592e-02 -8.268777e-03 1.243096e-02 7.024786e-02 5.675828e-02 1.803672e-02 -3.493049e-02 -3.194710e-02 -1.209060e-01 5.097385e-03 2.205658e-03 -1.556454e-03
<VARIANCE> 39
 1.007443e+01 2.191134e+01 5.797253e+01 2.196233e+01 5.092291e+01 2.542109e+01 4.959598e+01 4.374708e+01 4.570595e+01 6.676195e+01 3.220047e+01 3.541591e+01 8.738706e-03 1.085039e+00 1.648153e+00 2.661454e+00 2.371310e+00 3.462042e+00 2.505384e+00 3.830848e+00 3.452031e+00 5.196004e+00 8.075629e+00 2.642636e+00 2.643249e+00 4.073703e-04 9.292656e-02 1.925446e-01 4.638494e-01 3.633054e-01 5.385686e-01 4.715265e-01 7.046297e-01 5.440854e-01 9.463975e-01 1.108628e+00 4.500728e-01 4.630234e-01 4.659579e-05
<GCONST> 9.480720e+01
<TRANSP> 10
 0.000000e+00 1.000000e+00 0.000000e+00 0.000000e+00 0.000000e+00 0.000000e+00 0.000000e+00 0.000000e+00 0.000000e+00 0.000000e+00
 0.000000e+00 9.000000e-01 9.999999e-02 0.000000e+00 0.000000e+00 0.000000e+00 0.000000e+00 0.000000e+00 0.000000e+00 0.000000e+00
 0.000000e+00 0.000000e+00 9.000000e-01 9.999999e-02 0.000000e+00 0.000000e+00 0.000000e+00 0.000000e+00 0.000000e+00 0.000000e+00
 0.000000e+00 0.000000e+00 0.000000e+00 9.000000e-01 9.999999e-02 0.000000e+00 0.000000e+00 0.000000e+00 0.000000e+00 0.000000e+00
 0.000000e+00 0.000000e+00 0.000000e+00 0.000000e+00 9.000000e-01 9.999999e-02 0.000000e+00 0.000000e+00 0.000000e+00 0.000000e+00
 0.000000e+00 0.000000e+00 0.000000e+00 0.000000e+00 0.000000e+00 9.000000e-01 9.999999e-02 0.000000e+00 0.000000e+00 0.000000e+00
 0.000000e+00 0.000000e+00 0.000000e+00 0.000000e+00 0.000000e+00 0.000000e+00 9.000000e-01 9.999999e-02 0.000000e+00 0.000000e+00
 0.000000e+00 0.000000e+00 0.000000e+00 0.000000e+00 0.000000e+00 0.000000e+00 0.000000e+00 9.000000e-01 9.999999e-02 0.000000e+00
 0.000000e+00 0.000000e+00 0.000000e+00 0.000000e+00 0.000000e+00 0.000000e+00 0.000000e+00 0.000000e+00 9.000000e-01 9.999999e-02
 0.000000e+00 0.000000e+00 0.000000e+00 0.000000e+00 0.000000e+00 0.000000e+00 0.000000e+00 0.000000e+00 0.000000e+00 0.000000e+00
<ENDHMM>
