~o
<STREAMINFO> 1 39
<VECSIZE> 39<NULLD><MFCC_E_D_A_Z><DIAGC>
~h "s038"
<BEGINHMM>
<NUMSTATES> 10
<STATE> 2
<MEAN> 39
 3.623962e-07 6.357829e-07 1.080831e-07 1.144409e-07 6.357829e-08 3.178914e-07 6.612142e-07 2.257029e-07 -1.462301e-07 1.525879e-07 -2.288818e-07 -3.941854e-07 6.854219e-01 -4.231274e-02 -1.434553e-01 -1.504847e-02 2.139410e-01 2.831923e-01 1.539313e-01 2.098645e-01 -2.701625e-02 2.828250e-02 -9.652927e-03 2.067491e-01 2.411925e-01 -4.480104e-03 6.439795e-03 7.325888e-03 4.164167e-02 1.766327e-02 -3.460857e-02 -8.034029e-03 -1.678381e-02 2.126927e-02 1.289834e-02 2.199218e-02 5.195654e-03 -1.601603e-02 -3.938556e-04
<VARIANCE> 39
 3.011697e+01 3.876119e+01 4.051745e+01 7.084399e+01 4.259599e+01 3.895926e+01 4.828542e+01 3.374309e+01 1.039163e+02 4.386997e+01 4.494812e+01 4.054631e+01 2.993195e-02 1.427645e+00 2.475376e+00 5.022717e+00 5.324826e+00 3.691280e+00 3.375803e+00 3.644979e+00 4.369012e+00 7.801601e+00 4.634255e+00 6.256439e+00 5.028059e+00 1.255475e-03 2.708584e-01 3.396219e-01 8.987135e-01 1.014174e+00 6.778023e-01 6.354911e-01 7.087827e-01 1.004853e+00 1.731526e+00 8.639489e-01 1.482084e+00 1.015221e+00 1.762977e-04
<GCONST> 1.126391e+02
<STATE> 3
<MEAN> 39
 3.623962e-07 6.357829e-07 1.080831e-07 1.144409e-07 6.357829e-08 3.178914e-07 6.612142e-07 2.257029e-07 -1.462301e-07 1.525879e-07 -2.288818e-07 -3.941854e-07 6.854219e-01 -4.231274e-02 -1.434553e-01 -1.504847e-02 2.139410e-01 2.831923e-01 1.539313e-01 2.098645e-01 -2.701625e-02 2.828250e-02 -9.652927e-03 2.067491e-01 2.411925e-01 -4.480104e-03 6.439795e-03 7.325888e-03 4.164167e-02 1.766327e-02 -3.460857e-02 -8.034029e-03 -1.678381e-02 2.126927e-02 1.289834e-02 2.199218e-02 5.195654e-03 -1.601603e-02 -3.938556e-04
<VARIANCE> 39
 3.011697e+01 3.876119e+01 4.051745e+01 7.084399e+01 4.259599e+01 3.895926e+01 4.828542e+01 3.374309e+01 1.039163e+02 4.386997e+01 4.494812e+01 4.054631e+01 2.993195e-02 1.427645e+00 2.475376e+00 5.022717e+00 5.324826e+00 3.691280e+00 3.375803e+00 3.644979e+00 4.369012e+00 7.801601e+00 4.634255e+00 6.256439e+00 5.028059e+00 1.255475e-03 2.708584e-01 3.396219e-01 8.987135e-01 1.014174e+00 6.778023e-01 6.354911e-01 7.087827e-01 1.004853e+00 1.731526e+00 8.639489e-01 1.482084e+00 1.015221e+00 1.762977e-04
<GCONST> 1.126391e+02
<STATE> 4
<MEAN> 39
 3.623962e-07 6.357829e-07 1.080831e-07 1.144409e-07 6.357829e-08 3.178914e-07 6.612142e-07 2.257029e-07 -1.462301e-07 1.525879e-07 -2.288818e-07 -3.941854e-07 6.854219e-01 -4.231274e-02 -1.434553e-01 -1.504847e-02 2.139410e-01 2.831923e-01 1.539313e-01 2.098645e-01 -2.701625e-02 2.828250e-02 -9.652927e-03 2.067491e-01 2.411925e-01 -4.480104e-03 6.439795e-03 7.325888e-03 4.164167e-02 1.766327e-02 -3.460857e-02 -8.034029e-03 -1.678381e-02 2.126927e-02 1.289834e-02 2.199218e-02 5.195654e-03 -1.601603e-02 -3.938556e-04
<VARIANCE> 39
 3.011697e+01 3.876119e+01 4.051745e+01 7.084399e+01 4.259599e+01 3.895926e+01 4.828542e+01 3.374309e+01 1.039163e+02 4.386997e+01 4.494812e+01 4.054631e+01 2.993195e-02 1.427645e+00 2.475376e+00 5.022717e+00 5.324826e+00 3.691280e+00 3.375803e+00 3.644979e+00 4.369012e+00 7.801601e+00 4.634255e+00 6.256439e+00 5.028059e+00 1.255475e-03 2.708584e-01 3.396219e-01 8.987135e-01 1.014174e+00 6.778023e-01 6.354911e-01 7.087827e-01 1.004853e+00 1.731526e+00 8.639489e-01 1.482084e+00 1.015221e+00 1.762977e-04
<GCONST> 1.126391e+02
<STATE> 5
<MEAN> 39
 3.623962e-07 6.357829e-07 1.080831e-07 1.144409e-07 6.357829e-08 3.178914e-07 6.612142e-07 2.257029e-07 -1.462301e-07 1.525879e-07 -2.288818e-07 -3.941854e-07 6.854219e-01 -4.231274e-02 -1.434553e-01 -1.504847e-02 2.139410e-01 2.831923e-01 1.539313e-01 2.098645e-01 -2.701625e-02 2.828250e-02 -9.652927e-03 2.067491e-01 2.411925e-01 -4.480104e-03 6.439795e-03 7.325888e-03 4.164167e-02 1.766327e-02 -3.460857e-02 -8.034029e-03 -1.678381e-02 2.126927e-02 1.289834e-02 2.199218e-02 5.195654e-03 -1.601603e-02 -3.938556e-04
<VARIANCE> 39
 3.011697e+01 3.876119e+01 4.051745e+01 7.084399e+01 4.259599e+01 3.895926e+01 4.828542e+01 3.374309e+01 1.039163e+02 4.386997e+01 4.494812e+01 4.054631e+01 2.993195e-02 1.427645e+00 2.475376e+00 5.022717e+00 5.324826e+00 3.691280e+00 3.375803e+00 3.644979e+00 4.369012e+00 7.801601e+00 4.634255e+00 6.256439e+00 5.028059e+00 1.255475e-03 2.708584e-01 3.396219e-01 8.987135e-01 1.014174e+00 6.778023e-01 6.354911e-01 7.087827e-01 1.004853e+00 1.731526e+00 8.639489e-01 1.482084e+00 1.015221e+00 1.762977e-04
<GCONST> 1.126391e+02
<STATE> 6
<MEAN> 39
 3.623962e-07 6.357829e-07 1.080831e-07 1.144409e-07 6.357829e-08 3.178914e-07 6.612142e-07 2.257029e-07 -1.462301e-07 1.525879e-07 -2.288818e-07 -3.941854e-07 6.854219e-01 -4.231274e-02 -1.434553e-01 -1.504847e-02 2.139410e-01 2.831923e-01 1.539313e-01 2.098645e-01 -2.701625e-02 2.828250e-02 -9.652927e-03 2.067491e-01 2.411925e-01 -4.480104e-03 6.439795e-03 7.325888e-03 4.164167e-02 1.766327e-02 -3.460857e-02 -8.034029e-03 -1.678381e-02 2.126927e-02 1.289834e-02 2.199218e-02 5.195654e-03 -1.601603e-02 -3.938556e-04
<VARIANCE> 39
 3.011697e+01 3.876119e+01 4.051745e+01 7.084399e+01 4.259599e+01 3.895926e+01 4.828542e+01 3.374309e+01 1.039163e+02 4.386997e+01 4.494812e+01 4.054631e+01 2.993195e-02 1.427645e+00 2.475376e+00 5.022717e+00 5.324826e+00 3.691280e+00 3.375803e+00 3.644979e+00 4.369012e+00 7.801601e+00 4.634255e+00 6.256439e+00 5.028059e+00 1.255475e-03 2.708584e-01 3.396219e-01 8.987135e-01 1.014174e+00 6.778023e-01 6.354911e-01 7.087827e-01 1.004853e+00 1.731526e+00 8.639489e-01 1.482084e+00 1.015221e+00 1.762977e-04
<GCONST> 1.126391e+02
<STATE> 7
<MEAN> 39
 3.623962e-07 6.357829e-07 1.080831e-07 1.144409e-07 6.357829e-08 3.178914e-07 6.612142e-07 2.257029e-07 -1.462301e-07 1.525879e-07 -2.288818e-07 -3.941854e-07 6.854219e-01 -4.231274e-02 -1.434553e-01 -1.504847e-02 2.139410e-01 2.831923e-01 1.539313e-01 2.098645e-01 -2.701625e-02 2.828250e-02 -9.652927e-03 2.067491e-01 2.411925e-01 -4.480104e-03 6.439795e-03 7.325888e-03 4.164167e-02 1.766327e-02 -3.460857e-02 -8.034029e-03 -1.678381e-02 2.126927e-02 1.289834e-02 2.199218e-02 5.195654e-03 -1.601603e-02 -3.938556e-04
<VARIANCE> 39
 3.011697e+01 3.876119e+01 4.051745e+01 7.084399e+01 4.259599e+01 3.895926e+01 4.828542e+01 3.374309e+01 1.039163e+02 4.386997e+01 4.494812e+01 4.054631e+01 2.993195e-02 1.427645e+00 2.475376e+00 5.022717e+00 5.324826e+00 3.691280e+00 3.375803e+00 3.644979e+00 4.369012e+00 7.801601e+00 4.634255e+00 6.256439e+00 5.028059e+00 1.255475e-03 2.708584e-01 3.396219e-01 8.987135e-01 1.014174e+00 6.778023e-01 6.354911e-01 7.087827e-01 1.004853e+00 1.731526e+00 8.639489e-01 1.482084e+00 1.015221e+00 1.762977e-04
<GCONST> 1.126391e+02
<STATE> 8
<MEAN> 39
 3.623962e-07 6.357829e-07 1.080831e-07 1.144409e-07 6.357829e-08 3.178914e-07 6.612142e-07 2.257029e-07 -1.462301e-07 1.525879e-07 -2.288818e-07 -3.941854e-07 6.854219e-01 -4.231274e-02 -1.434553e-01 -1.504847e-02 2.139410e-01 2.831923e-01 1.539313e-01 2.098645e-01 -2.701625e-02 2.828250e-02 -9.652927e-03 2.067491e-01 2.411925e-01 -4.480104e-03 6.439795e-03 7.325888e-03 4.164167e-02 1.766327e-02 -3.460857e-02 -8.034029e-03 -1.678381e-02 2.126927e-02 1.289834e-02 2.199218e-02 5.195654e-03 -1.601603e-02 -3.938556e-04
<VARIANCE> 39
 3.011697e+01 3.876119e+01 4.051745e+01 7.084399e+01 4.259599e+01 3.895926e+01 4.828542e+01 3.374309e+01 1.039163e+02 4.386997e+01 4.494812e+01 4.054631e+01 2.993195e-02 1.427645e+00 2.475376e+00 5.022717e+00 5.324826e+00 3.691280e+00 3.375803e+00 3.644979e+00 4.369012e+00 7.801601e+00 4.634255e+00 6.256439e+00 5.028059e+00 1.255475e-03 2.708584e-01 3.396219e-01 8.987135e-01 1.014174e+00 6.778023e-01 6.354911e-01 7.087827e-01 1.004853e+00 1.731526e+00 8.639489e-01 1.482084e+00 1.015221e+00 1.762977e-04
<GCONST> 1.126391e+02
<STATE> 9
<MEAN> 39
 3.623962e-07 6.357829e-07 1.080831e-07 1.144409e-07 6.357829e-08 3.178914e-07 6.612142e-07 2.257029e-07 -1.462301e-07 1.525879e-07 -2.288818e-07 -3.941854e-07 6.854219e-01 -4.231274e-02 -1.434553e-01 -1.504847e-02 2.139410e-01 2.831923e-01 1.539313e-01 2.098645e-01 -2.701625e-02 2.828250e-02 -9.652927e-03 2.067491e-01 2.411925e-01 -4.480104e-03 6.439795e-03 7.325888e-03 4.164167e-02 1.766327e-02 -3.460857e-02 -8.034029e-03 -1.678381e-02 2.126927e-02 1.289834e-02 2.199218e-02 5.195654e-03 -1.601603e-02 -3.938556e-04
<VARIANCE> 39
 3.011697e+01 3.876119e+01 4.051745e+01 7.084399e+01 4.259599e+01 3.895926e+01 4.828542e+01 3.374309e+01 1.039163e+02 4.386997e+01 4.494812e+01 4.054631e+01 2.993195e-02 1.427645e+00 2.475376e+00 5.022717e+00 5.324826e+00 3.691280e+00 3.375803e+00 3.644979e+00 4.369012e+00 7.801601e+00 4.634255e+00 6.256439e+00 5.028059e+00 1.255475e-03 2.708584e-01 3.396219e-01 8.987135e-01 1.014174e+00 6.778023e-01 6.354911e-01 7.087827e-01 1.004853e+00 1.731526e+00 8.639489e-01 1.482084e+00 1.015221e+00 1.762977e-04
<GCONST> 1.126391e+02
<TRANSP> 10
 0.000000e+00 1.000000e+00 0.000000e+00 0.000000e+00 0.000000e+00 0.000000e+00 0.000000e+00 0.000000e+00 0.000000e+00 0.000000e+00
 0.000000e+00 9.000000e-01 9.999999e-02 0.000000e+00 0.000000e+00 0.000000e+00 0.000000e+00 0.000000e+00 0.000000e+00 0.000000e+00
 0.000000e+00 0.000000e+00 9.000000e-01 9.999999e-02 0.000000e+00 0.000000e+00 0.000000e+00 0.000000e+00 0.000000e+00 0.000000e+00
 0.000000e+00 0.000000e+00 0.000000e+00 9.000000e-01 9.999999e-02 0.000000e+00 0.000000e+00 0.000000e+00 0.000000e+00 0.000000e+00
 0.000000e+00 0.000000e+00 0.000000e+00 0.000000e+00 9.000000e-01 9.999999e-02 0.000000e+00 0.000000e+00 0.000000e+00 0.000000e+00
 0.000000e+00 0.000000e+00 0.000000e+00 0.000000e+00 0.000000e+00 9.000000e-01 9.999999e-02 0.000000e+00 0.000000e+00 0.000000e+00
 0.000000e+00 0.000000e+00 0.000000e+00 0.000000e+00 0.000000e+00 0.000000e+00 9.000000e-01 9.999999e-02 0.000000e+00 0.000000e+00
 0.000000e+00 0.000000e+00 0.000000e+00 0.000000e+00 0.000000e+00 0.000000e+00 0.000000e+00 9.000000e-01 9.999999e-02 0.000000e+00
 0.000000e+00 0.000000e+00 0.000000e+00 0.000000e+00 0.000000e+00 0.000000e+00 0.000000e+00 0.000000e+00 9.000000e-01 9.999999e-02
 0.000000e+00 0.000000e+00 0.000000e+00 0.000000e+00 0.000000e+00 0.000000e+00 0.000000e+00 0.000000e+00 0.000000e+00 0.000000e+00
<ENDHMM>
