~o
<STREAMINFO> 1 39
<VECSIZE> 39<NULLD><MFCC_E_D_A_Z><DIAGC>
~h "s039"
<BEGINHMM>
<NUMSTATES> 10
<STATE> 2
<MEAN> 39
 -1.453772e-08 -7.268859e-08 2.907544e-09 -4.419466e-07 -7.559614e-07 3.023845e-07 4.884673e-07 2.093431e-07 2.762166e-08 -2.238809e-07 -1.628224e-07 3.779807e-08 6.562031e-01 2.113567e-01 -4.193032e-02 2.547890e-02 3.510492e-02 -2.067924e-01 -3.329414e-04 7.635154e-02 -2.168918e-01 8.147058e-02 -1.520035e-04 3.415363e-02 -1.135628e-02 -7.611464e-04 3.340081e-03 6.780283e-03 -2.376079e-02 1.195536e-02 -3.198975e-03 2.268036e-02 2.696116e-02 -4.931880e-03 -1.618205e-02 3.934776e-02 -2.010355e-02 1.223371e-02 -9.064265e-05
<VARIANCE> 39
 4.516820e+01 1.631404e+01 1.369739e+01 7.983015e+01 1.023076e+02 3.176525e+01 5.056029e+01 5.996031e+01 3.390765e+01 3.555532e+01 2.461174e+01 3.367339e+01 5.291843e-02 2.148323e+00 9.363639e-01 1.342950e+00 3.026441e+00 4.181507e+00 3.124264e+00 4.570672e+00 2.670062e+00 4.598949e+00 3.063669e+00 2.029697e+00 3.132644e+00 2.096612e-03 3.558619e-01 1.528237e-01 2.159953e-01 3.145344e-01 5.102394e-01 5.478362e-01 7.529238e-01 4.241742e-01 8.953961e-01 6.230612e-01 4.345875e-01 5.490630e-01 2.109943e-04
<GCONST> 9.925910e+01
<STATE> 3
<MEAN> 39
 -1.453772e-08 -7.268859e-08 2.907544e-09 -4.419466e-07 -7.559614e-07 3.023845e-07 4.884673e-07 2.093431e-07 2.762166e-08 -2.238809e-07 -1.628224e-07 3.779807e-08 6.562031e-01 2.113567e-01 -4.193032e-02 2.547890e-02 3.510492e-02 -2.067924e-01 -3.329414e-04 7.635154e-02 -2.168918e-01 8.147058e-02 -1.520035e-04 3.415363e-02 -1.135628e-02 -7.611464e-04 3.340081e-03 6.780283e-03 -2.376079e-02 1.195536e-02 -3.198975e-03 2.268036e-02 2.696116e-02 -4.931880e-03 -1.618205e-02 3.934776e-02 -2.010355e-02 1.223371e-02 -9.064265e-05
<VARIANCE> 39
 4.516820e+01 1.631404e+01 1.369739e+01 7.983015e+01 1.023076e+02 3.176525e+01 5.056029e+01 5.996031e+01 3.390765e+01 3.555532e+01 2.461174e+01 3.367339e+01 5.291843e-02 2.148323e+00 9.363639e-01 1.342950e+00 3.026441e+00 4.181507e+00 3.124264e+00 4.570672e+00 2.670062e+00 4.598949e+00 3.063669e+00 2.029697e+00 3.132644e+00 2.096612e-03 3.558619e-01 1.528237e-01 2.159953e-01 3.145344e-01 5.102394e-01 5.478362e-01 7.529238e-01 4.241742e-01 8.953961e-01 6.230612e-01 4.345875e-01 5.490630e-01 2.109943e-04
<GCONST> 9.925910e+01
<STATE> 4
<MEAN> 39
 -1.453772e-08 -7.268859e-08 2.907544e-09 -4.419466e-07 -7.559614e-07 3.023845e-07 4.884673e-07 2.093431e-07 2.762166e-08 -2.238809e-07 -1.628224e-07 3.779807e-08 6.562031e-01 2.113567e-01 -4.193032e-02 2.547890e-02 3.510492e-02 -2.067924e-01 -3.329414e-04 7.635154e-02 -2.168918e-01 8.147058e-02 -1.520035e-04 3.415363e-02 -1.135628e-02 -7.611464e-04 3.340081e-03 6.780283e-03 -2.376079e-02 1.195536e-02 -3.198975e-03 2.268036e-02 2.696116e-02 -4.931880e-03 -1.618205e-02 3.934776e-02 -2.010355e-02 1.223371e-02 -9.064265e-05
<VARIANCE> 39
 4.516820e+01 1.631404e+01 1.369739e+01 7.983015e+01 1.023076e+02 3.176525e+01 5.056029e+01 5.996031e+01 3.390765e+01 3.555532e+01 2.461174e+01 3.367339e+01 5.291843e-02 2.148323e+00 9.363639e-01 1.342950e+00 3.026441e+00 4.181507e+00 3.124264e+00 4.570672e+00 2.670062e+00 4.598949e+00 3.063669e+00 2.029697e+00 3.132644e+00 2.096612e-03 3.558619e-01 1.528237e-01 2.159953e-01 3.145344e-01 5.102394e-01 5.478362e-01 7.529238e-01 4.241742e-01 8.953961e-01 6.230612e-01 4.345875e-01 5.490630e-01 2.109943e-04
<GCONST> 9.925910e+01
<STATE> 5
<MEAN> 39
 -1.453772e-08 -7.268859e-08 2.907544e-09 -4.419466e-07 -7.559614e-07 3.023845e-07 4.884673e-07 2.093431e-07 2.762166e-08 -2.238809e-07 -1.628224e-07 3.779807e-08 6.562031e-01 2.113567e-01 -4.193032e-02 2.547890e-02 3.510492e-02 -2.067924e-01 -3.329414e-04 7.635154e-02 -2.168918e-01 8.147058e-02 -1.520035e-04 3.415363e-02 -1.135628e-02 -7.611464e-04 3.340081e-03 6.780283e-03 -2.376079e-02 1.195536e-02 -3.198975e-03 2.268036e-02 2.696116e-02 -4.931880e-03 -1.618205e-02 3.934776e-02 -2.010355e-02 1.223371e-02 -9.064265e-05
<VARIANCE> 39
 4.516820e+01 1.631404e+01 1.369739e+01 7.983015e+01 1.023076e+02 3.176525e+01 5.056029e+01 5.996031e+01 3.390765e+01 3.555532e+01 2.461174e+01 3.367339e+01 5.291843e-02 2.148323e+00 9.363639e-01 1.342950e+00 3.026441e+00 4.181507e+00 3.124264e+00 4.570672e+00 2.670062e+00 4.598949e+00 3.063669e+00 2.029697e+00 3.132644e+00 2.096612e-03 3.558619e-01 1.528237e-01 2.159953e-01 3.145344e-01 5.102394e-01 5.478362e-01 7.529238e-01 4.241742e-01 8.953961e-01 6.230612e-01 4.345875e-01 5.490630e-01 2.109943e-04
<GCONST> 9.925910e+01
<STATE> 6
<MEAN> 39
 -1.453772e-08 -7.268859e-08 2.907544e-09 -4.419466e-07 -7.559614e-07 3.023845e-07 4.884673e-07 2.093431e-07 2.762166e-08 -2.238809e-07 -1.628224e-07 3.779807e-08 6.562031e-01 2.113567e-01 -4.193032e-02 2.547890e-02 3.510492e-02 -2.067924e-01 -3.329414e-04 7.635154e-02 -2.168918e-01 8.147058e-02 -1.520035e-04 3.415363e-02 -1.135628e-02 -7.611464e-04 3.340081e-03 6.780283e-03 -2.376079e-02 1.195536e-02 -3.198975e-03 2.268036e-02 2.696116e-02 -4.931880e-03 -1.618205e-02 3.934776e-02 -2.010355e-02 1.223371e-02 -9.064265e-05
<VARIANCE> 39
 4.516820e+01 1.631404e+01 1.369739e+01 7.983015e+01 1.023076e+02 3.176525e+01 5.056029e+01 5.996031e+01 3.390765e+01 3.555532e+01 2.461174e+01 3.367339e+01 5.291843e-02 2.148323e+00 9.363639e-01 1.342950e+00 3.026441e+00 4.181507e+00 3.124264e+00 4.570672e+00 2.670062e+00 4.598949e+00 3.063669e+00 2.029697e+00 3.132644e+00 2.096612e-03 3.558619e-01 1.528237e-01 2.159953e-01 3.145344e-01 5.102394e-01 5.478362e-01 7.529238e-01 4.241742e-01 8.953961e-01 6.230612e-01 4.345875e-01 5.490630e-01 2.109943e-04
<GCONST> 9.925910e+01
<STATE> 7
<MEAN> 39
 -1.453772e-08 -7.268859e-08 2.907544e-09 -4.419466e-07 -7.559614e-07 3.023845e-07 4.884673e-07 2.093431e-07 2.762166e-08 -2.238809e-07 -1.628224e-07 3.779807e-08 6.562031e-01 2.113567e-01 -4.193032e-02 2.547890e-02 3.510492e-02 -2.067924e-01 -3.329414e-04 7.635154e-02 -2.168918e-01 8.147058e-02 -1.520035e-04 3.415363e-02 -1.135628e-02 -7.611464e-04 3.340081e-03 6.780283e-03 -2.376079e-02 1.195536e-02 -3.198975e-03 2.268036e-02 2.696116e-02 -4.931880e-03 -1.618205e-02 3.934776e-02 -2.010355e-02 1.223371e-02 -9.064265e-05
<VARIANCE> 39
 4.516820e+01 1.631404e+01 1.369739e+01 7.983015e+01 1.023076e+02 3.176525e+01 5.056029e+01 5.996031e+01 3.390765e+01 3.555532e+01 2.461174e+01 3.367339e+01 5.291843e-02 2.148323e+00 9.363639e-01 1.342950e+00 3.026441e+00 4.181507e+00 3.124264e+00 4.570672e+00 2.670062e+00 4.598949e+00 3.063669e+00 2.029697e+00 3.132644e+00 2.096612e-03 3.558619e-01 1.528237e-01 2.159953e-01 3.145344e-01 5.102394e-01 5.478362e-01 7.529238e-01 4.241742e-01 8.953961e-01 6.230612e-01 4.345875e-01 5.490630e-01 2.109943e-04
<GCONST> 9.925910e+01
<STATE> 8
<MEAN> 39
 -1.453772e-08 -7.268859e-08 2.907544e-09 -4.419466e-07 -7.559614e-07 3.023845e-07 4.884673e-07 2.093431e-07 2.762166e-08 -2.238809e-07 -1.628224e-07 3.779807e-08 6.562031e-01 2.113567e-01 -4.193032e-02 2.547890e-02 3.510492e-02 -2.067924e-01 -3.329414e-04 7.635154e-02 -2.168918e-01 8.147058e-02 -1.520035e-04 3.415363e-02 -1.135628e-02 -7.611464e-04 3.340081e-03 6.780283e-03 -2.376079e-02 1.195536e-02 -3.198975e-03 2.268036e-02 2.696116e-02 -4.931880e-03 -1.618205e-02 3.934776e-02 -2.010355e-02 1.223371e-02 -9.064265e-05
<VARIANCE> 39
 4.516820e+01 1.631404e+01 1.369739e+01 7.983015e+01 1.023076e+02 3.176525e+01 5.056029e+01 5.996031e+01 3.390765e+01 3.555532e+01 2.461174e+01 3.367339e+01 5.291843e-02 2.148323e+00 9.363639e-01 1.342950e+00 3.026441e+00 4.181507e+00 3.124264e+00 4.570672e+00 2.670062e+00 4.598949e+00 3.063669e+00 2.029697e+00 3.132644e+00 2.096612e-03 3.558619e-01 1.528237e-01 2.159953e-01 3.145344e-01 5.102394e-01 5.478362e-01 7.529238e-01 4.241742e-01 8.953961e-01 6.230612e-01 4.345875e-01 5.490630e-01 2.109943e-04
<GCONST> 9.925910e+01
<STATE> 9
<MEAN> 39
 -1.453772e-08 -7.268859e-08 2.907544e-09 -4.419466e-07 -7.559614e-07 3.023845e-07 4.884673e-07 2.093431e-07 2.762166e-08 -2.238809e-07 -1.628224e-07 3.779807e-08 6.562031e-01 2.113567e-01 -4.193032e-02 2.547890e-02 3.510492e-02 -2.067924e-01 -3.329414e-04 7.635154e-02 -2.168918e-01 8.147058e-02 -1.520035e-04 3.415363e-02 -1.135628e-02 -7.611464e-04 3.340081e-03 6.780283e-03 -2.376079e-02 1.195536e-02 -3.198975e-03 2.268036e-02 2.696116e-02 -4.931880e-03 -1.618205e-02 3.934776e-02 -2.010355e-02 1.223371e-02 -9.064265e-05
<VARIANCE> 39
 4.516820e+01 1.631404e+01 1.369739e+01 7.983015e+01 1.023076e+02 3.176525e+01 5.056029e+01 5.996031e+01 3.390765e+01 3.555532e+01 2.461174e+01 3.367339e+01 5.291843e-02 2.148323e+00 9.363639e-01 1.342950e+00 3.026441e+00 4.181507e+00 3.124264e+00 4.570672e+00 2.670062e+00 4.598949e+00 3.063669e+00 2.029697e+00 3.132644e+00 2.096612e-03 3.558619e-01 1.528237e-01 2.159953e-01 3.145344e-01 5.102394e-01 5.478362e-01 7.529238e-01 4.241742e-01 8.953961e-01 6.230612e-01 4.345875e-01 5.490630e-01 2.109943e-04
<GCONST> 9.925910e+01
<TRANSP> 10
 0.000000e+00 1.000000e+00 0.000000e+00 0.000000e+00 0.000000e+00 0.000000e+00 0.000000e+00 0.000000e+00 0.000000e+00 0.000000e+00
 0.000000e+00 9.000000e-01 9.999999e-02 0.000000e+00 0.000000e+00 0.000000e+00 0.000000e+00 0.000000e+00 0.000000e+00 0.000000e+00
 0.000000e+00 0.000000e+00 9.000000e-01 9.999999e-02 0.000000e+00 0.000000e+00 0.000000e+00 0.000000e+00 0.000000e+00 0.000000e+00
 0.000000e+00 0.000000e+00 0.000000e+00 9.000000e-01 9.999999e-02 0.000000e+00 0.000000e+00 0.000000e+00 0.000000e+00 0.000000e+00
 0.000000e+00 0.000000e+00 0.000000e+00 0.000000e+00 9.000000e-01 9.999999e-02 0.000000e+00 0.000000e+00 0.000000e+00 0.000000e+00
 0.000000e+00 0.000000e+00 0.000000e+00 0.000000e+00 0.000000e+00 9.000000e-01 9.999999e-02 0.000000e+00 0.000000e+00 0.000000e+00
 0.000000e+00 0.000000e+00 0.000000e+00 0.000000e+00 0.000000e+00 0.000000e+00 9.000000e-01 9.999999e-02 0.000000e+00 0.000000e+00
 0.000000e+00 0.000000e+00 0.000000e+00 0.000000e+00 0.000000e+00 0.000000e+00 0.000000e+00 9.000000e-01 9.999999e-02 0.000000e+00
 0.000000e+00 0.000000e+00 0.000000e+00 0.000000e+00 0.000000e+00 0.000000e+00 0.000000e+00 0.000000e+00 9.000000e-01 9.999999e-02
 0.000000e+00 0.000000e+00 0.000000e+00 0.000000e+00 0.000000e+00 0.000000e+00 0.000000e+00 0.000000e+00 0.000000e+00 0.000000e+00
<ENDHMM>
