~o
<STREAMINFO> 1 39
<VECSIZE> 39<NULLD><MFCC_E_D_A_Z><DIAGC>
~h "s040"
<BEGINHMM>
<NUMSTATES> 10
<STATE> 2
<MEAN> 39
 -4.061946e-07 3.686658e-07 -1.236244e-07 2.825702e-07 -2.649095e-07 -5.033281e-07 3.532127e-07 -1.942670e-07 2.119276e-07 -2.604944e-07 -3.532127e-07 -4.415159e-08 8.262375e-01 3.182354e-01 -2.021405e-01 3.928732e-02 1.789822e-01 -8.154360e-02 -2.087813e-01 -1.662844e-01 -3.660080e-01 -2.628415e-02 -4.899700e-02 -2.224838e-01 -4.396102e-02 2.178004e-04 -1.183537e-03 1.110508e-02 3.107724e-02 -5.583994e-03 -3.835287e-02 -6.801602e-02 3.982767e-02 5.672739e-02 5.347426e-02 3.734906e-02 2.939629e-02 -3.410982e-02 -9.628973e-04
<VARIANCE> 39
 3.623842e+01 5.151188e+01 2.794440e+01 6.408616e+01 2.561623e+01 3.518218e+01 2.635447e+01 2.524187e+01 7.650316e+01 3.258355e+01 3.696707e+01 3.456423e+01 3.654112e-02 1.998735e+00 3.103922e+00 2.268326e+00 4.604989e+00 3.004864e+00 3.245226e+00 4.168818e+00 3.125801e+00 8.151308e+00 4.457494e+00 4.289135e+00 3.500717e+00 3.191187e-03 3.850151e-01 3.901160e-01 3.166728e-01 9.409228e-01 5.561535e-01 6.891409e-01 7.129309e-01 5.116336e-01 1.465583e+00 8.416048e-01 6.916750e-01 6.316639e-01 3.994768e-04
<GCONST> 1.077210e+02
<STATE> 3
<MEAN> 39
 -4.061946e-07 3.686658e-07 -1.236244e-07 2.825702e-07 -2.649095e-07 -5.033281e-07 3.532127e-07 -1.942670e-07 2.119276e-07 -2.604944e-07 -3.532127e-07 -4.415159e-08 8.262375e-01 3.182354e-01 -2.021405e-01 3.928732e-02 1.789822e-01 -8.154360e-02 -2.087813e-01 -1.662844e-01 -3.660080e-01 -2.628415e-02 -4.899700e-02 -2.224838e-01 -4.396102e-02 2.178004e-04 -1.183537e-03 1.110508e-02 3.107724e-02 -5.583994e-03 -3.835287e-02 -6.801602e-02 3.982767e-02 5.672739e-02 5.347426e-02 3.734906e-02 2.939629e-02 -3.410982e-02 -9.628973e-04
<VARIANCE> 39
 3.623842e+01 5.151188e+01 2.794440e+01 6.408616e+01 2.561623e+01 3.518218e+01 2.635447e+01 2.524187e+01 7.650316e+01 3.258355e+01 3.696707e+01 3.456423e+01 3.654112e-02 1.998735e+00 3.103922e+00 2.268326e+00 4.604989e+00 3.004864e+00 3.245226e+00 4.168818e+00 3.125801e+00 8.151308e+00 4.457494e+00 4.289135e+00 3.500717e+00 3.191187e-03 3.850151e-01 3.901160e-01 3.166728e-01 9.409228e-01 5.561535e-01 6.891409e-01 7.129309e-01 5.116336e-01 1.465583e+00 8.416048e-01 6.916750e-01 6.316639e-01 3.994768e-04
<GCONST> 1.077210e+02
<STATE> 4
<MEAN> 39
 -4.061946e-07 3.686658e-07 -1.236244e-07 2.825702e-07 -2.649095e-07 -5.033281e-07 3.532127e-07 -1.942670e-07 2.119276e-07 -2.604944e-07 -3.532127e-07 -4.415159e-08 8.262375e-01 3.182354e-01 -2.021405e-01 3.928732e-02 1.789822e-01 -8.154360e-02 -2.087813e-01 -1.662844e-01 -3.660080e-01 -2.628415e-02 -4.899700e-02 -2.224838e-01 -4.396102e-02 2.178004e-04 -1.183537e-03 1.110508e-02 3.107724e-02 -5.583994e-03 -3.835287e-02 -6.801602e-02 3.982767e-02 5.672739e-02 5.347426e-02 3.734906e-02 2.939629e-02 -3.410982e-02 -9.628973e-04
<VARIANCE> 39
 3.623842e+01 5.151188e+01 2.794440e+01 6.408616e+01 2.561623e+01 3.518218e+01 2.635447e+01 2.524187e+01 7.650316e+01 3.258355e+01 3.696707e+01 3.456423e+01 3.654112e-02 1.998735e+00 3.103922e+00 2.268326e+00 4.604989e+00 3.004864e+00 3.245226e+00 4.168818e+00 3.125801e+00 8.151308e+00 4.457494e+00 4.289135e+00 3.500717e+00 3.191187e-03 3.850151e-01 3.901160e-01 3.166728e-01 9.409228e-01 5.561535e-01 6.891409e-01 7.129309e-01 5.116336e-01 1.465583e+00 8.416048e-01 6.916750e-01 6.316639e-01 3.994768e-04
<GCONST> 1.077210e+02
<STATE> 5
<MEAN> 39
 -4.061946e-07 3.686658e-07 -1.236244e-07 2.825702e-07 -2.649095e-07 -5.033281e-07 3.532127e-07 -1.942670e-07 2.119276e-07 -2.604944e-07 -3.532127e-07 -4.415159e-08 8.262375e-01 3.182354e-01 -2.021405e-01 3.928732e-02 1.789822e-01 -8.154360e-02 -2.087813e-01 -1.662844e-01 -3.660080e-01 -2.628415e-02 -4.899700e-02 -2.224838e-01 -4.396102e-02 2.178004e-04 -1.183537e-03 1.110508e-02 3.107724e-02 -5.583994e-03 -3.835287e-02 -6.801602e-02 3.982767e-02 5.672739e-02 5.347426e-02 3.734906e-02 2.939629e-02 -3.410982e-02 -9.628973e-04
<VARIANCE> 39
 3.623842e+01 5.151188e+01 2.794440e+01 6.408616e+01 2.561623e+01 3.518218e+01 2.635447e+01 2.524187e+01 7.650316e+01 3.258355e+01 3.696707e+01 3.456423e+01 3.654112e-02 1.998735e+00 3.103922e+00 2.268326e+00 4.604989e+00 3.004864e+00 3.245226e+00 4.168818e+00 3.125801e+00 8.151308e+00 4.457494e+00 4.289135e+00 3.500717e+00 3.191187e-03 3.850151e-01 3.901160e-01 3.166728e-01 9.409228e-01 5.561535e-01 6.891409e-01 7.129309e-01 5.116336e-01 1.465583e+00 8.416048e-01 6.916750e-01 6.316639e-01 3.994768e-04
<GCONST> 1.077210e+02
<STATE> 6
<MEAN> 39
 -4.061946e-07 3.686658e-07 -1.236244e-07 2.825702e-07 -2.649095e-07 -5.033281e-07 3.532127e-07 -1.942670e-07 2.119276e-07 -2.604944e-07 -3.532127e-07 -4.415159e-08 8.262375e-01 3.182354e-01 -2.021405e-01 3.928732e-02 1.789822e-01 -8.154360e-02 -2.087813e-01 -1.662844e-01 -3.660080e-01 -2.628415e-02 -4.899700e-02 -2.224838e-01 -4.396102e-02 2.178004e-04 -1.183537e-03 1.110508e-02 3.107724e-02 -5.583994e-03 -3.835287e-02 -6.801602e-02 3.982767e-02 5.672739e-02 5.347426e-02 3.734906e-02 2.939629e-02 -3.410982e-02 -9.628973e-04
<VARIANCE> 39
 3.623842e+01 5.151188e+01 2.794440e+01 6.408616e+01 2.561623e+01 3.518218e+01 2.635447e+01 2.524187e+01 7.650316e+01 3.258355e+01 3.696707e+01 3.456423e+01 3.654112e-02 1.998735e+00 3.103922e+00 2.268326e+00 4.604989e+00 3.004864e+00 3.245226e+00 4.168818e+00 3.125801e+00 8.151308e+00 4.457494e+00 4.289135e+00 3.500717e+00 3.191187e-03 3.850151e-01 3.901160e-01 3.166728e-01 9.409228e-01 5.561535e-01 6.891409e-01 7.129309e-01 5.116336e-01 1.465583e+00 8.416048e-01 6.916750e-01 6.316639e-01 3.994768e-04
<GCONST> 1.077210e+02
<STATE> 7
<MEAN> 39
 -4.061946e-07 3.686658e-07 -1.236244e-07 2.825702e-07 -2.649095e-07 -5.033281e-07 3.532127e-07 -1.942670e-07 2.119276e-07 -2.604944e-07 -3.532127e-07 -4.415159e-08 8.262375e-01 3.182354e-01 -2.021405e-01 3.928732e-02 1.789822e-01 -8.154360e-02 -2.087813e-01 -1.662844e-01 -3.660080e-01 -2.628415e-02 -4.899700e-02 -2.224838e-01 -4.396102e-02 2.178004e-04 -1.183537e-03 1.110508e-02 3.107724e-02 -5.583994e-03 -3.835287e-02 -6.801602e-02 3.982767e-02 5.672739e-02 5.347426e-02 3.734906e-02 2.939629e-02 -3.410982e-02 -9.628973e-04
<VARIANCE> 39
 3.623842e+01 5.151188e+01 2.794440e+01 6.408616e+01 2.561623e+01 3.518218e+01 2.635447e+01 2.524187e+01 7.650316e+01 3.258355e+01 3.696707e+01 3.456423e+01 3.654112e-02 1.998735e+00 3.103922e+00 2.268326e+00 4.604989e+00 3.004864e+00 3.245226e+00 4.168818e+00 3.125801e+00 8.151308e+00 4.457494e+00 4.289135e+00 3.500717e+00 3.191187e-03 3.850151e-01 3.901160e-01 3.166728e-01 9.409228e-01 5.561535e-01 6.891409e-01 7.129309e-01 5.116336e-01 1.465583e+00 8.416048e-01 6.916750e-01 6.316639e-01 3.994768e-04
<GCONST> 1.077210e+02
<STATE> 8
<MEAN> 39
 -4.061946e-07 3.686658e-07 -1.236244e-07 2.825702e-07 -2.649095e-07 -5.033281e-07 3.532127e-07 -1.942670e-07 2.119276e-07 -2.604944e-07 -3.532127e-07 -4.415159e-08 8.262375e-01 3.182354e-01 -2.021405e-01 3.928732e-02 1.789822e-01 -8.154360e-02 -2.087813e-01 -1.662844e-01 -3.660080e-01 -2.628415e-02 -4.899700e-02 -2.224838e-01 -4.396102e-02 2.178004e-04 -1.183537e-03 1.110508e-02 3.107724e-02 -5.583994e-03 -3.835287e-02 -6.801602e-02 3.982767e-02 5.672739e-02 5.347426e-02 3.734906e-02 2.939629e-02 -3.410982e-02 -9.628973e-04
<VARIANCE> 39
 3.623842e+01 5.151188e+01 2.794440e+01 6.408616e+01 2.561623e+01 3.518218e+01 2.635447e+01 2.524187e+01 7.650316e+01 3.258355e+01 3.696707e+01 3.456423e+01 3.654112e-02 1.998735e+00 3.103922e+00 2.268326e+00 4.604989e+00 3.004864e+00 3.245226e+00 4.168818e+00 3.125801e+00 8.151308e+00 4.457494e+00 4.289135e+00 3.500717e+00 3.191187e-03 3.850151e-01 3.901160e-01 3.166728e-01 9.409228e-01 5.561535e-01 6.891409e-01 7.129309e-01 5.116336e-01 1.465583e+00 8.416048e-01 6.916750e-01 6.316639e-01 3.994768e-04
<GCONST> 1.077210e+02
<STATE> 9
<MEAN> 39
 -4.061946e-07 3.686658e-07 -1.236244e-07 2.825702e-07 -2.649095e-07 -5.033281e-07 3.532127e-07 -1.942670e-07 2.119276e-07 -2.604944e-07 -3.532127e-07 -4.415159e-08 8.262375e-01 3.182354e-01 -2.021405e-01 3.928732e-02 1.789822e-01 -8.154360e-02 -2.087813e-01 -1.662844e-01 -3.660080e-01 -2.628415e-02 -4.899700e-02 -2.224838e-01 -4.396102e-02 2.178004e-04 -1.183537e-03 1.110508e-02 3.107724e-02 -5.583994e-03 -3.835287e-02 -6.801602e-02 3.982767e-02 5.672739e-02 5.347426e-02 3.734906e-02 2.939629e-02 -3.410982e-02 -9.628973e-04
<VARIANCE> 39
 3.623842e+01 5.151188e+01 2.794440e+01 6.408616e+01 2.561623e+01 3.518218e+01 2.635447e+01 2.524187e+01 7.650316e+01 3.258355e+01 3.696707e+01 3.456423e+01 3.654112e-02 1.998735e+00 3.103922e+00 2.268326e+00 4.604989e+00 3.004864e+00 3.245226e+00 4.168818e+00 3.125801e+00 8.151308e+00 4.457494e+00 4.289135e+00 3.500717e+00 3.191187e-03 3.850151e-01 3.901160e-01 3.166728e-01 9.409228e-01 5.561535e-01 6.891409e-01 7.129309e-01 5.116336e-01 1.465583e+00 8.416048e-01 6.916750e-01 6.316639e-01 3.994768e-04
<GCONST> 1.077210e+02
<TRANSP> 10
 0.000000e+00 1.000000e+00 0.000000e+00 0.000000e+00 0.000000e+00 0.000000e+00 0.000000e+00 0.000000e+00 0.000000e+00 0.000000e+00
 0.000000e+00 9.000000e-01 9.999999e-02 0.000000e+00 0.000000e+00 0.000000e+00 0.000000e+00 0.000000e+00 0.000000e+00 0.000000e+00
 0.000000e+00 0.000000e+00 9.000000e-01 9.999999e-02 0.000000e+00 0.000000e+00 0.000000e+00 0.000000e+00 0.000000e+00 0.000000e+00
 0.000000e+00 0.000000e+00 0.000000e+00 9.000000e-01 9.999999e-02 0.000000e+00 0.000000e+00 0.000000e+00 0.000000e+00 0.000000e+00
 0.000000e+00 0.000000e+00 0.000000e+00 0.000000e+00 9.000000e-01 9.999999e-02 0.000000e+00 0.000000e+00 0.000000e+00 0.000000e+00
 0.000000e+00 0.000000e+00 0.000000e+00 0.000000e+00 0.000000e+00 9.000000e-01 9.999999e-02 0.000000e+00 0.000000e+00 0.000000e+00
 0.000000e+00 0.000000e+00 0.000000e+00 0.000000e+00 0.000000e+00 0.000000e+00 9.000000e-01 9.999999e-02 0.000000e+00 0.000000e+00
 0.000000e+00 0.000000e+00 0.000000e+00 0.000000e+00 0.000000e+00 0.000000e+00 0.000000e+00 9.000000e-01 9.999999e-02 0.000000e+00
 0.000000e+00 0.000000e+00 0.000000e+00 0.000000e+00 0.000000e+00 0.000000e+00 0.000000e+00 0.000000e+00 9.000000e-01 9.999999e-02
 0.000000e+00 0.000000e+00 0.000000e+00 0.000000e+00 0.000000e+00 0.000000e+00 0.000000e+00 0.000000e+00 0.000000e+00 0.000000e+00
<ENDHMM>
