~o
<STREAMINFO> 1 39
<VECSIZE> 39<NULLD><MFCC_E_D_A_Z><DIAGC>
~h "s041"
<BEGINHMM>
<NUMSTATES> 10
<STATE> 2
<MEAN> 39
 -5.449568e-08 -8.174352e-08 -3.269741e-07 4.087176e-07 2.043588e-08 1.634870e-07 0.000000e+00 1.362392e-06 -5.449568e-08 0.000000e+00 2.179827e-07 8.855547e-08 7.415283e-01 -3.613641e-01 3.065478e-01 2.829688e-01 -2.065801e-01 -1.241320e-01 5.057483e-01 -2.604378e-02 3.994367e-01 5.310387e-01 -3.967778e-01 -1.601382e-01 1.036651e-01 -7.408011e-03 -2.053628e-02 5.342021e-02 -3.366324e-02 -6.802710e-03 -1.047977e-02 3.575381e-03 -4.142359e-02 3.087723e-02 -1.232774e-03 4.960724e-05 -8.860508e-02 2.063200e-02 -1.081607e-03
<VARIANCE> 39
 9.620706e+00 9.536959e+00 1.836156e+01 4.410680e+01 1.559584e+01 1.356202e+02 2.906441e+01 8.084922e+01 2.249814e+01 1.548750e+01 2.029362e+01 2.267038e+01 5.132399e-02 1.543343e+00 7.236608e-01 1.148508e+00 2.772871e+00 1.899892e+00 3.959872e+00 4.047447e+00 5.130504e+00 1.373381e+00 2.396603e+00 1.503472e+00 2.583981e+00 1.208573e-03 2.484012e-01 1.382505e-01 2.410984e-01 3.986941e-01 3.679600e-01 6.200472e-01 7.714155e-01 1.011889e+00 2.244564e-01 4.551314e-01 1.689089e-01 5.781387e-01 6.254766e-05
<GCONST> 8.775153e+01
<STATE> 3
<MEAN> 39
 -5.449568e-08 -8.174352e-08 -3.269741e-07 4.087176e-07 2.043588e-08 1.634870e-07 0.000000e+00 1.362392e-06 -5.449568e-08 0.000000e+00 2.179827e-07 8.855547e-08 7.415283e-01 -3.613641e-01 3.065478e-01 2.829688e-01 -2.065801e-01 -1.241320e-01 5.057483e-01 -2.604378e-02 3.994367e-01 5.310387e-01 -3.967778e-01 -1.601382e-01 1.036651e-01 -7.408011e-03 -2.053628e-02 5.342021e-02 -3.366324e-02 -6.802710e-03 -1.047977e-02 3.575381e-03 -4.142359e-02 3.087723e-02 -1.232774e-03 4.960724e-05 -8.860508e-02 2.063200e-02 -1.081607e-03
<VARIANCE> 39
 9.620706e+00 9.536959e+00 1.836156e+01 4.410680e+01 1.559584e+01 1.356202e+02 2.906441e+01 8.084922e+01 2.249814e+01 1.548750e+01 2.029362e+01 2.267038e+01 5.132399e-02 1.543343e+00 7.236608e-01 1.148508e+00 2.772871e+00 1.899892e+00 3.959872e+00 4.047447e+00 5.130504e+00 1.373381e+00 2.396603e+00 1.503472e+00 2.583981e+00 1.208573e-03 2.484012e-01 1.382505e-01 2.410984e-01 3.986941e-01 3.679600e-01 6.200472e-01 7.714155e-01 1.011889e+00 2.244564e-01 4.551314e-01 1.689089e-01 5.781387e-01 6.254766e-05
<GCONST> 8.775153e+01
<STATE> 4
<MEAN> 39
 -5.449568e-08 -8.174352e-08 -3.269741e-07 4.087176e-07 2.043588e-08 1.634870e-07 0.000000e+00 1.362392e-06 -5.449568e-08 0.000000e+00 2.179827e-07 8.855547e-08 7.415283e-01 -3.613641e-01 3.065478e-01 2.829688e-01 -2.065801e-01 -1.241320e-01 5.057483e-01 -2.604378e-02 3.994367e-01 5.310387e-01 -3.967778e-01 -1.601382e-01 1.036651e-01 -7.408011e-03 -2.053628e-02 5.342021e-02 -3.366324e-02 -6.802710e-03 -1.047977e-02 3.575381e-03 -4.142359e-02 3.087723e-02 -1.232774e-03 4.960724e-05 -8.860508e-02 2.063200e-02 -1.081607e-03
<VARIANCE> 39
 9.620706e+00 9.536959e+00 1.836156e+01 4.410680e+01 1.559584e+01 1.356202e+02 2.906441e+01 8.084922e+01 2.249814e+01 1.548750e+01 2.029362e+01 2.267038e+01 5.132399e-02 1.543343e+00 7.236608e-01 1.148508e+00 2.772871e+00 1.899892e+00 3.959872e+00 4.047447e+00 5.130504e+00 1.373381e+00 2.396603e+00 1.503472e+00 2.583981e+00 1.208573e-03 2.484012e-01 1.382505e-01 2.410984e-01 3.986941e-01 3.679600e-01 6.200472e-01 7.714155e-01 1.011889e+00 2.244564e-01 4.551314e-01 1.689089e-01 5.781387e-01 6.254766e-05
<GCONST> 8.775153e+01
<STATE> 5
<MEAN> 39
 -5.449568e-08 -8.174352e-08 -3.269741e-07 4.087176e-07 2.043588e-08 1.634870e-07 0.000000e+00 1.362392e-06 -5.449568e-08 0.000000e+00 2.179827e-07 8.855547e-08 7.415283e-01 -3.613641e-01 3.065478e-01 2.829688e-01 -2.065801e-01 -1.241320e-01 5.057483e-01 -2.604378e-02 3.994367e-01 5.310387e-01 -3.967778e-01 -1.601382e-01 1.036651e-01 -7.408011e-03 -2.053628e-02 5.342021e-02 -3.366324e-02 -6.802710e-03 -1.047977e-02 3.575381e-03 -4.142359e-02 3.087723e-02 -1.232774e-03 4.960724e-05 -8.860508e-02 2.063200e-02 -1.081607e-03
<VARIANCE> 39
 9.620706e+00 9.536959e+00 1.836156e+01 4.410680e+01 1.559584e+01 1.356202e+02 2.906441e+01 8.084922e+01 2.249814e+01 1.548750e+01 2.029362e+01 2.267038e+01 5.132399e-02 1.543343e+00 7.236608e-01 1.148508e+00 2.772871e+00 1.899892e+00 3.959872e+00 4.047447e+00 5.130504e+00 1.373381e+00 2.396603e+00 1.503472e+00 2.583981e+00 1.208573e-03 2.484012e-01 1.382505e-01 2.410984e-01 3.986941e-01 3.679600e-01 6.200472e-01 7.714155e-01 1.011889e+00 2.244564e-01 4.551314e-01 1.689089e-01 5.781387e-01 6.254766e-05
<GCONST> 8.775153e+01
<STATE> 6
<MEAN> 39
 -5.449568e-08 -8.174352e-08 -3.269741e-07 4.087176e-07 2.043588e-08 1.634870e-07 0.000000e+00 1.362392e-06 -5.449568e-08 0.000000e+00 2.179827e-07 8.855547e-08 7.415283e-01 -3.613641e-01 3.065478e-01 2.829688e-01 -2.065801e-01 -1.241320e-01 5.057483e-01 -2.604378e-02 3.994367e-01 5.310387e-01 -3.967778e-01 -1.601382e-01 1.036651e-01 -7.408011e-03 -2.053628e-02 5.342021e-02 -3.366324e-02 -6.802710e-03 -1.047977e-02 3.575381e-03 -4.142359e-02 3.087723e-02 -1.232774e-03 4.960724e-05 -8.860508e-02 2.063200e-02 -1.081607e-03
<VARIANCE> 39
 9.620706e+00 9.536959e+00 1.836156e+01 4.410680e+01 1.559584e+01 1.356202e+02 2.906441e+01 8.084922e+01 2.249814e+01 1.548750e+01 2.029362e+01 2.267038e+01 5.132399e-02 1.543343e+00 7.236608e-01 1.148508e+00 2.772871e+00 1.899892e+00 3.959872e+00 4.047447e+00 5.130504e+00 1.373381e+00 2.396603e+00 1.503472e+00 2.583981e+00 1.208573e-03 2.484012e-01 1.382505e-01 2.410984e-01 3.986941e-01 3.679600e-01 6.200472e-01 7.714155e-01 1.011889e+00 2.244564e-01 4.551314e-01 1.689089e-01 5.781387e-01 6.254766e-05
<GCONST> 8.775153e+01
<STATE> 7
<MEAN> 39
 -5.449568e-08 -8.174352e-08 -3.269741e-07 4.087176e-07 2.043588e-08 1.634870e-07 0.000000e+00 1.362392e-06 -5.449568e-08 0.000000e+00 2.179827e-07 8.855547e-08 7.415283e-01 -3.613641e-01 3.065478e-01 2.829688e-01 -2.065801e-01 -1.241320e-01 5.057483e-01 -2.604378e-02 3.994367e-01 5.310387e-01 -3.967778e-01 -1.601382e-01 1.036651e-01 -7.408011e-03 -2.053628e-02 5.342021e-02 -3.366324e-02 -6.802710e-03 -1.047977e-02 3.575381e-03 -4.142359e-02 3.087723e-02 -1.232774e-03 4.960724e-05 -8.860508e-02 2.063200e-02 -1.081607e-03
<VARIANCE> 39
 9.620706e+00 9.536959e+00 1.836156e+01 4.410680e+01 1.559584e+01 1.356202e+02 2.906441e+01 8.084922e+01 2.249814e+01 1.548750e+01 2.029362e+01 2.267038e+01 5.132399e-02 1.543343e+00 7.236608e-01 1.148508e+00 2.772871e+00 1.899892e+00 3.959872e+00 4.047447e+00 5.130504e+00 1.373381e+00 2.396603e+00 1.503472e+00 2.583981e+00 1.208573e-03 2.484012e-01 1.382505e-01 2.410984e-01 3.986941e-01 3.679600e-01 6.200472e-01 7.714155e-01 1.011889e+00 2.244564e-01 4.551314e-01 1.689089e-01 5.781387e-01 6.254766e-05
<GCONST> 8.775153e+01
<STATE> 8
<MEAN> 39
 -5.449568e-08 -8.174352e-08 -3.269741e-07 4.087176e-07 2.043588e-08 1.634870e-07 0.000000e+00 1.362392e-06 -5.449568e-08 0.000000e+00 2.179827e-07 8.855547e-08 7.415283e-01 -3.613641e-01 3.065478e-01 2.829688e-01 -2.065801e-01 -1.241320e-01 5.057483e-01 -2.604378e-02 3.994367e-01 5.310387e-01 -3.967778e-01 -1.601382e-01 1.036651e-01 -7.408011e-03 -2.053628e-02 5.342021e-02 -3.366324e-02 -6.802710e-03 -1.047977e-02 3.575381e-03 -4.142359e-02 3.087723e-02 -1.232774e-03 4.960724e-05 -8.860508e-02 2.063200e-02 -1.081607e-03
<VARIANCE> 39
 9.620706e+00 9.536959e+00 1.836156e+01 4.410680e+01 1.559584e+01 1.356202e+02 2.906441e+01 8.084922e+01 2.249814e+01 1.548750e+01 2.029362e+01 2.267038e+01 5.132399e-02 1.543343e+00 7.236608e-01 1.148508e+00 2.772871e+00 1.899892e+00 3.959872e+00 4.047447e+00 5.130504e+00 1.373381e+00 2.396603e+00 1.503472e+00 2.583981e+00 1.208573e-03 2.484012e-01 1.382505e-01 2.410984e-01 3.986941e-01 3.679600e-01 6.200472e-01 7.714155e-01 1.011889e+00 2.244564e-01 4.551314e-01 1.689089e-01 5.781387e-01 6.254766e-05
<GCONST> 8.775153e+01
<STATE> 9
<MEAN> 39
 -5.449568e-08 -8.174352e-08 -3.269741e-07 4.087176e-07 2.043588e-08 1.634870e-07 0.000000e+00 1.362392e-06 -5.449568e-08 0.000000e+00 2.179827e-07 8.855547e-08 7.415283e-01 -3.613641e-01 3.065478e-01 2.829688e-01 -2.065801e-01 -1.241320e-01 5.057483e-01 -2.604378e-02 3.994367e-01 5.310387e-01 -3.967778e-01 -1.601382e-01 1.036651e-01 -7.408011e-03 -2.053628e-02 5.342021e-02 -3.366324e-02 -6.802710e-03 -1.047977e-02 3.575381e-03 -4.142359e-02 3.087723e-02 -1.232774e-03 4.960724e-05 -8.860508e-02 2.063200e-02 -1.081607e-03
<VARIANCE> 39
 9.620706e+00 9.536959e+00 1.836156e+01 4.410680e+01 1.559584e+01 1.356202e+02 2.906441e+01 8.084922e+01 2.249814e+01 1.548750e+01 2.029362e+01 2.267038e+01 5.132399e-02 1.543343e+00 7.236608e-01 1.148508e+00 2.772871e+00 1.899892e+00 3.959872e+00 4.047447e+00 5.130504e+00 1.373381e+00 2.396603e+00 1.503472e+00 2.583981e+00 1.208573e-03 2.484012e-01 1.382505e-01 2.410984e-01 3.986941e-01 3.679600e-01 6.200472e-01 7.714155e-01 1.011889e+00 2.244564e-01 4.551314e-01 1.689089e-01 5.781387e-01 6.254766e-05
<GCONST> 8.775153e+01
<TRANSP> 10
 0.000000e+00 1.000000e+00 0.000000e+00 0.000000e+00 0.000000e+00 0.000000e+00 0.000000e+00 0.000000e+00 0.000000e+00 0.000000e+00
 0.000000e+00 9.000000e-01 9.999999e-02 0.000000e+00 0.000000e+00 0.000000e+00 0.000000e+00 0.000000e+00 0.000000e+00 0.000000e+00
 0.000000e+00 0.000000e+00 9.000000e-01 9.999999e-02 0.000000e+00 0.000000e+00 0.000000e+00 0.000000e+00 0.000000e+00 0.000000e+00
 0.000000e+00 0.000000e+00 0.000000e+00 9.000000e-01 9.999999e-02 0.000000e+00 0.000000e+00 0.000000e+00 0.000000e+00 0.000000e+00
 0.000000e+00 0.000000e+00 0.000000e+00 0.000000e+00 9.000000e-01 9.999999e-02 0.000000e+00 0.000000e+00 0.000000e+00 0.000000e+00
 0.000000e+00 0.000000e+00 0.000000e+00 0.000000e+00 0.000000e+00 9.000000e-01 9.999999e-02 0.000000e+00 0.000000e+00 0.000000e+00
 0.000000e+00 0.000000e+00 0.000000e+00 0.000000e+00 0.000000e+00 0.000000e+00 9.000000e-01 9.999999e-02 0.000000e+00 0.000000e+00
 0.000000e+00 0.000000e+00 0.000000e+00 0.000000e+00 0.000000e+00 0.000000e+00 0.000000e+00 9.000000e-01 9.999999e-02 0.000000e+00
 0.000000e+00 0.000000e+00 0.000000e+00 0.000000e+00 0.000000e+00 0.000000e+00 0.000000e+00 0.000000e+00 9.000000e-01 9.999999e-02
 0.000000e+00 0.000000e+00 0.000000e+00 0.000000e+00 0.000000e+00 0.000000e+00 0.000000e+00 0.000000e+00 0.000000e+00 0.000000e+00
<ENDHMM>
