~o
<STREAMINFO> 1 39
<VECSIZE> 39<NULLD><MFCC_E_D_A_Z><DIAGC>
~h "s043"
<BEGINHMM>
<NUMSTATES> 10
<STATE> 2
<MEAN> 39
 -4.684716e-07 2.007735e-07 1.129351e-07 -1.037330e-06 -1.129351e-07 2.844292e-07 3.848160e-07 1.589457e-07 -1.129351e-07 -2.007735e-07 -1.422146e-07 9.411260e-08 6.881453e-01 2.722034e-01 -4.120261e-02 9.578501e-02 6.586860e-02 -2.005514e-01 1.148069e-01 -2.153036e-01 -2.771341e-01 -1.914927e-02 1.549946e-02 -7.661296e-02 -4.463661e-02 1.917302e-03 -5.725034e-03 -2.531690e-02 1.336150e-02 -5.659415e-03 3.373684e-02 -3.044318e-04 -1.321283e-02 2.283043e-02 1.156460e-02 5.176870e-02 -3.792957e-02 -8.135100e-03 -6.088188e-04
<VARIANCE> 39
 4.641618e+01 9.051227e+00 1.915076e+01 8.223145e+01 3.907491e+01 5.017170e+01 7.590347e+01 5.890811e+01 2.007352e+01 3.787519e+01 3.028506e+01 5.036032e+01 5.362018e-02 1.338988e+00 9.290601e-01 1.502006e+00 3.769750e+00 3.834579e+00 5.029271e+00 6.251428e+00 4.277248e+00 3.172569e+00 3.307640e+00 3.049243e+00 4.733504e+00 2.838773e-03 2.120006e-01 1.620360e-01 2.169622e-01 4.946266e-01 7.711247e-01 8.539646e-01 1.162515e+00 7.438858e-01 7.669107e-01 6.861384e-01 5.719841e-01 7.069774e-01 2.740248e-04
<GCONST> 1.035414e+02
<STATE> 3
<MEAN> 39
 -4.684716e-07 2.007735e-07 1.129351e-07 -1.037330e-06 -1.129351e-07 2.844292e-07 3.848160e-07 1.589457e-07 -1.129351e-07 -2.007735e-07 -1.422146e-07 9.411260e-08 6.881453e-01 2.722034e-01 -4.120261e-02 9.578501e-02 6.586860e-02 -2.005514e-01 1.148069e-01 -2.153036e-01 -2.771341e-01 -1.914927e-02 1.549946e-02 -7.661296e-02 -4.463661e-02 1.917302e-03 -5.725034e-03 -2.531690e-02 1.336150e-02 -5.659415e-03 3.373684e-02 -3.044318e-04 -1.321283e-02 2.283043e-02 1.156460e-02 5.176870e-02 -3.792957e-02 -8.135100e-03 -6.088188e-04
<VARIANCE> 39
 4.641618e+01 9.051227e+00 1.915076e+01 8.223145e+01 3.907491e+01 5.017170e+01 7.590347e+01 5.890811e+01 2.007352e+01 3.787519e+01 3.028506e+01 5.036032e+01 5.362018e-02 1.338988e+00 9.290601e-01 1.502006e+00 3.769750e+00 3.834579e+00 5.029271e+00 6.251428e+00 4.277248e+00 3.172569e+00 3.307640e+00 3.049243e+00 4.733504e+00 2.838773e-03 2.120006e-01 1.620360e-01 2.169622e-01 4.946266e-01 7.711247e-01 8.539646e-01 1.162515e+00 7.438858e-01 7.669107e-01 6.861384e-01 5.719841e-01 7.069774e-01 2.740248e-04
<GCONST> 1.035414e+02
<STATE> 4
<MEAN> 39
 -4.684716e-07 2.007735e-07 1.129351e-07 -1.037330e-06 -1.129351e-07 2.844292e-07 3.848160e-07 1.589457e-07 -1.129351e-07 -2.007735e-07 -1.422146e-07 9.411260e-08 6.881453e-01 2.722034e-01 -4.120261e-02 9.578501e-02 6.586860e-02 -2.005514e-01 1.148069e-01 -2.153036e-01 -2.771341e-01 -1.914927e-02 1.549946e-02 -7.661296e-02 -4.463661e-02 1.917302e-03 -5.725034e-03 -2.531690e-02 1.336150e-02 -5.659415e-03 3.373684e-02 -3.044318e-04 -1.321283e-02 2.283043e-02 1.156460e-02 5.176870e-02 -3.792957e-02 -8.135100e-03 -6.088188e-04
<VARIANCE> 39
 4.641618e+01 9.051227e+00 1.915076e+01 8.223145e+01 3.907491e+01 5.017170e+01 7.590347e+01 5.890811e+01 2.007352e+01 3.787519e+01 3.028506e+01 5.036032e+01 5.362018e-02 1.338988e+00 9.290601e-01 1.502006e+00 3.769750e+00 3.834579e+00 5.029271e+00 6.251428e+00 4.277248e+00 3.172569e+00 3.307640e+00 3.049243e+00 4.733504e+00 2.838773e-03 2.120006e-01 1.620360e-01 2.169622e-01 4.946266e-01 7.711247e-01 8.539646e-01 1.162515e+00 7.438858e-01 7.669107e-01 6.861384e-01 5.719841e-01 7.069774e-01 2.740248e-04
<GCONST> 1.035414e+02
<STATE> 5
<MEAN> 39
 -4.684716e-07 2.007735e-07 1.129351e-07 -1.037330e-06 -1.129351e-07 2.844292e-07 3.848160e-07 1.589457e-07 -1.129351e-07 -2.007735e-07 -1.422146e-07 9.411260e-08 6.881453e-01 2.722034e-01 -4.120261e-02 9.578501e-02 6.586860e-02 -2.005514e-01 1.148069e-01 -2.153036e-01 -2.771341e-01 -1.914927e-02 1.549946e-02 -7.661296e-02 -4.463661e-02 1.917302e-03 -5.725034e-03 -2.531690e-02 1.336150e-02 -5.659415e-03 3.373684e-02 -3.044318e-04 -1.321283e-02 2.283043e-02 1.156460e-02 5.176870e-02 -3.792957e-02 -8.135100e-03 -6.088188e-04
<VARIANCE> 39
 4.641618e+01 9.051227e+00 1.915076e+01 8.223145e+01 3.907491e+01 5.017170e+01 7.590347e+01 5.890811e+01 2.007352e+01 3.787519e+01 3.028506e+01 5.036032e+01 5.362018e-02 1.338988e+00 9.290601e-01 1.502006e+00 3.769750e+00 3.834579e+00 5.029271e+00 6.251428e+00 4.277248e+00 3.172569e+00 3.307640e+00 3.049243e+00 4.733504e+00 2.838773e-03 2.120006e-01 1.620360e-01 2.169622e-01 4.946266e-01 7.711247e-01 8.539646e-01 1.162515e+00 7.438858e-01 7.669107e-01 6.861384e-01 5.719841e-01 7.069774e-01 2.740248e-04
<GCONST> 1.035414e+02
<STATE> 6
<MEAN> 39
 -4.684716e-07 2.007735e-07 1.129351e-07 -1.037330e-06 -1.129351e-07 2.844292e-07 3.848160e-07 1.589457e-07 -1.129351e-07 -2.007735e-07 -1.422146e-07 9.411260e-08 6.881453e-01 2.722034e-01 -4.120261e-02 9.578501e-02 6.586860e-02 -2.005514e-01 1.148069e-01 -2.153036e-01 -2.771341e-01 -1.914927e-02 1.549946e-02 -7.661296e-02 -4.463661e-02 1.917302e-03 -5.725034e-03 -2.531690e-02 1.336150e-02 -5.659415e-03 3.373684e-02 -3.044318e-04 -1.321283e-02 2.283043e-02 1.156460e-02 5.176870e-02 -3.792957e-02 -8.135100e-03 -6.088188e-04
<VARIANCE> 39
 4.641618e+01 9.051227e+00 1.915076e+01 8.223145e+01 3.907491e+01 5.017170e+01 7.590347e+01 5.890811e+01 2.007352e+01 3.787519e+01 3.028506e+01 5.036032e+01 5.362018e-02 1.338988e+00 9.290601e-01 1.502006e+00 3.769750e+00 3.834579e+00 5.029271e+00 6.251428e+00 4.277248e+00 3.172569e+00 3.307640e+00 3.049243e+00 4.733504e+00 2.838773e-03 2.120006e-01 1.620360e-01 2.169622e-01 4.946266e-01 7.711247e-01 8.539646e-01 1.162515e+00 7.438858e-01 7.669107e-01 6.861384e-01 5.719841e-01 7.069774e-01 2.740248e-04
<GCONST> 1.035414e+02
<STATE> 7
<MEAN> 39
 -4.684716e-07 2.007735e-07 1.129351e-07 -1.037330e-06 -1.129351e-07 2.844292e-07 3.848160e-07 1.589457e-07 -1.129351e-07 -2.007735e-07 -1.422146e-07 9.411260e-08 6.881453e-01 2.722034e-01 -4.120261e-02 9.578501e-02 6.586860e-02 -2.005514e-01 1.148069e-01 -2.153036e-01 -2.771341e-01 -1.914927e-02 1.549946e-02 -7.661296e-02 -4.463661e-02 1.917302e-03 -5.725034e-03 -2.531690e-02 1.336150e-02 -5.659415e-03 3.373684e-02 -3.044318e-04 -1.321283e-02 2.283043e-02 1.156460e-02 5.176870e-02 -3.792957e-02 -8.135100e-03 -6.088188e-04
<VARIANCE> 39
 4.641618e+01 9.051227e+00 1.915076e+01 8.223145e+01 3.907491e+01 5.017170e+01 7.590347e+01 5.890811e+01 2.007352e+01 3.787519e+01 3.028506e+01 5.036032e+01 5.362018e-02 1.338988e+00 9.290601e-01 1.502006e+00 3.769750e+00 3.834579e+00 5.029271e+00 6.251428e+00 4.277248e+00 3.172569e+00 3.307640e+00 3.049243e+00 4.733504e+00 2.838773e-03 2.120006e-01 1.620360e-01 2.169622e-01 4.946266e-01 7.711247e-01 8.539646e-01 1.162515e+00 7.438858e-01 7.669107e-01 6.861384e-01 5.719841e-01 7.069774e-01 2.740248e-04
<GCONST> 1.035414e+02
<STATE> 8
<MEAN> 39
 -4.684716e-07 2.007735e-07 1.129351e-07 -1.037330e-06 -1.129351e-07 2.844292e-07 3.848160e-07 1.589457e-07 -1.129351e-07 -2.007735e-07 -1.422146e-07 9.411260e-08 6.881453e-01 2.722034e-01 -4.120261e-02 9.578501e-02 6.586860e-02 -2.005514e-01 1.148069e-01 -2.153036e-01 -2.771341e-01 -1.914927e-02 1.549946e-02 -7.661296e-02 -4.463661e-02 1.917302e-03 -5.725034e-03 -2.531690e-02 1.336150e-02 -5.659415e-03 3.373684e-02 -3.044318e-04 -1.321283e-02 2.283043e-02 1.156460e-02 5.176870e-02 -3.792957e-02 -8.135100e-03 -6.088188e-04
<VARIANCE> 39
 4.641618e+01 9.051227e+00 1.915076e+01 8.223145e+01 3.907491e+01 5.017170e+01 7.590347e+01 5.890811e+01 2.007352e+01 3.787519e+01 3.028506e+01 5.036032e+01 5.362018e-02 1.338988e+00 9.290601e-01 1.502006e+00 3.769750e+00 3.834579e+00 5.029271e+00 6.251428e+00 4.277248e+00 3.172569e+00 3.307640e+00 3.049243e+00 4.733504e+00 2.838773e-03 2.120006e-01 1.620360e-01 2.169622e-01 4.946266e-01 7.711247e-01 8.539646e-01 1.162515e+00 7.438858e-01 7.669107e-01 6.861384e-01 5.719841e-01 7.069774e-01 2.740248e-04
<GCONST> 1.035414e+02
<STATE> 9
<MEAN> 39
 -4.684716e-07 2.007735e-07 1.129351e-07 -1.037330e-06 -1.129351e-07 2.844292e-07 3.848160e-07 1.589457e-07 -1.129351e-07 -2.007735e-07 -1.422146e-07 9.411260e-08 6.881453e-01 2.722034e-01 -4.120261e-02 9.578501e-02 6.586860e-02 -2.005514e-01 1.148069e-01 -2.153036e-01 -2.771341e-01 -1.914927e-02 1.549946e-02 -7.661296e-02 -4.463661e-02 1.917302e-03 -5.725034e-03 -2.531690e-02 1.336150e-02 -5.659415e-03 3.373684e-02 -3.044318e-04 -1.321283e-02 2.283043e-02 1.156460e-02 5.176870e-02 -3.792957e-02 -8.135100e-03 -6.088188e-04
<VARIANCE> 39
 4.641618e+01 9.051227e+00 1.915076e+01 8.223145e+01 3.907491e+01 5.017170e+01 7.590347e+01 5.890811e+01 2.007352e+01 3.787519e+01 3.028506e+01 5.036032e+01 5.362018e-02 1.338988e+00 9.290601e-01 1.502006e+00 3.769750e+00 3.834579e+00 5.029271e+00 6.251428e+00 4.277248e+00 3.172569e+00 3.307640e+00 3.049243e+00 4.733504e+00 2.838773e-03 2.120006e-01 1.620360e-01 2.169622e-01 4.946266e-01 7.711247e-01 8.539646e-01 1.162515e+00 7.438858e-01 7.669107e-01 6.861384e-01 5.719841e-01 7.069774e-01 2.740248e-04
<GCONST> 1.035414e+02
<TRANSP> 10
 0.000000e+00 1.000000e+00 0.000000e+00 0.000000e+00 0.000000e+00 0.000000e+00 0.000000e+00 0.000000e+00 0.000000e+00 0.000000e+00
 0.000000e+00 9.000000e-01 9.999999e-02 0.000000e+00 0.000000e+00 0.000000e+00 0.000000e+00 0.000000e+00 0.000000e+00 0.000000e+00
 0.000000e+00 0.000000e+00 9.000000e-01 9.999999e-02 0.000000e+00 0.000000e+00 0.000000e+00 0.000000e+00 0.000000e+00 0.000000e+00
 0.000000e+00 0.000000e+00 0.000000e+00 9.000000e-01 9.999999e-02 0.000000e+00 0.000000e+00 0.000000e+00 0.000000e+00 0.000000e+00
 0.000000e+00 0.000000e+00 0.000000e+00 0.000000e+00 9.000000e-01 9.999999e-02 0.000000e+00 0.000000e+00 0.000000e+00 0.000000e+00
 0.000000e+00 0.000000e+00 0.000000e+00 0.000000e+00 0.000000e+00 9.000000e-01 9.999999e-02 0.000000e+00 0.000000e+00 0.000000e+00
 0.000000e+00 0.000000e+00 0.000000e+00 0.000000e+00 0.000000e+00 0.000000e+00 9.000000e-01 9.999999e-02 0.000000e+00 0.000000e+00
 0.000000e+00 0.000000e+00 0.000000e+00 0.000000e+00 0.000000e+00 0.000000e+00 0.000000e+00 9.000000e-01 9.999999e-02 0.000000e+00
 0.000000e+00 0.000000e+00 0.000000e+00 0.000000e+00 0.000000e+00 0.000000e+00 0.000000e+00 0.000000e+00 9.000000e-01 9.999999e-02
 0.000000e+00 0.000000e+00 0.000000e+00 0.000000e+00 0.000000e+00 0.000000e+00 0.000000e+00 0.000000e+00 0.000000e+00 0.000000e+00
<ENDHMM>
