~o
<STREAMINFO> 1 39
<VECSIZE> 39<NULLD><MFCC_E_D_A_Z><DIAGC>
~h "s046"
<BEGINHMM>
<NUMSTATES> 10
<STATE> 2
<MEAN> 39
 -1.542709e-07 4.300884e-07 0.000000e+00 -7.853789e-07 1.215467e-07 -6.357829e-07 1.636206e-07 -2.430935e-07 4.674874e-08 -1.963447e-07 4.674874e-09 8.414774e-08 7.595177e-01 -1.155250e-02 -1.491178e-01 -7.342290e-02 -1.928203e-01 9.818513e-02 1.421226e-01 3.982361e-01 2.797055e-01 -8.287814e-02 1.690617e-01 -9.741224e-02 2.019330e-01 -3.304702e-03 2.353691e-02 -6.707536e-02 2.208785e-02 8.486742e-02 9.741271e-02 8.166434e-02 -6.494090e-02 -6.209977e-02 2.915090e-03 5.712962e-02 -2.320063e-02 5.272339e-02 -1.202035e-03
<VARIANCE> 39
 1.828144e+01 7.392477e+01 5.305586e+01 9.344650e+01 4.157364e+01 7.522779e+01 4.393793e+01 4.505526e+01 4.367195e+01 5.386525e+01 4.929366e+01 3.067461e+01 2.650543e-02 1.321656e+00 3.416679e+00 3.165201e+00 6.375810e+00 3.764562e+00 6.308450e+00 2.848467e+00 4.376391e+00 4.669187e+00 3.404673e+00 3.678680e+00 3.481109e+00 7.689921e-04 1.494328e-01 4.332165e-01 3.543541e-01 8.854892e-01 6.085082e-01 1.398436e+00 2.159708e-01 8.881212e-01 9.315375e-01 7.013947e-01 6.441287e-01 6.693288e-01 4.736260e-05
<GCONST> 1.059022e+02
<STATE> 3
<MEAN> 39
 -1.542709e-07 4.300884e-07 0.000000e+00 -7.853789e-07 1.215467e-07 -6.357829e-07 1.636206e-07 -2.430935e-07 4.674874e-08 -1.963447e-07 4.674874e-09 8.414774e-08 7.595177e-01 -1.155250e-02 -1.491178e-01 -7.342290e-02 -1.928203e-01 9.818513e-02 1.421226e-01 3.982361e-01 2.797055e-01 -8.287814e-02 1.690617e-01 -9.741224e-02 2.019330e-01 -3.304702e-03 2.353691e-02 -6.707536e-02 2.208785e-02 8.486742e-02 9.741271e-02 8.166434e-02 -6.494090e-02 -6.209977e-02 2.915090e-03 5.712962e-02 -2.320063e-02 5.272339e-02 -1.202035e-03
<VARIANCE> 39
 1.828144e+01 7.392477e+01 5.305586e+01 9.344650e+01 4.157364e+01 7.522779e+01 4.393793e+01 4.505526e+01 4.367195e+01 5.386525e+01 4.929366e+01 3.067461e+01 2.650543e-02 1.321656e+00 3.416679e+00 3.165201e+00 6.375810e+00 3.764562e+00 6.308450e+00 2.848467e+00 4.376391e+00 4.669187e+00 3.404673e+00 3.678680e+00 3.481109e+00 7.689921e-04 1.494328e-01 4.332165e-01 3.543541e-01 8.854892e-01 6.085082e-01 1.398436e+00 2.159708e-01 8.881212e-01 9.315375e-01 7.013947e-01 6.441287e-01 6.693288e-01 4.736260e-05
<GCONST> 1.059022e+02
<STATE> 4
<MEAN> 39
 -1.542709e-07 4.300884e-07 0.000000e+00 -7.853789e-07 1.215467e-07 -6.357829e-07 1.636206e-07 -2.430935e-07 4.674874e-08 -1.963447e-07 4.674874e-09 8.414774e-08 7.595177e-01 -1.155250e-02 -1.491178e-01 -7.342290e-02 -1.928203e-01 9.818513e-02 1.421226e-01 3.982361e-01 2.797055e-01 -8.287814e-02 1.690617e-01 -9.741224e-02 2.019330e-01 -3.304702e-03 2.353691e-02 -6.707536e-02 2.208785e-02 8.486742e-02 9.741271e-02 8.166434e-02 -6.494090e-02 -6.209977e-02 2.915090e-03 5.712962e-02 -2.320063e-02 5.272339e-02 -1.202035e-03
<VARIANCE> 39
 1.828144e+01 7.392477e+01 5.305586e+01 9.344650e+01 4.157364e+01 7.522779e+01 4.393793e+01 4.505526e+01 4.367195e+01 5.386525e+01 4.929366e+01 3.067461e+01 2.650543e-02 1.321656e+00 3.416679e+00 3.165201e+00 6.375810e+00 3.764562e+00 6.308450e+00 2.848467e+00 4.376391e+00 4.669187e+00 3.404673e+00 3.678680e+00 3.481109e+00 7.689921e-04 1.494328e-01 4.332165e-01 3.543541e-01 8.854892e-01 6.085082e-01 1.398436e+00 2.159708e-01 8.881212e-01 9.315375e-01 7.013947e-01 6.441287e-01 6.693288e-01 4.736260e-05
<GCONST> 1.059022e+02
<STATE> 5
<MEAN> 39
 -1.542709e-07 4.300884e-07 0.000000e+00 -7.853789e-07 1.215467e-07 -6.357829e-07 1.636206e-07 -2.430935e-07 4.674874e-08 -1.963447e-07 4.674874e-09 8.414774e-08 7.595177e-01 -1.155250e-02 -1.491178e-01 -7.342290e-02 -1.928203e-01 9.818513e-02 1.421226e-01 3.982361e-01 2.797055e-01 -8.287814e-02 1.690617e-01 -9.741224e-02 2.019330e-01 -3.304702e-03 2.353691e-02 -6.707536e-02 2.208785e-02 8.486742e-02 9.741271e-02 8.166434e-02 -6.494090e-02 -6.209977e-02 2.915090e-03 5.712962e-02 -2.320063e-02 5.272339e-02 -1.202035e-03
<VARIANCE> 39
 1.828144e+01 7.392477e+01 5.305586e+01 9.344650e+01 4.157364e+01 7.522779e+01 4.393793e+01 4.505526e+01 4.367195e+01 5.386525e+01 4.929366e+01 3.067461e+01 2.650543e-02 1.321656e+00 3.416679e+00 3.165201e+00 6.375810e+00 3.764562e+00 6.308450e+00 2.848467e+00 4.376391e+00 4.669187e+00 3.404673e+00 3.678680e+00 3.481109e+00 7.689921e-04 1.494328e-01 4.332165e-01 3.543541e-01 8.854892e-01 6.085082e-01 1.398436e+00 2.159708e-01 8.881212e-01 9.315375e-01 7.013947e-01 6.441287e-01 6.693288e-01 4.736260e-05
<GCONST> 1.059022e+02
<STATE> 6
<MEAN> 39
 -1.542709e-07 4.300884e-07 0.000000e+00 -7.853789e-07 1.215467e-07 -6.357829e-07 1.636206e-07 -2.430935e-07 4.674874e-08 -1.963447e-07 4.674874e-09 8.414774e-08 7.595177e-01 -1.155250e-02 -1.491178e-01 -7.342290e-02 -1.928203e-01 9.818513e-02 1.421226e-01 3.982361e-01 2.797055e-01 -8.287814e-02 1.690617e-01 -9.741224e-02 2.019330e-01 -3.304702e-03 2.353691e-02 -6.707536e-02 2.208785e-02 8.486742e-02 9.741271e-02 8.166434e-02 -6.494090e-02 -6.209977e-02 2.915090e-03 5.712962e-02 -2.320063e-02 5.272339e-02 -1.202035e-03
<VARIANCE> 39
 1.828144e+01 7.392477e+01 5.305586e+01 9.344650e+01 4.157364e+01 7.522779e+01 4.393793e+01 4.505526e+01 4.367195e+01 5.386525e+01 4.929366e+01 3.067461e+01 2.650543e-02 1.321656e+00 3.416679e+00 3.165201e+00 6.375810e+00 3.764562e+00 6.308450e+00 2.848467e+00 4.376391e+00 4.669187e+00 3.404673e+00 3.678680e+00 3.481109e+00 7.689921e-04 1.494328e-01 4.332165e-01 3.543541e-01 8.854892e-01 6.085082e-01 1.398436e+00 2.159708e-01 8.881212e-01 9.315375e-01 7.013947e-01 6.441287e-01 6.693288e-01 4.736260e-05
<GCONST> 1.059022e+02
<STATE> 7
<MEAN> 39
 -1.542709e-07 4.300884e-07 0.000000e+00 -7.853789e-07 1.215467e-07 -6.357829e-07 1.636206e-07 -2.430935e-07 4.674874e-08 -1.963447e-07 4.674874e-09 8.414774e-08 7.595177e-01 -1.155250e-02 -1.491178e-01 -7.342290e-02 -1.928203e-01 9.818513e-02 1.421226e-01 3.982361e-01 2.797055e-01 -8.287814e-02 1.690617e-01 -9.741224e-02 2.019330e-01 -3.304702e-03 2.353691e-02 -6.707536e-02 2.208785e-02 8.486742e-02 9.741271e-02 8.166434e-02 -6.494090e-02 -6.209977e-02 2.915090e-03 5.712962e-02 -2.320063e-02 5.272339e-02 -1.202035e-03
<VARIANCE> 39
 1.828144e+01 7.392477e+01 5.305586e+01 9.344650e+01 4.157364e+01 7.522779e+01 4.393793e+01 4.505526e+01 4.367195e+01 5.386525e+01 4.929366e+01 3.067461e+01 2.650543e-02 1.321656e+00 3.416679e+00 3.165201e+00 6.375810e+00 3.764562e+00 6.308450e+00 2.848467e+00 4.376391e+00 4.669187e+00 3.404673e+00 3.678680e+00 3.481109e+00 7.689921e-04 1.494328e-01 4.332165e-01 3.543541e-01 8.854892e-01 6.085082e-01 1.398436e+00 2.159708e-01 8.881212e-01 9.315375e-01 7.013947e-01 6.441287e-01 6.693288e-01 4.736260e-05
<GCONST> 1.059022e+02
<STATE> 8
<MEAN> 39
 -1.542709e-07 4.300884e-07 0.000000e+00 -7.853789e-07 1.215467e-07 -6.357829e-07 1.636206e-07 -2.430935e-07 4.674874e-08 -1.963447e-07 4.674874e-09 8.414774e-08 7.595177e-01 -1.155250e-02 -1.491178e-01 -7.342290e-02 -1.928203e-01 9.818513e-02 1.421226e-01 3.982361e-01 2.797055e-01 -8.287814e-02 1.690617e-01 -9.741224e-02 2.019330e-01 -3.304702e-03 2.353691e-02 -6.707536e-02 2.208785e-02 8.486742e-02 9.741271e-02 8.166434e-02 -6.494090e-02 -6.209977e-02 2.915090e-03 5.712962e-02 -2.320063e-02 5.272339e-02 -1.202035e-03
<VARIANCE> 39
 1.828144e+01 7.392477e+01 5.305586e+01 9.344650e+01 4.157364e+01 7.522779e+01 4.393793e+01 4.505526e+01 4.367195e+01 5.386525e+01 4.929366e+01 3.067461e+01 2.650543e-02 1.321656e+00 3.416679e+00 3.165201e+00 6.375810e+00 3.764562e+00 6.308450e+00 2.848467e+00 4.376391e+00 4.669187e+00 3.404673e+00 3.678680e+00 3.481109e+00 7.689921e-04 1.494328e-01 4.332165e-01 3.543541e-01 8.854892e-01 6.085082e-01 1.398436e+00 2.159708e-01 8.881212e-01 9.315375e-01 7.013947e-01 6.441287e-01 6.693288e-01 4.736260e-05
<GCONST> 1.059022e+02
<STATE> 9
<MEAN> 39
 -1.542709e-07 4.300884e-07 0.000000e+00 -7.853789e-07 1.215467e-07 -6.357829e-07 1.636206e-07 -2.430935e-07 4.674874e-08 -1.963447e-07 4.674874e-09 8.414774e-08 7.595177e-01 -1.155250e-02 -1.491178e-01 -7.342290e-02 -1.928203e-01 9.818513e-02 1.421226e-01 3.982361e-01 2.797055e-01 -8.287814e-02 1.690617e-01 -9.741224e-02 2.019330e-01 -3.304702e-03 2.353691e-02 -6.707536e-02 2.208785e-02 8.486742e-02 9.741271e-02 8.166434e-02 -6.494090e-02 -6.209977e-02 2.915090e-03 5.712962e-02 -2.320063e-02 5.272339e-02 -1.202035e-03
<VARIANCE> 39
 1.828144e+01 7.392477e+01 5.305586e+01 9.344650e+01 4.157364e+01 7.522779e+01 4.393793e+01 4.505526e+01 4.367195e+01 5.386525e+01 4.929366e+01 3.067461e+01 2.650543e-02 1.321656e+00 3.416679e+00 3.165201e+00 6.375810e+00 3.764562e+00 6.308450e+00 2.848467e+00 4.376391e+00 4.669187e+00 3.404673e+00 3.678680e+00 3.481109e+00 7.689921e-04 1.494328e-01 4.332165e-01 3.543541e-01 8.854892e-01 6.085082e-01 1.398436e+00 2.159708e-01 8.881212e-01 9.315375e-01 7.013947e-01 6.441287e-01 6.693288e-01 4.736260e-05
<GCONST> 1.059022e+02
<TRANSP> 10
 0.000000e+00 1.000000e+00 0.000000e+00 0.000000e+00 0.000000e+00 0.000000e+00 0.000000e+00 0.000000e+00 0.000000e+00 0.000000e+00
 0.000000e+00 9.000000e-01 9.999999e-02 0.000000e+00 0.000000e+00 0.000000e+00 0.000000e+00 0.000000e+00 0.000000e+00 0.000000e+00
 0.000000e+00 0.000000e+00 9.000000e-01 9.999999e-02 0.000000e+00 0.000000e+00 0.000000e+00 0.000000e+00 0.000000e+00 0.000000e+00
 0.000000e+00 0.000000e+00 0.000000e+00 9.000000e-01 9.999999e-02 0.000000e+00 0.000000e+00 0.000000e+00 0.000000e+00 0.000000e+00
 0.000000e+00 0.000000e+00 0.000000e+00 0.000000e+00 9.000000e-01 9.999999e-02 0.000000e+00 0.000000e+00 0.000000e+00 0.000000e+00
 0.000000e+00 0.000000e+00 0.000000e+00 0.000000e+00 0.000000e+00 9.000000e-01 9.999999e-02 0.000000e+00 0.000000e+00 0.000000e+00
 0.000000e+00 0.000000e+00 0.000000e+00 0.000000e+00 0.000000e+00 0.000000e+00 9.000000e-01 9.999999e-02 0.000000e+00 0.000000e+00
 0.000000e+00 0.000000e+00 0.000000e+00 0.000000e+00 0.000000e+00 0.000000e+00 0.000000e+00 9.000000e-01 9.999999e-02 0.000000e+00
 0.000000e+00 0.000000e+00 0.000000e+00 0.000000e+00 0.000000e+00 0.000000e+00 0.000000e+00 0.000000e+00 9.000000e-01 9.999999e-02
 0.000000e+00 0.000000e+00 0.000000e+00 0.000000e+00 0.000000e+00 0.000000e+00 0.000000e+00 0.000000e+00 0.000000e+00 0.000000e+00
<ENDHMM>
