~o
<STREAMINFO> 1 39
<VECSIZE> 39<NULLD><MFCC_E_D_A_Z><DIAGC>
~h "s047"
<BEGINHMM>
<NUMSTATES> 10
<STATE> 2
<MEAN> 39
 1.390775e-07 1.490116e-07 -1.245075e-06 -3.443824e-07 -5.298191e-08 -1.457002e-07 4.106098e-07 3.178914e-07 3.808075e-08 -3.642506e-08 4.371007e-07 -3.311369e-07 7.781655e-01 -1.428593e-01 -5.784310e-02 7.276163e-02 1.693340e-01 1.901742e-01 2.128289e-01 2.436026e-01 -1.491764e-03 -2.590511e-02 -1.277959e-01 -2.621171e-02 7.582612e-02 -6.532107e-03 -4.948439e-03 -1.397911e-02 3.429396e-02 2.036616e-02 -1.034657e-02 -2.789933e-03 -5.143583e-02 3.717548e-02 9.014255e-04 3.720798e-02 -1.397311e-02 1.290572e-02 -6.765903e-04
<VARIANCE> 39
 1.163860e+01 9.169779e+00 1.365696e+02 3.818462e+01 3.348512e+01 4.369255e+01 1.331082e+01 2.412130e+01 1.715166e+01 4.253992e+01 2.124276e+01 1.810048e+01 5.253088e-02 8.551574e-01 7.638148e-01 5.238679e+00 2.340175e+00 2.306075e+00 2.400057e+00 1.585242e+00 2.932487e+00 1.836596e+00 3.841956e+00 2.039310e+00 1.745134e+00 1.173374e-03 1.381522e-01 1.549010e-01 5.511039e-01 3.294419e-01 3.191315e-01 4.734486e-01 2.714474e-01 5.510185e-01 3.619679e-01 5.414717e-01 3.841343e-01 3.436704e-01 1.185081e-04
<GCONST> 8.733289e+01
<STATE> 3
<MEAN> 39
 1.390775e-07 1.490116e-07 -1.245075e-06 -3.443824e-07 -5.298191e-08 -1.457002e-07 4.106098e-07 3.178914e-07 3.808075e-08 -3.642506e-08 4.371007e-07 -3.311369e-07 7.781655e-01 -1.428593e-01 -5.784310e-02 7.276163e-02 1.693340e-01 1.901742e-01 2.128289e-01 2.436026e-01 -1.491764e-03 -2.590511e-02 -1.277959e-01 -2.621171e-02 7.582612e-02 -6.532107e-03 -4.948439e-03 -1.397911e-02 3.429396e-02 2.036616e-02 -1.034657e-02 -2.789933e-03 -5.143583e-02 3.717548e-02 9.014255e-04 3.720798e-02 -1.397311e-02 1.290572e-02 -6.765903e-04
<VARIANCE> 39
 1.163860e+01 9.169779e+00 1.365696e+02 3.818462e+01 3.348512e+01 4.369255e+01 1.331082e+01 2.412130e+01 1.715166e+01 4.253992e+01 2.124276e+01 1.810048e+01 5.253088e-02 8.551574e-01 7.638148e-01 5.238679e+00 2.340175e+00 2.306075e+00 2.400057e+00 1.585242e+00 2.932487e+00 1.836596e+00 3.841956e+00 2.039310e+00 1.745134e+00 1.173374e-03 1.381522e-01 1.549010e-01 5.511039e-01 3.294419e-01 3.191315e-01 4.734486e-01 2.714474e-01 5.510185e-01 3.619679e-01 5.414717e-01 3.841343e-01 3.436704e-01 1.185081e-04
<GCONST> 8.733289e+01
<STATE> 4
<MEAN> 39
 1.390775e-07 1.490116e-07 -1.245075e-06 -3.443824e-07 -5.298191e-08 -1.457002e-07 4.106098e-07 3.178914e-07 3.808075e-08 -3.642506e-08 4.371007e-07 -3.311369e-07 7.781655e-01 -1.428593e-01 -5.784310e-02 7.276163e-02 1.693340e-01 1.901742e-01 2.128289e-01 2.436026e-01 -1.491764e-03 -2.590511e-02 -1.277959e-01 -2.621171e-02 7.582612e-02 -6.532107e-03 -4.948439e-03 -1.397911e-02 3.429396e-02 2.036616e-02 -1.034657e-02 -2.789933e-03 -5.143583e-02 3.717548e-02 9.014255e-04 3.720798e-02 -1.397311e-02 1.290572e-02 -6.765903e-04
<VARIANCE> 39
 1.163860e+01 9.169779e+00 1.365696e+02 3.818462e+01 3.348512e+01 4.369255e+01 1.331082e+01 2.412130e+01 1.715166e+01 4.253992e+01 2.124276e+01 1.810048e+01 5.253088e-02 8.551574e-01 7.638148e-01 5.238679e+00 2.340175e+00 2.306075e+00 2.400057e+00 1.585242e+00 2.932487e+00 1.836596e+00 3.841956e+00 2.039310e+00 1.745134e+00 1.173374e-03 1.381522e-01 1.549010e-01 5.511039e-01 3.294419e-01 3.191315e-01 4.734486e-01 2.714474e-01 5.510185e-01 3.619679e-01 5.414717e-01 3.841343e-01 3.436704e-01 1.185081e-04
<GCONST> 8.733289e+01
<STATE> 5
<MEAN> 39
 1.390775e-07 1.490116e-07 -1.245075e-06 -3.443824e-07 -5.298191e-08 -1.457002e-07 4.106098e-07 3.178914e-07 3.808075e-08 -3.642506e-08 4.371007e-07 -3.311369e-07 7.781655e-01 -1.428593e-01 -5.784310e-02 7.276163e-02 1.693340e-01 1.901742e-01 2.128289e-01 2.436026e-01 -1.491764e-03 -2.590511e-02 -1.277959e-01 -2.621171e-02 7.582612e-02 -6.532107e-03 -4.948439e-03 -1.397911e-02 3.429396e-02 2.036616e-02 -1.034657e-02 -2.789933e-03 -5.143583e-02 3.717548e-02 9.014255e-04 3.720798e-02 -1.397311e-02 1.290572e-02 -6.765903e-04
<VARIANCE> 39
 1.163860e+01 9.169779e+00 1.365696e+02 3.818462e+01 3.348512e+01 4.369255e+01 1.331082e+01 2.412130e+01 1.715166e+01 4.253992e+01 2.124276e+01 1.810048e+01 5.253088e-02 8.551574e-01 7.638148e-01 5.238679e+00 2.340175e+00 2.306075e+00 2.400057e+00 1.585242e+00 2.932487e+00 1.836596e+00 3.841956e+00 2.039310e+00 1.745134e+00 1.173374e-03 1.381522e-01 1.549010e-01 5.511039e-01 3.294419e-01 3.191315e-01 4.734486e-01 2.714474e-01 5.510185e-01 3.619679e-01 5.414717e-01 3.841343e-01 3.436704e-01 1.185081e-04
<GCONST> 8.733289e+01
<STATE> 6
<MEAN> 39
 1.390775e-07 1.490116e-07 -1.245075e-06 -3.443824e-07 -5.298191e-08 -1.457002e-07 4.106098e-07 3.178914e-07 3.808075e-08 -3.642506e-08 4.371007e-07 -3.311369e-07 7.781655e-01 -1.428593e-01 -5.784310e-02 7.276163e-02 1.693340e-01 1.901742e-01 2.128289e-01 2.436026e-01 -1.491764e-03 -2.590511e-02 -1.277959e-01 -2.621171e-02 7.582612e-02 -6.532107e-03 -4.948439e-03 -1.397911e-02 3.429396e-02 2.036616e-02 -1.034657e-02 -2.789933e-03 -5.143583e-02 3.717548e-02 9.014255e-04 3.720798e-02 -1.397311e-02 1.290572e-02 -6.765903e-04
<VARIANCE> 39
 1.163860e+01 9.169779e+00 1.365696e+02 3.818462e+01 3.348512e+01 4.369255e+01 1.331082e+01 2.412130e+01 1.715166e+01 4.253992e+01 2.124276e+01 1.810048e+01 5.253088e-02 8.551574e-01 7.638148e-01 5.238679e+00 2.340175e+00 2.306075e+00 2.400057e+00 1.585242e+00 2.932487e+00 1.836596e+00 3.841956e+00 2.039310e+00 1.745134e+00 1.173374e-03 1.381522e-01 1.549010e-01 5.511039e-01 3.294419e-01 3.191315e-01 4.734486e-01 2.714474e-01 5.510185e-01 3.619679e-01 5.414717e-01 3.841343e-01 3.436704e-01 1.185081e-04
<GCONST> 8.733289e+01
<STATE> 7
<MEAN> 39
 1.390775e-07 1.490116e-07 -1.245075e-06 -3.443824e-07 -5.298191e-08 -1.457002e-07 4.106098e-07 3.178914e-07 3.808075e-08 -3.642506e-08 4.371007e-07 -3.311369e-07 7.781655e-01 -1.428593e-01 -5.784310e-02 7.276163e-02 1.693340e-01 1.901742e-01 2.128289e-01 2.436026e-01 -1.491764e-03 -2.590511e-02 -1.277959e-01 -2.621171e-02 7.582612e-02 -6.532107e-03 -4.948439e-03 -1.397911e-02 3.429396e-02 2.036616e-02 -1.034657e-02 -2.789933e-03 -5.143583e-02 3.717548e-02 9.014255e-04 3.720798e-02 -1.397311e-02 1.290572e-02 -6.765903e-04
<VARIANCE> 39
 1.163860e+01 9.169779e+00 1.365696e+02 3.818462e+01 3.348512e+01 4.369255e+01 1.331082e+01 2.412130e+01 1.715166e+01 4.253992e+01 2.124276e+01 1.810048e+01 5.253088e-02 8.551574e-01 7.638148e-01 5.238679e+00 2.340175e+00 2.306075e+00 2.400057e+00 1.585242e+00 2.932487e+00 1.836596e+00 3.841956e+00 2.039310e+00 1.745134e+00 1.173374e-03 1.381522e-01 1.549010e-01 5.511039e-01 3.294419e-01 3.191315e-01 4.734486e-01 2.714474e-01 5.510185e-01 3.619679e-01 5.414717e-01 3.841343e-01 3.436704e-01 1.185081e-04
<GCONST> 8.733289e+01
<STATE> 8
<MEAN> 39
 1.390775e-07 1.490116e-07 -1.245075e-06 -3.443824e-07 -5.298191e-08 -1.457002e-07 4.106098e-07 3.178914e-07 3.808075e-08 -3.642506e-08 4.371007e-07 -3.311369e-07 7.781655e-01 -1.428593e-01 -5.784310e-02 7.276163e-02 1.693340e-01 1.901742e-01 2.128289e-01 2.436026e-01 -1.491764e-03 -2.590511e-02 -1.277959e-01 -2.621171e-02 7.582612e-02 -6.532107e-03 -4.948439e-03 -1.397911e-02 3.429396e-02 2.036616e-02 -1.034657e-02 -2.789933e-03 -5.143583e-02 3.717548e-02 9.014255e-04 3.720798e-02 -1.397311e-02 1.290572e-02 -6.765903e-04
<VARIANCE> 39
 1.163860e+01 9.169779e+00 1.365696e+02 3.818462e+01 3.348512e+01 4.369255e+01 1.331082e+01 2.412130e+01 1.715166e+01 4.253992e+01 2.124276e+01 1.810048e+01 5.253088e-02 8.551574e-01 7.638148e-01 5.238679e+00 2.340175e+00 2.306075e+00 2.400057e+00 1.585242e+00 2.932487e+00 1.836596e+00 3.841956e+00 2.039310e+00 1.745134e+00 1.173374e-03 1.381522e-01 1.549010e-01 5.511039e-01 3.294419e-01 3.191315e-01 4.734486e-01 2.714474e-01 5.510185e-01 3.619679e-01 5.414717e-01 3.841343e-01 3.436704e-01 1.185081e-04
<GCONST> 8.733289e+01
<STATE> 9
<MEAN> 39
 1.390775e-07 1.490116e-07 -1.245075e-06 -3.443824e-07 -5.298191e-08 -1.457002e-07 4.106098e-07 3.178914e-07 3.808075e-08 -3.642506e-08 4.371007e-07 -3.311369e-07 7.781655e-01 -1.428593e-01 -5.784310e-02 7.276163e-02 1.693340e-01 1.901742e-01 2.128289e-01 2.436026e-01 -1.491764e-03 -2.590511e-02 -1.277959e-01 -2.621171e-02 7.582612e-02 -6.532107e-03 -4.948439e-03 -1.397911e-02 3.429396e-02 2.036616e-02 -1.034657e-02 -2.789933e-03 -5.143583e-02 3.717548e-02 9.014255e-04 3.720798e-02 -1.397311e-02 1.290572e-02 -6.765903e-04
<VARIANCE> 39
 1.163860e+01 9.169779e+00 1.365696e+02 3.818462e+01 3.348512e+01 4.369255e+01 1.331082e+01 2.412130e+01 1.715166e+01 4.253992e+01 2.124276e+01 1.810048e+01 5.253088e-02 8.551574e-01 7.638148e-01 5.238679e+00 2.340175e+00 2.306075e+00 2.400057e+00 1.585242e+00 2.932487e+00 1.836596e+00 3.841956e+00 2.039310e+00 1.745134e+00 1.173374e-03 1.381522e-01 1.549010e-01 5.511039e-01 3.294419e-01 3.191315e-01 4.734486e-01 2.714474e-01 5.510185e-01 3.619679e-01 5.414717e-01 3.841343e-01 3.436704e-01 1.185081e-04
<GCONST> 8.733289e+01
<TRANSP> 10
 0.000000e+00 1.000000e+00 0.000000e+00 0.000000e+00 0.000000e+00 0.000000e+00 0.000000e+00 0.000000e+00 0.000000e+00 0.000000e+00
 0.000000e+00 9.000000e-01 9.999999e-02 0.000000e+00 0.000000e+00 0.000000e+00 0.000000e+00 0.000000e+00 0.000000e+00 0.000000e+00
 0.000000e+00 0.000000e+00 9.000000e-01 9.999999e-02 0.000000e+00 0.000000e+00 0.000000e+00 0.000000e+00 0.000000e+00 0.000000e+00
 0.000000e+00 0.000000e+00 0.000000e+00 9.000000e-01 9.999999e-02 0.000000e+00 0.000000e+00 0.000000e+00 0.000000e+00 0.000000e+00
 0.000000e+00 0.000000e+00 0.000000e+00 0.000000e+00 9.000000e-01 9.999999e-02 0.000000e+00 0.000000e+00 0.000000e+00 0.000000e+00
 0.000000e+00 0.000000e+00 0.000000e+00 0.000000e+00 0.000000e+00 9.000000e-01 9.999999e-02 0.000000e+00 0.000000e+00 0.000000e+00
 0.000000e+00 0.000000e+00 0.000000e+00 0.000000e+00 0.000000e+00 0.000000e+00 9.000000e-01 9.999999e-02 0.000000e+00 0.000000e+00
 0.000000e+00 0.000000e+00 0.000000e+00 0.000000e+00 0.000000e+00 0.000000e+00 0.000000e+00 9.000000e-01 9.999999e-02 0.000000e+00
 0.000000e+00 0.000000e+00 0.000000e+00 0.000000e+00 0.000000e+00 0.000000e+00 0.000000e+00 0.000000e+00 9.000000e-01 9.999999e-02
 0.000000e+00 0.000000e+00 0.000000e+00 0.000000e+00 0.000000e+00 0.000000e+00 0.000000e+00 0.000000e+00 0.000000e+00 0.000000e+00
<ENDHMM>
