~o
<STREAMINFO> 1 39
<VECSIZE> 39<NULLD><MFCC_E_D_A_Z><DIAGC>
~h "s048"
<BEGINHMM>
<NUMSTATES> 10
<STATE> 2
<MEAN> 39
 7.110729e-08 -5.019339e-08 -1.589457e-07 1.840424e-07 -3.346226e-07 3.346226e-08 -1.756768e-07 -4.099126e-07 -1.003868e-07 7.110729e-08 -2.175047e-07 1.129351e-07 7.252811e-01 9.970413e-02 -2.163764e-01 -6.716106e-02 4.320464e-02 -4.558261e-02 7.935123e-02 1.742118e-01 -1.046894e-01 -3.546936e-01 1.028284e-01 -2.521472e-01 3.393255e-02 -2.022965e-03 9.783401e-03 -7.028760e-03 1.034318e-02 5.926983e-02 3.632573e-02 3.749013e-02 -5.258864e-02 -7.274712e-03 -2.046427e-02 -4.006443e-02 2.572473e-02 5.222319e-03 -8.815758e-04
<VARIANCE> 39
 2.255548e+01 4.196280e+01 3.013419e+01 4.546219e+01 9.273254e+01 7.145484e+01 6.765883e+01 6.452589e+01 5.663620e+01 2.231834e+01 6.533208e+01 5.673798e+01 2.949199e-02 1.277157e+00 3.185421e+00 1.798710e+00 4.560603e+00 4.777275e+00 8.914785e+00 6.087850e+00 7.780401e+00 5.518174e+00 3.541208e+00 4.541036e+00 3.935156e+00 2.136993e-03 2.059480e-01 4.170039e-01 3.344473e-01 6.719881e-01 7.895954e-01 1.697221e+00 7.485629e-01 1.491906e+00 1.230996e+00 7.557225e-01 8.937141e-01 6.206076e-01 2.456573e-04
<GCONST> 1.130761e+02
<STATE> 3
<MEAN> 39
 7.110729e-08 -5.019339e-08 -1.589457e-07 1.840424e-07 -3.346226e-07 3.346226e-08 -1.756768e-07 -4.099126e-07 -1.003868e-07 7.110729e-08 -2.175047e-07 1.129351e-07 7.252811e-01 9.970413e-02 -2.163764e-01 -6.716106e-02 4.320464e-02 -4.558261e-02 7.935123e-02 1.742118e-01 -1.046894e-01 -3.546936e-01 1.028284e-01 -2.521472e-01 3.393255e-02 -2.022965e-03 9.783401e-03 -7.028760e-03 1.034318e-02 5.926983e-02 3.632573e-02 3.749013e-02 -5.258864e-02 -7.274712e-03 -2.046427e-02 -4.006443e-02 2.572473e-02 5.222319e-03 -8.815758e-04
<VARIANCE> 39
 2.255548e+01 4.196280e+01 3.013419e+01 4.546219e+01 9.273254e+01 7.145484e+01 6.765883e+01 6.452589e+01 5.663620e+01 2.231834e+01 6.533208e+01 5.673798e+01 2.949199e-02 1.277157e+00 3.185421e+00 1.798710e+00 4.560603e+00 4.777275e+00 8.914785e+00 6.087850e+00 7.780401e+00 5.518174e+00 3.541208e+00 4.541036e+00 3.935156e+00 2.136993e-03 2.059480e-01 4.170039e-01 3.344473e-01 6.719881e-01 7.895954e-01 1.697221e+00 7.485629e-01 1.491906e+00 1.230996e+00 7.557225e-01 8.937141e-01 6.206076e-01 2.456573e-04
<GCONST> 1.130761e+02
<STATE> 4
<MEAN> 39
 7.110729e-08 -5.019339e-08 -1.589457e-07 1.840424e-07 -3.346226e-07 3.346226e-08 -1.756768e-07 -4.099126e-07 -1.003868e-07 7.110729e-08 -2.175047e-07 1.129351e-07 7.252811e-01 9.970413e-02 -2.163764e-01 -6.716106e-02 4.320464e-02 -4.558261e-02 7.935123e-02 1.742118e-01 -1.046894e-01 -3.546936e-01 1.028284e-01 -2.521472e-01 3.393255e-02 -2.022965e-03 9.783401e-03 -7.028760e-03 1.034318e-02 5.926983e-02 3.632573e-02 3.749013e-02 -5.258864e-02 -7.274712e-03 -2.046427e-02 -4.006443e-02 2.572473e-02 5.222319e-03 -8.815758e-04
<VARIANCE> 39
 2.255548e+01 4.196280e+01 3.013419e+01 4.546219e+01 9.273254e+01 7.145484e+01 6.765883e+01 6.452589e+01 5.663620e+01 2.231834e+01 6.533208e+01 5.673798e+01 2.949199e-02 1.277157e+00 3.185421e+00 1.798710e+00 4.560603e+00 4.777275e+00 8.914785e+00 6.087850e+00 7.780401e+00 5.518174e+00 3.541208e+00 4.541036e+00 3.935156e+00 2.136993e-03 2.059480e-01 4.170039e-01 3.344473e-01 6.719881e-01 7.895954e-01 1.697221e+00 7.485629e-01 1.491906e+00 1.230996e+00 7.557225e-01 8.937141e-01 6.206076e-01 2.456573e-04
<GCONST> 1.130761e+02
<STATE> 5
<MEAN> 39
 7.110729e-08 -5.019339e-08 -1.589457e-07 1.840424e-07 -3.346226e-07 3.346226e-08 -1.756768e-07 -4.099126e-07 -1.003868e-07 7.110729e-08 -2.175047e-07 1.129351e-07 7.252811e-01 9.970413e-02 -2.163764e-01 -6.716106e-02 4.320464e-02 -4.558261e-02 7.935123e-02 1.742118e-01 -1.046894e-01 -3.546936e-01 1.028284e-01 -2.521472e-01 3.393255e-02 -2.022965e-03 9.783401e-03 -7.028760e-03 1.034318e-02 5.926983e-02 3.632573e-02 3.749013e-02 -5.258864e-02 -7.274712e-03 -2.046427e-02 -4.006443e-02 2.572473e-02 5.222319e-03 -8.815758e-04
<VARIANCE> 39
 2.255548e+01 4.196280e+01 3.013419e+01 4.546219e+01 9.273254e+01 7.145484e+01 6.765883e+01 6.452589e+01 5.663620e+01 2.231834e+01 6.533208e+01 5.673798e+01 2.949199e-02 1.277157e+00 3.185421e+00 1.798710e+00 4.560603e+00 4.777275e+00 8.914785e+00 6.087850e+00 7.780401e+00 5.518174e+00 3.541208e+00 4.541036e+00 3.935156e+00 2.136993e-03 2.059480e-01 4.170039e-01 3.344473e-01 6.719881e-01 7.895954e-01 1.697221e+00 7.485629e-01 1.491906e+00 1.230996e+00 7.557225e-01 8.937141e-01 6.206076e-01 2.456573e-04
<GCONST> 1.130761e+02
<STATE> 6
<MEAN> 39
 7.110729e-08 -5.019339e-08 -1.589457e-07 1.840424e-07 -3.346226e-07 3.346226e-08 -1.756768e-07 -4.099126e-07 -1.003868e-07 7.110729e-08 -2.175047e-07 1.129351e-07 7.252811e-01 9.970413e-02 -2.163764e-01 -6.716106e-02 4.320464e-02 -4.558261e-02 7.935123e-02 1.742118e-01 -1.046894e-01 -3.546936e-01 1.028284e-01 -2.521472e-01 3.393255e-02 -2.022965e-03 9.783401e-03 -7.028760e-03 1.034318e-02 5.926983e-02 3.632573e-02 3.749013e-02 -5.258864e-02 -7.274712e-03 -2.046427e-02 -4.006443e-02 2.572473e-02 5.222319e-03 -8.815758e-04
<VARIANCE> 39
 2.255548e+01 4.196280e+01 3.013419e+01 4.546219e+01 9.273254e+01 7.145484e+01 6.765883e+01 6.452589e+01 5.663620e+01 2.231834e+01 6.533208e+01 5.673798e+01 2.949199e-02 1.277157e+00 3.185421e+00 1.798710e+00 4.560603e+00 4.777275e+00 8.914785e+00 6.087850e+00 7.780401e+00 5.518174e+00 3.541208e+00 4.541036e+00 3.935156e+00 2.136993e-03 2.059480e-01 4.170039e-01 3.344473e-01 6.719881e-01 7.895954e-01 1.697221e+00 7.485629e-01 1.491906e+00 1.230996e+00 7.557225e-01 8.937141e-01 6.206076e-01 2.456573e-04
<GCONST> 1.130761e+02
<STATE> 7
<MEAN> 39
 7.110729e-08 -5.019339e-08 -1.589457e-07 1.840424e-07 -3.346226e-07 3.346226e-08 -1.756768e-07 -4.099126e-07 -1.003868e-07 7.110729e-08 -2.175047e-07 1.129351e-07 7.252811e-01 9.970413e-02 -2.163764e-01 -6.716106e-02 4.320464e-02 -4.558261e-02 7.935123e-02 1.742118e-01 -1.046894e-01 -3.546936e-01 1.028284e-01 -2.521472e-01 3.393255e-02 -2.022965e-03 9.783401e-03 -7.028760e-03 1.034318e-02 5.926983e-02 3.632573e-02 3.749013e-02 -5.258864e-02 -7.274712e-03 -2.046427e-02 -4.006443e-02 2.572473e-02 5.222319e-03 -8.815758e-04
<VARIANCE> 39
 2.255548e+01 4.196280e+01 3.013419e+01 4.546219e+01 9.273254e+01 7.145484e+01 6.765883e+01 6.452589e+01 5.663620e+01 2.231834e+01 6.533208e+01 5.673798e+01 2.949199e-02 1.277157e+00 3.185421e+00 1.798710e+00 4.560603e+00 4.777275e+00 8.914785e+00 6.087850e+00 7.780401e+00 5.518174e+00 3.541208e+00 4.541036e+00 3.935156e+00 2.136993e-03 2.059480e-01 4.170039e-01 3.344473e-01 6.719881e-01 7.895954e-01 1.697221e+00 7.485629e-01 1.491906e+00 1.230996e+00 7.557225e-01 8.937141e-01 6.206076e-01 2.456573e-04
<GCONST> 1.130761e+02
<STATE> 8
<MEAN> 39
 7.110729e-08 -5.019339e-08 -1.589457e-07 1.840424e-07 -3.346226e-07 3.346226e-08 -1.756768e-07 -4.099126e-07 -1.003868e-07 7.110729e-08 -2.175047e-07 1.129351e-07 7.252811e-01 9.970413e-02 -2.163764e-01 -6.716106e-02 4.320464e-02 -4.558261e-02 7.935123e-02 1.742118e-01 -1.046894e-01 -3.546936e-01 1.028284e-01 -2.521472e-01 3.393255e-02 -2.022965e-03 9.783401e-03 -7.028760e-03 1.034318e-02 5.926983e-02 3.632573e-02 3.749013e-02 -5.258864e-02 -7.274712e-03 -2.046427e-02 -4.006443e-02 2.572473e-02 5.222319e-03 -8.815758e-04
<VARIANCE> 39
 2.255548e+01 4.196280e+01 3.013419e+01 4.546219e+01 9.273254e+01 7.145484e+01 6.765883e+01 6.452589e+01 5.663620e+01 2.231834e+01 6.533208e+01 5.673798e+01 2.949199e-02 1.277157e+00 3.185421e+00 1.798710e+00 4.560603e+00 4.777275e+00 8.914785e+00 6.087850e+00 7.780401e+00 5.518174e+00 3.541208e+00 4.541036e+00 3.935156e+00 2.136993e-03 2.059480e-01 4.170039e-01 3.344473e-01 6.719881e-01 7.895954e-01 1.697221e+00 7.485629e-01 1.491906e+00 1.230996e+00 7.557225e-01 8.937141e-01 6.206076e-01 2.456573e-04
<GCONST> 1.130761e+02
<STATE> 9
<MEAN> 39
 7.110729e-08 -5.019339e-08 -1.589457e-07 1.840424e-07 -3.346226e-07 3.346226e-08 -1.756768e-07 -4.099126e-07 -1.003868e-07 7.110729e-08 -2.175047e-07 1.129351e-07 7.252811e-01 9.970413e-02 -2.163764e-01 -6.716106e-02 4.320464e-02 -4.558261e-02 7.935123e-02 1.742118e-01 -1.046894e-01 -3.546936e-01 1.028284e-01 -2.521472e-01 3.393255e-02 -2.022965e-03 9.783401e-03 -7.028760e-03 1.034318e-02 5.926983e-02 3.632573e-02 3.749013e-02 -5.258864e-02 -7.274712e-03 -2.046427e-02 -4.006443e-02 2.572473e-02 5.222319e-03 -8.815758e-04
<VARIANCE> 39
 2.255548e+01 4.196280e+01 3.013419e+01 4.546219e+01 9.273254e+01 7.145484e+01 6.765883e+01 6.452589e+01 5.663620e+01 2.231834e+01 6.533208e+01 5.673798e+01 2.949199e-02 1.277157e+00 3.185421e+00 1.798710e+00 4.560603e+00 4.777275e+00 8.914785e+00 6.087850e+00 7.780401e+00 5.518174e+00 3.541208e+00 4.541036e+00 3.935156e+00 2.136993e-03 2.059480e-01 4.170039e-01 3.344473e-01 6.719881e-01 7.895954e-01 1.697221e+00 7.485629e-01 1.491906e+00 1.230996e+00 7.557225e-01 8.937141e-01 6.206076e-01 2.456573e-04
<GCONST> 1.130761e+02
<TRANSP> 10
 0.000000e+00 1.000000e+00 0.000000e+00 0.000000e+00 0.000000e+00 0.000000e+00 0.000000e+00 0.000000e+00 0.000000e+00 0.000000e+00
 0.000000e+00 9.000000e-01 9.999999e-02 0.000000e+00 0.000000e+00 0.000000e+00 0.000000e+00 0.000000e+00 0.000000e+00 0.000000e+00
 0.000000e+00 0.000000e+00 9.000000e-01 9.999999e-02 0.000000e+00 0.000000e+00 0.000000e+00 0.000000e+00 0.000000e+00 0.000000e+00
 0.000000e+00 0.000000e+00 0.000000e+00 9.000000e-01 9.999999e-02 0.000000e+00 0.000000e+00 0.000000e+00 0.000000e+00 0.000000e+00
 0.000000e+00 0.000000e+00 0.000000e+00 0.000000e+00 9.000000e-01 9.999999e-02 0.000000e+00 0.000000e+00 0.000000e+00 0.000000e+00
 0.000000e+00 0.000000e+00 0.000000e+00 0.000000e+00 0.000000e+00 9.000000e-01 9.999999e-02 0.000000e+00 0.000000e+00 0.000000e+00
 0.000000e+00 0.000000e+00 0.000000e+00 0.000000e+00 0.000000e+00 0.000000e+00 9.000000e-01 9.999999e-02 0.000000e+00 0.000000e+00
 0.000000e+00 0.000000e+00 0.000000e+00 0.000000e+00 0.000000e+00 0.000000e+00 0.000000e+00 9.000000e-01 9.999999e-02 0.000000e+00
 0.000000e+00 0.000000e+00 0.000000e+00 0.000000e+00 0.000000e+00 0.000000e+00 0.000000e+00 0.000000e+00 9.000000e-01 9.999999e-02
 0.000000e+00 0.000000e+00 0.000000e+00 0.000000e+00 0.000000e+00 0.000000e+00 0.000000e+00 0.000000e+00 0.000000e+00 0.000000e+00
<ENDHMM>
