~o
<STREAMINFO> 1 39
<VECSIZE> 39<NULLD><MFCC_E_D_A_Z><DIAGC>
~h "s051"
<BEGINHMM>
<NUMSTATES> 10
<STATE> 2
<MEAN> 39
 1.799386e-08 2.159263e-07 5.038279e-07 6.837665e-07 -2.699078e-07 -6.837665e-07 -4.228556e-07 -2.968986e-07 3.598771e-08 -5.758034e-07 1.799386e-08 -1.619447e-07 7.523957e-01 1.197556e-01 -1.800198e-02 -2.191384e-01 4.687036e-01 4.280108e-01 -1.296698e-01 -7.022166e-02 1.487200e-01 6.784953e-03 3.369451e-02 -3.383090e-01 2.944265e-01 -5.243840e-03 3.456538e-02 3.173518e-02 3.681168e-02 7.652539e-04 -1.747219e-02 2.503016e-02 5.374357e-02 -1.030545e-01 4.609863e-02 8.781835e-02 1.268567e-02 -4.892766e-02 -3.095501e-04
<VARIANCE> 39
 3.629431e+01 1.122075e+02 9.273557e+01 8.894750e+01 4.721076e+01 6.542832e+01 4.970742e+01 4.262117e+01 4.009886e+01 5.344437e+01 6.794173e+01 4.649380e+01 2.032068e-02 2.181099e+00 3.044432e+00 4.535217e+00 3.617383e+00 4.245433e+00 6.171111e+00 6.151392e+00 4.668278e+00 4.300230e+00 4.286349e+00 5.651875e+00 3.802499e+00 1.282561e-03 2.769257e-01 2.924256e-01 5.129892e-01 6.190869e-01 6.137219e-01 1.095692e+00 1.250774e+00 7.987896e-01 7.294255e-01 6.664833e-01 8.317749e-01 8.080819e-01 1.929058e-04
<GCONST> 1.134396e+02
<STATE> 3
<MEAN> 39
 1.799386e-08 2.159263e-07 5.038279e-07 6.837665e-07 -2.699078e-07 -6.837665e-07 -4.228556e-07 -2.968986e-07 3.598771e-08 -5.758034e-07 1.799386e-08 -1.619447e-07 7.523957e-01 1.197556e-01 -1.800198e-02 -2.191384e-01 4.687036e-01 4.280108e-01 -1.296698e-01 -7.022166e-02 1.487200e-01 6.784953e-03 3.369451e-02 -3.383090e-01 2.944265e-01 -5.243840e-03 3.456538e-02 3.173518e-02 3.681168e-02 7.652539e-04 -1.747219e-02 2.503016e-02 5.374357e-02 -1.030545e-01 4.609863e-02 8.781835e-02 1.268567e-02 -4.892766e-02 -3.095501e-04
<VARIANCE> 39
 3.629431e+01 1.122075e+02 9.273557e+01 8.894750e+01 4.721076e+01 6.542832e+01 4.970742e+01 4.262117e+01 4.009886e+01 5.344437e+01 6.794173e+01 4.649380e+01 2.032068e-02 2.181099e+00 3.044432e+00 4.535217e+00 3.617383e+00 4.245433e+00 6.171111e+00 6.151392e+00 4.668278e+00 4.300230e+00 4.286349e+00 5.651875e+00 3.802499e+00 1.282561e-03 2.769257e-01 2.924256e-01 5.129892e-01 6.190869e-01 6.137219e-01 1.095692e+00 1.250774e+00 7.987896e-01 7.294255e-01 6.664833e-01 8.317749e-01 8.080819e-01 1.929058e-04
<GCONST> 1.134396e+02
<STATE> 4
<MEAN> 39
 1.799386e-08 2.159263e-07 5.038279e-07 6.837665e-07 -2.699078e-07 -6.837665e-07 -4.228556e-07 -2.968986e-07 3.598771e-08 -5.758034e-07 1.799386e-08 -1.619447e-07 7.523957e-01 1.197556e-01 -1.800198e-02 -2.191384e-01 4.687036e-01 4.280108e-01 -1.296698e-01 -7.022166e-02 1.487200e-01 6.784953e-03 3.369451e-02 -3.383090e-01 2.944265e-01 -5.243840e-03 3.456538e-02 3.173518e-02 3.681168e-02 7.652539e-04 -1.747219e-02 2.503016e-02 5.374357e-02 -1.030545e-01 4.609863e-02 8.781835e-02 1.268567e-02 -4.892766e-02 -3.095501e-04
<VARIANCE> 39
 3.629431e+01 1.122075e+02 9.273557e+01 8.894750e+01 4.721076e+01 6.542832e+01 4.970742e+01 4.262117e+01 4.009886e+01 5.344437e+01 6.794173e+01 4.649380e+01 2.032068e-02 2.181099e+00 3.044432e+00 4.535217e+00 3.617383e+00 4.245433e+00 6.171111e+00 6.151392e+00 4.668278e+00 4.300230e+00 4.286349e+00 5.651875e+00 3.802499e+00 1.282561e-03 2.769257e-01 2.924256e-01 5.129892e-01 6.190869e-01 6.137219e-01 1.095692e+00 1.250774e+00 7.987896e-01 7.294255e-01 6.664833e-01 8.317749e-01 8.080819e-01 1.929058e-04
<GCONST> 1.134396e+02
<STATE> 5
<MEAN> 39
 1.799386e-08 2.159263e-07 5.038279e-07 6.837665e-07 -2.699078e-07 -6.837665e-07 -4.228556e-07 -2.968986e-07 3.598771e-08 -5.758034e-07 1.799386e-08 -1.619447e-07 7.523957e-01 1.197556e-01 -1.800198e-02 -2.191384e-01 4.687036e-01 4.280108e-01 -1.296698e-01 -7.022166e-02 1.487200e-01 6.784953e-03 3.369451e-02 -3.383090e-01 2.944265e-01 -5.243840e-03 3.456538e-02 3.173518e-02 3.681168e-02 7.652539e-04 -1.747219e-02 2.503016e-02 5.374357e-02 -1.030545e-01 4.609863e-02 8.781835e-02 1.268567e-02 -4.892766e-02 -3.095501e-04
<VARIANCE> 39
 3.629431e+01 1.122075e+02 9.273557e+01 8.894750e+01 4.721076e+01 6.542832e+01 4.970742e+01 4.262117e+01 4.009886e+01 5.344437e+01 6.794173e+01 4.649380e+01 2.032068e-02 2.181099e+00 3.044432e+00 4.535217e+00 3.617383e+00 4.245433e+00 6.171111e+00 6.151392e+00 4.668278e+00 4.300230e+00 4.286349e+00 5.651875e+00 3.802499e+00 1.282561e-03 2.769257e-01 2.924256e-01 5.129892e-01 6.190869e-01 6.137219e-01 1.095692e+00 1.250774e+00 7.987896e-01 7.294255e-01 6.664833e-01 8.317749e-01 8.080819e-01 1.929058e-04
<GCONST> 1.134396e+02
<STATE> 6
<MEAN> 39
 1.799386e-08 2.159263e-07 5.038279e-07 6.837665e-07 -2.699078e-07 -6.837665e-07 -4.228556e-07 -2.968986e-07 3.598771e-08 -5.758034e-07 1.799386e-08 -1.619447e-07 7.523957e-01 1.197556e-01 -1.800198e-02 -2.191384e-01 4.687036e-01 4.280108e-01 -1.296698e-01 -7.022166e-02 1.487200e-01 6.784953e-03 3.369451e-02 -3.383090e-01 2.944265e-01 -5.243840e-03 3.456538e-02 3.173518e-02 3.681168e-02 7.652539e-04 -1.747219e-02 2.503016e-02 5.374357e-02 -1.030545e-01 4.609863e-02 8.781835e-02 1.268567e-02 -4.892766e-02 -3.095501e-04
<VARIANCE> 39
 3.629431e+01 1.122075e+02 9.273557e+01 8.894750e+01 4.721076e+01 6.542832e+01 4.970742e+01 4.262117e+01 4.009886e+01 5.344437e+01 6.794173e+01 4.649380e+01 2.032068e-02 2.181099e+00 3.044432e+00 4.535217e+00 3.617383e+00 4.245433e+00 6.171111e+00 6.151392e+00 4.668278e+00 4.300230e+00 4.286349e+00 5.651875e+00 3.802499e+00 1.282561e-03 2.769257e-01 2.924256e-01 5.129892e-01 6.190869e-01 6.137219e-01 1.095692e+00 1.250774e+00 7.987896e-01 7.294255e-01 6.664833e-01 8.317749e-01 8.080819e-01 1.929058e-04
<GCONST> 1.134396e+02
<STATE> 7
<MEAN> 39
 1.799386e-08 2.159263e-07 5.038279e-07 6.837665e-07 -2.699078e-07 -6.837665e-07 -4.228556e-07 -2.968986e-07 3.598771e-08 -5.758034e-07 1.799386e-08 -1.619447e-07 7.523957e-01 1.197556e-01 -1.800198e-02 -2.191384e-01 4.687036e-01 4.280108e-01 -1.296698e-01 -7.022166e-02 1.487200e-01 6.784953e-03 3.369451e-02 -3.383090e-01 2.944265e-01 -5.243840e-03 3.456538e-02 3.173518e-02 3.681168e-02 7.652539e-04 -1.747219e-02 2.503016e-02 5.374357e-02 -1.030545e-01 4.609863e-02 8.781835e-02 1.268567e-02 -4.892766e-02 -3.095501e-04
<VARIANCE> 39
 3.629431e+01 1.122075e+02 9.273557e+01 8.894750e+01 4.721076e+01 6.542832e+01 4.970742e+01 4.262117e+01 4.009886e+01 5.344437e+01 6.794173e+01 4.649380e+01 2.032068e-02 2.181099e+00 3.044432e+00 4.535217e+00 3.617383e+00 4.245433e+00 6.171111e+00 6.151392e+00 4.668278e+00 4.300230e+00 4.286349e+00 5.651875e+00 3.802499e+00 1.282561e-03 2.769257e-01 2.924256e-01 5.129892e-01 6.190869e-01 6.137219e-01 1.095692e+00 1.250774e+00 7.987896e-01 7.294255e-01 6.664833e-01 8.317749e-01 8.080819e-01 1.929058e-04
<GCONST> 1.134396e+02
<STATE> 8
<MEAN> 39
 1.799386e-08 2.159263e-07 5.038279e-07 6.837665e-07 -2.699078e-07 -6.837665e-07 -4.228556e-07 -2.968986e-07 3.598771e-08 -5.758034e-07 1.799386e-08 -1.619447e-07 7.523957e-01 1.197556e-01 -1.800198e-02 -2.191384e-01 4.687036e-01 4.280108e-01 -1.296698e-01 -7.022166e-02 1.487200e-01 6.784953e-03 3.369451e-02 -3.383090e-01 2.944265e-01 -5.243840e-03 3.456538e-02 3.173518e-02 3.681168e-02 7.652539e-04 -1.747219e-02 2.503016e-02 5.374357e-02 -1.030545e-01 4.609863e-02 8.781835e-02 1.268567e-02 -4.892766e-02 -3.095501e-04
<VARIANCE> 39
 3.629431e+01 1.122075e+02 9.273557e+01 8.894750e+01 4.721076e+01 6.542832e+01 4.970742e+01 4.262117e+01 4.009886e+01 5.344437e+01 6.794173e+01 4.649380e+01 2.032068e-02 2.181099e+00 3.044432e+00 4.535217e+00 3.617383e+00 4.245433e+00 6.171111e+00 6.151392e+00 4.668278e+00 4.300230e+00 4.286349e+00 5.651875e+00 3.802499e+00 1.282561e-03 2.769257e-01 2.924256e-01 5.129892e-01 6.190869e-01 6.137219e-01 1.095692e+00 1.250774e+00 7.987896e-01 7.294255e-01 6.664833e-01 8.317749e-01 8.080819e-01 1.929058e-04
<GCONST> 1.134396e+02
<STATE> 9
<MEAN> 39
 1.799386e-08 2.159263e-07 5.038279e-07 6.837665e-07 -2.699078e-07 -6.837665e-07 -4.228556e-07 -2.968986e-07 3.598771e-08 -5.758034e-07 1.799386e-08 -1.619447e-07 7.523957e-01 1.197556e-01 -1.800198e-02 -2.191384e-01 4.687036e-01 4.280108e-01 -1.296698e-01 -7.022166e-02 1.487200e-01 6.784953e-03 3.369451e-02 -3.383090e-01 2.944265e-01 -5.243840e-03 3.456538e-02 3.173518e-02 3.681168e-02 7.652539e-04 -1.747219e-02 2.503016e-02 5.374357e-02 -1.030545e-01 4.609863e-02 8.781835e-02 1.268567e-02 -4.892766e-02 -3.095501e-04
<VARIANCE> 39
 3.629431e+01 1.122075e+02 9.273557e+01 8.894750e+01 4.721076e+01 6.542832e+01 4.970742e+01 4.262117e+01 4.009886e+01 5.344437e+01 6.794173e+01 4.649380e+01 2.032068e-02 2.181099e+00 3.044432e+00 4.535217e+00 3.617383e+00 4.245433e+00 6.171111e+00 6.151392e+00 4.668278e+00 4.300230e+00 4.286349e+00 5.651875e+00 3.802499e+00 1.282561e-03 2.769257e-01 2.924256e-01 5.129892e-01 6.190869e-01 6.137219e-01 1.095692e+00 1.250774e+00 7.987896e-01 7.294255e-01 6.664833e-01 8.317749e-01 8.080819e-01 1.929058e-04
<GCONST> 1.134396e+02
<TRANSP> 10
 0.000000e+00 1.000000e+00 0.000000e+00 0.000000e+00 0.000000e+00 0.000000e+00 0.000000e+00 0.000000e+00 0.000000e+00 0.000000e+00
 0.000000e+00 9.000000e-01 9.999999e-02 0.000000e+00 0.000000e+00 0.000000e+00 0.000000e+00 0.000000e+00 0.000000e+00 0.000000e+00
 0.000000e+00 0.000000e+00 9.000000e-01 9.999999e-02 0.000000e+00 0.000000e+00 0.000000e+00 0.000000e+00 0.000000e+00 0.000000e+00
 0.000000e+00 0.000000e+00 0.000000e+00 9.000000e-01 9.999999e-02 0.000000e+00 0.000000e+00 0.000000e+00 0.000000e+00 0.000000e+00
 0.000000e+00 0.000000e+00 0.000000e+00 0.000000e+00 9.000000e-01 9.999999e-02 0.000000e+00 0.000000e+00 0.000000e+00 0.000000e+00
 0.000000e+00 0.000000e+00 0.000000e+00 0.000000e+00 0.000000e+00 9.000000e-01 9.999999e-02 0.000000e+00 0.000000e+00 0.000000e+00
 0.000000e+00 0.000000e+00 0.000000e+00 0.000000e+00 0.000000e+00 0.000000e+00 9.000000e-01 9.999999e-02 0.000000e+00 0.000000e+00
 0.000000e+00 0.000000e+00 0.000000e+00 0.000000e+00 0.000000e+00 0.000000e+00 0.000000e+00 9.000000e-01 9.999999e-02 0.000000e+00
 0.000000e+00 0.000000e+00 0.000000e+00 0.000000e+00 0.000000e+00 0.000000e+00 0.000000e+00 0.000000e+00 9.000000e-01 9.999999e-02
 0.000000e+00 0.000000e+00 0.000000e+00 0.000000e+00 0.000000e+00 0.000000e+00 0.000000e+00 0.000000e+00 0.000000e+00 0.000000e+00
<ENDHMM>
