~o
<STREAMINFO> 1 39
<VECSIZE> 39<NULLD><MFCC_E_D_A_Z><DIAGC>
~h "s054"
<BEGINHMM>
<NUMSTATES> 10
<STATE> 2
<MEAN> 39
 -1.854367e-07 3.443824e-07 1.633609e-07 -2.472489e-07 8.830318e-09 -1.942670e-07 1.589457e-07 -8.477105e-07 1.766064e-08 -1.766063e-07 2.737399e-07 1.611533e-07 8.447463e-01 -1.056170e-02 -1.192630e-01 -2.829086e-01 2.587058e-01 1.833007e-02 -4.738215e-02 2.138298e-01 -3.706989e-01 -1.103799e-01 2.001915e-02 -2.209783e-01 1.046944e-01 -3.980372e-03 9.475694e-03 -1.299110e-02 -8.386131e-03 7.673277e-02 2.969298e-02 2.785208e-02 8.572844e-04 -8.466969e-03 -3.462546e-02 3.269314e-03 -4.988941e-02 -3.720896e-02 -6.892537e-04
<VARIANCE> 39
 2.206704e+01 7.435439e+01 4.916827e+01 5.096643e+01 4.704422e+01 2.493883e+01 6.370311e+01 1.327435e+02 2.559941e+01 2.735723e+01 6.283797e+01 2.763398e+01 1.828580e-02 1.759691e+00 1.551549e+00 1.472188e+00 3.772261e+00 3.788807e+00 2.730393e+00 4.305355e+00 1.726103e+00 3.580604e+00 3.474102e+00 3.824886e+00 3.229666e+00 9.136542e-04 3.056998e-01 1.480484e-01 2.603894e-01 5.345896e-01 5.941032e-01 5.809234e-01 6.536874e-01 2.345821e-01 7.736568e-01 7.688513e-01 7.454642e-01 6.340073e-01 7.484308e-05
<GCONST> 9.934885e+01
<STATE> 3
<MEAN> 39
 -1.854367e-07 3.443824e-07 1.633609e-07 -2.472489e-07 8.830318e-09 -1.942670e-07 1.589457e-07 -8.477105e-07 1.766064e-08 -1.766063e-07 2.737399e-07 1.611533e-07 8.447463e-01 -1.056170e-02 -1.192630e-01 -2.829086e-01 2.587058e-01 1.833007e-02 -4.738215e-02 2.138298e-01 -3.706989e-01 -1.103799e-01 2.001915e-02 -2.209783e-01 1.046944e-01 -3.980372e-03 9.475694e-03 -1.299110e-02 -8.386131e-03 7.673277e-02 2.969298e-02 2.785208e-02 8.572844e-04 -8.466969e-03 -3.462546e-02 3.269314e-03 -4.988941e-02 -3.720896e-02 -6.892537e-04
<VARIANCE> 39
 2.206704e+01 7.435439e+01 4.916827e+01 5.096643e+01 4.704422e+01 2.493883e+01 6.370311e+01 1.327435e+02 2.559941e+01 2.735723e+01 6.283797e+01 2.763398e+01 1.828580e-02 1.759691e+00 1.551549e+00 1.472188e+00 3.772261e+00 3.788807e+00 2.730393e+00 4.305355e+00 1.726103e+00 3.580604e+00 3.474102e+00 3.824886e+00 3.229666e+00 9.136542e-04 3.056998e-01 1.480484e-01 2.603894e-01 5.345896e-01 5.941032e-01 5.809234e-01 6.536874e-01 2.345821e-01 7.736568e-01 7.688513e-01 7.454642e-01 6.340073e-01 7.484308e-05
<GCONST> 9.934885e+01
<STATE> 4
<MEAN> 39
 -1.854367e-07 3.443824e-07 1.633609e-07 -2.472489e-07 8.830318e-09 -1.942670e-07 1.589457e-07 -8.477105e-07 1.766064e-08 -1.766063e-07 2.737399e-07 1.611533e-07 8.447463e-01 -1.056170e-02 -1.192630e-01 -2.829086e-01 2.587058e-01 1.833007e-02 -4.738215e-02 2.138298e-01 -3.706989e-01 -1.103799e-01 2.001915e-02 -2.209783e-01 1.046944e-01 -3.980372e-03 9.475694e-03 -1.299110e-02 -8.386131e-03 7.673277e-02 2.969298e-02 2.785208e-02 8.572844e-04 -8.466969e-03 -3.462546e-02 3.269314e-03 -4.988941e-02 -3.720896e-02 -6.892537e-04
<VARIANCE> 39
 2.206704e+01 7.435439e+01 4.916827e+01 5.096643e+01 4.704422e+01 2.493883e+01 6.370311e+01 1.327435e+02 2.559941e+01 2.735723e+01 6.283797e+01 2.763398e+01 1.828580e-02 1.759691e+00 1.551549e+00 1.472188e+00 3.772261e+00 3.788807e+00 2.730393e+00 4.305355e+00 1.726103e+00 3.580604e+00 3.474102e+00 3.824886e+00 3.229666e+00 9.136542e-04 3.056998e-01 1.480484e-01 2.603894e-01 5.345896e-01 5.941032e-01 5.809234e-01 6.536874e-01 2.345821e-01 7.736568e-01 7.688513e-01 7.454642e-01 6.340073e-01 7.484308e-05
<GCONST> 9.934885e+01
<STATE> 5
<MEAN> 39
 -1.854367e-07 3.443824e-07 1.633609e-07 -2.472489e-07 8.830318e-09 -1.942670e-07 1.589457e-07 -8.477105e-07 1.766064e-08 -1.766063e-07 2.737399e-07 1.611533e-07 8.447463e-01 -1.056170e-02 -1.192630e-01 -2.829086e-01 2.587058e-01 1.833007e-02 -4.738215e-02 2.138298e-01 -3.706989e-01 -1.103799e-01 2.001915e-02 -2.209783e-01 1.046944e-01 -3.980372e-03 9.475694e-03 -1.299110e-02 -8.386131e-03 7.673277e-02 2.969298e-02 2.785208e-02 8.572844e-04 -8.466969e-03 -3.462546e-02 3.269314e-03 -4.988941e-02 -3.720896e-02 -6.892537e-04
<VARIANCE> 39
 2.206704e+01 7.435439e+01 4.916827e+01 5.096643e+01 4.704422e+01 2.493883e+01 6.370311e+01 1.327435e+02 2.559941e+01 2.735723e+01 6.283797e+01 2.763398e+01 1.828580e-02 1.759691e+00 1.551549e+00 1.472188e+00 3.772261e+00 3.788807e+00 2.730393e+00 4.305355e+00 1.726103e+00 3.580604e+00 3.474102e+00 3.824886e+00 3.229666e+00 9.136542e-04 3.056998e-01 1.480484e-01 2.603894e-01 5.345896e-01 5.941032e-01 5.809234e-01 6.536874e-01 2.345821e-01 7.736568e-01 7.688513e-01 7.454642e-01 6.340073e-01 7.484308e-05
<GCONST> 9.934885e+01
<STATE> 6
<MEAN> 39
 -1.854367e-07 3.443824e-07 1.633609e-07 -2.472489e-07 8.830318e-09 -1.942670e-07 1.589457e-07 -8.477105e-07 1.766064e-08 -1.766063e-07 2.737399e-07 1.611533e-07 8.447463e-01 -1.056170e-02 -1.192630e-01 -2.829086e-01 2.587058e-01 1.833007e-02 -4.738215e-02 2.138298e-01 -3.706989e-01 -1.103799e-01 2.001915e-02 -2.209783e-01 1.046944e-01 -3.980372e-03 9.475694e-03 -1.299110e-02 -8.386131e-03 7.673277e-02 2.969298e-02 2.785208e-02 8.572844e-04 -8.466969e-03 -3.462546e-02 3.269314e-03 -4.988941e-02 -3.720896e-02 -6.892537e-04
<VARIANCE> 39
 2.206704e+01 7.435439e+01 4.916827e+01 5.096643e+01 4.704422e+01 2.493883e+01 6.370311e+01 1.327435e+02 2.559941e+01 2.735723e+01 6.283797e+01 2.763398e+01 1.828580e-02 1.759691e+00 1.551549e+00 1.472188e+00 3.772261e+00 3.788807e+00 2.730393e+00 4.305355e+00 1.726103e+00 3.580604e+00 3.474102e+00 3.824886e+00 3.229666e+00 9.136542e-04 3.056998e-01 1.480484e-01 2.603894e-01 5.345896e-01 5.941032e-01 5.809234e-01 6.536874e-01 2.345821e-01 7.736568e-01 7.688513e-01 7.454642e-01 6.340073e-01 7.484308e-05
<GCONST> 9.934885e+01
<STATE> 7
<MEAN> 39
 -1.854367e-07 3.443824e-07 1.633609e-07 -2.472489e-07 8.830318e-09 -1.942670e-07 1.589457e-07 -8.477105e-07 1.766064e-08 -1.766063e-07 2.737399e-07 1.611533e-07 8.447463e-01 -1.056170e-02 -1.192630e-01 -2.829086e-01 2.587058e-01 1.833007e-02 -4.738215e-02 2.138298e-01 -3.706989e-01 -1.103799e-01 2.001915e-02 -2.209783e-01 1.046944e-01 -3.980372e-03 9.475694e-03 -1.299110e-02 -8.386131e-03 7.673277e-02 2.969298e-02 2.785208e-02 8.572844e-04 -8.466969e-03 -3.462546e-02 3.269314e-03 -4.988941e-02 -3.720896e-02 -6.892537e-04
<VARIANCE> 39
 2.206704e+01 7.435439e+01 4.916827e+01 5.096643e+01 4.704422e+01 2.493883e+01 6.370311e+01 1.327435e+02 2.559941e+01 2.735723e+01 6.283797e+01 2.763398e+01 1.828580e-02 1.759691e+00 1.551549e+00 1.472188e+00 3.772261e+00 3.788807e+00 2.730393e+00 4.305355e+00 1.726103e+00 3.580604e+00 3.474102e+00 3.824886e+00 3.229666e+00 9.136542e-04 3.056998e-01 1.480484e-01 2.603894e-01 5.345896e-01 5.941032e-01 5.809234e-01 6.536874e-01 2.345821e-01 7.736568e-01 7.688513e-01 7.454642e-01 6.340073e-01 7.484308e-05
<GCONST> 9.934885e+01
<STATE> 8
<MEAN> 39
 -1.854367e-07 3.443824e-07 1.633609e-07 -2.472489e-07 8.830318e-09 -1.942670e-07 1.589457e-07 -8.477105e-07 1.766064e-08 -1.766063e-07 2.737399e-07 1.611533e-07 8.447463e-01 -1.056170e-02 -1.192630e-01 -2.829086e-01 2.587058e-01 1.833007e-02 -4.738215e-02 2.138298e-01 -3.706989e-01 -1.103799e-01 2.001915e-02 -2.209783e-01 1.046944e-01 -3.980372e-03 9.475694e-03 -1.299110e-02 -8.386131e-03 7.673277e-02 2.969298e-02 2.785208e-02 8.572844e-04 -8.466969e-03 -3.462546e-02 3.269314e-03 -4.988941e-02 -3.720896e-02 -6.892537e-04
<VARIANCE> 39
 2.206704e+01 7.435439e+01 4.916827e+01 5.096643e+01 4.704422e+01 2.493883e+01 6.370311e+01 1.327435e+02 2.559941e+01 2.735723e+01 6.283797e+01 2.763398e+01 1.828580e-02 1.759691e+00 1.551549e+00 1.472188e+00 3.772261e+00 3.788807e+00 2.730393e+00 4.305355e+00 1.726103e+00 3.580604e+00 3.474102e+00 3.824886e+00 3.229666e+00 9.136542e-04 3.056998e-01 1.480484e-01 2.603894e-01 5.345896e-01 5.941032e-01 5.809234e-01 6.536874e-01 2.345821e-01 7.736568e-01 7.688513e-01 7.454642e-01 6.340073e-01 7.484308e-05
<GCONST> 9.934885e+01
<STATE> 9
<MEAN> 39
 -1.854367e-07 3.443824e-07 1.633609e-07 -2.472489e-07 8.830318e-09 -1.942670e-07 1.589457e-07 -8.477105e-07 1.766064e-08 -1.766063e-07 2.737399e-07 1.611533e-07 8.447463e-01 -1.056170e-02 -1.192630e-01 -2.829086e-01 2.587058e-01 1.833007e-02 -4.738215e-02 2.138298e-01 -3.706989e-01 -1.103799e-01 2.001915e-02 -2.209783e-01 1.046944e-01 -3.980372e-03 9.475694e-03 -1.299110e-02 -8.386131e-03 7.673277e-02 2.969298e-02 2.785208e-02 8.572844e-04 -8.466969e-03 -3.462546e-02 3.269314e-03 -4.988941e-02 -3.720896e-02 -6.892537e-04
<VARIANCE> 39
 2.206704e+01 7.435439e+01 4.916827e+01 5.096643e+01 4.704422e+01 2.493883e+01 6.370311e+01 1.327435e+02 2.559941e+01 2.735723e+01 6.283797e+01 2.763398e+01 1.828580e-02 1.759691e+00 1.551549e+00 1.472188e+00 3.772261e+00 3.788807e+00 2.730393e+00 4.305355e+00 1.726103e+00 3.580604e+00 3.474102e+00 3.824886e+00 3.229666e+00 9.136542e-04 3.056998e-01 1.480484e-01 2.603894e-01 5.345896e-01 5.941032e-01 5.809234e-01 6.536874e-01 2.345821e-01 7.736568e-01 7.688513e-01 7.454642e-01 6.340073e-01 7.484308e-05
<GCONST> 9.934885e+01
<TRANSP> 10
 0.000000e+00 1.000000e+00 0.000000e+00 0.000000e+00 0.000000e+00 0.000000e+00 0.000000e+00 0.000000e+00 0.000000e+00 0.000000e+00
 0.000000e+00 9.000000e-01 9.999999e-02 0.000000e+00 0.000000e+00 0.000000e+00 0.000000e+00 0.000000e+00 0.000000e+00 0.000000e+00
 0.000000e+00 0.000000e+00 9.000000e-01 9.999999e-02 0.000000e+00 0.000000e+00 0.000000e+00 0.000000e+00 0.000000e+00 0.000000e+00
 0.000000e+00 0.000000e+00 0.000000e+00 9.000000e-01 9.999999e-02 0.000000e+00 0.000000e+00 0.000000e+00 0.000000e+00 0.000000e+00
 0.000000e+00 0.000000e+00 0.000000e+00 0.000000e+00 9.000000e-01 9.999999e-02 0.000000e+00 0.000000e+00 0.000000e+00 0.000000e+00
 0.000000e+00 0.000000e+00 0.000000e+00 0.000000e+00 0.000000e+00 9.000000e-01 9.999999e-02 0.000000e+00 0.000000e+00 0.000000e+00
 0.000000e+00 0.000000e+00 0.000000e+00 0.000000e+00 0.000000e+00 0.000000e+00 9.000000e-01 9.999999e-02 0.000000e+00 0.000000e+00
 0.000000e+00 0.000000e+00 0.000000e+00 0.000000e+00 0.000000e+00 0.000000e+00 0.000000e+00 9.000000e-01 9.999999e-02 0.000000e+00
 0.000000e+00 0.000000e+00 0.000000e+00 0.000000e+00 0.000000e+00 0.000000e+00 0.000000e+00 0.000000e+00 9.000000e-01 9.999999e-02
 0.000000e+00 0.000000e+00 0.000000e+00 0.000000e+00 0.000000e+00 0.000000e+00 0.000000e+00 0.000000e+00 0.000000e+00 0.000000e+00
<ENDHMM>
