~o
<STREAMINFO> 1 39
<VECSIZE> 39<NULLD><MFCC_E_D_A_Z><DIAGC>
~h "s055"
<BEGINHMM>
<NUMSTATES> 10
<STATE> 2
<MEAN> 39
 -3.454637e-07 -1.216421e-08 7.006587e-07 -1.518094e-06 4.622401e-07 -3.697921e-07 -6.033450e-07 1.167764e-07 2.189558e-07 1.654333e-07 6.811960e-08 1.654333e-07 8.302905e-01 -1.465893e-01 2.147410e-02 2.811225e-01 -1.557016e-01 -2.941688e-01 -1.164003e-01 -4.870396e-02 -1.730919e-01 -2.400700e-01 -1.114353e-01 3.102807e-02 -6.433371e-02 -5.257314e-03 4.555445e-03 1.222920e-02 3.938911e-02 4.053017e-02 1.826455e-02 4.047906e-02 -1.465696e-02 -1.332602e-02 1.805139e-02 -9.177919e-03 -9.655520e-03 -5.315296e-02 -7.304787e-04
<VARIANCE> 39
 2.313598e+01 2.101452e+01 7.432008e+01 1.321503e+02 3.004794e+01 4.732335e+01 3.018774e+01 8.959004e+01 4.027550e+01 3.363187e+01 1.372126e+01 3.167497e+01 2.273868e-02 1.005972e+00 6.963168e-01 2.025800e+00 3.983098e+00 1.411333e+00 4.948883e+00 1.930468e+00 4.932578e+00 3.980491e+00 3.264905e+00 1.551315e+00 3.751504e+00 6.092230e-04 9.986943e-02 7.555492e-02 1.881869e-01 5.709734e-01 2.940558e-01 9.208519e-01 3.213287e-01 6.415527e-01 8.945877e-01 5.752526e-01 3.193448e-01 7.370344e-01 5.192313e-05
<GCONST> 9.259270e+01
<STATE> 3
<MEAN> 39
 -3.454637e-07 -1.216421e-08 7.006587e-07 -1.518094e-06 4.622401e-07 -3.697921e-07 -6.033450e-07 1.167764e-07 2.189558e-07 1.654333e-07 6.811960e-08 1.654333e-07 8.302905e-01 -1.465893e-01 2.147410e-02 2.811225e-01 -1.557016e-01 -2.941688e-01 -1.164003e-01 -4.870396e-02 -1.730919e-01 -2.400700e-01 -1.114353e-01 3.102807e-02 -6.433371e-02 -5.257314e-03 4.555445e-03 1.222920e-02 3.938911e-02 4.053017e-02 1.826455e-02 4.047906e-02 -1.465696e-02 -1.332602e-02 1.805139e-02 -9.177919e-03 -9.655520e-03 -5.315296e-02 -7.304787e-04
<VARIANCE> 39
 2.313598e+01 2.101452e+01 7.432008e+01 1.321503e+02 3.004794e+01 4.732335e+01 3.018774e+01 8.959004e+01 4.027550e+01 3.363187e+01 1.372126e+01 3.167497e+01 2.273868e-02 1.005972e+00 6.963168e-01 2.025800e+00 3.983098e+00 1.411333e+00 4.948883e+00 1.930468e+00 4.932578e+00 3.980491e+00 3.264905e+00 1.551315e+00 3.751504e+00 6.092230e-04 9.986943e-02 7.555492e-02 1.881869e-01 5.709734e-01 2.940558e-01 9.208519e-01 3.213287e-01 6.415527e-01 8.945877e-01 5.752526e-01 3.193448e-01 7.370344e-01 5.192313e-05
<GCONST> 9.259270e+01
<STATE> 4
<MEAN> 39
 -3.454637e-07 -1.216421e-08 7.006587e-07 -1.518094e-06 4.622401e-07 -3.697921e-07 -6.033450e-07 1.167764e-07 2.189558e-07 1.654333e-07 6.811960e-08 1.654333e-07 8.302905e-01 -1.465893e-01 2.147410e-02 2.811225e-01 -1.557016e-01 -2.941688e-01 -1.164003e-01 -4.870396e-02 -1.730919e-01 -2.400700e-01 -1.114353e-01 3.102807e-02 -6.433371e-02 -5.257314e-03 4.555445e-03 1.222920e-02 3.938911e-02 4.053017e-02 1.826455e-02 4.047906e-02 -1.465696e-02 -1.332602e-02 1.805139e-02 -9.177919e-03 -9.655520e-03 -5.315296e-02 -7.304787e-04
<VARIANCE> 39
 2.313598e+01 2.101452e+01 7.432008e+01 1.321503e+02 3.004794e+01 4.732335e+01 3.018774e+01 8.959004e+01 4.027550e+01 3.363187e+01 1.372126e+01 3.167497e+01 2.273868e-02 1.005972e+00 6.963168e-01 2.025800e+00 3.983098e+00 1.411333e+00 4.948883e+00 1.930468e+00 4.932578e+00 3.980491e+00 3.264905e+00 1.551315e+00 3.751504e+00 6.092230e-04 9.986943e-02 7.555492e-02 1.881869e-01 5.709734e-01 2.940558e-01 9.208519e-01 3.213287e-01 6.415527e-01 8.945877e-01 5.752526e-01 3.193448e-01 7.370344e-01 5.192313e-05
<GCONST> 9.259270e+01
<STATE> 5
<MEAN> 39
 -3.454637e-07 -1.216421e-08 7.006587e-07 -1.518094e-06 4.622401e-07 -3.697921e-07 -6.033450e-07 1.167764e-07 2.189558e-07 1.654333e-07 6.811960e-08 1.654333e-07 8.302905e-01 -1.465893e-01 2.147410e-02 2.811225e-01 -1.557016e-01 -2.941688e-01 -1.164003e-01 -4.870396e-02 -1.730919e-01 -2.400700e-01 -1.114353e-01 3.102807e-02 -6.433371e-02 -5.257314e-03 4.555445e-03 1.222920e-02 3.938911e-02 4.053017e-02 1.826455e-02 4.047906e-02 -1.465696e-02 -1.332602e-02 1.805139e-02 -9.177919e-03 -9.655520e-03 -5.315296e-02 -7.304787e-04
<VARIANCE> 39
 2.313598e+01 2.101452e+01 7.432008e+01 1.321503e+02 3.004794e+01 4.732335e+01 3.018774e+01 8.959004e+01 4.027550e+01 3.363187e+01 1.372126e+01 3.167497e+01 2.273868e-02 1.005972e+00 6.963168e-01 2.025800e+00 3.983098e+00 1.411333e+00 4.948883e+00 1.930468e+00 4.932578e+00 3.980491e+00 3.264905e+00 1.551315e+00 3.751504e+00 6.092230e-04 9.986943e-02 7.555492e-02 1.881869e-01 5.709734e-01 2.940558e-01 9.208519e-01 3.213287e-01 6.415527e-01 8.945877e-01 5.752526e-01 3.193448e-01 7.370344e-01 5.192313e-05
<GCONST> 9.259270e+01
<STATE> 6
<MEAN> 39
 -3.454637e-07 -1.216421e-08 7.006587e-07 -1.518094e-06 4.622401e-07 -3.697921e-07 -6.033450e-07 1.167764e-07 2.189558e-07 1.654333e-07 6.811960e-08 1.654333e-07 8.302905e-01 -1.465893e-01 2.147410e-02 2.811225e-01 -1.557016e-01 -2.941688e-01 -1.164003e-01 -4.870396e-02 -1.730919e-01 -2.400700e-01 -1.114353e-01 3.102807e-02 -6.433371e-02 -5.257314e-03 4.555445e-03 1.222920e-02 3.938911e-02 4.053017e-02 1.826455e-02 4.047906e-02 -1.465696e-02 -1.332602e-02 1.805139e-02 -9.177919e-03 -9.655520e-03 -5.315296e-02 -7.304787e-04
<VARIANCE> 39
 2.313598e+01 2.101452e+01 7.432008e+01 1.321503e+02 3.004794e+01 4.732335e+01 3.018774e+01 8.959004e+01 4.027550e+01 3.363187e+01 1.372126e+01 3.167497e+01 2.273868e-02 1.005972e+00 6.963168e-01 2.025800e+00 3.983098e+00 1.411333e+00 4.948883e+00 1.930468e+00 4.932578e+00 3.980491e+00 3.264905e+00 1.551315e+00 3.751504e+00 6.092230e-04 9.986943e-02 7.555492e-02 1.881869e-01 5.709734e-01 2.940558e-01 9.208519e-01 3.213287e-01 6.415527e-01 8.945877e-01 5.752526e-01 3.193448e-01 7.370344e-01 5.192313e-05
<GCONST> 9.259270e+01
<STATE> 7
<MEAN> 39
 -3.454637e-07 -1.216421e-08 7.006587e-07 -1.518094e-06 4.622401e-07 -3.697921e-07 -6.033450e-07 1.167764e-07 2.189558e-07 1.654333e-07 6.811960e-08 1.654333e-07 8.302905e-01 -1.465893e-01 2.147410e-02 2.811225e-01 -1.557016e-01 -2.941688e-01 -1.164003e-01 -4.870396e-02 -1.730919e-01 -2.400700e-01 -1.114353e-01 3.102807e-02 -6.433371e-02 -5.257314e-03 4.555445e-03 1.222920e-02 3.938911e-02 4.053017e-02 1.826455e-02 4.047906e-02 -1.465696e-02 -1.332602e-02 1.805139e-02 -9.177919e-03 -9.655520e-03 -5.315296e-02 -7.304787e-04
<VARIANCE> 39
 2.313598e+01 2.101452e+01 7.432008e+01 1.321503e+02 3.004794e+01 4.732335e+01 3.018774e+01 8.959004e+01 4.027550e+01 3.363187e+01 1.372126e+01 3.167497e+01 2.273868e-02 1.005972e+00 6.963168e-01 2.025800e+00 3.983098e+00 1.411333e+00 4.948883e+00 1.930468e+00 4.932578e+00 3.980491e+00 3.264905e+00 1.551315e+00 3.751504e+00 6.092230e-04 9.986943e-02 7.555492e-02 1.881869e-01 5.709734e-01 2.940558e-01 9.208519e-01 3.213287e-01 6.415527e-01 8.945877e-01 5.752526e-01 3.193448e-01 7.370344e-01 5.192313e-05
<GCONST> 9.259270e+01
<STATE> 8
<MEAN> 39
 -3.454637e-07 -1.216421e-08 7.006587e-07 -1.518094e-06 4.622401e-07 -3.697921e-07 -6.033450e-07 1.167764e-07 2.189558e-07 1.654333e-07 6.811960e-08 1.654333e-07 8.302905e-01 -1.465893e-01 2.147410e-02 2.811225e-01 -1.557016e-01 -2.941688e-01 -1.164003e-01 -4.870396e-02 -1.730919e-01 -2.400700e-01 -1.114353e-01 3.102807e-02 -6.433371e-02 -5.257314e-03 4.555445e-03 1.222920e-02 3.938911e-02 4.053017e-02 1.826455e-02 4.047906e-02 -1.465696e-02 -1.332602e-02 1.805139e-02 -9.177919e-03 -9.655520e-03 -5.315296e-02 -7.304787e-04
<VARIANCE> 39
 2.313598e+01 2.101452e+01 7.432008e+01 1.321503e+02 3.004794e+01 4.732335e+01 3.018774e+01 8.959004e+01 4.027550e+01 3.363187e+01 1.372126e+01 3.167497e+01 2.273868e-02 1.005972e+00 6.963168e-01 2.025800e+00 3.983098e+00 1.411333e+00 4.948883e+00 1.930468e+00 4.932578e+00 3.980491e+00 3.264905e+00 1.551315e+00 3.751504e+00 6.092230e-04 9.986943e-02 7.555492e-02 1.881869e-01 5.709734e-01 2.940558e-01 9.208519e-01 3.213287e-01 6.415527e-01 8.945877e-01 5.752526e-01 3.193448e-01 7.370344e-01 5.192313e-05
<GCONST> 9.259270e+01
<STATE> 9
<MEAN> 39
 -3.454637e-07 -1.216421e-08 7.006587e-07 -1.518094e-06 4.622401e-07 -3.697921e-07 -6.033450e-07 1.167764e-07 2.189558e-07 1.654333e-07 6.811960e-08 1.654333e-07 8.302905e-01 -1.465893e-01 2.147410e-02 2.811225e-01 -1.557016e-01 -2.941688e-01 -1.164003e-01 -4.870396e-02 -1.730919e-01 -2.400700e-01 -1.114353e-01 3.102807e-02 -6.433371e-02 -5.257314e-03 4.555445e-03 1.222920e-02 3.938911e-02 4.053017e-02 1.826455e-02 4.047906e-02 -1.465696e-02 -1.332602e-02 1.805139e-02 -9.177919e-03 -9.655520e-03 -5.315296e-02 -7.304787e-04
<VARIANCE> 39
 2.313598e+01 2.101452e+01 7.432008e+01 1.321503e+02 3.004794e+01 4.732335e+01 3.018774e+01 8.959004e+01 4.027550e+01 3.363187e+01 1.372126e+01 3.167497e+01 2.273868e-02 1.005972e+00 6.963168e-01 2.025800e+00 3.983098e+00 1.411333e+00 4.948883e+00 1.930468e+00 4.932578e+00 3.980491e+00 3.264905e+00 1.551315e+00 3.751504e+00 6.092230e-04 9.986943e-02 7.555492e-02 1.881869e-01 5.709734e-01 2.940558e-01 9.208519e-01 3.213287e-01 6.415527e-01 8.945877e-01 5.752526e-01 3.193448e-01 7.370344e-01 5.192313e-05
<GCONST> 9.259270e+01
<TRANSP> 10
 0.000000e+00 1.000000e+00 0.000000e+00 0.000000e+00 0.000000e+00 0.000000e+00 0.000000e+00 0.000000e+00 0.000000e+00 0.000000e+00
 0.000000e+00 9.000000e-01 9.999999e-02 0.000000e+00 0.000000e+00 0.000000e+00 0.000000e+00 0.000000e+00 0.000000e+00 0.000000e+00
 0.000000e+00 0.000000e+00 9.000000e-01 9.999999e-02 0.000000e+00 0.000000e+00 0.000000e+00 0.000000e+00 0.000000e+00 0.000000e+00
 0.000000e+00 0.000000e+00 0.000000e+00 9.000000e-01 9.999999e-02 0.000000e+00 0.000000e+00 0.000000e+00 0.000000e+00 0.000000e+00
 0.000000e+00 0.000000e+00 0.000000e+00 0.000000e+00 9.000000e-01 9.999999e-02 0.000000e+00 0.000000e+00 0.000000e+00 0.000000e+00
 0.000000e+00 0.000000e+00 0.000000e+00 0.000000e+00 0.000000e+00 9.000000e-01 9.999999e-02 0.000000e+00 0.000000e+00 0.000000e+00
 0.000000e+00 0.000000e+00 0.000000e+00 0.000000e+00 0.000000e+00 0.000000e+00 9.000000e-01 9.999999e-02 0.000000e+00 0.000000e+00
 0.000000e+00 0.000000e+00 0.000000e+00 0.000000e+00 0.000000e+00 0.000000e+00 0.000000e+00 9.000000e-01 9.999999e-02 0.000000e+00
 0.000000e+00 0.000000e+00 0.000000e+00 0.000000e+00 0.000000e+00 0.000000e+00 0.000000e+00 0.000000e+00 9.000000e-01 9.999999e-02
 0.000000e+00 0.000000e+00 0.000000e+00 0.000000e+00 0.000000e+00 0.000000e+00 0.000000e+00 0.000000e+00 0.000000e+00 0.000000e+00
<ENDHMM>
