~o
<STREAMINFO> 1 39
<VECSIZE> 39<NULLD><MFCC_E_D_A_Z><DIAGC>
~h "s056"
<BEGINHMM>
<NUMSTATES> 10
<STATE> 2
<MEAN> 39
 1.557019e-07 -4.768372e-07 -3.795234e-07 -2.335529e-07 -1.155600e-07 3.211352e-07 1.167764e-07 2.335529e-07 1.605676e-07 -4.671058e-07 1.751647e-07 -1.362392e-07 8.365674e-01 4.089372e-01 1.383986e-01 2.172042e-02 1.303562e-02 -1.657440e-01 -2.586812e-01 -5.268262e-02 -3.444506e-01 -2.493915e-01 3.335486e-01 -1.594445e-01 2.713648e-02 3.224399e-03 6.853867e-03 3.115989e-02 -2.194123e-03 1.781388e-02 -3.784526e-02 5.677691e-02 5.797291e-02 -8.158771e-02 2.920423e-02 -4.112460e-02 3.551422e-02 -6.217288e-02 -6.343002e-04
<VARIANCE> 39
 3.135734e+01 4.961451e+01 7.261290e+01 1.823893e+01 4.348684e+01 6.402143e+01 3.352021e+01 6.017149e+01 4.331816e+01 5.676072e+01 1.947956e+01 3.495884e+01 2.280142e-02 2.683691e+00 2.893867e+00 2.972737e+00 1.777303e+00 2.803202e+00 7.327871e+00 2.490569e+00 5.039021e+00 6.430734e+00 2.707041e+00 2.890784e+00 2.837354e+00 1.983278e-03 4.609413e-01 2.951443e-01 3.363018e-01 2.338847e-01 4.297985e-01 1.143062e+00 4.182024e-01 8.796045e-01 9.391618e-01 5.399072e-01 6.024887e-01 4.994437e-01 2.198798e-04
<GCONST> 1.037608e+02
<STATE> 3
<MEAN> 39
 1.557019e-07 -4.768372e-07 -3.795234e-07 -2.335529e-07 -1.155600e-07 3.211352e-07 1.167764e-07 2.335529e-07 1.605676e-07 -4.671058e-07 1.751647e-07 -1.362392e-07 8.365674e-01 4.089372e-01 1.383986e-01 2.172042e-02 1.303562e-02 -1.657440e-01 -2.586812e-01 -5.268262e-02 -3.444506e-01 -2.493915e-01 3.335486e-01 -1.594445e-01 2.713648e-02 3.224399e-03 6.853867e-03 3.115989e-02 -2.194123e-03 1.781388e-02 -3.784526e-02 5.677691e-02 5.797291e-02 -8.158771e-02 2.920423e-02 -4.112460e-02 3.551422e-02 -6.217288e-02 -6.343002e-04
<VARIANCE> 39
 3.135734e+01 4.961451e+01 7.261290e+01 1.823893e+01 4.348684e+01 6.402143e+01 3.352021e+01 6.017149e+01 4.331816e+01 5.676072e+01 1.947956e+01 3.495884e+01 2.280142e-02 2.683691e+00 2.893867e+00 2.972737e+00 1.777303e+00 2.803202e+00 7.327871e+00 2.490569e+00 5.039021e+00 6.430734e+00 2.707041e+00 2.890784e+00 2.837354e+00 1.983278e-03 4.609413e-01 2.951443e-01 3.363018e-01 2.338847e-01 4.297985e-01 1.143062e+00 4.182024e-01 8.796045e-01 9.391618e-01 5.399072e-01 6.024887e-01 4.994437e-01 2.198798e-04
<GCONST> 1.037608e+02
<STATE> 4
<MEAN> 39
 1.557019e-07 -4.768372e-07 -3.795234e-07 -2.335529e-07 -1.155600e-07 3.211352e-07 1.167764e-07 2.335529e-07 1.605676e-07 -4.671058e-07 1.751647e-07 -1.362392e-07 8.365674e-01 4.089372e-01 1.383986e-01 2.172042e-02 1.303562e-02 -1.657440e-01 -2.586812e-01 -5.268262e-02 -3.444506e-01 -2.493915e-01 3.335486e-01 -1.594445e-01 2.713648e-02 3.224399e-03 6.853867e-03 3.115989e-02 -2.194123e-03 1.781388e-02 -3.784526e-02 5.677691e-02 5.797291e-02 -8.158771e-02 2.920423e-02 -4.112460e-02 3.551422e-02 -6.217288e-02 -6.343002e-04
<VARIANCE> 39
 3.135734e+01 4.961451e+01 7.261290e+01 1.823893e+01 4.348684e+01 6.402143e+01 3.352021e+01 6.017149e+01 4.331816e+01 5.676072e+01 1.947956e+01 3.495884e+01 2.280142e-02 2.683691e+00 2.893867e+00 2.972737e+00 1.777303e+00 2.803202e+00 7.327871e+00 2.490569e+00 5.039021e+00 6.430734e+00 2.707041e+00 2.890784e+00 2.837354e+00 1.983278e-03 4.609413e-01 2.951443e-01 3.363018e-01 2.338847e-01 4.297985e-01 1.143062e+00 4.182024e-01 8.796045e-01 9.391618e-01 5.399072e-01 6.024887e-01 4.994437e-01 2.198798e-04
<GCONST> 1.037608e+02
<STATE> 5
<MEAN> 39
 1.557019e-07 -4.768372e-07 -3.795234e-07 -2.335529e-07 -1.155600e-07 3.211352e-07 1.167764e-07 2.335529e-07 1.605676e-07 -4.671058e-07 1.751647e-07 -1.362392e-07 8.365674e-01 4.089372e-01 1.383986e-01 2.172042e-02 1.303562e-02 -1.657440e-01 -2.586812e-01 -5.268262e-02 -3.444506e-01 -2.493915e-01 3.335486e-01 -1.594445e-01 2.713648e-02 3.224399e-03 6.853867e-03 3.115989e-02 -2.194123e-03 1.781388e-02 -3.784526e-02 5.677691e-02 5.797291e-02 -8.158771e-02 2.920423e-02 -4.112460e-02 3.551422e-02 -6.217288e-02 -6.343002e-04
<VARIANCE> 39
 3.135734e+01 4.961451e+01 7.261290e+01 1.823893e+01 4.348684e+01 6.402143e+01 3.352021e+01 6.017149e+01 4.331816e+01 5.676072e+01 1.947956e+01 3.495884e+01 2.280142e-02 2.683691e+00 2.893867e+00 2.972737e+00 1.777303e+00 2.803202e+00 7.327871e+00 2.490569e+00 5.039021e+00 6.430734e+00 2.707041e+00 2.890784e+00 2.837354e+00 1.983278e-03 4.609413e-01 2.951443e-01 3.363018e-01 2.338847e-01 4.297985e-01 1.143062e+00 4.182024e-01 8.796045e-01 9.391618e-01 5.399072e-01 6.024887e-01 4.994437e-01 2.198798e-04
<GCONST> 1.037608e+02
<STATE> 6
<MEAN> 39
 1.557019e-07 -4.768372e-07 -3.795234e-07 -2.335529e-07 -1.155600e-07 3.211352e-07 1.167764e-07 2.335529e-07 1.605676e-07 -4.671058e-07 1.751647e-07 -1.362392e-07 8.365674e-01 4.089372e-01 1.383986e-01 2.172042e-02 1.303562e-02 -1.657440e-01 -2.586812e-01 -5.268262e-02 -3.444506e-01 -2.493915e-01 3.335486e-01 -1.594445e-01 2.713648e-02 3.224399e-03 6.853867e-03 3.115989e-02 -2.194123e-03 1.781388e-02 -3.784526e-02 5.677691e-02 5.797291e-02 -8.158771e-02 2.920423e-02 -4.112460e-02 3.551422e-02 -6.217288e-02 -6.343002e-04
<VARIANCE> 39
 3.135734e+01 4.961451e+01 7.261290e+01 1.823893e+01 4.348684e+01 6.402143e+01 3.352021e+01 6.017149e+01 4.331816e+01 5.676072e+01 1.947956e+01 3.495884e+01 2.280142e-02 2.683691e+00 2.893867e+00 2.972737e+00 1.777303e+00 2.803202e+00 7.327871e+00 2.490569e+00 5.039021e+00 6.430734e+00 2.707041e+00 2.890784e+00 2.837354e+00 1.983278e-03 4.609413e-01 2.951443e-01 3.363018e-01 2.338847e-01 4.297985e-01 1.143062e+00 4.182024e-01 8.796045e-01 9.391618e-01 5.399072e-01 6.024887e-01 4.994437e-01 2.198798e-04
<GCONST> 1.037608e+02
<STATE> 7
<MEAN> 39
 1.557019e-07 -4.768372e-07 -3.795234e-07 -2.335529e-07 -1.155600e-07 3.211352e-07 1.167764e-07 2.335529e-07 1.605676e-07 -4.671058e-07 1.751647e-07 -1.362392e-07 8.365674e-01 4.089372e-01 1.383986e-01 2.172042e-02 1.303562e-02 -1.657440e-01 -2.586812e-01 -5.268262e-02 -3.444506e-01 -2.493915e-01 3.335486e-01 -1.594445e-01 2.713648e-02 3.224399e-03 6.853867e-03 3.115989e-02 -2.194123e-03 1.781388e-02 -3.784526e-02 5.677691e-02 5.797291e-02 -8.158771e-02 2.920423e-02 -4.112460e-02 3.551422e-02 -6.217288e-02 -6.343002e-04
<VARIANCE> 39
 3.135734e+01 4.961451e+01 7.261290e+01 1.823893e+01 4.348684e+01 6.402143e+01 3.352021e+01 6.017149e+01 4.331816e+01 5.676072e+01 1.947956e+01 3.495884e+01 2.280142e-02 2.683691e+00 2.893867e+00 2.972737e+00 1.777303e+00 2.803202e+00 7.327871e+00 2.490569e+00 5.039021e+00 6.430734e+00 2.707041e+00 2.890784e+00 2.837354e+00 1.983278e-03 4.609413e-01 2.951443e-01 3.363018e-01 2.338847e-01 4.297985e-01 1.143062e+00 4.182024e-01 8.796045e-01 9.391618e-01 5.399072e-01 6.024887e-01 4.994437e-01 2.198798e-04
<GCONST> 1.037608e+02
<STATE> 8
<MEAN> 39
 1.557019e-07 -4.768372e-07 -3.795234e-07 -2.335529e-07 -1.155600e-07 3.211352e-07 1.167764e-07 2.335529e-07 1.605676e-07 -4.671058e-07 1.751647e-07 -1.362392e-07 8.365674e-01 4.089372e-01 1.383986e-01 2.172042e-02 1.303562e-02 -1.657440e-01 -2.586812e-01 -5.268262e-02 -3.444506e-01 -2.493915e-01 3.335486e-01 -1.594445e-01 2.713648e-02 3.224399e-03 6.853867e-03 3.115989e-02 -2.194123e-03 1.781388e-02 -3.784526e-02 5.677691e-02 5.797291e-02 -8.158771e-02 2.920423e-02 -4.112460e-02 3.551422e-02 -6.217288e-02 -6.343002e-04
<VARIANCE> 39
 3.135734e+01 4.961451e+01 7.261290e+01 1.823893e+01 4.348684e+01 6.402143e+01 3.352021e+01 6.017149e+01 4.331816e+01 5.676072e+01 1.947956e+01 3.495884e+01 2.280142e-02 2.683691e+00 2.893867e+00 2.972737e+00 1.777303e+00 2.803202e+00 7.327871e+00 2.490569e+00 5.039021e+00 6.430734e+00 2.707041e+00 2.890784e+00 2.837354e+00 1.983278e-03 4.609413e-01 2.951443e-01 3.363018e-01 2.338847e-01 4.297985e-01 1.143062e+00 4.182024e-01 8.796045e-01 9.391618e-01 5.399072e-01 6.024887e-01 4.994437e-01 2.198798e-04
<GCONST> 1.037608e+02
<STATE> 9
<MEAN> 39
 1.557019e-07 -4.768372e-07 -3.795234e-07 -2.335529e-07 -1.155600e-07 3.211352e-07 1.167764e-07 2.335529e-07 1.605676e-07 -4.671058e-07 1.751647e-07 -1.362392e-07 8.365674e-01 4.089372e-01 1.383986e-01 2.172042e-02 1.303562e-02 -1.657440e-01 -2.586812e-01 -5.268262e-02 -3.444506e-01 -2.493915e-01 3.335486e-01 -1.594445e-01 2.713648e-02 3.224399e-03 6.853867e-03 3.115989e-02 -2.194123e-03 1.781388e-02 -3.784526e-02 5.677691e-02 5.797291e-02 -8.158771e-02 2.920423e-02 -4.112460e-02 3.551422e-02 -6.217288e-02 -6.343002e-04
<VARIANCE> 39
 3.135734e+01 4.961451e+01 7.261290e+01 1.823893e+01 4.348684e+01 6.402143e+01 3.352021e+01 6.017149e+01 4.331816e+01 5.676072e+01 1.947956e+01 3.495884e+01 2.280142e-02 2.683691e+00 2.893867e+00 2.972737e+00 1.777303e+00 2.803202e+00 7.327871e+00 2.490569e+00 5.039021e+00 6.430734e+00 2.707041e+00 2.890784e+00 2.837354e+00 1.983278e-03 4.609413e-01 2.951443e-01 3.363018e-01 2.338847e-01 4.297985e-01 1.143062e+00 4.182024e-01 8.796045e-01 9.391618e-01 5.399072e-01 6.024887e-01 4.994437e-01 2.198798e-04
<GCONST> 1.037608e+02
<TRANSP> 10
 0.000000e+00 1.000000e+00 0.000000e+00 0.000000e+00 0.000000e+00 0.000000e+00 0.000000e+00 0.000000e+00 0.000000e+00 0.000000e+00
 0.000000e+00 9.000000e-01 9.999999e-02 0.000000e+00 0.000000e+00 0.000000e+00 0.000000e+00 0.000000e+00 0.000000e+00 0.000000e+00
 0.000000e+00 0.000000e+00 9.000000e-01 9.999999e-02 0.000000e+00 0.000000e+00 0.000000e+00 0.000000e+00 0.000000e+00 0.000000e+00
 0.000000e+00 0.000000e+00 0.000000e+00 9.000000e-01 9.999999e-02 0.000000e+00 0.000000e+00 0.000000e+00 0.000000e+00 0.000000e+00
 0.000000e+00 0.000000e+00 0.000000e+00 0.000000e+00 9.000000e-01 9.999999e-02 0.000000e+00 0.000000e+00 0.000000e+00 0.000000e+00
 0.000000e+00 0.000000e+00 0.000000e+00 0.000000e+00 0.000000e+00 9.000000e-01 9.999999e-02 0.000000e+00 0.000000e+00 0.000000e+00
 0.000000e+00 0.000000e+00 0.000000e+00 0.000000e+00 0.000000e+00 0.000000e+00 9.000000e-01 9.999999e-02 0.000000e+00 0.000000e+00
 0.000000e+00 0.000000e+00 0.000000e+00 0.000000e+00 0.000000e+00 0.000000e+00 0.000000e+00 9.000000e-01 9.999999e-02 0.000000e+00
 0.000000e+00 0.000000e+00 0.000000e+00 0.000000e+00 0.000000e+00 0.000000e+00 0.000000e+00 0.000000e+00 9.000000e-01 9.999999e-02
 0.000000e+00 0.000000e+00 0.000000e+00 0.000000e+00 0.000000e+00 0.000000e+00 0.000000e+00 0.000000e+00 0.000000e+00 0.000000e+00
<ENDHMM>
