~o
<STREAMINFO> 1 39
<VECSIZE> 39<NULLD><MFCC_E_D_A_Z><DIAGC>
~h "s057"
<BEGINHMM>
<NUMSTATES> 10
<STATE> 2
<MEAN> 39
 -1.407060e-07 -5.276477e-08 1.045524e-07 5.784582e-07 -1.954251e-07 1.641571e-07 9.380403e-08 2.657781e-07 -2.657781e-07 2.345101e-08 -1.524316e-07 6.351315e-08 7.671000e-01 -1.171760e-02 -1.262273e-01 -1.459928e-01 -1.006866e-01 5.243370e-02 -4.673108e-02 1.969665e-01 5.182959e-02 4.650433e-02 1.535941e-01 -1.022174e-01 5.347795e-02 -4.304924e-03 5.910821e-03 -3.400733e-02 5.992652e-03 8.382961e-02 5.453043e-02 1.467263e-02 1.509913e-02 -6.916155e-02 -6.856670e-02 2.753467e-03 -3.956319e-02 1.691000e-02 -1.128865e-03
<VARIANCE> 39
 1.823698e+01 7.759296e+01 6.300094e+01 1.024078e+02 3.953236e+01 4.373644e+01 9.406136e+01 5.787807e+01 7.361164e+01 3.470260e+01 3.582780e+01 3.560677e+01 1.922124e-02 9.044786e-01 4.301113e+00 3.151141e+00 6.698778e+00 4.026073e+00 6.255985e+00 4.724692e+00 5.279770e+00 7.568030e+00 5.355784e+00 3.536563e+00 2.877671e+00 7.682540e-04 8.526967e-02 4.820140e-01 3.337010e-01 8.180399e-01 6.959593e-01 1.249438e+00 7.700170e-01 1.056076e+00 1.408073e+00 1.216173e+00 7.111019e-01 4.787593e-01 5.483795e-05
<GCONST> 1.093217e+02
<STATE> 3
<MEAN> 39
 -1.407060e-07 -5.276477e-08 1.045524e-07 5.784582e-07 -1.954251e-07 1.641571e-07 9.380403e-08 2.657781e-07 -2.657781e-07 2.345101e-08 -1.524316e-07 6.351315e-08 7.671000e-01 -1.171760e-02 -1.262273e-01 -1.459928e-01 -1.006866e-01 5.243370e-02 -4.673108e-02 1.969665e-01 5.182959e-02 4.650433e-02 1.535941e-01 -1.022174e-01 5.347795e-02 -4.304924e-03 5.910821e-03 -3.400733e-02 5.992652e-03 8.382961e-02 5.453043e-02 1.467263e-02 1.509913e-02 -6.916155e-02 -6.856670e-02 2.753467e-03 -3.956319e-02 1.691000e-02 -1.128865e-03
<VARIANCE> 39
 1.823698e+01 7.759296e+01 6.300094e+01 1.024078e+02 3.953236e+01 4.373644e+01 9.406136e+01 5.787807e+01 7.361164e+01 3.470260e+01 3.582780e+01 3.560677e+01 1.922124e-02 9.044786e-01 4.301113e+00 3.151141e+00 6.698778e+00 4.026073e+00 6.255985e+00 4.724692e+00 5.279770e+00 7.568030e+00 5.355784e+00 3.536563e+00 2.877671e+00 7.682540e-04 8.526967e-02 4.820140e-01 3.337010e-01 8.180399e-01 6.959593e-01 1.249438e+00 7.700170e-01 1.056076e+00 1.408073e+00 1.216173e+00 7.111019e-01 4.787593e-01 5.483795e-05
<GCONST> 1.093217e+02
<STATE> 4
<MEAN> 39
 -1.407060e-07 -5.276477e-08 1.045524e-07 5.784582e-07 -1.954251e-07 1.641571e-07 9.380403e-08 2.657781e-07 -2.657781e-07 2.345101e-08 -1.524316e-07 6.351315e-08 7.671000e-01 -1.171760e-02 -1.262273e-01 -1.459928e-01 -1.006866e-01 5.243370e-02 -4.673108e-02 1.969665e-01 5.182959e-02 4.650433e-02 1.535941e-01 -1.022174e-01 5.347795e-02 -4.304924e-03 5.910821e-03 -3.400733e-02 5.992652e-03 8.382961e-02 5.453043e-02 1.467263e-02 1.509913e-02 -6.916155e-02 -6.856670e-02 2.753467e-03 -3.956319e-02 1.691000e-02 -1.128865e-03
<VARIANCE> 39
 1.823698e+01 7.759296e+01 6.300094e+01 1.024078e+02 3.953236e+01 4.373644e+01 9.406136e+01 5.787807e+01 7.361164e+01 3.470260e+01 3.582780e+01 3.560677e+01 1.922124e-02 9.044786e-01 4.301113e+00 3.151141e+00 6.698778e+00 4.026073e+00 6.255985e+00 4.724692e+00 5.279770e+00 7.568030e+00 5.355784e+00 3.536563e+00 2.877671e+00 7.682540e-04 8.526967e-02 4.820140e-01 3.337010e-01 8.180399e-01 6.959593e-01 1.249438e+00 7.700170e-01 1.056076e+00 1.408073e+00 1.216173e+00 7.111019e-01 4.787593e-01 5.483795e-05
<GCONST> 1.093217e+02
<STATE> 5
<MEAN> 39
 -1.407060e-07 -5.276477e-08 1.045524e-07 5.784582e-07 -1.954251e-07 1.641571e-07 9.380403e-08 2.657781e-07 -2.657781e-07 2.345101e-08 -1.524316e-07 6.351315e-08 7.671000e-01 -1.171760e-02 -1.262273e-01 -1.459928e-01 -1.006866e-01 5.243370e-02 -4.673108e-02 1.969665e-01 5.182959e-02 4.650433e-02 1.535941e-01 -1.022174e-01 5.347795e-02 -4.304924e-03 5.910821e-03 -3.400733e-02 5.992652e-03 8.382961e-02 5.453043e-02 1.467263e-02 1.509913e-02 -6.916155e-02 -6.856670e-02 2.753467e-03 -3.956319e-02 1.691000e-02 -1.128865e-03
<VARIANCE> 39
 1.823698e+01 7.759296e+01 6.300094e+01 1.024078e+02 3.953236e+01 4.373644e+01 9.406136e+01 5.787807e+01 7.361164e+01 3.470260e+01 3.582780e+01 3.560677e+01 1.922124e-02 9.044786e-01 4.301113e+00 3.151141e+00 6.698778e+00 4.026073e+00 6.255985e+00 4.724692e+00 5.279770e+00 7.568030e+00 5.355784e+00 3.536563e+00 2.877671e+00 7.682540e-04 8.526967e-02 4.820140e-01 3.337010e-01 8.180399e-01 6.959593e-01 1.249438e+00 7.700170e-01 1.056076e+00 1.408073e+00 1.216173e+00 7.111019e-01 4.787593e-01 5.483795e-05
<GCONST> 1.093217e+02
<STATE> 6
<MEAN> 39
 -1.407060e-07 -5.276477e-08 1.045524e-07 5.784582e-07 -1.954251e-07 1.641571e-07 9.380403e-08 2.657781e-07 -2.657781e-07 2.345101e-08 -1.524316e-07 6.351315e-08 7.671000e-01 -1.171760e-02 -1.262273e-01 -1.459928e-01 -1.006866e-01 5.243370e-02 -4.673108e-02 1.969665e-01 5.182959e-02 4.650433e-02 1.535941e-01 -1.022174e-01 5.347795e-02 -4.304924e-03 5.910821e-03 -3.400733e-02 5.992652e-03 8.382961e-02 5.453043e-02 1.467263e-02 1.509913e-02 -6.916155e-02 -6.856670e-02 2.753467e-03 -3.956319e-02 1.691000e-02 -1.128865e-03
<VARIANCE> 39
 1.823698e+01 7.759296e+01 6.300094e+01 1.024078e+02 3.953236e+01 4.373644e+01 9.406136e+01 5.787807e+01 7.361164e+01 3.470260e+01 3.582780e+01 3.560677e+01 1.922124e-02 9.044786e-01 4.301113e+00 3.151141e+00 6.698778e+00 4.026073e+00 6.255985e+00 4.724692e+00 5.279770e+00 7.568030e+00 5.355784e+00 3.536563e+00 2.877671e+00 7.682540e-04 8.526967e-02 4.820140e-01 3.337010e-01 8.180399e-01 6.959593e-01 1.249438e+00 7.700170e-01 1.056076e+00 1.408073e+00 1.216173e+00 7.111019e-01 4.787593e-01 5.483795e-05
<GCONST> 1.093217e+02
<STATE> 7
<MEAN> 39
 -1.407060e-07 -5.276477e-08 1.045524e-07 5.784582e-07 -1.954251e-07 1.641571e-07 9.380403e-08 2.657781e-07 -2.657781e-07 2.345101e-08 -1.524316e-07 6.351315e-08 7.671000e-01 -1.171760e-02 -1.262273e-01 -1.459928e-01 -1.006866e-01 5.243370e-02 -4.673108e-02 1.969665e-01 5.182959e-02 4.650433e-02 1.535941e-01 -1.022174e-01 5.347795e-02 -4.304924e-03 5.910821e-03 -3.400733e-02 5.992652e-03 8.382961e-02 5.453043e-02 1.467263e-02 1.509913e-02 -6.916155e-02 -6.856670e-02 2.753467e-03 -3.956319e-02 1.691000e-02 -1.128865e-03
<VARIANCE> 39
 1.823698e+01 7.759296e+01 6.300094e+01 1.024078e+02 3.953236e+01 4.373644e+01 9.406136e+01 5.787807e+01 7.361164e+01 3.470260e+01 3.582780e+01 3.560677e+01 1.922124e-02 9.044786e-01 4.301113e+00 3.151141e+00 6.698778e+00 4.026073e+00 6.255985e+00 4.724692e+00 5.279770e+00 7.568030e+00 5.355784e+00 3.536563e+00 2.877671e+00 7.682540e-04 8.526967e-02 4.820140e-01 3.337010e-01 8.180399e-01 6.959593e-01 1.249438e+00 7.700170e-01 1.056076e+00 1.408073e+00 1.216173e+00 7.111019e-01 4.787593e-01 5.483795e-05
<GCONST> 1.093217e+02
<STATE> 8
<MEAN> 39
 -1.407060e-07 -5.276477e-08 1.045524e-07 5.784582e-07 -1.954251e-07 1.641571e-07 9.380403e-08 2.657781e-07 -2.657781e-07 2.345101e-08 -1.524316e-07 6.351315e-08 7.671000e-01 -1.171760e-02 -1.262273e-01 -1.459928e-01 -1.006866e-01 5.243370e-02 -4.673108e-02 1.969665e-01 5.182959e-02 4.650433e-02 1.535941e-01 -1.022174e-01 5.347795e-02 -4.304924e-03 5.910821e-03 -3.400733e-02 5.992652e-03 8.382961e-02 5.453043e-02 1.467263e-02 1.509913e-02 -6.916155e-02 -6.856670e-02 2.753467e-03 -3.956319e-02 1.691000e-02 -1.128865e-03
<VARIANCE> 39
 1.823698e+01 7.759296e+01 6.300094e+01 1.024078e+02 3.953236e+01 4.373644e+01 9.406136e+01 5.787807e+01 7.361164e+01 3.470260e+01 3.582780e+01 3.560677e+01 1.922124e-02 9.044786e-01 4.301113e+00 3.151141e+00 6.698778e+00 4.026073e+00 6.255985e+00 4.724692e+00 5.279770e+00 7.568030e+00 5.355784e+00 3.536563e+00 2.877671e+00 7.682540e-04 8.526967e-02 4.820140e-01 3.337010e-01 8.180399e-01 6.959593e-01 1.249438e+00 7.700170e-01 1.056076e+00 1.408073e+00 1.216173e+00 7.111019e-01 4.787593e-01 5.483795e-05
<GCONST> 1.093217e+02
<STATE> 9
<MEAN> 39
 -1.407060e-07 -5.276477e-08 1.045524e-07 5.784582e-07 -1.954251e-07 1.641571e-07 9.380403e-08 2.657781e-07 -2.657781e-07 2.345101e-08 -1.524316e-07 6.351315e-08 7.671000e-01 -1.171760e-02 -1.262273e-01 -1.459928e-01 -1.006866e-01 5.243370e-02 -4.673108e-02 1.969665e-01 5.182959e-02 4.650433e-02 1.535941e-01 -1.022174e-01 5.347795e-02 -4.304924e-03 5.910821e-03 -3.400733e-02 5.992652e-03 8.382961e-02 5.453043e-02 1.467263e-02 1.509913e-02 -6.916155e-02 -6.856670e-02 2.753467e-03 -3.956319e-02 1.691000e-02 -1.128865e-03
<VARIANCE> 39
 1.823698e+01 7.759296e+01 6.300094e+01 1.024078e+02 3.953236e+01 4.373644e+01 9.406136e+01 5.787807e+01 7.361164e+01 3.470260e+01 3.582780e+01 3.560677e+01 1.922124e-02 9.044786e-01 4.301113e+00 3.151141e+00 6.698778e+00 4.026073e+00 6.255985e+00 4.724692e+00 5.279770e+00 7.568030e+00 5.355784e+00 3.536563e+00 2.877671e+00 7.682540e-04 8.526967e-02 4.820140e-01 3.337010e-01 8.180399e-01 6.959593e-01 1.249438e+00 7.700170e-01 1.056076e+00 1.408073e+00 1.216173e+00 7.111019e-01 4.787593e-01 5.483795e-05
<GCONST> 1.093217e+02
<TRANSP> 10
 0.000000e+00 1.000000e+00 0.000000e+00 0.000000e+00 0.000000e+00 0.000000e+00 0.000000e+00 0.000000e+00 0.000000e+00 0.000000e+00
 0.000000e+00 9.000000e-01 9.999999e-02 0.000000e+00 0.000000e+00 0.000000e+00 0.000000e+00 0.000000e+00 0.000000e+00 0.000000e+00
 0.000000e+00 0.000000e+00 9.000000e-01 9.999999e-02 0.000000e+00 0.000000e+00 0.000000e+00 0.000000e+00 0.000000e+00 0.000000e+00
 0.000000e+00 0.000000e+00 0.000000e+00 9.000000e-01 9.999999e-02 0.000000e+00 0.000000e+00 0.000000e+00 0.000000e+00 0.000000e+00
 0.000000e+00 0.000000e+00 0.000000e+00 0.000000e+00 9.000000e-01 9.999999e-02 0.000000e+00 0.000000e+00 0.000000e+00 0.000000e+00
 0.000000e+00 0.000000e+00 0.000000e+00 0.000000e+00 0.000000e+00 9.000000e-01 9.999999e-02 0.000000e+00 0.000000e+00 0.000000e+00
 0.000000e+00 0.000000e+00 0.000000e+00 0.000000e+00 0.000000e+00 0.000000e+00 9.000000e-01 9.999999e-02 0.000000e+00 0.000000e+00
 0.000000e+00 0.000000e+00 0.000000e+00 0.000000e+00 0.000000e+00 0.000000e+00 0.000000e+00 9.000000e-01 9.999999e-02 0.000000e+00
 0.000000e+00 0.000000e+00 0.000000e+00 0.000000e+00 0.000000e+00 0.000000e+00 0.000000e+00 0.000000e+00 9.000000e-01 9.999999e-02
 0.000000e+00 0.000000e+00 0.000000e+00 0.000000e+00 0.000000e+00 0.000000e+00 0.000000e+00 0.000000e+00 0.000000e+00 0.000000e+00
<ENDHMM>
