~o
<STREAMINFO> 1 39
<VECSIZE> 39<NULLD><MFCC_E_D_A_Z><DIAGC>
~h "s059"
<BEGINHMM>
<NUMSTATES> 10
<STATE> 2
<MEAN> 39
 3.525909e-07 0.000000e+00 -3.760969e-07 -1.195451e-06 -3.425168e-07 -7.521938e-07 -7.118977e-07 -2.686407e-07 3.693809e-08 -8.395021e-08 -5.540713e-08 4.734792e-07 7.059653e-01 -6.173768e-02 -1.356444e-01 -1.422023e-01 4.914258e-02 1.063792e-01 1.947767e-01 1.150074e-01 1.055520e-01 3.460950e-02 -3.253330e-02 2.874841e-02 -3.582520e-02 -5.177025e-03 2.677573e-02 -3.377310e-02 -2.870075e-02 6.430223e-02 4.966064e-03 3.273695e-02 2.674934e-02 2.555028e-02 -1.894801e-02 -3.720996e-02 3.466873e-02 -5.699937e-02 -8.863689e-04
<VARIANCE> 39
 2.674464e+01 3.035676e+01 4.261647e+01 1.006867e+02 1.805335e+01 5.161979e+01 9.412518e+01 9.542217e+01 2.045505e+01 2.922908e+01 2.691031e+01 6.055765e+01 5.919652e-02 1.515111e+00 1.093226e+00 1.451581e+00 3.971582e+00 1.862337e+00 3.659683e+00 3.329528e+00 3.558026e+00 1.342287e+00 2.126265e+00 3.455583e+00 4.469886e+00 1.828460e-03 2.156348e-01 1.803728e-01 2.263563e-01 4.721921e-01 3.547365e-01 6.532423e-01 4.387697e-01 5.178590e-01 2.149268e-01 3.582157e-01 7.775582e-01 7.204642e-01 1.832355e-04
<GCONST> 9.759789e+01
<STATE> 3
<MEAN> 39
 3.525909e-07 0.000000e+00 -3.760969e-07 -1.195451e-06 -3.425168e-07 -7.521938e-07 -7.118977e-07 -2.686407e-07 3.693809e-08 -8.395021e-08 -5.540713e-08 4.734792e-07 7.059653e-01 -6.173768e-02 -1.356444e-01 -1.422023e-01 4.914258e-02 1.063792e-01 1.947767e-01 1.150074e-01 1.055520e-01 3.460950e-02 -3.253330e-02 2.874841e-02 -3.582520e-02 -5.177025e-03 2.677573e-02 -3.377310e-02 -2.870075e-02 6.430223e-02 4.966064e-03 3.273695e-02 2.674934e-02 2.555028e-02 -1.894801e-02 -3.720996e-02 3.466873e-02 -5.699937e-02 -8.863689e-04
<VARIANCE> 39
 2.674464e+01 3.035676e+01 4.261647e+01 1.006867e+02 1.805335e+01 5.161979e+01 9.412518e+01 9.542217e+01 2.045505e+01 2.922908e+01 2.691031e+01 6.055765e+01 5.919652e-02 1.515111e+00 1.093226e+00 1.451581e+00 3.971582e+00 1.862337e+00 3.659683e+00 3.329528e+00 3.558026e+00 1.342287e+00 2.126265e+00 3.455583e+00 4.469886e+00 1.828460e-03 2.156348e-01 1.803728e-01 2.263563e-01 4.721921e-01 3.547365e-01 6.532423e-01 4.387697e-01 5.178590e-01 2.149268e-01 3.582157e-01 7.775582e-01 7.204642e-01 1.832355e-04
<GCONST> 9.759789e+01
<STATE> 4
<MEAN> 39
 3.525909e-07 0.000000e+00 -3.760969e-07 -1.195451e-06 -3.425168e-07 -7.521938e-07 -7.118977e-07 -2.686407e-07 3.693809e-08 -8.395021e-08 -5.540713e-08 4.734792e-07 7.059653e-01 -6.173768e-02 -1.356444e-01 -1.422023e-01 4.914258e-02 1.063792e-01 1.947767e-01 1.150074e-01 1.055520e-01 3.460950e-02 -3.253330e-02 2.874841e-02 -3.582520e-02 -5.177025e-03 2.677573e-02 -3.377310e-02 -2.870075e-02 6.430223e-02 4.966064e-03 3.273695e-02 2.674934e-02 2.555028e-02 -1.894801e-02 -3.720996e-02 3.466873e-02 -5.699937e-02 -8.863689e-04
<VARIANCE> 39
 2.674464e+01 3.035676e+01 4.261647e+01 1.006867e+02 1.805335e+01 5.161979e+01 9.412518e+01 9.542217e+01 2.045505e+01 2.922908e+01 2.691031e+01 6.055765e+01 5.919652e-02 1.515111e+00 1.093226e+00 1.451581e+00 3.971582e+00 1.862337e+00 3.659683e+00 3.329528e+00 3.558026e+00 1.342287e+00 2.126265e+00 3.455583e+00 4.469886e+00 1.828460e-03 2.156348e-01 1.803728e-01 2.263563e-01 4.721921e-01 3.547365e-01 6.532423e-01 4.387697e-01 5.178590e-01 2.149268e-01 3.582157e-01 7.775582e-01 7.204642e-01 1.832355e-04
<GCONST> 9.759789e+01
<STATE> 5
<MEAN> 39
 3.525909e-07 0.000000e+00 -3.760969e-07 -1.195451e-06 -3.425168e-07 -7.521938e-07 -7.118977e-07 -2.686407e-07 3.693809e-08 -8.395021e-08 -5.540713e-08 4.734792e-07 7.059653e-01 -6.173768e-02 -1.356444e-01 -1.422023e-01 4.914258e-02 1.063792e-01 1.947767e-01 1.150074e-01 1.055520e-01 3.460950e-02 -3.253330e-02 2.874841e-02 -3.582520e-02 -5.177025e-03 2.677573e-02 -3.377310e-02 -2.870075e-02 6.430223e-02 4.966064e-03 3.273695e-02 2.674934e-02 2.555028e-02 -1.894801e-02 -3.720996e-02 3.466873e-02 -5.699937e-02 -8.863689e-04
<VARIANCE> 39
 2.674464e+01 3.035676e+01 4.261647e+01 1.006867e+02 1.805335e+01 5.161979e+01 9.412518e+01 9.542217e+01 2.045505e+01 2.922908e+01 2.691031e+01 6.055765e+01 5.919652e-02 1.515111e+00 1.093226e+00 1.451581e+00 3.971582e+00 1.862337e+00 3.659683e+00 3.329528e+00 3.558026e+00 1.342287e+00 2.126265e+00 3.455583e+00 4.469886e+00 1.828460e-03 2.156348e-01 1.803728e-01 2.263563e-01 4.721921e-01 3.547365e-01 6.532423e-01 4.387697e-01 5.178590e-01 2.149268e-01 3.582157e-01 7.775582e-01 7.204642e-01 1.832355e-04
<GCONST> 9.759789e+01
<STATE> 6
<MEAN> 39
 3.525909e-07 0.000000e+00 -3.760969e-07 -1.195451e-06 -3.425168e-07 -7.521938e-07 -7.118977e-07 -2.686407e-07 3.693809e-08 -8.395021e-08 -5.540713e-08 4.734792e-07 7.059653e-01 -6.173768e-02 -1.356444e-01 -1.422023e-01 4.914258e-02 1.063792e-01 1.947767e-01 1.150074e-01 1.055520e-01 3.460950e-02 -3.253330e-02 2.874841e-02 -3.582520e-02 -5.177025e-03 2.677573e-02 -3.377310e-02 -2.870075e-02 6.430223e-02 4.966064e-03 3.273695e-02 2.674934e-02 2.555028e-02 -1.894801e-02 -3.720996e-02 3.466873e-02 -5.699937e-02 -8.863689e-04
<VARIANCE> 39
 2.674464e+01 3.035676e+01 4.261647e+01 1.006867e+02 1.805335e+01 5.161979e+01 9.412518e+01 9.542217e+01 2.045505e+01 2.922908e+01 2.691031e+01 6.055765e+01 5.919652e-02 1.515111e+00 1.093226e+00 1.451581e+00 3.971582e+00 1.862337e+00 3.659683e+00 3.329528e+00 3.558026e+00 1.342287e+00 2.126265e+00 3.455583e+00 4.469886e+00 1.828460e-03 2.156348e-01 1.803728e-01 2.263563e-01 4.721921e-01 3.547365e-01 6.532423e-01 4.387697e-01 5.178590e-01 2.149268e-01 3.582157e-01 7.775582e-01 7.204642e-01 1.832355e-04
<GCONST> 9.759789e+01
<STATE> 7
<MEAN> 39
 3.525909e-07 0.000000e+00 -3.760969e-07 -1.195451e-06 -3.425168e-07 -7.521938e-07 -7.118977e-07 -2.686407e-07 3.693809e-08 -8.395021e-08 -5.540713e-08 4.734792e-07 7.059653e-01 -6.173768e-02 -1.356444e-01 -1.422023e-01 4.914258e-02 1.063792e-01 1.947767e-01 1.150074e-01 1.055520e-01 3.460950e-02 -3.253330e-02 2.874841e-02 -3.582520e-02 -5.177025e-03 2.677573e-02 -3.377310e-02 -2.870075e-02 6.430223e-02 4.966064e-03 3.273695e-02 2.674934e-02 2.555028e-02 -1.894801e-02 -3.720996e-02 3.466873e-02 -5.699937e-02 -8.863689e-04
<VARIANCE> 39
 2.674464e+01 3.035676e+01 4.261647e+01 1.006867e+02 1.805335e+01 5.161979e+01 9.412518e+01 9.542217e+01 2.045505e+01 2.922908e+01 2.691031e+01 6.055765e+01 5.919652e-02 1.515111e+00 1.093226e+00 1.451581e+00 3.971582e+00 1.862337e+00 3.659683e+00 3.329528e+00 3.558026e+00 1.342287e+00 2.126265e+00 3.455583e+00 4.469886e+00 1.828460e-03 2.156348e-01 1.803728e-01 2.263563e-01 4.721921e-01 3.547365e-01 6.532423e-01 4.387697e-01 5.178590e-01 2.149268e-01 3.582157e-01 7.775582e-01 7.204642e-01 1.832355e-04
<GCONST> 9.759789e+01
<STATE> 8
<MEAN> 39
 3.525909e-07 0.000000e+00 -3.760969e-07 -1.195451e-06 -3.425168e-07 -7.521938e-07 -7.118977e-07 -2.686407e-07 3.693809e-08 -8.395021e-08 -5.540713e-08 4.734792e-07 7.059653e-01 -6.173768e-02 -1.356444e-01 -1.422023e-01 4.914258e-02 1.063792e-01 1.947767e-01 1.150074e-01 1.055520e-01 3.460950e-02 -3.253330e-02 2.874841e-02 -3.582520e-02 -5.177025e-03 2.677573e-02 -3.377310e-02 -2.870075e-02 6.430223e-02 4.966064e-03 3.273695e-02 2.674934e-02 2.555028e-02 -1.894801e-02 -3.720996e-02 3.466873e-02 -5.699937e-02 -8.863689e-04
<VARIANCE> 39
 2.674464e+01 3.035676e+01 4.261647e+01 1.006867e+02 1.805335e+01 5.161979e+01 9.412518e+01 9.542217e+01 2.045505e+01 2.922908e+01 2.691031e+01 6.055765e+01 5.919652e-02 1.515111e+00 1.093226e+00 1.451581e+00 3.971582e+00 1.862337e+00 3.659683e+00 3.329528e+00 3.558026e+00 1.342287e+00 2.126265e+00 3.455583e+00 4.469886e+00 1.828460e-03 2.156348e-01 1.803728e-01 2.263563e-01 4.721921e-01 3.547365e-01 6.532423e-01 4.387697e-01 5.178590e-01 2.149268e-01 3.582157e-01 7.775582e-01 7.204642e-01 1.832355e-04
<GCONST> 9.759789e+01
<STATE> 9
<MEAN> 39
 3.525909e-07 0.000000e+00 -3.760969e-07 -1.195451e-06 -3.425168e-07 -7.521938e-07 -7.118977e-07 -2.686407e-07 3.693809e-08 -8.395021e-08 -5.540713e-08 4.734792e-07 7.059653e-01 -6.173768e-02 -1.356444e-01 -1.422023e-01 4.914258e-02 1.063792e-01 1.947767e-01 1.150074e-01 1.055520e-01 3.460950e-02 -3.253330e-02 2.874841e-02 -3.582520e-02 -5.177025e-03 2.677573e-02 -3.377310e-02 -2.870075e-02 6.430223e-02 4.966064e-03 3.273695e-02 2.674934e-02 2.555028e-02 -1.894801e-02 -3.720996e-02 3.466873e-02 -5.699937e-02 -8.863689e-04
<VARIANCE> 39
 2.674464e+01 3.035676e+01 4.261647e+01 1.006867e+02 1.805335e+01 5.161979e+01 9.412518e+01 9.542217e+01 2.045505e+01 2.922908e+01 2.691031e+01 6.055765e+01 5.919652e-02 1.515111e+00 1.093226e+00 1.451581e+00 3.971582e+00 1.862337e+00 3.659683e+00 3.329528e+00 3.558026e+00 1.342287e+00 2.126265e+00 3.455583e+00 4.469886e+00 1.828460e-03 2.156348e-01 1.803728e-01 2.263563e-01 4.721921e-01 3.547365e-01 6.532423e-01 4.387697e-01 5.178590e-01 2.149268e-01 3.582157e-01 7.775582e-01 7.204642e-01 1.832355e-04
<GCONST> 9.759789e+01
<TRANSP> 10
 0.000000e+00 1.000000e+00 0.000000e+00 0.000000e+00 0.000000e+00 0.000000e+00 0.000000e+00 0.000000e+00 0.000000e+00 0.000000e+00
 0.000000e+00 9.000000e-01 9.999999e-02 0.000000e+00 0.000000e+00 0.000000e+00 0.000000e+00 0.000000e+00 0.000000e+00 0.000000e+00
 0.000000e+00 0.000000e+00 9.000000e-01 9.999999e-02 0.000000e+00 0.000000e+00 0.000000e+00 0.000000e+00 0.000000e+00 0.000000e+00
 0.000000e+00 0.000000e+00 0.000000e+00 9.000000e-01 9.999999e-02 0.000000e+00 0.000000e+00 0.000000e+00 0.000000e+00 0.000000e+00
 0.000000e+00 0.000000e+00 0.000000e+00 0.000000e+00 9.000000e-01 9.999999e-02 0.000000e+00 0.000000e+00 0.000000e+00 0.000000e+00
 0.000000e+00 0.000000e+00 0.000000e+00 0.000000e+00 0.000000e+00 9.000000e-01 9.999999e-02 0.000000e+00 0.000000e+00 0.000000e+00
 0.000000e+00 0.000000e+00 0.000000e+00 0.000000e+00 0.000000e+00 0.000000e+00 9.000000e-01 9.999999e-02 0.000000e+00 0.000000e+00
 0.000000e+00 0.000000e+00 0.000000e+00 0.000000e+00 0.000000e+00 0.000000e+00 0.000000e+00 9.000000e-01 9.999999e-02 0.000000e+00
 0.000000e+00 0.000000e+00 0.000000e+00 0.000000e+00 0.000000e+00 0.000000e+00 0.000000e+00 0.000000e+00 9.000000e-01 9.999999e-02
 0.000000e+00 0.000000e+00 0.000000e+00 0.000000e+00 0.000000e+00 0.000000e+00 0.000000e+00 0.000000e+00 0.000000e+00 0.000000e+00
<ENDHMM>
