~o
<STREAMINFO> 1 39
<VECSIZE> 39<NULLD><MFCC_E_D_A_Z><DIAGC>
~h "s060"
<BEGINHMM>
<NUMSTATES> 10
<STATE> 2
<MEAN> 39
 1.869950e-07 -1.075221e-07 2.337437e-08 3.552904e-07 -8.882261e-08 1.682955e-07 -3.926894e-07 1.869950e-07 2.804924e-08 5.609849e-08 9.349748e-08 -1.402462e-07 6.920545e-01 3.188596e-01 1.178561e-01 -9.207293e-02 -1.835130e-01 -6.109388e-03 1.944398e-02 8.393564e-02 -2.668785e-01 4.244341e-02 2.391905e-02 -2.147702e-01 -5.089436e-02 1.762298e-03 1.037765e-02 2.562928e-02 5.221873e-02 7.002136e-02 -9.028465e-03 5.356150e-02 -2.001860e-02 1.066957e-02 2.177965e-02 -5.697228e-02 -3.938920e-02 5.465390e-04 -5.434650e-04
<VARIANCE> 39
 2.472108e+01 6.207075e+01 3.227745e+01 1.511799e+02 2.633252e+01 3.533166e+01 7.780854e+01 3.985414e+01 3.764604e+01 2.802475e+01 3.394206e+01 1.979930e+01 4.477762e-02 1.854772e+00 2.161511e+00 1.785648e+00 4.626942e+00 2.429337e+00 3.161695e+00 2.632710e+00 2.510160e+00 4.622099e+00 2.990441e+00 3.020525e+00 1.430502e+00 2.080111e-03 3.808196e-01 2.320915e-01 2.102012e-01 5.780578e-01 3.695788e-01 4.466179e-01 2.882609e-01 3.494677e-01 8.753110e-01 5.208067e-01 5.066929e-01 2.599571e-01 2.134066e-04
<GCONST> 9.819288e+01
<STATE> 3
<MEAN> 39
 1.869950e-07 -1.075221e-07 2.337437e-08 3.552904e-07 -8.882261e-08 1.682955e-07 -3.926894e-07 1.869950e-07 2.804924e-08 5.609849e-08 9.349748e-08 -1.402462e-07 6.920545e-01 3.188596e-01 1.178561e-01 -9.207293e-02 -1.835130e-01 -6.109388e-03 1.944398e-02 8.393564e-02 -2.668785e-01 4.244341e-02 2.391905e-02 -2.147702e-01 -5.089436e-02 1.762298e-03 1.037765e-02 2.562928e-02 5.221873e-02 7.002136e-02 -9.028465e-03 5.356150e-02 -2.001860e-02 1.066957e-02 2.177965e-02 -5.697228e-02 -3.938920e-02 5.465390e-04 -5.434650e-04
<VARIANCE> 39
 2.472108e+01 6.207075e+01 3.227745e+01 1.511799e+02 2.633252e+01 3.533166e+01 7.780854e+01 3.985414e+01 3.764604e+01 2.802475e+01 3.394206e+01 1.979930e+01 4.477762e-02 1.854772e+00 2.161511e+00 1.785648e+00 4.626942e+00 2.429337e+00 3.161695e+00 2.632710e+00 2.510160e+00 4.622099e+00 2.990441e+00 3.020525e+00 1.430502e+00 2.080111e-03 3.808196e-01 2.320915e-01 2.102012e-01 5.780578e-01 3.695788e-01 4.466179e-01 2.882609e-01 3.494677e-01 8.753110e-01 5.208067e-01 5.066929e-01 2.599571e-01 2.134066e-04
<GCONST> 9.819288e+01
<STATE> 4
<MEAN> 39
 1.869950e-07 -1.075221e-07 2.337437e-08 3.552904e-07 -8.882261e-08 1.682955e-07 -3.926894e-07 1.869950e-07 2.804924e-08 5.609849e-08 9.349748e-08 -1.402462e-07 6.920545e-01 3.188596e-01 1.178561e-01 -9.207293e-02 -1.835130e-01 -6.109388e-03 1.944398e-02 8.393564e-02 -2.668785e-01 4.244341e-02 2.391905e-02 -2.147702e-01 -5.089436e-02 1.762298e-03 1.037765e-02 2.562928e-02 5.221873e-02 7.002136e-02 -9.028465e-03 5.356150e-02 -2.001860e-02 1.066957e-02 2.177965e-02 -5.697228e-02 -3.938920e-02 5.465390e-04 -5.434650e-04
<VARIANCE> 39
 2.472108e+01 6.207075e+01 3.227745e+01 1.511799e+02 2.633252e+01 3.533166e+01 7.780854e+01 3.985414e+01 3.764604e+01 2.802475e+01 3.394206e+01 1.979930e+01 4.477762e-02 1.854772e+00 2.161511e+00 1.785648e+00 4.626942e+00 2.429337e+00 3.161695e+00 2.632710e+00 2.510160e+00 4.622099e+00 2.990441e+00 3.020525e+00 1.430502e+00 2.080111e-03 3.808196e-01 2.320915e-01 2.102012e-01 5.780578e-01 3.695788e-01 4.466179e-01 2.882609e-01 3.494677e-01 8.753110e-01 5.208067e-01 5.066929e-01 2.599571e-01 2.134066e-04
<GCONST> 9.819288e+01
<STATE> 5
<MEAN> 39
 1.869950e-07 -1.075221e-07 2.337437e-08 3.552904e-07 -8.882261e-08 1.682955e-07 -3.926894e-07 1.869950e-07 2.804924e-08 5.609849e-08 9.349748e-08 -1.402462e-07 6.920545e-01 3.188596e-01 1.178561e-01 -9.207293e-02 -1.835130e-01 -6.109388e-03 1.944398e-02 8.393564e-02 -2.668785e-01 4.244341e-02 2.391905e-02 -2.147702e-01 -5.089436e-02 1.762298e-03 1.037765e-02 2.562928e-02 5.221873e-02 7.002136e-02 -9.028465e-03 5.356150e-02 -2.001860e-02 1.066957e-02 2.177965e-02 -5.697228e-02 -3.938920e-02 5.465390e-04 -5.434650e-04
<VARIANCE> 39
 2.472108e+01 6.207075e+01 3.227745e+01 1.511799e+02 2.633252e+01 3.533166e+01 7.780854e+01 3.985414e+01 3.764604e+01 2.802475e+01 3.394206e+01 1.979930e+01 4.477762e-02 1.854772e+00 2.161511e+00 1.785648e+00 4.626942e+00 2.429337e+00 3.161695e+00 2.632710e+00 2.510160e+00 4.622099e+00 2.990441e+00 3.020525e+00 1.430502e+00 2.080111e-03 3.808196e-01 2.320915e-01 2.102012e-01 5.780578e-01 3.695788e-01 4.466179e-01 2.882609e-01 3.494677e-01 8.753110e-01 5.208067e-01 5.066929e-01 2.599571e-01 2.134066e-04
<GCONST> 9.819288e+01
<STATE> 6
<MEAN> 39
 1.869950e-07 -1.075221e-07 2.337437e-08 3.552904e-07 -8.882261e-08 1.682955e-07 -3.926894e-07 1.869950e-07 2.804924e-08 5.609849e-08 9.349748e-08 -1.402462e-07 6.920545e-01 3.188596e-01 1.178561e-01 -9.207293e-02 -1.835130e-01 -6.109388e-03 1.944398e-02 8.393564e-02 -2.668785e-01 4.244341e-02 2.391905e-02 -2.147702e-01 -5.089436e-02 1.762298e-03 1.037765e-02 2.562928e-02 5.221873e-02 7.002136e-02 -9.028465e-03 5.356150e-02 -2.001860e-02 1.066957e-02 2.177965e-02 -5.697228e-02 -3.938920e-02 5.465390e-04 -5.434650e-04
<VARIANCE> 39
 2.472108e+01 6.207075e+01 3.227745e+01 1.511799e+02 2.633252e+01 3.533166e+01 7.780854e+01 3.985414e+01 3.764604e+01 2.802475e+01 3.394206e+01 1.979930e+01 4.477762e-02 1.854772e+00 2.161511e+00 1.785648e+00 4.626942e+00 2.429337e+00 3.161695e+00 2.632710e+00 2.510160e+00 4.622099e+00 2.990441e+00 3.020525e+00 1.430502e+00 2.080111e-03 3.808196e-01 2.320915e-01 2.102012e-01 5.780578e-01 3.695788e-01 4.466179e-01 2.882609e-01 3.494677e-01 8.753110e-01 5.208067e-01 5.066929e-01 2.599571e-01 2.134066e-04
<GCONST> 9.819288e+01
<STATE> 7
<MEAN> 39
 1.869950e-07 -1.075221e-07 2.337437e-08 3.552904e-07 -8.882261e-08 1.682955e-07 -3.926894e-07 1.869950e-07 2.804924e-08 5.609849e-08 9.349748e-08 -1.402462e-07 6.920545e-01 3.188596e-01 1.178561e-01 -9.207293e-02 -1.835130e-01 -6.109388e-03 1.944398e-02 8.393564e-02 -2.668785e-01 4.244341e-02 2.391905e-02 -2.147702e-01 -5.089436e-02 1.762298e-03 1.037765e-02 2.562928e-02 5.221873e-02 7.002136e-02 -9.028465e-03 5.356150e-02 -2.001860e-02 1.066957e-02 2.177965e-02 -5.697228e-02 -3.938920e-02 5.465390e-04 -5.434650e-04
<VARIANCE> 39
 2.472108e+01 6.207075e+01 3.227745e+01 1.511799e+02 2.633252e+01 3.533166e+01 7.780854e+01 3.985414e+01 3.764604e+01 2.802475e+01 3.394206e+01 1.979930e+01 4.477762e-02 1.854772e+00 2.161511e+00 1.785648e+00 4.626942e+00 2.429337e+00 3.161695e+00 2.632710e+00 2.510160e+00 4.622099e+00 2.990441e+00 3.020525e+00 1.430502e+00 2.080111e-03 3.808196e-01 2.320915e-01 2.102012e-01 5.780578e-01 3.695788e-01 4.466179e-01 2.882609e-01 3.494677e-01 8.753110e-01 5.208067e-01 5.066929e-01 2.599571e-01 2.134066e-04
<GCONST> 9.819288e+01
<STATE> 8
<MEAN> 39
 1.869950e-07 -1.075221e-07 2.337437e-08 3.552904e-07 -8.882261e-08 1.682955e-07 -3.926894e-07 1.869950e-07 2.804924e-08 5.609849e-08 9.349748e-08 -1.402462e-07 6.920545e-01 3.188596e-01 1.178561e-01 -9.207293e-02 -1.835130e-01 -6.109388e-03 1.944398e-02 8.393564e-02 -2.668785e-01 4.244341e-02 2.391905e-02 -2.147702e-01 -5.089436e-02 1.762298e-03 1.037765e-02 2.562928e-02 5.221873e-02 7.002136e-02 -9.028465e-03 5.356150e-02 -2.001860e-02 1.066957e-02 2.177965e-02 -5.697228e-02 -3.938920e-02 5.465390e-04 -5.434650e-04
<VARIANCE> 39
 2.472108e+01 6.207075e+01 3.227745e+01 1.511799e+02 2.633252e+01 3.533166e+01 7.780854e+01 3.985414e+01 3.764604e+01 2.802475e+01 3.394206e+01 1.979930e+01 4.477762e-02 1.854772e+00 2.161511e+00 1.785648e+00 4.626942e+00 2.429337e+00 3.161695e+00 2.632710e+00 2.510160e+00 4.622099e+00 2.990441e+00 3.020525e+00 1.430502e+00 2.080111e-03 3.808196e-01 2.320915e-01 2.102012e-01 5.780578e-01 3.695788e-01 4.466179e-01 2.882609e-01 3.494677e-01 8.753110e-01 5.208067e-01 5.066929e-01 2.599571e-01 2.134066e-04
<GCONST> 9.819288e+01
<STATE> 9
<MEAN> 39
 1.869950e-07 -1.075221e-07 2.337437e-08 3.552904e-07 -8.882261e-08 1.682955e-07 -3.926894e-07 1.869950e-07 2.804924e-08 5.609849e-08 9.349748e-08 -1.402462e-07 6.920545e-01 3.188596e-01 1.178561e-01 -9.207293e-02 -1.835130e-01 -6.109388e-03 1.944398e-02 8.393564e-02 -2.668785e-01 4.244341e-02 2.391905e-02 -2.147702e-01 -5.089436e-02 1.762298e-03 1.037765e-02 2.562928e-02 5.221873e-02 7.002136e-02 -9.028465e-03 5.356150e-02 -2.001860e-02 1.066957e-02 2.177965e-02 -5.697228e-02 -3.938920e-02 5.465390e-04 -5.434650e-04
<VARIANCE> 39
 2.472108e+01 6.207075e+01 3.227745e+01 1.511799e+02 2.633252e+01 3.533166e+01 7.780854e+01 3.985414e+01 3.764604e+01 2.802475e+01 3.394206e+01 1.979930e+01 4.477762e-02 1.854772e+00 2.161511e+00 1.785648e+00 4.626942e+00 2.429337e+00 3.161695e+00 2.632710e+00 2.510160e+00 4.622099e+00 2.990441e+00 3.020525e+00 1.430502e+00 2.080111e-03 3.808196e-01 2.320915e-01 2.102012e-01 5.780578e-01 3.695788e-01 4.466179e-01 2.882609e-01 3.494677e-01 8.753110e-01 5.208067e-01 5.066929e-01 2.599571e-01 2.134066e-04
<GCONST> 9.819288e+01
<TRANSP> 10
 0.000000e+00 1.000000e+00 0.000000e+00 0.000000e+00 0.000000e+00 0.000000e+00 0.000000e+00 0.000000e+00 0.000000e+00 0.000000e+00
 0.000000e+00 9.000000e-01 9.999999e-02 0.000000e+00 0.000000e+00 0.000000e+00 0.000000e+00 0.000000e+00 0.000000e+00 0.000000e+00
 0.000000e+00 0.000000e+00 9.000000e-01 9.999999e-02 0.000000e+00 0.000000e+00 0.000000e+00 0.000000e+00 0.000000e+00 0.000000e+00
 0.000000e+00 0.000000e+00 0.000000e+00 9.000000e-01 9.999999e-02 0.000000e+00 0.000000e+00 0.000000e+00 0.000000e+00 0.000000e+00
 0.000000e+00 0.000000e+00 0.000000e+00 0.000000e+00 9.000000e-01 9.999999e-02 0.000000e+00 0.000000e+00 0.000000e+00 0.000000e+00
 0.000000e+00 0.000000e+00 0.000000e+00 0.000000e+00 0.000000e+00 9.000000e-01 9.999999e-02 0.000000e+00 0.000000e+00 0.000000e+00
 0.000000e+00 0.000000e+00 0.000000e+00 0.000000e+00 0.000000e+00 0.000000e+00 9.000000e-01 9.999999e-02 0.000000e+00 0.000000e+00
 0.000000e+00 0.000000e+00 0.000000e+00 0.000000e+00 0.000000e+00 0.000000e+00 0.000000e+00 9.000000e-01 9.999999e-02 0.000000e+00
 0.000000e+00 0.000000e+00 0.000000e+00 0.000000e+00 0.000000e+00 0.000000e+00 0.000000e+00 0.000000e+00 9.000000e-01 9.999999e-02
 0.000000e+00 0.000000e+00 0.000000e+00 0.000000e+00 0.000000e+00 0.000000e+00 0.000000e+00 0.000000e+00 0.000000e+00 0.000000e+00
<ENDHMM>
