~o
<STREAMINFO> 1 39
<VECSIZE> 39<NULLD><MFCC_E_D_A_Z><DIAGC>
~h "s062"
<BEGINHMM>
<NUMSTATES> 10
<STATE> 2
<MEAN> 39
 1.438080e-07 2.838316e-07 -3.254603e-07 1.059638e-07 2.422030e-07 -1.967899e-07 -1.059638e-07 9.082613e-08 3.860110e-07 1.892211e-07 -2.270653e-08 -2.422030e-07 7.924073e-01 3.694291e-01 -1.397609e-01 6.515542e-02 -2.448892e-02 -8.222763e-02 1.411744e-01 -1.146771e-01 4.690391e-02 3.074300e-02 3.723956e-02 1.576889e-01 -9.265310e-04 -2.300176e-03 -4.462000e-02 -1.490926e-03 -2.239889e-02 8.059993e-02 2.315929e-02 3.983517e-02 1.114520e-02 -4.989164e-02 3.959182e-02 2.654463e-02 3.758525e-02 3.700369e-02 -9.184303e-04
<VARIANCE> 39
 2.580229e+01 5.344818e+01 6.565892e+01 1.072644e+02 4.587381e+01 7.692859e+01 3.901515e+01 5.103573e+01 4.742342e+01 3.969764e+01 3.214787e+01 3.611922e+01 3.352043e-02 2.014546e+00 3.881830e+00 2.630317e+00 4.992668e+00 5.188190e+00 5.619009e+00 2.922786e+00 4.178711e+00 5.056366e+00 4.761000e+00 4.584434e+00 3.261149e+00 2.146327e-03 2.236338e-01 6.030649e-01 3.430220e-01 6.233580e-01 1.136089e+00 1.140993e+00 4.652505e-01 7.097431e-01 9.067481e-01 9.686821e-01 9.719326e-01 6.061365e-01 2.472823e-04
<GCONST> 1.116237e+02
<STATE> 3
<MEAN> 39
 1.438080e-07 2.838316e-07 -3.254603e-07 1.059638e-07 2.422030e-07 -1.967899e-07 -1.059638e-07 9.082613e-08 3.860110e-07 1.892211e-07 -2.270653e-08 -2.422030e-07 7.924073e-01 3.694291e-01 -1.397609e-01 6.515542e-02 -2.448892e-02 -8.222763e-02 1.411744e-01 -1.146771e-01 4.690391e-02 3.074300e-02 3.723956e-02 1.576889e-01 -9.265310e-04 -2.300176e-03 -4.462000e-02 -1.490926e-03 -2.239889e-02 8.059993e-02 2.315929e-02 3.983517e-02 1.114520e-02 -4.989164e-02 3.959182e-02 2.654463e-02 3.758525e-02 3.700369e-02 -9.184303e-04
<VARIANCE> 39
 2.580229e+01 5.344818e+01 6.565892e+01 1.072644e+02 4.587381e+01 7.692859e+01 3.901515e+01 5.103573e+01 4.742342e+01 3.969764e+01 3.214787e+01 3.611922e+01 3.352043e-02 2.014546e+00 3.881830e+00 2.630317e+00 4.992668e+00 5.188190e+00 5.619009e+00 2.922786e+00 4.178711e+00 5.056366e+00 4.761000e+00 4.584434e+00 3.261149e+00 2.146327e-03 2.236338e-01 6.030649e-01 3.430220e-01 6.233580e-01 1.136089e+00 1.140993e+00 4.652505e-01 7.097431e-01 9.067481e-01 9.686821e-01 9.719326e-01 6.061365e-01 2.472823e-04
<GCONST> 1.116237e+02
<STATE> 4
<MEAN> 39
 1.438080e-07 2.838316e-07 -3.254603e-07 1.059638e-07 2.422030e-07 -1.967899e-07 -1.059638e-07 9.082613e-08 3.860110e-07 1.892211e-07 -2.270653e-08 -2.422030e-07 7.924073e-01 3.694291e-01 -1.397609e-01 6.515542e-02 -2.448892e-02 -8.222763e-02 1.411744e-01 -1.146771e-01 4.690391e-02 3.074300e-02 3.723956e-02 1.576889e-01 -9.265310e-04 -2.300176e-03 -4.462000e-02 -1.490926e-03 -2.239889e-02 8.059993e-02 2.315929e-02 3.983517e-02 1.114520e-02 -4.989164e-02 3.959182e-02 2.654463e-02 3.758525e-02 3.700369e-02 -9.184303e-04
<VARIANCE> 39
 2.580229e+01 5.344818e+01 6.565892e+01 1.072644e+02 4.587381e+01 7.692859e+01 3.901515e+01 5.103573e+01 4.742342e+01 3.969764e+01 3.214787e+01 3.611922e+01 3.352043e-02 2.014546e+00 3.881830e+00 2.630317e+00 4.992668e+00 5.188190e+00 5.619009e+00 2.922786e+00 4.178711e+00 5.056366e+00 4.761000e+00 4.584434e+00 3.261149e+00 2.146327e-03 2.236338e-01 6.030649e-01 3.430220e-01 6.233580e-01 1.136089e+00 1.140993e+00 4.652505e-01 7.097431e-01 9.067481e-01 9.686821e-01 9.719326e-01 6.061365e-01 2.472823e-04
<GCONST> 1.116237e+02
<STATE> 5
<MEAN> 39
 1.438080e-07 2.838316e-07 -3.254603e-07 1.059638e-07 2.422030e-07 -1.967899e-07 -1.059638e-07 9.082613e-08 3.860110e-07 1.892211e-07 -2.270653e-08 -2.422030e-07 7.924073e-01 3.694291e-01 -1.397609e-01 6.515542e-02 -2.448892e-02 -8.222763e-02 1.411744e-01 -1.146771e-01 4.690391e-02 3.074300e-02 3.723956e-02 1.576889e-01 -9.265310e-04 -2.300176e-03 -4.462000e-02 -1.490926e-03 -2.239889e-02 8.059993e-02 2.315929e-02 3.983517e-02 1.114520e-02 -4.989164e-02 3.959182e-02 2.654463e-02 3.758525e-02 3.700369e-02 -9.184303e-04
<VARIANCE> 39
 2.580229e+01 5.344818e+01 6.565892e+01 1.072644e+02 4.587381e+01 7.692859e+01 3.901515e+01 5.103573e+01 4.742342e+01 3.969764e+01 3.214787e+01 3.611922e+01 3.352043e-02 2.014546e+00 3.881830e+00 2.630317e+00 4.992668e+00 5.188190e+00 5.619009e+00 2.922786e+00 4.178711e+00 5.056366e+00 4.761000e+00 4.584434e+00 3.261149e+00 2.146327e-03 2.236338e-01 6.030649e-01 3.430220e-01 6.233580e-01 1.136089e+00 1.140993e+00 4.652505e-01 7.097431e-01 9.067481e-01 9.686821e-01 9.719326e-01 6.061365e-01 2.472823e-04
<GCONST> 1.116237e+02
<STATE> 6
<MEAN> 39
 1.438080e-07 2.838316e-07 -3.254603e-07 1.059638e-07 2.422030e-07 -1.967899e-07 -1.059638e-07 9.082613e-08 3.860110e-07 1.892211e-07 -2.270653e-08 -2.422030e-07 7.924073e-01 3.694291e-01 -1.397609e-01 6.515542e-02 -2.448892e-02 -8.222763e-02 1.411744e-01 -1.146771e-01 4.690391e-02 3.074300e-02 3.723956e-02 1.576889e-01 -9.265310e-04 -2.300176e-03 -4.462000e-02 -1.490926e-03 -2.239889e-02 8.059993e-02 2.315929e-02 3.983517e-02 1.114520e-02 -4.989164e-02 3.959182e-02 2.654463e-02 3.758525e-02 3.700369e-02 -9.184303e-04
<VARIANCE> 39
 2.580229e+01 5.344818e+01 6.565892e+01 1.072644e+02 4.587381e+01 7.692859e+01 3.901515e+01 5.103573e+01 4.742342e+01 3.969764e+01 3.214787e+01 3.611922e+01 3.352043e-02 2.014546e+00 3.881830e+00 2.630317e+00 4.992668e+00 5.188190e+00 5.619009e+00 2.922786e+00 4.178711e+00 5.056366e+00 4.761000e+00 4.584434e+00 3.261149e+00 2.146327e-03 2.236338e-01 6.030649e-01 3.430220e-01 6.233580e-01 1.136089e+00 1.140993e+00 4.652505e-01 7.097431e-01 9.067481e-01 9.686821e-01 9.719326e-01 6.061365e-01 2.472823e-04
<GCONST> 1.116237e+02
<STATE> 7
<MEAN> 39
 1.438080e-07 2.838316e-07 -3.254603e-07 1.059638e-07 2.422030e-07 -1.967899e-07 -1.059638e-07 9.082613e-08 3.860110e-07 1.892211e-07 -2.270653e-08 -2.422030e-07 7.924073e-01 3.694291e-01 -1.397609e-01 6.515542e-02 -2.448892e-02 -8.222763e-02 1.411744e-01 -1.146771e-01 4.690391e-02 3.074300e-02 3.723956e-02 1.576889e-01 -9.265310e-04 -2.300176e-03 -4.462000e-02 -1.490926e-03 -2.239889e-02 8.059993e-02 2.315929e-02 3.983517e-02 1.114520e-02 -4.989164e-02 3.959182e-02 2.654463e-02 3.758525e-02 3.700369e-02 -9.184303e-04
<VARIANCE> 39
 2.580229e+01 5.344818e+01 6.565892e+01 1.072644e+02 4.587381e+01 7.692859e+01 3.901515e+01 5.103573e+01 4.742342e+01 3.969764e+01 3.214787e+01 3.611922e+01 3.352043e-02 2.014546e+00 3.881830e+00 2.630317e+00 4.992668e+00 5.188190e+00 5.619009e+00 2.922786e+00 4.178711e+00 5.056366e+00 4.761000e+00 4.584434e+00 3.261149e+00 2.146327e-03 2.236338e-01 6.030649e-01 3.430220e-01 6.233580e-01 1.136089e+00 1.140993e+00 4.652505e-01 7.097431e-01 9.067481e-01 9.686821e-01 9.719326e-01 6.061365e-01 2.472823e-04
<GCONST> 1.116237e+02
<STATE> 8
<MEAN> 39
 1.438080e-07 2.838316e-07 -3.254603e-07 1.059638e-07 2.422030e-07 -1.967899e-07 -1.059638e-07 9.082613e-08 3.860110e-07 1.892211e-07 -2.270653e-08 -2.422030e-07 7.924073e-01 3.694291e-01 -1.397609e-01 6.515542e-02 -2.448892e-02 -8.222763e-02 1.411744e-01 -1.146771e-01 4.690391e-02 3.074300e-02 3.723956e-02 1.576889e-01 -9.265310e-04 -2.300176e-03 -4.462000e-02 -1.490926e-03 -2.239889e-02 8.059993e-02 2.315929e-02 3.983517e-02 1.114520e-02 -4.989164e-02 3.959182e-02 2.654463e-02 3.758525e-02 3.700369e-02 -9.184303e-04
<VARIANCE> 39
 2.580229e+01 5.344818e+01 6.565892e+01 1.072644e+02 4.587381e+01 7.692859e+01 3.901515e+01 5.103573e+01 4.742342e+01 3.969764e+01 3.214787e+01 3.611922e+01 3.352043e-02 2.014546e+00 3.881830e+00 2.630317e+00 4.992668e+00 5.188190e+00 5.619009e+00 2.922786e+00 4.178711e+00 5.056366e+00 4.761000e+00 4.584434e+00 3.261149e+00 2.146327e-03 2.236338e-01 6.030649e-01 3.430220e-01 6.233580e-01 1.136089e+00 1.140993e+00 4.652505e-01 7.097431e-01 9.067481e-01 9.686821e-01 9.719326e-01 6.061365e-01 2.472823e-04
<GCONST> 1.116237e+02
<STATE> 9
<MEAN> 39
 1.438080e-07 2.838316e-07 -3.254603e-07 1.059638e-07 2.422030e-07 -1.967899e-07 -1.059638e-07 9.082613e-08 3.860110e-07 1.892211e-07 -2.270653e-08 -2.422030e-07 7.924073e-01 3.694291e-01 -1.397609e-01 6.515542e-02 -2.448892e-02 -8.222763e-02 1.411744e-01 -1.146771e-01 4.690391e-02 3.074300e-02 3.723956e-02 1.576889e-01 -9.265310e-04 -2.300176e-03 -4.462000e-02 -1.490926e-03 -2.239889e-02 8.059993e-02 2.315929e-02 3.983517e-02 1.114520e-02 -4.989164e-02 3.959182e-02 2.654463e-02 3.758525e-02 3.700369e-02 -9.184303e-04
<VARIANCE> 39
 2.580229e+01 5.344818e+01 6.565892e+01 1.072644e+02 4.587381e+01 7.692859e+01 3.901515e+01 5.103573e+01 4.742342e+01 3.969764e+01 3.214787e+01 3.611922e+01 3.352043e-02 2.014546e+00 3.881830e+00 2.630317e+00 4.992668e+00 5.188190e+00 5.619009e+00 2.922786e+00 4.178711e+00 5.056366e+00 4.761000e+00 4.584434e+00 3.261149e+00 2.146327e-03 2.236338e-01 6.030649e-01 3.430220e-01 6.233580e-01 1.136089e+00 1.140993e+00 4.652505e-01 7.097431e-01 9.067481e-01 9.686821e-01 9.719326e-01 6.061365e-01 2.472823e-04
<GCONST> 1.116237e+02
<TRANSP> 10
 0.000000e+00 1.000000e+00 0.000000e+00 0.000000e+00 0.000000e+00 0.000000e+00 0.000000e+00 0.000000e+00 0.000000e+00 0.000000e+00
 0.000000e+00 9.000000e-01 9.999999e-02 0.000000e+00 0.000000e+00 0.000000e+00 0.000000e+00 0.000000e+00 0.000000e+00 0.000000e+00
 0.000000e+00 0.000000e+00 9.000000e-01 9.999999e-02 0.000000e+00 0.000000e+00 0.000000e+00 0.000000e+00 0.000000e+00 0.000000e+00
 0.000000e+00 0.000000e+00 0.000000e+00 9.000000e-01 9.999999e-02 0.000000e+00 0.000000e+00 0.000000e+00 0.000000e+00 0.000000e+00
 0.000000e+00 0.000000e+00 0.000000e+00 0.000000e+00 9.000000e-01 9.999999e-02 0.000000e+00 0.000000e+00 0.000000e+00 0.000000e+00
 0.000000e+00 0.000000e+00 0.000000e+00 0.000000e+00 0.000000e+00 9.000000e-01 9.999999e-02 0.000000e+00 0.000000e+00 0.000000e+00
 0.000000e+00 0.000000e+00 0.000000e+00 0.000000e+00 0.000000e+00 0.000000e+00 9.000000e-01 9.999999e-02 0.000000e+00 0.000000e+00
 0.000000e+00 0.000000e+00 0.000000e+00 0.000000e+00 0.000000e+00 0.000000e+00 0.000000e+00 9.000000e-01 9.999999e-02 0.000000e+00
 0.000000e+00 0.000000e+00 0.000000e+00 0.000000e+00 0.000000e+00 0.000000e+00 0.000000e+00 0.000000e+00 9.000000e-01 9.999999e-02
 0.000000e+00 0.000000e+00 0.000000e+00 0.000000e+00 0.000000e+00 0.000000e+00 0.000000e+00 0.000000e+00 0.000000e+00 0.000000e+00
<ENDHMM>
