~o
<STREAMINFO> 1 39
<VECSIZE> 39<NULLD><MFCC_E_D_A_Z><DIAGC>
~h "s063"
<BEGINHMM>
<NUMSTATES> 10
<STATE> 2
<MEAN> 39
 1.384366e-07 5.537464e-07 2.768732e-07 -3.076369e-08 -2.614914e-07 6.152737e-07 -3.076369e-08 1.230547e-07 6.152737e-08 1.230547e-07 7.152557e-07 6.921830e-08 8.415056e-01 -4.556303e-02 -8.656768e-02 -1.300129e-01 1.883813e-01 1.216298e-01 1.308636e-01 1.056727e-01 -4.099594e-01 -4.653417e-01 -2.104560e-01 -6.867916e-02 6.906862e-02 -4.133281e-03 3.051048e-03 7.074196e-03 2.992441e-02 -2.253796e-02 1.670185e-02 3.488456e-02 2.624986e-02 -6.626830e-02 -4.994733e-02 1.196334e-02 -2.340545e-02 4.052314e-02 -6.220049e-04
<VARIANCE> 39
 1.769042e+01 6.286108e+01 3.944020e+01 1.283707e+02 4.281219e+01 3.646997e+01 5.265854e+01 7.049343e+01 4.023410e+01 5.982478e+01 5.467213e+01 3.611182e+01 1.260427e-02 9.359249e-01 1.541090e+00 1.940511e+00 2.333595e+00 2.820744e+00 2.939686e+00 1.732559e+00 2.340489e+00 3.277990e+00 4.323129e+00 2.193575e+00 4.214733e+00 5.044185e-04 9.702886e-02 1.579830e-01 3.359458e-01 2.895185e-01 4.906759e-01 5.756946e-01 2.616643e-01 2.891815e-01 5.902045e-01 5.932601e-01 2.639297e-01 8.069339e-01 6.636616e-05
<GCONST> 9.389882e+01
<STATE> 3
<MEAN> 39
 1.384366e-07 5.537464e-07 2.768732e-07 -3.076369e-08 -2.614914e-07 6.152737e-07 -3.076369e-08 1.230547e-07 6.152737e-08 1.230547e-07 7.152557e-07 6.921830e-08 8.415056e-01 -4.556303e-02 -8.656768e-02 -1.300129e-01 1.883813e-01 1.216298e-01 1.308636e-01 1.056727e-01 -4.099594e-01 -4.653417e-01 -2.104560e-01 -6.867916e-02 6.906862e-02 -4.133281e-03 3.051048e-03 7.074196e-03 2.992441e-02 -2.253796e-02 1.670185e-02 3.488456e-02 2.624986e-02 -6.626830e-02 -4.994733e-02 1.196334e-02 -2.340545e-02 4.052314e-02 -6.220049e-04
<VARIANCE> 39
 1.769042e+01 6.286108e+01 3.944020e+01 1.283707e+02 4.281219e+01 3.646997e+01 5.265854e+01 7.049343e+01 4.023410e+01 5.982478e+01 5.467213e+01 3.611182e+01 1.260427e-02 9.359249e-01 1.541090e+00 1.940511e+00 2.333595e+00 2.820744e+00 2.939686e+00 1.732559e+00 2.340489e+00 3.277990e+00 4.323129e+00 2.193575e+00 4.214733e+00 5.044185e-04 9.702886e-02 1.579830e-01 3.359458e-01 2.895185e-01 4.906759e-01 5.756946e-01 2.616643e-01 2.891815e-01 5.902045e-01 5.932601e-01 2.639297e-01 8.069339e-01 6.636616e-05
<GCONST> 9.389882e+01
<STATE> 4
<MEAN> 39
 1.384366e-07 5.537464e-07 2.768732e-07 -3.076369e-08 -2.614914e-07 6.152737e-07 -3.076369e-08 1.230547e-07 6.152737e-08 1.230547e-07 7.152557e-07 6.921830e-08 8.415056e-01 -4.556303e-02 -8.656768e-02 -1.300129e-01 1.883813e-01 1.216298e-01 1.308636e-01 1.056727e-01 -4.099594e-01 -4.653417e-01 -2.104560e-01 -6.867916e-02 6.906862e-02 -4.133281e-03 3.051048e-03 7.074196e-03 2.992441e-02 -2.253796e-02 1.670185e-02 3.488456e-02 2.624986e-02 -6.626830e-02 -4.994733e-02 1.196334e-02 -2.340545e-02 4.052314e-02 -6.220049e-04
<VARIANCE> 39
 1.769042e+01 6.286108e+01 3.944020e+01 1.283707e+02 4.281219e+01 3.646997e+01 5.265854e+01 7.049343e+01 4.023410e+01 5.982478e+01 5.467213e+01 3.611182e+01 1.260427e-02 9.359249e-01 1.541090e+00 1.940511e+00 2.333595e+00 2.820744e+00 2.939686e+00 1.732559e+00 2.340489e+00 3.277990e+00 4.323129e+00 2.193575e+00 4.214733e+00 5.044185e-04 9.702886e-02 1.579830e-01 3.359458e-01 2.895185e-01 4.906759e-01 5.756946e-01 2.616643e-01 2.891815e-01 5.902045e-01 5.932601e-01 2.639297e-01 8.069339e-01 6.636616e-05
<GCONST> 9.389882e+01
<STATE> 5
<MEAN> 39
 1.384366e-07 5.537464e-07 2.768732e-07 -3.076369e-08 -2.614914e-07 6.152737e-07 -3.076369e-08 1.230547e-07 6.152737e-08 1.230547e-07 7.152557e-07 6.921830e-08 8.415056e-01 -4.556303e-02 -8.656768e-02 -1.300129e-01 1.883813e-01 1.216298e-01 1.308636e-01 1.056727e-01 -4.099594e-01 -4.653417e-01 -2.104560e-01 -6.867916e-02 6.906862e-02 -4.133281e-03 3.051048e-03 7.074196e-03 2.992441e-02 -2.253796e-02 1.670185e-02 3.488456e-02 2.624986e-02 -6.626830e-02 -4.994733e-02 1.196334e-02 -2.340545e-02 4.052314e-02 -6.220049e-04
<VARIANCE> 39
 1.769042e+01 6.286108e+01 3.944020e+01 1.283707e+02 4.281219e+01 3.646997e+01 5.265854e+01 7.049343e+01 4.023410e+01 5.982478e+01 5.467213e+01 3.611182e+01 1.260427e-02 9.359249e-01 1.541090e+00 1.940511e+00 2.333595e+00 2.820744e+00 2.939686e+00 1.732559e+00 2.340489e+00 3.277990e+00 4.323129e+00 2.193575e+00 4.214733e+00 5.044185e-04 9.702886e-02 1.579830e-01 3.359458e-01 2.895185e-01 4.906759e-01 5.756946e-01 2.616643e-01 2.891815e-01 5.902045e-01 5.932601e-01 2.639297e-01 8.069339e-01 6.636616e-05
<GCONST> 9.389882e+01
<STATE> 6
<MEAN> 39
 1.384366e-07 5.537464e-07 2.768732e-07 -3.076369e-08 -2.614914e-07 6.152737e-07 -3.076369e-08 1.230547e-07 6.152737e-08 1.230547e-07 7.152557e-07 6.921830e-08 8.415056e-01 -4.556303e-02 -8.656768e-02 -1.300129e-01 1.883813e-01 1.216298e-01 1.308636e-01 1.056727e-01 -4.099594e-01 -4.653417e-01 -2.104560e-01 -6.867916e-02 6.906862e-02 -4.133281e-03 3.051048e-03 7.074196e-03 2.992441e-02 -2.253796e-02 1.670185e-02 3.488456e-02 2.624986e-02 -6.626830e-02 -4.994733e-02 1.196334e-02 -2.340545e-02 4.052314e-02 -6.220049e-04
<VARIANCE> 39
 1.769042e+01 6.286108e+01 3.944020e+01 1.283707e+02 4.281219e+01 3.646997e+01 5.265854e+01 7.049343e+01 4.023410e+01 5.982478e+01 5.467213e+01 3.611182e+01 1.260427e-02 9.359249e-01 1.541090e+00 1.940511e+00 2.333595e+00 2.820744e+00 2.939686e+00 1.732559e+00 2.340489e+00 3.277990e+00 4.323129e+00 2.193575e+00 4.214733e+00 5.044185e-04 9.702886e-02 1.579830e-01 3.359458e-01 2.895185e-01 4.906759e-01 5.756946e-01 2.616643e-01 2.891815e-01 5.902045e-01 5.932601e-01 2.639297e-01 8.069339e-01 6.636616e-05
<GCONST> 9.389882e+01
<STATE> 7
<MEAN> 39
 1.384366e-07 5.537464e-07 2.768732e-07 -3.076369e-08 -2.614914e-07 6.152737e-07 -3.076369e-08 1.230547e-07 6.152737e-08 1.230547e-07 7.152557e-07 6.921830e-08 8.415056e-01 -4.556303e-02 -8.656768e-02 -1.300129e-01 1.883813e-01 1.216298e-01 1.308636e-01 1.056727e-01 -4.099594e-01 -4.653417e-01 -2.104560e-01 -6.867916e-02 6.906862e-02 -4.133281e-03 3.051048e-03 7.074196e-03 2.992441e-02 -2.253796e-02 1.670185e-02 3.488456e-02 2.624986e-02 -6.626830e-02 -4.994733e-02 1.196334e-02 -2.340545e-02 4.052314e-02 -6.220049e-04
<VARIANCE> 39
 1.769042e+01 6.286108e+01 3.944020e+01 1.283707e+02 4.281219e+01 3.646997e+01 5.265854e+01 7.049343e+01 4.023410e+01 5.982478e+01 5.467213e+01 3.611182e+01 1.260427e-02 9.359249e-01 1.541090e+00 1.940511e+00 2.333595e+00 2.820744e+00 2.939686e+00 1.732559e+00 2.340489e+00 3.277990e+00 4.323129e+00 2.193575e+00 4.214733e+00 5.044185e-04 9.702886e-02 1.579830e-01 3.359458e-01 2.895185e-01 4.906759e-01 5.756946e-01 2.616643e-01 2.891815e-01 5.902045e-01 5.932601e-01 2.639297e-01 8.069339e-01 6.636616e-05
<GCONST> 9.389882e+01
<STATE> 8
<MEAN> 39
 1.384366e-07 5.537464e-07 2.768732e-07 -3.076369e-08 -2.614914e-07 6.152737e-07 -3.076369e-08 1.230547e-07 6.152737e-08 1.230547e-07 7.152557e-07 6.921830e-08 8.415056e-01 -4.556303e-02 -8.656768e-02 -1.300129e-01 1.883813e-01 1.216298e-01 1.308636e-01 1.056727e-01 -4.099594e-01 -4.653417e-01 -2.104560e-01 -6.867916e-02 6.906862e-02 -4.133281e-03 3.051048e-03 7.074196e-03 2.992441e-02 -2.253796e-02 1.670185e-02 3.488456e-02 2.624986e-02 -6.626830e-02 -4.994733e-02 1.196334e-02 -2.340545e-02 4.052314e-02 -6.220049e-04
<VARIANCE> 39
 1.769042e+01 6.286108e+01 3.944020e+01 1.283707e+02 4.281219e+01 3.646997e+01 5.265854e+01 7.049343e+01 4.023410e+01 5.982478e+01 5.467213e+01 3.611182e+01 1.260427e-02 9.359249e-01 1.541090e+00 1.940511e+00 2.333595e+00 2.820744e+00 2.939686e+00 1.732559e+00 2.340489e+00 3.277990e+00 4.323129e+00 2.193575e+00 4.214733e+00 5.044185e-04 9.702886e-02 1.579830e-01 3.359458e-01 2.895185e-01 4.906759e-01 5.756946e-01 2.616643e-01 2.891815e-01 5.902045e-01 5.932601e-01 2.639297e-01 8.069339e-01 6.636616e-05
<GCONST> 9.389882e+01
<STATE> 9
<MEAN> 39
 1.384366e-07 5.537464e-07 2.768732e-07 -3.076369e-08 -2.614914e-07 6.152737e-07 -3.076369e-08 1.230547e-07 6.152737e-08 1.230547e-07 7.152557e-07 6.921830e-08 8.415056e-01 -4.556303e-02 -8.656768e-02 -1.300129e-01 1.883813e-01 1.216298e-01 1.308636e-01 1.056727e-01 -4.099594e-01 -4.653417e-01 -2.104560e-01 -6.867916e-02 6.906862e-02 -4.133281e-03 3.051048e-03 7.074196e-03 2.992441e-02 -2.253796e-02 1.670185e-02 3.488456e-02 2.624986e-02 -6.626830e-02 -4.994733e-02 1.196334e-02 -2.340545e-02 4.052314e-02 -6.220049e-04
<VARIANCE> 39
 1.769042e+01 6.286108e+01 3.944020e+01 1.283707e+02 4.281219e+01 3.646997e+01 5.265854e+01 7.049343e+01 4.023410e+01 5.982478e+01 5.467213e+01 3.611182e+01 1.260427e-02 9.359249e-01 1.541090e+00 1.940511e+00 2.333595e+00 2.820744e+00 2.939686e+00 1.732559e+00 2.340489e+00 3.277990e+00 4.323129e+00 2.193575e+00 4.214733e+00 5.044185e-04 9.702886e-02 1.579830e-01 3.359458e-01 2.895185e-01 4.906759e-01 5.756946e-01 2.616643e-01 2.891815e-01 5.902045e-01 5.932601e-01 2.639297e-01 8.069339e-01 6.636616e-05
<GCONST> 9.389882e+01
<TRANSP> 10
 0.000000e+00 1.000000e+00 0.000000e+00 0.000000e+00 0.000000e+00 0.000000e+00 0.000000e+00 0.000000e+00 0.000000e+00 0.000000e+00
 0.000000e+00 9.000000e-01 9.999999e-02 0.000000e+00 0.000000e+00 0.000000e+00 0.000000e+00 0.000000e+00 0.000000e+00 0.000000e+00
 0.000000e+00 0.000000e+00 9.000000e-01 9.999999e-02 0.000000e+00 0.000000e+00 0.000000e+00 0.000000e+00 0.000000e+00 0.000000e+00
 0.000000e+00 0.000000e+00 0.000000e+00 9.000000e-01 9.999999e-02 0.000000e+00 0.000000e+00 0.000000e+00 0.000000e+00 0.000000e+00
 0.000000e+00 0.000000e+00 0.000000e+00 0.000000e+00 9.000000e-01 9.999999e-02 0.000000e+00 0.000000e+00 0.000000e+00 0.000000e+00
 0.000000e+00 0.000000e+00 0.000000e+00 0.000000e+00 0.000000e+00 9.000000e-01 9.999999e-02 0.000000e+00 0.000000e+00 0.000000e+00
 0.000000e+00 0.000000e+00 0.000000e+00 0.000000e+00 0.000000e+00 0.000000e+00 9.000000e-01 9.999999e-02 0.000000e+00 0.000000e+00
 0.000000e+00 0.000000e+00 0.000000e+00 0.000000e+00 0.000000e+00 0.000000e+00 0.000000e+00 9.000000e-01 9.999999e-02 0.000000e+00
 0.000000e+00 0.000000e+00 0.000000e+00 0.000000e+00 0.000000e+00 0.000000e+00 0.000000e+00 0.000000e+00 9.000000e-01 9.999999e-02
 0.000000e+00 0.000000e+00 0.000000e+00 0.000000e+00 0.000000e+00 0.000000e+00 0.000000e+00 0.000000e+00 0.000000e+00 0.000000e+00
<ENDHMM>
