~o
<STREAMINFO> 1 39
<VECSIZE> 39<NULLD><MFCC_E_D_A_Z><DIAGC>
~h "s064"
<BEGINHMM>
<NUMSTATES> 10
<STATE> 2
<MEAN> 39
 -6.675720e-08 -2.288818e-07 -2.861023e-08 5.531311e-07 -2.098083e-07 -4.768372e-08 -2.861023e-07 -3.623962e-07 -4.768372e-08 1.525879e-07 -4.768372e-08 2.098083e-07 6.786354e-01 -1.274300e-02 -1.358832e-01 -1.599664e-01 5.108292e-02 1.263628e-01 9.989274e-02 1.939784e-01 -6.376887e-02 2.461302e-01 -8.978772e-02 -8.087711e-02 6.604017e-02 -3.102924e-03 3.240218e-02 -2.905622e-02 -9.226739e-03 6.370916e-02 5.242627e-02 6.990413e-03 3.766783e-02 -4.336301e-02 1.612933e-02 -5.715987e-02 -8.247755e-03 -2.272793e-02 -9.667615e-04
<VARIANCE> 39
 1.835557e+01 5.393216e+01 1.753987e+01 7.913373e+01 2.844973e+01 2.809023e+01 5.896357e+01 4.294044e+01 2.332106e+01 2.964071e+01 2.983539e+01 5.719720e+01 3.407567e-02 1.302086e+00 2.079345e+00 1.534816e+00 4.117480e+00 2.698481e+00 2.675670e+00 3.830655e+00 3.313563e+00 2.449622e+00 3.270011e+00 4.145063e+00 3.139919e+00 2.701612e-03 1.917669e-01 2.459366e-01 2.852100e-01 4.096263e-01 5.417246e-01 4.521039e-01 5.023937e-01 5.335640e-01 4.656157e-01 6.031306e-01 9.424355e-01 4.897668e-01 3.915212e-04
<GCONST> 9.920967e+01
<STATE> 3
<MEAN> 39
 -6.675720e-08 -2.288818e-07 -2.861023e-08 5.531311e-07 -2.098083e-07 -4.768372e-08 -2.861023e-07 -3.623962e-07 -4.768372e-08 1.525879e-07 -4.768372e-08 2.098083e-07 6.786354e-01 -1.274300e-02 -1.358832e-01 -1.599664e-01 5.108292e-02 1.263628e-01 9.989274e-02 1.939784e-01 -6.376887e-02 2.461302e-01 -8.978772e-02 -8.087711e-02 6.604017e-02 -3.102924e-03 3.240218e-02 -2.905622e-02 -9.226739e-03 6.370916e-02 5.242627e-02 6.990413e-03 3.766783e-02 -4.336301e-02 1.612933e-02 -5.715987e-02 -8.247755e-03 -2.272793e-02 -9.667615e-04
<VARIANCE> 39
 1.835557e+01 5.393216e+01 1.753987e+01 7.913373e+01 2.844973e+01 2.809023e+01 5.896357e+01 4.294044e+01 2.332106e+01 2.964071e+01 2.983539e+01 5.719720e+01 3.407567e-02 1.302086e+00 2.079345e+00 1.534816e+00 4.117480e+00 2.698481e+00 2.675670e+00 3.830655e+00 3.313563e+00 2.449622e+00 3.270011e+00 4.145063e+00 3.139919e+00 2.701612e-03 1.917669e-01 2.459366e-01 2.852100e-01 4.096263e-01 5.417246e-01 4.521039e-01 5.023937e-01 5.335640e-01 4.656157e-01 6.031306e-01 9.424355e-01 4.897668e-01 3.915212e-04
<GCONST> 9.920967e+01
<STATE> 4
<MEAN> 39
 -6.675720e-08 -2.288818e-07 -2.861023e-08 5.531311e-07 -2.098083e-07 -4.768372e-08 -2.861023e-07 -3.623962e-07 -4.768372e-08 1.525879e-07 -4.768372e-08 2.098083e-07 6.786354e-01 -1.274300e-02 -1.358832e-01 -1.599664e-01 5.108292e-02 1.263628e-01 9.989274e-02 1.939784e-01 -6.376887e-02 2.461302e-01 -8.978772e-02 -8.087711e-02 6.604017e-02 -3.102924e-03 3.240218e-02 -2.905622e-02 -9.226739e-03 6.370916e-02 5.242627e-02 6.990413e-03 3.766783e-02 -4.336301e-02 1.612933e-02 -5.715987e-02 -8.247755e-03 -2.272793e-02 -9.667615e-04
<VARIANCE> 39
 1.835557e+01 5.393216e+01 1.753987e+01 7.913373e+01 2.844973e+01 2.809023e+01 5.896357e+01 4.294044e+01 2.332106e+01 2.964071e+01 2.983539e+01 5.719720e+01 3.407567e-02 1.302086e+00 2.079345e+00 1.534816e+00 4.117480e+00 2.698481e+00 2.675670e+00 3.830655e+00 3.313563e+00 2.449622e+00 3.270011e+00 4.145063e+00 3.139919e+00 2.701612e-03 1.917669e-01 2.459366e-01 2.852100e-01 4.096263e-01 5.417246e-01 4.521039e-01 5.023937e-01 5.335640e-01 4.656157e-01 6.031306e-01 9.424355e-01 4.897668e-01 3.915212e-04
<GCONST> 9.920967e+01
<STATE> 5
<MEAN> 39
 -6.675720e-08 -2.288818e-07 -2.861023e-08 5.531311e-07 -2.098083e-07 -4.768372e-08 -2.861023e-07 -3.623962e-07 -4.768372e-08 1.525879e-07 -4.768372e-08 2.098083e-07 6.786354e-01 -1.274300e-02 -1.358832e-01 -1.599664e-01 5.108292e-02 1.263628e-01 9.989274e-02 1.939784e-01 -6.376887e-02 2.461302e-01 -8.978772e-02 -8.087711e-02 6.604017e-02 -3.102924e-03 3.240218e-02 -2.905622e-02 -9.226739e-03 6.370916e-02 5.242627e-02 6.990413e-03 3.766783e-02 -4.336301e-02 1.612933e-02 -5.715987e-02 -8.247755e-03 -2.272793e-02 -9.667615e-04
<VARIANCE> 39
 1.835557e+01 5.393216e+01 1.753987e+01 7.913373e+01 2.844973e+01 2.809023e+01 5.896357e+01 4.294044e+01 2.332106e+01 2.964071e+01 2.983539e+01 5.719720e+01 3.407567e-02 1.302086e+00 2.079345e+00 1.534816e+00 4.117480e+00 2.698481e+00 2.675670e+00 3.830655e+00 3.313563e+00 2.449622e+00 3.270011e+00 4.145063e+00 3.139919e+00 2.701612e-03 1.917669e-01 2.459366e-01 2.852100e-01 4.096263e-01 5.417246e-01 4.521039e-01 5.023937e-01 5.335640e-01 4.656157e-01 6.031306e-01 9.424355e-01 4.897668e-01 3.915212e-04
<GCONST> 9.920967e+01
<STATE> 6
<MEAN> 39
 -6.675720e-08 -2.288818e-07 -2.861023e-08 5.531311e-07 -2.098083e-07 -4.768372e-08 -2.861023e-07 -3.623962e-07 -4.768372e-08 1.525879e-07 -4.768372e-08 2.098083e-07 6.786354e-01 -1.274300e-02 -1.358832e-01 -1.599664e-01 5.108292e-02 1.263628e-01 9.989274e-02 1.939784e-01 -6.376887e-02 2.461302e-01 -8.978772e-02 -8.087711e-02 6.604017e-02 -3.102924e-03 3.240218e-02 -2.905622e-02 -9.226739e-03 6.370916e-02 5.242627e-02 6.990413e-03 3.766783e-02 -4.336301e-02 1.612933e-02 -5.715987e-02 -8.247755e-03 -2.272793e-02 -9.667615e-04
<VARIANCE> 39
 1.835557e+01 5.393216e+01 1.753987e+01 7.913373e+01 2.844973e+01 2.809023e+01 5.896357e+01 4.294044e+01 2.332106e+01 2.964071e+01 2.983539e+01 5.719720e+01 3.407567e-02 1.302086e+00 2.079345e+00 1.534816e+00 4.117480e+00 2.698481e+00 2.675670e+00 3.830655e+00 3.313563e+00 2.449622e+00 3.270011e+00 4.145063e+00 3.139919e+00 2.701612e-03 1.917669e-01 2.459366e-01 2.852100e-01 4.096263e-01 5.417246e-01 4.521039e-01 5.023937e-01 5.335640e-01 4.656157e-01 6.031306e-01 9.424355e-01 4.897668e-01 3.915212e-04
<GCONST> 9.920967e+01
<STATE> 7
<MEAN> 39
 -6.675720e-08 -2.288818e-07 -2.861023e-08 5.531311e-07 -2.098083e-07 -4.768372e-08 -2.861023e-07 -3.623962e-07 -4.768372e-08 1.525879e-07 -4.768372e-08 2.098083e-07 6.786354e-01 -1.274300e-02 -1.358832e-01 -1.599664e-01 5.108292e-02 1.263628e-01 9.989274e-02 1.939784e-01 -6.376887e-02 2.461302e-01 -8.978772e-02 -8.087711e-02 6.604017e-02 -3.102924e-03 3.240218e-02 -2.905622e-02 -9.226739e-03 6.370916e-02 5.242627e-02 6.990413e-03 3.766783e-02 -4.336301e-02 1.612933e-02 -5.715987e-02 -8.247755e-03 -2.272793e-02 -9.667615e-04
<VARIANCE> 39
 1.835557e+01 5.393216e+01 1.753987e+01 7.913373e+01 2.844973e+01 2.809023e+01 5.896357e+01 4.294044e+01 2.332106e+01 2.964071e+01 2.983539e+01 5.719720e+01 3.407567e-02 1.302086e+00 2.079345e+00 1.534816e+00 4.117480e+00 2.698481e+00 2.675670e+00 3.830655e+00 3.313563e+00 2.449622e+00 3.270011e+00 4.145063e+00 3.139919e+00 2.701612e-03 1.917669e-01 2.459366e-01 2.852100e-01 4.096263e-01 5.417246e-01 4.521039e-01 5.023937e-01 5.335640e-01 4.656157e-01 6.031306e-01 9.424355e-01 4.897668e-01 3.915212e-04
<GCONST> 9.920967e+01
<STATE> 8
<MEAN> 39
 -6.675720e-08 -2.288818e-07 -2.861023e-08 5.531311e-07 -2.098083e-07 -4.768372e-08 -2.861023e-07 -3.623962e-07 -4.768372e-08 1.525879e-07 -4.768372e-08 2.098083e-07 6.786354e-01 -1.274300e-02 -1.358832e-01 -1.599664e-01 5.108292e-02 1.263628e-01 9.989274e-02 1.939784e-01 -6.376887e-02 2.461302e-01 -8.978772e-02 -8.087711e-02 6.604017e-02 -3.102924e-03 3.240218e-02 -2.905622e-02 -9.226739e-03 6.370916e-02 5.242627e-02 6.990413e-03 3.766783e-02 -4.336301e-02 1.612933e-02 -5.715987e-02 -8.247755e-03 -2.272793e-02 -9.667615e-04
<VARIANCE> 39
 1.835557e+01 5.393216e+01 1.753987e+01 7.913373e+01 2.844973e+01 2.809023e+01 5.896357e+01 4.294044e+01 2.332106e+01 2.964071e+01 2.983539e+01 5.719720e+01 3.407567e-02 1.302086e+00 2.079345e+00 1.534816e+00 4.117480e+00 2.698481e+00 2.675670e+00 3.830655e+00 3.313563e+00 2.449622e+00 3.270011e+00 4.145063e+00 3.139919e+00 2.701612e-03 1.917669e-01 2.459366e-01 2.852100e-01 4.096263e-01 5.417246e-01 4.521039e-01 5.023937e-01 5.335640e-01 4.656157e-01 6.031306e-01 9.424355e-01 4.897668e-01 3.915212e-04
<GCONST> 9.920967e+01
<STATE> 9
<MEAN> 39
 -6.675720e-08 -2.288818e-07 -2.861023e-08 5.531311e-07 -2.098083e-07 -4.768372e-08 -2.861023e-07 -3.623962e-07 -4.768372e-08 1.525879e-07 -4.768372e-08 2.098083e-07 6.786354e-01 -1.274300e-02 -1.358832e-01 -1.599664e-01 5.108292e-02 1.263628e-01 9.989274e-02 1.939784e-01 -6.376887e-02 2.461302e-01 -8.978772e-02 -8.087711e-02 6.604017e-02 -3.102924e-03 3.240218e-02 -2.905622e-02 -9.226739e-03 6.370916e-02 5.242627e-02 6.990413e-03 3.766783e-02 -4.336301e-02 1.612933e-02 -5.715987e-02 -8.247755e-03 -2.272793e-02 -9.667615e-04
<VARIANCE> 39
 1.835557e+01 5.393216e+01 1.753987e+01 7.913373e+01 2.844973e+01 2.809023e+01 5.896357e+01 4.294044e+01 2.332106e+01 2.964071e+01 2.983539e+01 5.719720e+01 3.407567e-02 1.302086e+00 2.079345e+00 1.534816e+00 4.117480e+00 2.698481e+00 2.675670e+00 3.830655e+00 3.313563e+00 2.449622e+00 3.270011e+00 4.145063e+00 3.139919e+00 2.701612e-03 1.917669e-01 2.459366e-01 2.852100e-01 4.096263e-01 5.417246e-01 4.521039e-01 5.023937e-01 5.335640e-01 4.656157e-01 6.031306e-01 9.424355e-01 4.897668e-01 3.915212e-04
<GCONST> 9.920967e+01
<TRANSP> 10
 0.000000e+00 1.000000e+00 0.000000e+00 0.000000e+00 0.000000e+00 0.000000e+00 0.000000e+00 0.000000e+00 0.000000e+00 0.000000e+00
 0.000000e+00 9.000000e-01 9.999999e-02 0.000000e+00 0.000000e+00 0.000000e+00 0.000000e+00 0.000000e+00 0.000000e+00 0.000000e+00
 0.000000e+00 0.000000e+00 9.000000e-01 9.999999e-02 0.000000e+00 0.000000e+00 0.000000e+00 0.000000e+00 0.000000e+00 0.000000e+00
 0.000000e+00 0.000000e+00 0.000000e+00 9.000000e-01 9.999999e-02 0.000000e+00 0.000000e+00 0.000000e+00 0.000000e+00 0.000000e+00
 0.000000e+00 0.000000e+00 0.000000e+00 0.000000e+00 9.000000e-01 9.999999e-02 0.000000e+00 0.000000e+00 0.000000e+00 0.000000e+00
 0.000000e+00 0.000000e+00 0.000000e+00 0.000000e+00 0.000000e+00 9.000000e-01 9.999999e-02 0.000000e+00 0.000000e+00 0.000000e+00
 0.000000e+00 0.000000e+00 0.000000e+00 0.000000e+00 0.000000e+00 0.000000e+00 9.000000e-01 9.999999e-02 0.000000e+00 0.000000e+00
 0.000000e+00 0.000000e+00 0.000000e+00 0.000000e+00 0.000000e+00 0.000000e+00 0.000000e+00 9.000000e-01 9.999999e-02 0.000000e+00
 0.000000e+00 0.000000e+00 0.000000e+00 0.000000e+00 0.000000e+00 0.000000e+00 0.000000e+00 0.000000e+00 9.000000e-01 9.999999e-02
 0.000000e+00 0.000000e+00 0.000000e+00 0.000000e+00 0.000000e+00 0.000000e+00 0.000000e+00 0.000000e+00 0.000000e+00 0.000000e+00
<ENDHMM>
