~o
<STREAMINFO> 1 39
<VECSIZE> 39<NULLD><MFCC_E_D_A_Z><DIAGC>
~h "s065"
<BEGINHMM>
<NUMSTATES> 10
<STATE> 2
<MEAN> 39
 1.631285e-07 7.529007e-08 -1.505801e-07 -2.175047e-07 -1.924080e-07 5.688584e-07 0.000000e+00 -5.019339e-08 -1.589457e-07 -1.422146e-07 4.852027e-07 -3.346226e-08 7.939761e-01 2.490597e-01 2.777442e-02 -1.505890e-01 -3.233844e-01 -1.507359e-01 -2.446697e-01 -4.388342e-01 -1.683459e-01 -3.646126e-02 1.310928e-01 -8.662206e-02 -9.047391e-02 1.696574e-03 -7.858160e-03 -6.580102e-03 3.474907e-02 4.100763e-03 -3.794285e-03 5.099428e-02 -2.582377e-02 -4.320943e-02 5.176271e-02 -9.853987e-04 -2.202737e-02 -9.695973e-02 -7.275708e-04
<VARIANCE> 39
 3.886643e+01 2.752789e+01 3.601917e+01 6.205797e+01 3.582688e+01 4.256631e+01 4.269188e+01 5.542896e+01 3.785859e+01 4.193703e+01 8.741721e+01 4.401787e+01 4.510485e-02 1.636000e+00 1.442119e+00 1.640991e+00 2.175503e+00 1.811128e+00 3.091401e+00 3.003995e+00 3.474391e+00 4.373573e+00 5.451104e+00 3.357263e+00 3.432324e+00 1.665650e-03 2.352544e-01 1.871910e-01 1.855475e-01 3.172720e-01 3.205674e-01 3.613673e-01 4.434542e-01 4.155794e-01 9.064621e-01 1.193650e+00 4.706628e-01 6.849489e-01 1.985607e-04
<GCONST> 1.000276e+02
<STATE> 3
<MEAN> 39
 1.631285e-07 7.529007e-08 -1.505801e-07 -2.175047e-07 -1.924080e-07 5.688584e-07 0.000000e+00 -5.019339e-08 -1.589457e-07 -1.422146e-07 4.852027e-07 -3.346226e-08 7.939761e-01 2.490597e-01 2.777442e-02 -1.505890e-01 -3.233844e-01 -1.507359e-01 -2.446697e-01 -4.388342e-01 -1.683459e-01 -3.646126e-02 1.310928e-01 -8.662206e-02 -9.047391e-02 1.696574e-03 -7.858160e-03 -6.580102e-03 3.474907e-02 4.100763e-03 -3.794285e-03 5.099428e-02 -2.582377e-02 -4.320943e-02 5.176271e-02 -9.853987e-04 -2.202737e-02 -9.695973e-02 -7.275708e-04
<VARIANCE> 39
 3.886643e+01 2.752789e+01 3.601917e+01 6.205797e+01 3.582688e+01 4.256631e+01 4.269188e+01 5.542896e+01 3.785859e+01 4.193703e+01 8.741721e+01 4.401787e+01 4.510485e-02 1.636000e+00 1.442119e+00 1.640991e+00 2.175503e+00 1.811128e+00 3.091401e+00 3.003995e+00 3.474391e+00 4.373573e+00 5.451104e+00 3.357263e+00 3.432324e+00 1.665650e-03 2.352544e-01 1.871910e-01 1.855475e-01 3.172720e-01 3.205674e-01 3.613673e-01 4.434542e-01 4.155794e-01 9.064621e-01 1.193650e+00 4.706628e-01 6.849489e-01 1.985607e-04
<GCONST> 1.000276e+02
<STATE> 4
<MEAN> 39
 1.631285e-07 7.529007e-08 -1.505801e-07 -2.175047e-07 -1.924080e-07 5.688584e-07 0.000000e+00 -5.019339e-08 -1.589457e-07 -1.422146e-07 4.852027e-07 -3.346226e-08 7.939761e-01 2.490597e-01 2.777442e-02 -1.505890e-01 -3.233844e-01 -1.507359e-01 -2.446697e-01 -4.388342e-01 -1.683459e-01 -3.646126e-02 1.310928e-01 -8.662206e-02 -9.047391e-02 1.696574e-03 -7.858160e-03 -6.580102e-03 3.474907e-02 4.100763e-03 -3.794285e-03 5.099428e-02 -2.582377e-02 -4.320943e-02 5.176271e-02 -9.853987e-04 -2.202737e-02 -9.695973e-02 -7.275708e-04
<VARIANCE> 39
 3.886643e+01 2.752789e+01 3.601917e+01 6.205797e+01 3.582688e+01 4.256631e+01 4.269188e+01 5.542896e+01 3.785859e+01 4.193703e+01 8.741721e+01 4.401787e+01 4.510485e-02 1.636000e+00 1.442119e+00 1.640991e+00 2.175503e+00 1.811128e+00 3.091401e+00 3.003995e+00 3.474391e+00 4.373573e+00 5.451104e+00 3.357263e+00 3.432324e+00 1.665650e-03 2.352544e-01 1.871910e-01 1.855475e-01 3.172720e-01 3.205674e-01 3.613673e-01 4.434542e-01 4.155794e-01 9.064621e-01 1.193650e+00 4.706628e-01 6.849489e-01 1.985607e-04
<GCONST> 1.000276e+02
<STATE> 5
<MEAN> 39
 1.631285e-07 7.529007e-08 -1.505801e-07 -2.175047e-07 -1.924080e-07 5.688584e-07 0.000000e+00 -5.019339e-08 -1.589457e-07 -1.422146e-07 4.852027e-07 -3.346226e-08 7.939761e-01 2.490597e-01 2.777442e-02 -1.505890e-01 -3.233844e-01 -1.507359e-01 -2.446697e-01 -4.388342e-01 -1.683459e-01 -3.646126e-02 1.310928e-01 -8.662206e-02 -9.047391e-02 1.696574e-03 -7.858160e-03 -6.580102e-03 3.474907e-02 4.100763e-03 -3.794285e-03 5.099428e-02 -2.582377e-02 -4.320943e-02 5.176271e-02 -9.853987e-04 -2.202737e-02 -9.695973e-02 -7.275708e-04
<VARIANCE> 39
 3.886643e+01 2.752789e+01 3.601917e+01 6.205797e+01 3.582688e+01 4.256631e+01 4.269188e+01 5.542896e+01 3.785859e+01 4.193703e+01 8.741721e+01 4.401787e+01 4.510485e-02 1.636000e+00 1.442119e+00 1.640991e+00 2.175503e+00 1.811128e+00 3.091401e+00 3.003995e+00 3.474391e+00 4.373573e+00 5.451104e+00 3.357263e+00 3.432324e+00 1.665650e-03 2.352544e-01 1.871910e-01 1.855475e-01 3.172720e-01 3.205674e-01 3.613673e-01 4.434542e-01 4.155794e-01 9.064621e-01 1.193650e+00 4.706628e-01 6.849489e-01 1.985607e-04
<GCONST> 1.000276e+02
<STATE> 6
<MEAN> 39
 1.631285e-07 7.529007e-08 -1.505801e-07 -2.175047e-07 -1.924080e-07 5.688584e-07 0.000000e+00 -5.019339e-08 -1.589457e-07 -1.422146e-07 4.852027e-07 -3.346226e-08 7.939761e-01 2.490597e-01 2.777442e-02 -1.505890e-01 -3.233844e-01 -1.507359e-01 -2.446697e-01 -4.388342e-01 -1.683459e-01 -3.646126e-02 1.310928e-01 -8.662206e-02 -9.047391e-02 1.696574e-03 -7.858160e-03 -6.580102e-03 3.474907e-02 4.100763e-03 -3.794285e-03 5.099428e-02 -2.582377e-02 -4.320943e-02 5.176271e-02 -9.853987e-04 -2.202737e-02 -9.695973e-02 -7.275708e-04
<VARIANCE> 39
 3.886643e+01 2.752789e+01 3.601917e+01 6.205797e+01 3.582688e+01 4.256631e+01 4.269188e+01 5.542896e+01 3.785859e+01 4.193703e+01 8.741721e+01 4.401787e+01 4.510485e-02 1.636000e+00 1.442119e+00 1.640991e+00 2.175503e+00 1.811128e+00 3.091401e+00 3.003995e+00 3.474391e+00 4.373573e+00 5.451104e+00 3.357263e+00 3.432324e+00 1.665650e-03 2.352544e-01 1.871910e-01 1.855475e-01 3.172720e-01 3.205674e-01 3.613673e-01 4.434542e-01 4.155794e-01 9.064621e-01 1.193650e+00 4.706628e-01 6.849489e-01 1.985607e-04
<GCONST> 1.000276e+02
<STATE> 7
<MEAN> 39
 1.631285e-07 7.529007e-08 -1.505801e-07 -2.175047e-07 -1.924080e-07 5.688584e-07 0.000000e+00 -5.019339e-08 -1.589457e-07 -1.422146e-07 4.852027e-07 -3.346226e-08 7.939761e-01 2.490597e-01 2.777442e-02 -1.505890e-01 -3.233844e-01 -1.507359e-01 -2.446697e-01 -4.388342e-01 -1.683459e-01 -3.646126e-02 1.310928e-01 -8.662206e-02 -9.047391e-02 1.696574e-03 -7.858160e-03 -6.580102e-03 3.474907e-02 4.100763e-03 -3.794285e-03 5.099428e-02 -2.582377e-02 -4.320943e-02 5.176271e-02 -9.853987e-04 -2.202737e-02 -9.695973e-02 -7.275708e-04
<VARIANCE> 39
 3.886643e+01 2.752789e+01 3.601917e+01 6.205797e+01 3.582688e+01 4.256631e+01 4.269188e+01 5.542896e+01 3.785859e+01 4.193703e+01 8.741721e+01 4.401787e+01 4.510485e-02 1.636000e+00 1.442119e+00 1.640991e+00 2.175503e+00 1.811128e+00 3.091401e+00 3.003995e+00 3.474391e+00 4.373573e+00 5.451104e+00 3.357263e+00 3.432324e+00 1.665650e-03 2.352544e-01 1.871910e-01 1.855475e-01 3.172720e-01 3.205674e-01 3.613673e-01 4.434542e-01 4.155794e-01 9.064621e-01 1.193650e+00 4.706628e-01 6.849489e-01 1.985607e-04
<GCONST> 1.000276e+02
<STATE> 8
<MEAN> 39
 1.631285e-07 7.529007e-08 -1.505801e-07 -2.175047e-07 -1.924080e-07 5.688584e-07 0.000000e+00 -5.019339e-08 -1.589457e-07 -1.422146e-07 4.852027e-07 -3.346226e-08 7.939761e-01 2.490597e-01 2.777442e-02 -1.505890e-01 -3.233844e-01 -1.507359e-01 -2.446697e-01 -4.388342e-01 -1.683459e-01 -3.646126e-02 1.310928e-01 -8.662206e-02 -9.047391e-02 1.696574e-03 -7.858160e-03 -6.580102e-03 3.474907e-02 4.100763e-03 -3.794285e-03 5.099428e-02 -2.582377e-02 -4.320943e-02 5.176271e-02 -9.853987e-04 -2.202737e-02 -9.695973e-02 -7.275708e-04
<VARIANCE> 39
 3.886643e+01 2.752789e+01 3.601917e+01 6.205797e+01 3.582688e+01 4.256631e+01 4.269188e+01 5.542896e+01 3.785859e+01 4.193703e+01 8.741721e+01 4.401787e+01 4.510485e-02 1.636000e+00 1.442119e+00 1.640991e+00 2.175503e+00 1.811128e+00 3.091401e+00 3.003995e+00 3.474391e+00 4.373573e+00 5.451104e+00 3.357263e+00 3.432324e+00 1.665650e-03 2.352544e-01 1.871910e-01 1.855475e-01 3.172720e-01 3.205674e-01 3.613673e-01 4.434542e-01 4.155794e-01 9.064621e-01 1.193650e+00 4.706628e-01 6.849489e-01 1.985607e-04
<GCONST> 1.000276e+02
<STATE> 9
<MEAN> 39
 1.631285e-07 7.529007e-08 -1.505801e-07 -2.175047e-07 -1.924080e-07 5.688584e-07 0.000000e+00 -5.019339e-08 -1.589457e-07 -1.422146e-07 4.852027e-07 -3.346226e-08 7.939761e-01 2.490597e-01 2.777442e-02 -1.505890e-01 -3.233844e-01 -1.507359e-01 -2.446697e-01 -4.388342e-01 -1.683459e-01 -3.646126e-02 1.310928e-01 -8.662206e-02 -9.047391e-02 1.696574e-03 -7.858160e-03 -6.580102e-03 3.474907e-02 4.100763e-03 -3.794285e-03 5.099428e-02 -2.582377e-02 -4.320943e-02 5.176271e-02 -9.853987e-04 -2.202737e-02 -9.695973e-02 -7.275708e-04
<VARIANCE> 39
 3.886643e+01 2.752789e+01 3.601917e+01 6.205797e+01 3.582688e+01 4.256631e+01 4.269188e+01 5.542896e+01 3.785859e+01 4.193703e+01 8.741721e+01 4.401787e+01 4.510485e-02 1.636000e+00 1.442119e+00 1.640991e+00 2.175503e+00 1.811128e+00 3.091401e+00 3.003995e+00 3.474391e+00 4.373573e+00 5.451104e+00 3.357263e+00 3.432324e+00 1.665650e-03 2.352544e-01 1.871910e-01 1.855475e-01 3.172720e-01 3.205674e-01 3.613673e-01 4.434542e-01 4.155794e-01 9.064621e-01 1.193650e+00 4.706628e-01 6.849489e-01 1.985607e-04
<GCONST> 1.000276e+02
<TRANSP> 10
 0.000000e+00 1.000000e+00 0.000000e+00 0.000000e+00 0.000000e+00 0.000000e+00 0.000000e+00 0.000000e+00 0.000000e+00 0.000000e+00
 0.000000e+00 9.000000e-01 9.999999e-02 0.000000e+00 0.000000e+00 0.000000e+00 0.000000e+00 0.000000e+00 0.000000e+00 0.000000e+00
 0.000000e+00 0.000000e+00 9.000000e-01 9.999999e-02 0.000000e+00 0.000000e+00 0.000000e+00 0.000000e+00 0.000000e+00 0.000000e+00
 0.000000e+00 0.000000e+00 0.000000e+00 9.000000e-01 9.999999e-02 0.000000e+00 0.000000e+00 0.000000e+00 0.000000e+00 0.000000e+00
 0.000000e+00 0.000000e+00 0.000000e+00 0.000000e+00 9.000000e-01 9.999999e-02 0.000000e+00 0.000000e+00 0.000000e+00 0.000000e+00
 0.000000e+00 0.000000e+00 0.000000e+00 0.000000e+00 0.000000e+00 9.000000e-01 9.999999e-02 0.000000e+00 0.000000e+00 0.000000e+00
 0.000000e+00 0.000000e+00 0.000000e+00 0.000000e+00 0.000000e+00 0.000000e+00 9.000000e-01 9.999999e-02 0.000000e+00 0.000000e+00
 0.000000e+00 0.000000e+00 0.000000e+00 0.000000e+00 0.000000e+00 0.000000e+00 0.000000e+00 9.000000e-01 9.999999e-02 0.000000e+00
 0.000000e+00 0.000000e+00 0.000000e+00 0.000000e+00 0.000000e+00 0.000000e+00 0.000000e+00 0.000000e+00 9.000000e-01 9.999999e-02
 0.000000e+00 0.000000e+00 0.000000e+00 0.000000e+00 0.000000e+00 0.000000e+00 0.000000e+00 0.000000e+00 0.000000e+00 0.000000e+00
<ENDHMM>
