~o
<STREAMINFO> 1 39
<VECSIZE> 39<NULLD><MFCC_E_D_A_Z><DIAGC>
~h "s066"
<BEGINHMM>
<NUMSTATES> 10
<STATE> 2
<MEAN> 39
 -4.408494e-07 -1.349539e-07 5.398157e-08 3.598771e-07 7.197542e-08 -5.398157e-08 -2.699078e-08 1.889355e-07 5.398157e-08 6.072926e-08 -2.159263e-07 -3.508802e-07 8.648776e-01 1.304366e-01 1.208016e-01 -1.196210e-01 -6.197531e-01 7.722567e-03 3.359308e-01 1.494917e-01 5.624045e-02 -1.843267e-01 1.405864e-01 2.061333e-01 1.544695e-01 -1.136231e-03 -3.960693e-02 5.770956e-02 5.004475e-02 2.627675e-02 -2.166962e-03 5.544132e-02 -3.044444e-02 7.147188e-02 3.692691e-02 -8.797414e-03 3.850158e-02 2.461254e-02 -1.050094e-03
<VARIANCE> 39
 8.609150e+00 1.602824e+01 2.075028e+01 1.063556e+02 7.042961e+01 8.329076e+01 2.809037e+01 2.894217e+01 3.119831e+01 2.954316e+01 3.281043e+01 5.625733e+01 7.895879e-03 9.434772e-01 8.436558e-01 1.275860e+00 1.737340e+00 2.177534e+00 2.806866e+00 3.215340e+00 3.025439e+00 3.298949e+00 3.269459e+00 3.483173e+00 4.775382e+00 4.851513e-04 1.336051e-01 1.085586e-01 1.090447e-01 2.792308e-01 1.837156e-01 3.895481e-01 5.249571e-01 4.834374e-01 5.983889e-01 5.601735e-01 6.281192e-01 8.104613e-01 2.964619e-05
<GCONST> 8.747070e+01
<STATE> 3
<MEAN> 39
 -4.408494e-07 -1.349539e-07 5.398157e-08 3.598771e-07 7.197542e-08 -5.398157e-08 -2.699078e-08 1.889355e-07 5.398157e-08 6.072926e-08 -2.159263e-07 -3.508802e-07 8.648776e-01 1.304366e-01 1.208016e-01 -1.196210e-01 -6.197531e-01 7.722567e-03 3.359308e-01 1.494917e-01 5.624045e-02 -1.843267e-01 1.405864e-01 2.061333e-01 1.544695e-01 -1.136231e-03 -3.960693e-02 5.770956e-02 5.004475e-02 2.627675e-02 -2.166962e-03 5.544132e-02 -3.044444e-02 7.147188e-02 3.692691e-02 -8.797414e-03 3.850158e-02 2.461254e-02 -1.050094e-03
<VARIANCE> 39
 8.609150e+00 1.602824e+01 2.075028e+01 1.063556e+02 7.042961e+01 8.329076e+01 2.809037e+01 2.894217e+01 3.119831e+01 2.954316e+01 3.281043e+01 5.625733e+01 7.895879e-03 9.434772e-01 8.436558e-01 1.275860e+00 1.737340e+00 2.177534e+00 2.806866e+00 3.215340e+00 3.025439e+00 3.298949e+00 3.269459e+00 3.483173e+00 4.775382e+00 4.851513e-04 1.336051e-01 1.085586e-01 1.090447e-01 2.792308e-01 1.837156e-01 3.895481e-01 5.249571e-01 4.834374e-01 5.983889e-01 5.601735e-01 6.281192e-01 8.104613e-01 2.964619e-05
<GCONST> 8.747070e+01
<STATE> 4
<MEAN> 39
 -4.408494e-07 -1.349539e-07 5.398157e-08 3.598771e-07 7.197542e-08 -5.398157e-08 -2.699078e-08 1.889355e-07 5.398157e-08 6.072926e-08 -2.159263e-07 -3.508802e-07 8.648776e-01 1.304366e-01 1.208016e-01 -1.196210e-01 -6.197531e-01 7.722567e-03 3.359308e-01 1.494917e-01 5.624045e-02 -1.843267e-01 1.405864e-01 2.061333e-01 1.544695e-01 -1.136231e-03 -3.960693e-02 5.770956e-02 5.004475e-02 2.627675e-02 -2.166962e-03 5.544132e-02 -3.044444e-02 7.147188e-02 3.692691e-02 -8.797414e-03 3.850158e-02 2.461254e-02 -1.050094e-03
<VARIANCE> 39
 8.609150e+00 1.602824e+01 2.075028e+01 1.063556e+02 7.042961e+01 8.329076e+01 2.809037e+01 2.894217e+01 3.119831e+01 2.954316e+01 3.281043e+01 5.625733e+01 7.895879e-03 9.434772e-01 8.436558e-01 1.275860e+00 1.737340e+00 2.177534e+00 2.806866e+00 3.215340e+00 3.025439e+00 3.298949e+00 3.269459e+00 3.483173e+00 4.775382e+00 4.851513e-04 1.336051e-01 1.085586e-01 1.090447e-01 2.792308e-01 1.837156e-01 3.895481e-01 5.249571e-01 4.834374e-01 5.983889e-01 5.601735e-01 6.281192e-01 8.104613e-01 2.964619e-05
<GCONST> 8.747070e+01
<STATE> 5
<MEAN> 39
 -4.408494e-07 -1.349539e-07 5.398157e-08 3.598771e-07 7.197542e-08 -5.398157e-08 -2.699078e-08 1.889355e-07 5.398157e-08 6.072926e-08 -2.159263e-07 -3.508802e-07 8.648776e-01 1.304366e-01 1.208016e-01 -1.196210e-01 -6.197531e-01 7.722567e-03 3.359308e-01 1.494917e-01 5.624045e-02 -1.843267e-01 1.405864e-01 2.061333e-01 1.544695e-01 -1.136231e-03 -3.960693e-02 5.770956e-02 5.004475e-02 2.627675e-02 -2.166962e-03 5.544132e-02 -3.044444e-02 7.147188e-02 3.692691e-02 -8.797414e-03 3.850158e-02 2.461254e-02 -1.050094e-03
<VARIANCE> 39
 8.609150e+00 1.602824e+01 2.075028e+01 1.063556e+02 7.042961e+01 8.329076e+01 2.809037e+01 2.894217e+01 3.119831e+01 2.954316e+01 3.281043e+01 5.625733e+01 7.895879e-03 9.434772e-01 8.436558e-01 1.275860e+00 1.737340e+00 2.177534e+00 2.806866e+00 3.215340e+00 3.025439e+00 3.298949e+00 3.269459e+00 3.483173e+00 4.775382e+00 4.851513e-04 1.336051e-01 1.085586e-01 1.090447e-01 2.792308e-01 1.837156e-01 3.895481e-01 5.249571e-01 4.834374e-01 5.983889e-01 5.601735e-01 6.281192e-01 8.104613e-01 2.964619e-05
<GCONST> 8.747070e+01
<STATE> 6
<MEAN> 39
 -4.408494e-07 -1.349539e-07 5.398157e-08 3.598771e-07 7.197542e-08 -5.398157e-08 -2.699078e-08 1.889355e-07 5.398157e-08 6.072926e-08 -2.159263e-07 -3.508802e-07 8.648776e-01 1.304366e-01 1.208016e-01 -1.196210e-01 -6.197531e-01 7.722567e-03 3.359308e-01 1.494917e-01 5.624045e-02 -1.843267e-01 1.405864e-01 2.061333e-01 1.544695e-01 -1.136231e-03 -3.960693e-02 5.770956e-02 5.004475e-02 2.627675e-02 -2.166962e-03 5.544132e-02 -3.044444e-02 7.147188e-02 3.692691e-02 -8.797414e-03 3.850158e-02 2.461254e-02 -1.050094e-03
<VARIANCE> 39
 8.609150e+00 1.602824e+01 2.075028e+01 1.063556e+02 7.042961e+01 8.329076e+01 2.809037e+01 2.894217e+01 3.119831e+01 2.954316e+01 3.281043e+01 5.625733e+01 7.895879e-03 9.434772e-01 8.436558e-01 1.275860e+00 1.737340e+00 2.177534e+00 2.806866e+00 3.215340e+00 3.025439e+00 3.298949e+00 3.269459e+00 3.483173e+00 4.775382e+00 4.851513e-04 1.336051e-01 1.085586e-01 1.090447e-01 2.792308e-01 1.837156e-01 3.895481e-01 5.249571e-01 4.834374e-01 5.983889e-01 5.601735e-01 6.281192e-01 8.104613e-01 2.964619e-05
<GCONST> 8.747070e+01
<STATE> 7
<MEAN> 39
 -4.408494e-07 -1.349539e-07 5.398157e-08 3.598771e-07 7.197542e-08 -5.398157e-08 -2.699078e-08 1.889355e-07 5.398157e-08 6.072926e-08 -2.159263e-07 -3.508802e-07 8.648776e-01 1.304366e-01 1.208016e-01 -1.196210e-01 -6.197531e-01 7.722567e-03 3.359308e-01 1.494917e-01 5.624045e-02 -1.843267e-01 1.405864e-01 2.061333e-01 1.544695e-01 -1.136231e-03 -3.960693e-02 5.770956e-02 5.004475e-02 2.627675e-02 -2.166962e-03 5.544132e-02 -3.044444e-02 7.147188e-02 3.692691e-02 -8.797414e-03 3.850158e-02 2.461254e-02 -1.050094e-03
<VARIANCE> 39
 8.609150e+00 1.602824e+01 2.075028e+01 1.063556e+02 7.042961e+01 8.329076e+01 2.809037e+01 2.894217e+01 3.119831e+01 2.954316e+01 3.281043e+01 5.625733e+01 7.895879e-03 9.434772e-01 8.436558e-01 1.275860e+00 1.737340e+00 2.177534e+00 2.806866e+00 3.215340e+00 3.025439e+00 3.298949e+00 3.269459e+00 3.483173e+00 4.775382e+00 4.851513e-04 1.336051e-01 1.085586e-01 1.090447e-01 2.792308e-01 1.837156e-01 3.895481e-01 5.249571e-01 4.834374e-01 5.983889e-01 5.601735e-01 6.281192e-01 8.104613e-01 2.964619e-05
<GCONST> 8.747070e+01
<STATE> 8
<MEAN> 39
 -4.408494e-07 -1.349539e-07 5.398157e-08 3.598771e-07 7.197542e-08 -5.398157e-08 -2.699078e-08 1.889355e-07 5.398157e-08 6.072926e-08 -2.159263e-07 -3.508802e-07 8.648776e-01 1.304366e-01 1.208016e-01 -1.196210e-01 -6.197531e-01 7.722567e-03 3.359308e-01 1.494917e-01 5.624045e-02 -1.843267e-01 1.405864e-01 2.061333e-01 1.544695e-01 -1.136231e-03 -3.960693e-02 5.770956e-02 5.004475e-02 2.627675e-02 -2.166962e-03 5.544132e-02 -3.044444e-02 7.147188e-02 3.692691e-02 -8.797414e-03 3.850158e-02 2.461254e-02 -1.050094e-03
<VARIANCE> 39
 8.609150e+00 1.602824e+01 2.075028e+01 1.063556e+02 7.042961e+01 8.329076e+01 2.809037e+01 2.894217e+01 3.119831e+01 2.954316e+01 3.281043e+01 5.625733e+01 7.895879e-03 9.434772e-01 8.436558e-01 1.275860e+00 1.737340e+00 2.177534e+00 2.806866e+00 3.215340e+00 3.025439e+00 3.298949e+00 3.269459e+00 3.483173e+00 4.775382e+00 4.851513e-04 1.336051e-01 1.085586e-01 1.090447e-01 2.792308e-01 1.837156e-01 3.895481e-01 5.249571e-01 4.834374e-01 5.983889e-01 5.601735e-01 6.281192e-01 8.104613e-01 2.964619e-05
<GCONST> 8.747070e+01
<STATE> 9
<MEAN> 39
 -4.408494e-07 -1.349539e-07 5.398157e-08 3.598771e-07 7.197542e-08 -5.398157e-08 -2.699078e-08 1.889355e-07 5.398157e-08 6.072926e-08 -2.159263e-07 -3.508802e-07 8.648776e-01 1.304366e-01 1.208016e-01 -1.196210e-01 -6.197531e-01 7.722567e-03 3.359308e-01 1.494917e-01 5.624045e-02 -1.843267e-01 1.405864e-01 2.061333e-01 1.544695e-01 -1.136231e-03 -3.960693e-02 5.770956e-02 5.004475e-02 2.627675e-02 -2.166962e-03 5.544132e-02 -3.044444e-02 7.147188e-02 3.692691e-02 -8.797414e-03 3.850158e-02 2.461254e-02 -1.050094e-03
<VARIANCE> 39
 8.609150e+00 1.602824e+01 2.075028e+01 1.063556e+02 7.042961e+01 8.329076e+01 2.809037e+01 2.894217e+01 3.119831e+01 2.954316e+01 3.281043e+01 5.625733e+01 7.895879e-03 9.434772e-01 8.436558e-01 1.275860e+00 1.737340e+00 2.177534e+00 2.806866e+00 3.215340e+00 3.025439e+00 3.298949e+00 3.269459e+00 3.483173e+00 4.775382e+00 4.851513e-04 1.336051e-01 1.085586e-01 1.090447e-01 2.792308e-01 1.837156e-01 3.895481e-01 5.249571e-01 4.834374e-01 5.983889e-01 5.601735e-01 6.281192e-01 8.104613e-01 2.964619e-05
<GCONST> 8.747070e+01
<TRANSP> 10
 0.000000e+00 1.000000e+00 0.000000e+00 0.000000e+00 0.000000e+00 0.000000e+00 0.000000e+00 0.000000e+00 0.000000e+00 0.000000e+00
 0.000000e+00 9.000000e-01 9.999999e-02 0.000000e+00 0.000000e+00 0.000000e+00 0.000000e+00 0.000000e+00 0.000000e+00 0.000000e+00
 0.000000e+00 0.000000e+00 9.000000e-01 9.999999e-02 0.000000e+00 0.000000e+00 0.000000e+00 0.000000e+00 0.000000e+00 0.000000e+00
 0.000000e+00 0.000000e+00 0.000000e+00 9.000000e-01 9.999999e-02 0.000000e+00 0.000000e+00 0.000000e+00 0.000000e+00 0.000000e+00
 0.000000e+00 0.000000e+00 0.000000e+00 0.000000e+00 9.000000e-01 9.999999e-02 0.000000e+00 0.000000e+00 0.000000e+00 0.000000e+00
 0.000000e+00 0.000000e+00 0.000000e+00 0.000000e+00 0.000000e+00 9.000000e-01 9.999999e-02 0.000000e+00 0.000000e+00 0.000000e+00
 0.000000e+00 0.000000e+00 0.000000e+00 0.000000e+00 0.000000e+00 0.000000e+00 9.000000e-01 9.999999e-02 0.000000e+00 0.000000e+00
 0.000000e+00 0.000000e+00 0.000000e+00 0.000000e+00 0.000000e+00 0.000000e+00 0.000000e+00 9.000000e-01 9.999999e-02 0.000000e+00
 0.000000e+00 0.000000e+00 0.000000e+00 0.000000e+00 0.000000e+00 0.000000e+00 0.000000e+00 0.000000e+00 9.000000e-01 9.999999e-02
 0.000000e+00 0.000000e+00 0.000000e+00 0.000000e+00 0.000000e+00 0.000000e+00 0.000000e+00 0.000000e+00 0.000000e+00 0.000000e+00
<ENDHMM>
