~o
<STREAMINFO> 1 39
<VECSIZE> 39<NULLD><MFCC_E_D_A_Z><DIAGC>
~h "s067"
<BEGINHMM>
<NUMSTATES> 10
<STATE> 2
<MEAN> 39
 2.487846e-07 9.951384e-07 2.643336e-07 -2.073205e-08 4.284624e-07 -2.487846e-07 -9.674957e-08 1.382137e-08 -4.146410e-08 2.764273e-07 4.837478e-08 -1.727671e-07 6.729333e-01 3.007721e-02 -1.263587e-01 -1.461873e-01 1.784745e-01 1.079882e-01 8.464546e-02 2.844949e-01 -2.850877e-02 1.386934e-01 2.682406e-02 1.636640e-01 -1.229456e-01 -2.704243e-03 1.836563e-02 2.858226e-04 -1.257318e-03 2.058667e-02 4.377864e-02 -3.569714e-02 1.994174e-02 -1.653834e-02 -2.925155e-02 -2.570015e-03 -2.079231e-02 -1.659237e-02 -3.612941e-04
<VARIANCE> 39
 1.434178e+01 9.724523e+01 3.117386e+01 1.372547e+02 2.886658e+01 7.972766e+01 7.577448e+01 2.254324e+01 2.869101e+01 2.567662e+01 5.224109e+01 4.217097e+01 3.876872e-02 6.027149e-01 2.036774e+00 2.333565e+00 3.680395e+00 1.662751e+00 4.231190e+00 2.303117e+00 3.391512e+00 3.733706e+00 3.424019e+00 4.660492e+00 3.930423e+00 1.053285e-03 9.212200e-02 1.536884e-01 3.784338e-01 5.336841e-01 2.769764e-01 5.771292e-01 3.529166e-01 7.399276e-01 7.119081e-01 6.944607e-01 7.774328e-01 7.497251e-01 1.127431e-04
<GCONST> 9.910735e+01
<STATE> 3
<MEAN> 39
 2.487846e-07 9.951384e-07 2.643336e-07 -2.073205e-08 4.284624e-07 -2.487846e-07 -9.674957e-08 1.382137e-08 -4.146410e-08 2.764273e-07 4.837478e-08 -1.727671e-07 6.729333e-01 3.007721e-02 -1.263587e-01 -1.461873e-01 1.784745e-01 1.079882e-01 8.464546e-02 2.844949e-01 -2.850877e-02 1.386934e-01 2.682406e-02 1.636640e-01 -1.229456e-01 -2.704243e-03 1.836563e-02 2.858226e-04 -1.257318e-03 2.058667e-02 4.377864e-02 -3.569714e-02 1.994174e-02 -1.653834e-02 -2.925155e-02 -2.570015e-03 -2.079231e-02 -1.659237e-02 -3.612941e-04
<VARIANCE> 39
 1.434178e+01 9.724523e+01 3.117386e+01 1.372547e+02 2.886658e+01 7.972766e+01 7.577448e+01 2.254324e+01 2.869101e+01 2.567662e+01 5.224109e+01 4.217097e+01 3.876872e-02 6.027149e-01 2.036774e+00 2.333565e+00 3.680395e+00 1.662751e+00 4.231190e+00 2.303117e+00 3.391512e+00 3.733706e+00 3.424019e+00 4.660492e+00 3.930423e+00 1.053285e-03 9.212200e-02 1.536884e-01 3.784338e-01 5.336841e-01 2.769764e-01 5.771292e-01 3.529166e-01 7.399276e-01 7.119081e-01 6.944607e-01 7.774328e-01 7.497251e-01 1.127431e-04
<GCONST> 9.910735e+01
<STATE> 4
<MEAN> 39
 2.487846e-07 9.951384e-07 2.643336e-07 -2.073205e-08 4.284624e-07 -2.487846e-07 -9.674957e-08 1.382137e-08 -4.146410e-08 2.764273e-07 4.837478e-08 -1.727671e-07 6.729333e-01 3.007721e-02 -1.263587e-01 -1.461873e-01 1.784745e-01 1.079882e-01 8.464546e-02 2.844949e-01 -2.850877e-02 1.386934e-01 2.682406e-02 1.636640e-01 -1.229456e-01 -2.704243e-03 1.836563e-02 2.858226e-04 -1.257318e-03 2.058667e-02 4.377864e-02 -3.569714e-02 1.994174e-02 -1.653834e-02 -2.925155e-02 -2.570015e-03 -2.079231e-02 -1.659237e-02 -3.612941e-04
<VARIANCE> 39
 1.434178e+01 9.724523e+01 3.117386e+01 1.372547e+02 2.886658e+01 7.972766e+01 7.577448e+01 2.254324e+01 2.869101e+01 2.567662e+01 5.224109e+01 4.217097e+01 3.876872e-02 6.027149e-01 2.036774e+00 2.333565e+00 3.680395e+00 1.662751e+00 4.231190e+00 2.303117e+00 3.391512e+00 3.733706e+00 3.424019e+00 4.660492e+00 3.930423e+00 1.053285e-03 9.212200e-02 1.536884e-01 3.784338e-01 5.336841e-01 2.769764e-01 5.771292e-01 3.529166e-01 7.399276e-01 7.119081e-01 6.944607e-01 7.774328e-01 7.497251e-01 1.127431e-04
<GCONST> 9.910735e+01
<STATE> 5
<MEAN> 39
 2.487846e-07 9.951384e-07 2.643336e-07 -2.073205e-08 4.284624e-07 -2.487846e-07 -9.674957e-08 1.382137e-08 -4.146410e-08 2.764273e-07 4.837478e-08 -1.727671e-07 6.729333e-01 3.007721e-02 -1.263587e-01 -1.461873e-01 1.784745e-01 1.079882e-01 8.464546e-02 2.844949e-01 -2.850877e-02 1.386934e-01 2.682406e-02 1.636640e-01 -1.229456e-01 -2.704243e-03 1.836563e-02 2.858226e-04 -1.257318e-03 2.058667e-02 4.377864e-02 -3.569714e-02 1.994174e-02 -1.653834e-02 -2.925155e-02 -2.570015e-03 -2.079231e-02 -1.659237e-02 -3.612941e-04
<VARIANCE> 39
 1.434178e+01 9.724523e+01 3.117386e+01 1.372547e+02 2.886658e+01 7.972766e+01 7.577448e+01 2.254324e+01 2.869101e+01 2.567662e+01 5.224109e+01 4.217097e+01 3.876872e-02 6.027149e-01 2.036774e+00 2.333565e+00 3.680395e+00 1.662751e+00 4.231190e+00 2.303117e+00 3.391512e+00 3.733706e+00 3.424019e+00 4.660492e+00 3.930423e+00 1.053285e-03 9.212200e-02 1.536884e-01 3.784338e-01 5.336841e-01 2.769764e-01 5.771292e-01 3.529166e-01 7.399276e-01 7.119081e-01 6.944607e-01 7.774328e-01 7.497251e-01 1.127431e-04
<GCONST> 9.910735e+01
<STATE> 6
<MEAN> 39
 2.487846e-07 9.951384e-07 2.643336e-07 -2.073205e-08 4.284624e-07 -2.487846e-07 -9.674957e-08 1.382137e-08 -4.146410e-08 2.764273e-07 4.837478e-08 -1.727671e-07 6.729333e-01 3.007721e-02 -1.263587e-01 -1.461873e-01 1.784745e-01 1.079882e-01 8.464546e-02 2.844949e-01 -2.850877e-02 1.386934e-01 2.682406e-02 1.636640e-01 -1.229456e-01 -2.704243e-03 1.836563e-02 2.858226e-04 -1.257318e-03 2.058667e-02 4.377864e-02 -3.569714e-02 1.994174e-02 -1.653834e-02 -2.925155e-02 -2.570015e-03 -2.079231e-02 -1.659237e-02 -3.612941e-04
<VARIANCE> 39
 1.434178e+01 9.724523e+01 3.117386e+01 1.372547e+02 2.886658e+01 7.972766e+01 7.577448e+01 2.254324e+01 2.869101e+01 2.567662e+01 5.224109e+01 4.217097e+01 3.876872e-02 6.027149e-01 2.036774e+00 2.333565e+00 3.680395e+00 1.662751e+00 4.231190e+00 2.303117e+00 3.391512e+00 3.733706e+00 3.424019e+00 4.660492e+00 3.930423e+00 1.053285e-03 9.212200e-02 1.536884e-01 3.784338e-01 5.336841e-01 2.769764e-01 5.771292e-01 3.529166e-01 7.399276e-01 7.119081e-01 6.944607e-01 7.774328e-01 7.497251e-01 1.127431e-04
<GCONST> 9.910735e+01
<STATE> 7
<MEAN> 39
 2.487846e-07 9.951384e-07 2.643336e-07 -2.073205e-08 4.284624e-07 -2.487846e-07 -9.674957e-08 1.382137e-08 -4.146410e-08 2.764273e-07 4.837478e-08 -1.727671e-07 6.729333e-01 3.007721e-02 -1.263587e-01 -1.461873e-01 1.784745e-01 1.079882e-01 8.464546e-02 2.844949e-01 -2.850877e-02 1.386934e-01 2.682406e-02 1.636640e-01 -1.229456e-01 -2.704243e-03 1.836563e-02 2.858226e-04 -1.257318e-03 2.058667e-02 4.377864e-02 -3.569714e-02 1.994174e-02 -1.653834e-02 -2.925155e-02 -2.570015e-03 -2.079231e-02 -1.659237e-02 -3.612941e-04
<VARIANCE> 39
 1.434178e+01 9.724523e+01 3.117386e+01 1.372547e+02 2.886658e+01 7.972766e+01 7.577448e+01 2.254324e+01 2.869101e+01 2.567662e+01 5.224109e+01 4.217097e+01 3.876872e-02 6.027149e-01 2.036774e+00 2.333565e+00 3.680395e+00 1.662751e+00 4.231190e+00 2.303117e+00 3.391512e+00 3.733706e+00 3.424019e+00 4.660492e+00 3.930423e+00 1.053285e-03 9.212200e-02 1.536884e-01 3.784338e-01 5.336841e-01 2.769764e-01 5.771292e-01 3.529166e-01 7.399276e-01 7.119081e-01 6.944607e-01 7.774328e-01 7.497251e-01 1.127431e-04
<GCONST> 9.910735e+01
<STATE> 8
<MEAN> 39
 2.487846e-07 9.951384e-07 2.643336e-07 -2.073205e-08 4.284624e-07 -2.487846e-07 -9.674957e-08 1.382137e-08 -4.146410e-08 2.764273e-07 4.837478e-08 -1.727671e-07 6.729333e-01 3.007721e-02 -1.263587e-01 -1.461873e-01 1.784745e-01 1.079882e-01 8.464546e-02 2.844949e-01 -2.850877e-02 1.386934e-01 2.682406e-02 1.636640e-01 -1.229456e-01 -2.704243e-03 1.836563e-02 2.858226e-04 -1.257318e-03 2.058667e-02 4.377864e-02 -3.569714e-02 1.994174e-02 -1.653834e-02 -2.925155e-02 -2.570015e-03 -2.079231e-02 -1.659237e-02 -3.612941e-04
<VARIANCE> 39
 1.434178e+01 9.724523e+01 3.117386e+01 1.372547e+02 2.886658e+01 7.972766e+01 7.577448e+01 2.254324e+01 2.869101e+01 2.567662e+01 5.224109e+01 4.217097e+01 3.876872e-02 6.027149e-01 2.036774e+00 2.333565e+00 3.680395e+00 1.662751e+00 4.231190e+00 2.303117e+00 3.391512e+00 3.733706e+00 3.424019e+00 4.660492e+00 3.930423e+00 1.053285e-03 9.212200e-02 1.536884e-01 3.784338e-01 5.336841e-01 2.769764e-01 5.771292e-01 3.529166e-01 7.399276e-01 7.119081e-01 6.944607e-01 7.774328e-01 7.497251e-01 1.127431e-04
<GCONST> 9.910735e+01
<STATE> 9
<MEAN> 39
 2.487846e-07 9.951384e-07 2.643336e-07 -2.073205e-08 4.284624e-07 -2.487846e-07 -9.674957e-08 1.382137e-08 -4.146410e-08 2.764273e-07 4.837478e-08 -1.727671e-07 6.729333e-01 3.007721e-02 -1.263587e-01 -1.461873e-01 1.784745e-01 1.079882e-01 8.464546e-02 2.844949e-01 -2.850877e-02 1.386934e-01 2.682406e-02 1.636640e-01 -1.229456e-01 -2.704243e-03 1.836563e-02 2.858226e-04 -1.257318e-03 2.058667e-02 4.377864e-02 -3.569714e-02 1.994174e-02 -1.653834e-02 -2.925155e-02 -2.570015e-03 -2.079231e-02 -1.659237e-02 -3.612941e-04
<VARIANCE> 39
 1.434178e+01 9.724523e+01 3.117386e+01 1.372547e+02 2.886658e+01 7.972766e+01 7.577448e+01 2.254324e+01 2.869101e+01 2.567662e+01 5.224109e+01 4.217097e+01 3.876872e-02 6.027149e-01 2.036774e+00 2.333565e+00 3.680395e+00 1.662751e+00 4.231190e+00 2.303117e+00 3.391512e+00 3.733706e+00 3.424019e+00 4.660492e+00 3.930423e+00 1.053285e-03 9.212200e-02 1.536884e-01 3.784338e-01 5.336841e-01 2.769764e-01 5.771292e-01 3.529166e-01 7.399276e-01 7.119081e-01 6.944607e-01 7.774328e-01 7.497251e-01 1.127431e-04
<GCONST> 9.910735e+01
<TRANSP> 10
 0.000000e+00 1.000000e+00 0.000000e+00 0.000000e+00 0.000000e+00 0.000000e+00 0.000000e+00 0.000000e+00 0.000000e+00 0.000000e+00
 0.000000e+00 9.000000e-01 9.999999e-02 0.000000e+00 0.000000e+00 0.000000e+00 0.000000e+00 0.000000e+00 0.000000e+00 0.000000e+00
 0.000000e+00 0.000000e+00 9.000000e-01 9.999999e-02 0.000000e+00 0.000000e+00 0.000000e+00 0.000000e+00 0.000000e+00 0.000000e+00
 0.000000e+00 0.000000e+00 0.000000e+00 9.000000e-01 9.999999e-02 0.000000e+00 0.000000e+00 0.000000e+00 0.000000e+00 0.000000e+00
 0.000000e+00 0.000000e+00 0.000000e+00 0.000000e+00 9.000000e-01 9.999999e-02 0.000000e+00 0.000000e+00 0.000000e+00 0.000000e+00
 0.000000e+00 0.000000e+00 0.000000e+00 0.000000e+00 0.000000e+00 9.000000e-01 9.999999e-02 0.000000e+00 0.000000e+00 0.000000e+00
 0.000000e+00 0.000000e+00 0.000000e+00 0.000000e+00 0.000000e+00 0.000000e+00 9.000000e-01 9.999999e-02 0.000000e+00 0.000000e+00
 0.000000e+00 0.000000e+00 0.000000e+00 0.000000e+00 0.000000e+00 0.000000e+00 0.000000e+00 9.000000e-01 9.999999e-02 0.000000e+00
 0.000000e+00 0.000000e+00 0.000000e+00 0.000000e+00 0.000000e+00 0.000000e+00 0.000000e+00 0.000000e+00 9.000000e-01 9.999999e-02
 0.000000e+00 0.000000e+00 0.000000e+00 0.000000e+00 0.000000e+00 0.000000e+00 0.000000e+00 0.000000e+00 0.000000e+00 0.000000e+00
<ENDHMM>
