~o
<STREAMINFO> 1 39
<VECSIZE> 39<NULLD><MFCC_E_D_A_Z><DIAGC>
~h "s070"
<BEGINHMM>
<NUMSTATES> 10
<STATE> 2
<MEAN> 39
 0.000000e+00 2.258702e-07 7.027074e-07 2.509669e-08 2.384186e-07 -3.011603e-07 -3.262570e-07 1.254835e-08 -8.783842e-08 1.756768e-07 -1.003868e-07 1.443060e-07 8.685495e-01 1.722572e-01 2.749327e-01 -9.621654e-02 5.380808e-03 2.297847e-03 2.333008e-01 -2.176601e-01 -4.550844e-02 5.090261e-01 1.356990e-01 -3.496350e-01 -1.590876e-01 -3.696760e-03 1.423607e-02 1.163387e-02 4.283240e-02 -7.712431e-02 -3.020377e-02 3.782707e-02 5.284844e-02 -5.514835e-02 -4.925059e-02 4.785344e-02 -2.661413e-02 -7.647707e-02 -8.399169e-04
<VARIANCE> 39
 5.125570e+00 1.372489e+01 3.864589e+01 4.582890e+01 3.325589e+01 3.470382e+01 2.703584e+01 3.720252e+01 2.351332e+01 3.109656e+01 2.368009e+01 5.320549e+01 5.863230e-03 6.383324e-01 1.282893e+00 4.055061e+00 4.955832e+00 3.826177e+00 3.160884e+00 3.077326e+00 5.037034e+00 1.370021e+00 3.847021e+00 1.949157e+00 3.553524e+00 1.913111e-04 1.138738e-01 2.204792e-01 6.680933e-01 7.708937e-01 6.609170e-01 5.211965e-01 6.027735e-01 8.186187e-01 2.211983e-01 6.781352e-01 3.375199e-01 5.736994e-01 2.933661e-05
<GCONST> 8.894344e+01
<STATE> 3
<MEAN> 39
 0.000000e+00 2.258702e-07 7.027074e-07 2.509669e-08 2.384186e-07 -3.011603e-07 -3.262570e-07 1.254835e-08 -8.783842e-08 1.756768e-07 -1.003868e-07 1.443060e-07 8.685495e-01 1.722572e-01 2.749327e-01 -9.621654e-02 5.380808e-03 2.297847e-03 2.333008e-01 -2.176601e-01 -4.550844e-02 5.090261e-01 1.356990e-01 -3.496350e-01 -1.590876e-01 -3.696760e-03 1.423607e-02 1.163387e-02 4.283240e-02 -7.712431e-02 -3.020377e-02 3.782707e-02 5.284844e-02 -5.514835e-02 -4.925059e-02 4.785344e-02 -2.661413e-02 -7.647707e-02 -8.399169e-04
<VARIANCE> 39
 5.125570e+00 1.372489e+01 3.864589e+01 4.582890e+01 3.325589e+01 3.470382e+01 2.703584e+01 3.720252e+01 2.351332e+01 3.109656e+01 2.368009e+01 5.320549e+01 5.863230e-03 6.383324e-01 1.282893e+00 4.055061e+00 4.955832e+00 3.826177e+00 3.160884e+00 3.077326e+00 5.037034e+00 1.370021e+00 3.847021e+00 1.949157e+00 3.553524e+00 1.913111e-04 1.138738e-01 2.204792e-01 6.680933e-01 7.708937e-01 6.609170e-01 5.211965e-01 6.027735e-01 8.186187e-01 2.211983e-01 6.781352e-01 3.375199e-01 5.736994e-01 2.933661e-05
<GCONST> 8.894344e+01
<STATE> 4
<MEAN> 39
 0.000000e+00 2.258702e-07 7.027074e-07 2.509669e-08 2.384186e-07 -3.011603e-07 -3.262570e-07 1.254835e-08 -8.783842e-08 1.756768e-07 -1.003868e-07 1.443060e-07 8.685495e-01 1.722572e-01 2.749327e-01 -9.621654e-02 5.380808e-03 2.297847e-03 2.333008e-01 -2.176601e-01 -4.550844e-02 5.090261e-01 1.356990e-01 -3.496350e-01 -1.590876e-01 -3.696760e-03 1.423607e-02 1.163387e-02 4.283240e-02 -7.712431e-02 -3.020377e-02 3.782707e-02 5.284844e-02 -5.514835e-02 -4.925059e-02 4.785344e-02 -2.661413e-02 -7.647707e-02 -8.399169e-04
<VARIANCE> 39
 5.125570e+00 1.372489e+01 3.864589e+01 4.582890e+01 3.325589e+01 3.470382e+01 2.703584e+01 3.720252e+01 2.351332e+01 3.109656e+01 2.368009e+01 5.320549e+01 5.863230e-03 6.383324e-01 1.282893e+00 4.055061e+00 4.955832e+00 3.826177e+00 3.160884e+00 3.077326e+00 5.037034e+00 1.370021e+00 3.847021e+00 1.949157e+00 3.553524e+00 1.913111e-04 1.138738e-01 2.204792e-01 6.680933e-01 7.708937e-01 6.609170e-01 5.211965e-01 6.027735e-01 8.186187e-01 2.211983e-01 6.781352e-01 3.375199e-01 5.736994e-01 2.933661e-05
<GCONST> 8.894344e+01
<STATE> 5
<MEAN> 39
 0.000000e+00 2.258702e-07 7.027074e-07 2.509669e-08 2.384186e-07 -3.011603e-07 -3.262570e-07 1.254835e-08 -8.783842e-08 1.756768e-07 -1.003868e-07 1.443060e-07 8.685495e-01 1.722572e-01 2.749327e-01 -9.621654e-02 5.380808e-03 2.297847e-03 2.333008e-01 -2.176601e-01 -4.550844e-02 5.090261e-01 1.356990e-01 -3.496350e-01 -1.590876e-01 -3.696760e-03 1.423607e-02 1.163387e-02 4.283240e-02 -7.712431e-02 -3.020377e-02 3.782707e-02 5.284844e-02 -5.514835e-02 -4.925059e-02 4.785344e-02 -2.661413e-02 -7.647707e-02 -8.399169e-04
<VARIANCE> 39
 5.125570e+00 1.372489e+01 3.864589e+01 4.582890e+01 3.325589e+01 3.470382e+01 2.703584e+01 3.720252e+01 2.351332e+01 3.109656e+01 2.368009e+01 5.320549e+01 5.863230e-03 6.383324e-01 1.282893e+00 4.055061e+00 4.955832e+00 3.826177e+00 3.160884e+00 3.077326e+00 5.037034e+00 1.370021e+00 3.847021e+00 1.949157e+00 3.553524e+00 1.913111e-04 1.138738e-01 2.204792e-01 6.680933e-01 7.708937e-01 6.609170e-01 5.211965e-01 6.027735e-01 8.186187e-01 2.211983e-01 6.781352e-01 3.375199e-01 5.736994e-01 2.933661e-05
<GCONST> 8.894344e+01
<STATE> 6
<MEAN> 39
 0.000000e+00 2.258702e-07 7.027074e-07 2.509669e-08 2.384186e-07 -3.011603e-07 -3.262570e-07 1.254835e-08 -8.783842e-08 1.756768e-07 -1.003868e-07 1.443060e-07 8.685495e-01 1.722572e-01 2.749327e-01 -9.621654e-02 5.380808e-03 2.297847e-03 2.333008e-01 -2.176601e-01 -4.550844e-02 5.090261e-01 1.356990e-01 -3.496350e-01 -1.590876e-01 -3.696760e-03 1.423607e-02 1.163387e-02 4.283240e-02 -7.712431e-02 -3.020377e-02 3.782707e-02 5.284844e-02 -5.514835e-02 -4.925059e-02 4.785344e-02 -2.661413e-02 -7.647707e-02 -8.399169e-04
<VARIANCE> 39
 5.125570e+00 1.372489e+01 3.864589e+01 4.582890e+01 3.325589e+01 3.470382e+01 2.703584e+01 3.720252e+01 2.351332e+01 3.109656e+01 2.368009e+01 5.320549e+01 5.863230e-03 6.383324e-01 1.282893e+00 4.055061e+00 4.955832e+00 3.826177e+00 3.160884e+00 3.077326e+00 5.037034e+00 1.370021e+00 3.847021e+00 1.949157e+00 3.553524e+00 1.913111e-04 1.138738e-01 2.204792e-01 6.680933e-01 7.708937e-01 6.609170e-01 5.211965e-01 6.027735e-01 8.186187e-01 2.211983e-01 6.781352e-01 3.375199e-01 5.736994e-01 2.933661e-05
<GCONST> 8.894344e+01
<STATE> 7
<MEAN> 39
 0.000000e+00 2.258702e-07 7.027074e-07 2.509669e-08 2.384186e-07 -3.011603e-07 -3.262570e-07 1.254835e-08 -8.783842e-08 1.756768e-07 -1.003868e-07 1.443060e-07 8.685495e-01 1.722572e-01 2.749327e-01 -9.621654e-02 5.380808e-03 2.297847e-03 2.333008e-01 -2.176601e-01 -4.550844e-02 5.090261e-01 1.356990e-01 -3.496350e-01 -1.590876e-01 -3.696760e-03 1.423607e-02 1.163387e-02 4.283240e-02 -7.712431e-02 -3.020377e-02 3.782707e-02 5.284844e-02 -5.514835e-02 -4.925059e-02 4.785344e-02 -2.661413e-02 -7.647707e-02 -8.399169e-04
<VARIANCE> 39
 5.125570e+00 1.372489e+01 3.864589e+01 4.582890e+01 3.325589e+01 3.470382e+01 2.703584e+01 3.720252e+01 2.351332e+01 3.109656e+01 2.368009e+01 5.320549e+01 5.863230e-03 6.383324e-01 1.282893e+00 4.055061e+00 4.955832e+00 3.826177e+00 3.160884e+00 3.077326e+00 5.037034e+00 1.370021e+00 3.847021e+00 1.949157e+00 3.553524e+00 1.913111e-04 1.138738e-01 2.204792e-01 6.680933e-01 7.708937e-01 6.609170e-01 5.211965e-01 6.027735e-01 8.186187e-01 2.211983e-01 6.781352e-01 3.375199e-01 5.736994e-01 2.933661e-05
<GCONST> 8.894344e+01
<STATE> 8
<MEAN> 39
 0.000000e+00 2.258702e-07 7.027074e-07 2.509669e-08 2.384186e-07 -3.011603e-07 -3.262570e-07 1.254835e-08 -8.783842e-08 1.756768e-07 -1.003868e-07 1.443060e-07 8.685495e-01 1.722572e-01 2.749327e-01 -9.621654e-02 5.380808e-03 2.297847e-03 2.333008e-01 -2.176601e-01 -4.550844e-02 5.090261e-01 1.356990e-01 -3.496350e-01 -1.590876e-01 -3.696760e-03 1.423607e-02 1.163387e-02 4.283240e-02 -7.712431e-02 -3.020377e-02 3.782707e-02 5.284844e-02 -5.514835e-02 -4.925059e-02 4.785344e-02 -2.661413e-02 -7.647707e-02 -8.399169e-04
<VARIANCE> 39
 5.125570e+00 1.372489e+01 3.864589e+01 4.582890e+01 3.325589e+01 3.470382e+01 2.703584e+01 3.720252e+01 2.351332e+01 3.109656e+01 2.368009e+01 5.320549e+01 5.863230e-03 6.383324e-01 1.282893e+00 4.055061e+00 4.955832e+00 3.826177e+00 3.160884e+00 3.077326e+00 5.037034e+00 1.370021e+00 3.847021e+00 1.949157e+00 3.553524e+00 1.913111e-04 1.138738e-01 2.204792e-01 6.680933e-01 7.708937e-01 6.609170e-01 5.211965e-01 6.027735e-01 8.186187e-01 2.211983e-01 6.781352e-01 3.375199e-01 5.736994e-01 2.933661e-05
<GCONST> 8.894344e+01
<STATE> 9
<MEAN> 39
 0.000000e+00 2.258702e-07 7.027074e-07 2.509669e-08 2.384186e-07 -3.011603e-07 -3.262570e-07 1.254835e-08 -8.783842e-08 1.756768e-07 -1.003868e-07 1.443060e-07 8.685495e-01 1.722572e-01 2.749327e-01 -9.621654e-02 5.380808e-03 2.297847e-03 2.333008e-01 -2.176601e-01 -4.550844e-02 5.090261e-01 1.356990e-01 -3.496350e-01 -1.590876e-01 -3.696760e-03 1.423607e-02 1.163387e-02 4.283240e-02 -7.712431e-02 -3.020377e-02 3.782707e-02 5.284844e-02 -5.514835e-02 -4.925059e-02 4.785344e-02 -2.661413e-02 -7.647707e-02 -8.399169e-04
<VARIANCE> 39
 5.125570e+00 1.372489e+01 3.864589e+01 4.582890e+01 3.325589e+01 3.470382e+01 2.703584e+01 3.720252e+01 2.351332e+01 3.109656e+01 2.368009e+01 5.320549e+01 5.863230e-03 6.383324e-01 1.282893e+00 4.055061e+00 4.955832e+00 3.826177e+00 3.160884e+00 3.077326e+00 5.037034e+00 1.370021e+00 3.847021e+00 1.949157e+00 3.553524e+00 1.913111e-04 1.138738e-01 2.204792e-01 6.680933e-01 7.708937e-01 6.609170e-01 5.211965e-01 6.027735e-01 8.186187e-01 2.211983e-01 6.781352e-01 3.375199e-01 5.736994e-01 2.933661e-05
<GCONST> 8.894344e+01
<TRANSP> 10
 0.000000e+00 1.000000e+00 0.000000e+00 0.000000e+00 0.000000e+00 0.000000e+00 0.000000e+00 0.000000e+00 0.000000e+00 0.000000e+00
 0.000000e+00 9.000000e-01 9.999999e-02 0.000000e+00 0.000000e+00 0.000000e+00 0.000000e+00 0.000000e+00 0.000000e+00 0.000000e+00
 0.000000e+00 0.000000e+00 9.000000e-01 9.999999e-02 0.000000e+00 0.000000e+00 0.000000e+00 0.000000e+00 0.000000e+00 0.000000e+00
 0.000000e+00 0.000000e+00 0.000000e+00 9.000000e-01 9.999999e-02 0.000000e+00 0.000000e+00 0.000000e+00 0.000000e+00 0.000000e+00
 0.000000e+00 0.000000e+00 0.000000e+00 0.000000e+00 9.000000e-01 9.999999e-02 0.000000e+00 0.000000e+00 0.000000e+00 0.000000e+00
 0.000000e+00 0.000000e+00 0.000000e+00 0.000000e+00 0.000000e+00 9.000000e-01 9.999999e-02 0.000000e+00 0.000000e+00 0.000000e+00
 0.000000e+00 0.000000e+00 0.000000e+00 0.000000e+00 0.000000e+00 0.000000e+00 9.000000e-01 9.999999e-02 0.000000e+00 0.000000e+00
 0.000000e+00 0.000000e+00 0.000000e+00 0.000000e+00 0.000000e+00 0.000000e+00 0.000000e+00 9.000000e-01 9.999999e-02 0.000000e+00
 0.000000e+00 0.000000e+00 0.000000e+00 0.000000e+00 0.000000e+00 0.000000e+00 0.000000e+00 0.000000e+00 9.000000e-01 9.999999e-02
 0.000000e+00 0.000000e+00 0.000000e+00 0.000000e+00 0.000000e+00 0.000000e+00 0.000000e+00 0.000000e+00 0.000000e+00 0.000000e+00
<ENDHMM>
