~o
<STREAMINFO> 1 39
<VECSIZE> 39<NULLD><MFCC_E_D_A_Z><DIAGC>
~h "s071"
<BEGINHMM>
<NUMSTATES> 10
<STATE> 2
<MEAN> 39
 -3.598771e-08 3.733725e-07 2.519140e-07 -4.318525e-07 -2.879017e-07 -5.398157e-08 -2.429171e-07 2.339201e-07 -2.609109e-07 -1.709416e-07 -3.508802e-07 -7.197542e-08 8.209103e-01 -2.247883e-02 7.077612e-02 2.143569e-01 2.249332e-01 5.056722e-01 1.881747e-01 -1.333075e-01 -1.415261e-01 1.774179e-01 8.140960e-04 7.159127e-02 6.429647e-02 -7.112761e-03 1.270334e-02 -1.277028e-02 3.735384e-03 -3.272605e-02 5.887704e-02 -3.198815e-02 6.194721e-03 5.258698e-03 -1.061220e-01 -1.104725e-01 1.103820e-02 3.305430e-02 -3.858079e-04
<VARIANCE> 39
 1.304886e+01 3.134344e+01 3.626211e+01 9.459119e+01 9.075603e+01 3.562696e+01 4.769941e+01 4.322444e+01 2.867845e+01 5.655928e+01 3.778797e+01 2.185550e+01 2.724247e-02 1.148545e+00 1.701414e+00 1.657386e+00 1.675686e+00 2.314834e+00 2.609087e+00 2.886977e+00 2.759645e+00 2.388587e+00 3.556606e+00 3.814164e+00 1.624241e+00 4.756527e-04 1.917919e-01 2.423380e-01 2.339474e-01 2.320173e-01 4.592085e-01 4.695244e-01 4.769012e-01 4.321394e-01 2.750829e-01 4.379547e-01 6.021091e-01 2.638893e-01 6.715103e-05
<GCONST> 9.126573e+01
<STATE> 3
<MEAN> 39
 -3.598771e-08 3.733725e-07 2.519140e-07 -4.318525e-07 -2.879017e-07 -5.398157e-08 -2.429171e-07 2.339201e-07 -2.609109e-07 -1.709416e-07 -3.508802e-07 -7.197542e-08 8.209103e-01 -2.247883e-02 7.077612e-02 2.143569e-01 2.249332e-01 5.056722e-01 1.881747e-01 -1.333075e-01 -1.415261e-01 1.774179e-01 8.140960e-04 7.159127e-02 6.429647e-02 -7.112761e-03 1.270334e-02 -1.277028e-02 3.735384e-03 -3.272605e-02 5.887704e-02 -3.198815e-02 6.194721e-03 5.258698e-03 -1.061220e-01 -1.104725e-01 1.103820e-02 3.305430e-02 -3.858079e-04
<VARIANCE> 39
 1.304886e+01 3.134344e+01 3.626211e+01 9.459119e+01 9.075603e+01 3.562696e+01 4.769941e+01 4.322444e+01 2.867845e+01 5.655928e+01 3.778797e+01 2.185550e+01 2.724247e-02 1.148545e+00 1.701414e+00 1.657386e+00 1.675686e+00 2.314834e+00 2.609087e+00 2.886977e+00 2.759645e+00 2.388587e+00 3.556606e+00 3.814164e+00 1.624241e+00 4.756527e-04 1.917919e-01 2.423380e-01 2.339474e-01 2.320173e-01 4.592085e-01 4.695244e-01 4.769012e-01 4.321394e-01 2.750829e-01 4.379547e-01 6.021091e-01 2.638893e-01 6.715103e-05
<GCONST> 9.126573e+01
<STATE> 4
<MEAN> 39
 -3.598771e-08 3.733725e-07 2.519140e-07 -4.318525e-07 -2.879017e-07 -5.398157e-08 -2.429171e-07 2.339201e-07 -2.609109e-07 -1.709416e-07 -3.508802e-07 -7.197542e-08 8.209103e-01 -2.247883e-02 7.077612e-02 2.143569e-01 2.249332e-01 5.056722e-01 1.881747e-01 -1.333075e-01 -1.415261e-01 1.774179e-01 8.140960e-04 7.159127e-02 6.429647e-02 -7.112761e-03 1.270334e-02 -1.277028e-02 3.735384e-03 -3.272605e-02 5.887704e-02 -3.198815e-02 6.194721e-03 5.258698e-03 -1.061220e-01 -1.104725e-01 1.103820e-02 3.305430e-02 -3.858079e-04
<VARIANCE> 39
 1.304886e+01 3.134344e+01 3.626211e+01 9.459119e+01 9.075603e+01 3.562696e+01 4.769941e+01 4.322444e+01 2.867845e+01 5.655928e+01 3.778797e+01 2.185550e+01 2.724247e-02 1.148545e+00 1.701414e+00 1.657386e+00 1.675686e+00 2.314834e+00 2.609087e+00 2.886977e+00 2.759645e+00 2.388587e+00 3.556606e+00 3.814164e+00 1.624241e+00 4.756527e-04 1.917919e-01 2.423380e-01 2.339474e-01 2.320173e-01 4.592085e-01 4.695244e-01 4.769012e-01 4.321394e-01 2.750829e-01 4.379547e-01 6.021091e-01 2.638893e-01 6.715103e-05
<GCONST> 9.126573e+01
<STATE> 5
<MEAN> 39
 -3.598771e-08 3.733725e-07 2.519140e-07 -4.318525e-07 -2.879017e-07 -5.398157e-08 -2.429171e-07 2.339201e-07 -2.609109e-07 -1.709416e-07 -3.508802e-07 -7.197542e-08 8.209103e-01 -2.247883e-02 7.077612e-02 2.143569e-01 2.249332e-01 5.056722e-01 1.881747e-01 -1.333075e-01 -1.415261e-01 1.774179e-01 8.140960e-04 7.159127e-02 6.429647e-02 -7.112761e-03 1.270334e-02 -1.277028e-02 3.735384e-03 -3.272605e-02 5.887704e-02 -3.198815e-02 6.194721e-03 5.258698e-03 -1.061220e-01 -1.104725e-01 1.103820e-02 3.305430e-02 -3.858079e-04
<VARIANCE> 39
 1.304886e+01 3.134344e+01 3.626211e+01 9.459119e+01 9.075603e+01 3.562696e+01 4.769941e+01 4.322444e+01 2.867845e+01 5.655928e+01 3.778797e+01 2.185550e+01 2.724247e-02 1.148545e+00 1.701414e+00 1.657386e+00 1.675686e+00 2.314834e+00 2.609087e+00 2.886977e+00 2.759645e+00 2.388587e+00 3.556606e+00 3.814164e+00 1.624241e+00 4.756527e-04 1.917919e-01 2.423380e-01 2.339474e-01 2.320173e-01 4.592085e-01 4.695244e-01 4.769012e-01 4.321394e-01 2.750829e-01 4.379547e-01 6.021091e-01 2.638893e-01 6.715103e-05
<GCONST> 9.126573e+01
<STATE> 6
<MEAN> 39
 -3.598771e-08 3.733725e-07 2.519140e-07 -4.318525e-07 -2.879017e-07 -5.398157e-08 -2.429171e-07 2.339201e-07 -2.609109e-07 -1.709416e-07 -3.508802e-07 -7.197542e-08 8.209103e-01 -2.247883e-02 7.077612e-02 2.143569e-01 2.249332e-01 5.056722e-01 1.881747e-01 -1.333075e-01 -1.415261e-01 1.774179e-01 8.140960e-04 7.159127e-02 6.429647e-02 -7.112761e-03 1.270334e-02 -1.277028e-02 3.735384e-03 -3.272605e-02 5.887704e-02 -3.198815e-02 6.194721e-03 5.258698e-03 -1.061220e-01 -1.104725e-01 1.103820e-02 3.305430e-02 -3.858079e-04
<VARIANCE> 39
 1.304886e+01 3.134344e+01 3.626211e+01 9.459119e+01 9.075603e+01 3.562696e+01 4.769941e+01 4.322444e+01 2.867845e+01 5.655928e+01 3.778797e+01 2.185550e+01 2.724247e-02 1.148545e+00 1.701414e+00 1.657386e+00 1.675686e+00 2.314834e+00 2.609087e+00 2.886977e+00 2.759645e+00 2.388587e+00 3.556606e+00 3.814164e+00 1.624241e+00 4.756527e-04 1.917919e-01 2.423380e-01 2.339474e-01 2.320173e-01 4.592085e-01 4.695244e-01 4.769012e-01 4.321394e-01 2.750829e-01 4.379547e-01 6.021091e-01 2.638893e-01 6.715103e-05
<GCONST> 9.126573e+01
<STATE> 7
<MEAN> 39
 -3.598771e-08 3.733725e-07 2.519140e-07 -4.318525e-07 -2.879017e-07 -5.398157e-08 -2.429171e-07 2.339201e-07 -2.609109e-07 -1.709416e-07 -3.508802e-07 -7.197542e-08 8.209103e-01 -2.247883e-02 7.077612e-02 2.143569e-01 2.249332e-01 5.056722e-01 1.881747e-01 -1.333075e-01 -1.415261e-01 1.774179e-01 8.140960e-04 7.159127e-02 6.429647e-02 -7.112761e-03 1.270334e-02 -1.277028e-02 3.735384e-03 -3.272605e-02 5.887704e-02 -3.198815e-02 6.194721e-03 5.258698e-03 -1.061220e-01 -1.104725e-01 1.103820e-02 3.305430e-02 -3.858079e-04
<VARIANCE> 39
 1.304886e+01 3.134344e+01 3.626211e+01 9.459119e+01 9.075603e+01 3.562696e+01 4.769941e+01 4.322444e+01 2.867845e+01 5.655928e+01 3.778797e+01 2.185550e+01 2.724247e-02 1.148545e+00 1.701414e+00 1.657386e+00 1.675686e+00 2.314834e+00 2.609087e+00 2.886977e+00 2.759645e+00 2.388587e+00 3.556606e+00 3.814164e+00 1.624241e+00 4.756527e-04 1.917919e-01 2.423380e-01 2.339474e-01 2.320173e-01 4.592085e-01 4.695244e-01 4.769012e-01 4.321394e-01 2.750829e-01 4.379547e-01 6.021091e-01 2.638893e-01 6.715103e-05
<GCONST> 9.126573e+01
<STATE> 8
<MEAN> 39
 -3.598771e-08 3.733725e-07 2.519140e-07 -4.318525e-07 -2.879017e-07 -5.398157e-08 -2.429171e-07 2.339201e-07 -2.609109e-07 -1.709416e-07 -3.508802e-07 -7.197542e-08 8.209103e-01 -2.247883e-02 7.077612e-02 2.143569e-01 2.249332e-01 5.056722e-01 1.881747e-01 -1.333075e-01 -1.415261e-01 1.774179e-01 8.140960e-04 7.159127e-02 6.429647e-02 -7.112761e-03 1.270334e-02 -1.277028e-02 3.735384e-03 -3.272605e-02 5.887704e-02 -3.198815e-02 6.194721e-03 5.258698e-03 -1.061220e-01 -1.104725e-01 1.103820e-02 3.305430e-02 -3.858079e-04
<VARIANCE> 39
 1.304886e+01 3.134344e+01 3.626211e+01 9.459119e+01 9.075603e+01 3.562696e+01 4.769941e+01 4.322444e+01 2.867845e+01 5.655928e+01 3.778797e+01 2.185550e+01 2.724247e-02 1.148545e+00 1.701414e+00 1.657386e+00 1.675686e+00 2.314834e+00 2.609087e+00 2.886977e+00 2.759645e+00 2.388587e+00 3.556606e+00 3.814164e+00 1.624241e+00 4.756527e-04 1.917919e-01 2.423380e-01 2.339474e-01 2.320173e-01 4.592085e-01 4.695244e-01 4.769012e-01 4.321394e-01 2.750829e-01 4.379547e-01 6.021091e-01 2.638893e-01 6.715103e-05
<GCONST> 9.126573e+01
<STATE> 9
<MEAN> 39
 -3.598771e-08 3.733725e-07 2.519140e-07 -4.318525e-07 -2.879017e-07 -5.398157e-08 -2.429171e-07 2.339201e-07 -2.609109e-07 -1.709416e-07 -3.508802e-07 -7.197542e-08 8.209103e-01 -2.247883e-02 7.077612e-02 2.143569e-01 2.249332e-01 5.056722e-01 1.881747e-01 -1.333075e-01 -1.415261e-01 1.774179e-01 8.140960e-04 7.159127e-02 6.429647e-02 -7.112761e-03 1.270334e-02 -1.277028e-02 3.735384e-03 -3.272605e-02 5.887704e-02 -3.198815e-02 6.194721e-03 5.258698e-03 -1.061220e-01 -1.104725e-01 1.103820e-02 3.305430e-02 -3.858079e-04
<VARIANCE> 39
 1.304886e+01 3.134344e+01 3.626211e+01 9.459119e+01 9.075603e+01 3.562696e+01 4.769941e+01 4.322444e+01 2.867845e+01 5.655928e+01 3.778797e+01 2.185550e+01 2.724247e-02 1.148545e+00 1.701414e+00 1.657386e+00 1.675686e+00 2.314834e+00 2.609087e+00 2.886977e+00 2.759645e+00 2.388587e+00 3.556606e+00 3.814164e+00 1.624241e+00 4.756527e-04 1.917919e-01 2.423380e-01 2.339474e-01 2.320173e-01 4.592085e-01 4.695244e-01 4.769012e-01 4.321394e-01 2.750829e-01 4.379547e-01 6.021091e-01 2.638893e-01 6.715103e-05
<GCONST> 9.126573e+01
<TRANSP> 10
 0.000000e+00 1.000000e+00 0.000000e+00 0.000000e+00 0.000000e+00 0.000000e+00 0.000000e+00 0.000000e+00 0.000000e+00 0.000000e+00
 0.000000e+00 9.000000e-01 9.999999e-02 0.000000e+00 0.000000e+00 0.000000e+00 0.000000e+00 0.000000e+00 0.000000e+00 0.000000e+00
 0.000000e+00 0.000000e+00 9.000000e-01 9.999999e-02 0.000000e+00 0.000000e+00 0.000000e+00 0.000000e+00 0.000000e+00 0.000000e+00
 0.000000e+00 0.000000e+00 0.000000e+00 9.000000e-01 9.999999e-02 0.000000e+00 0.000000e+00 0.000000e+00 0.000000e+00 0.000000e+00
 0.000000e+00 0.000000e+00 0.000000e+00 0.000000e+00 9.000000e-01 9.999999e-02 0.000000e+00 0.000000e+00 0.000000e+00 0.000000e+00
 0.000000e+00 0.000000e+00 0.000000e+00 0.000000e+00 0.000000e+00 9.000000e-01 9.999999e-02 0.000000e+00 0.000000e+00 0.000000e+00
 0.000000e+00 0.000000e+00 0.000000e+00 0.000000e+00 0.000000e+00 0.000000e+00 9.000000e-01 9.999999e-02 0.000000e+00 0.000000e+00
 0.000000e+00 0.000000e+00 0.000000e+00 0.000000e+00 0.000000e+00 0.000000e+00 0.000000e+00 9.000000e-01 9.999999e-02 0.000000e+00
 0.000000e+00 0.000000e+00 0.000000e+00 0.000000e+00 0.000000e+00 0.000000e+00 0.000000e+00 0.000000e+00 9.000000e-01 9.999999e-02
 0.000000e+00 0.000000e+00 0.000000e+00 0.000000e+00 0.000000e+00 0.000000e+00 0.000000e+00 0.000000e+00 0.000000e+00 0.000000e+00
<ENDHMM>
