~o
<STREAMINFO> 1 39
<VECSIZE> 39<NULLD><MFCC_E_D_A_Z><DIAGC>
~h "s072"
<BEGINHMM>
<NUMSTATES> 10
<STATE> 2
<MEAN> 39
 -2.073205e-08 -2.090482e-07 1.451243e-07 2.764273e-08 -1.900438e-07 4.975692e-07 5.528547e-08 1.589457e-07 -3.869983e-07 -5.528547e-08 -1.036603e-08 4.837478e-08 7.837229e-01 3.242357e-01 -9.374808e-02 -5.514070e-02 1.362729e-01 -2.848056e-01 1.282372e-01 -6.332622e-02 -8.502749e-02 -2.282642e-01 -2.005548e-01 2.938487e-02 -5.486542e-02 -1.176307e-03 -7.452090e-03 -1.361842e-02 1.401123e-02 -2.043675e-02 -3.467912e-02 2.344842e-02 -1.918313e-02 1.495059e-02 4.423891e-02 2.375393e-02 -3.996785e-02 -4.980702e-02 -4.041597e-04
<VARIANCE> 39
 4.544366e+01 4.166758e+01 2.677576e+01 3.940862e+01 6.904919e+01 5.822122e+01 2.500946e+01 1.054867e+02 5.586779e+01 3.932184e+01 2.032483e+01 2.385323e+01 2.046614e-02 1.441607e+00 1.956793e+00 1.863420e+00 2.694081e+00 4.223578e+00 5.002764e+00 2.168270e+00 3.458834e+00 3.893256e+00 5.479181e+00 3.147198e+00 2.923532e+00 1.671568e-03 2.651483e-01 2.307804e-01 2.245302e-01 3.906850e-01 7.426270e-01 7.203133e-01 3.736699e-01 3.570236e-01 7.081924e-01 1.038061e+00 6.935846e-01 5.326786e-01 2.239712e-04
<GCONST> 1.013782e+02
<STATE> 3
<MEAN> 39
 -2.073205e-08 -2.090482e-07 1.451243e-07 2.764273e-08 -1.900438e-07 4.975692e-07 5.528547e-08 1.589457e-07 -3.869983e-07 -5.528547e-08 -1.036603e-08 4.837478e-08 7.837229e-01 3.242357e-01 -9.374808e-02 -5.514070e-02 1.362729e-01 -2.848056e-01 1.282372e-01 -6.332622e-02 -8.502749e-02 -2.282642e-01 -2.005548e-01 2.938487e-02 -5.486542e-02 -1.176307e-03 -7.452090e-03 -1.361842e-02 1.401123e-02 -2.043675e-02 -3.467912e-02 2.344842e-02 -1.918313e-02 1.495059e-02 4.423891e-02 2.375393e-02 -3.996785e-02 -4.980702e-02 -4.041597e-04
<VARIANCE> 39
 4.544366e+01 4.166758e+01 2.677576e+01 3.940862e+01 6.904919e+01 5.822122e+01 2.500946e+01 1.054867e+02 5.586779e+01 3.932184e+01 2.032483e+01 2.385323e+01 2.046614e-02 1.441607e+00 1.956793e+00 1.863420e+00 2.694081e+00 4.223578e+00 5.002764e+00 2.168270e+00 3.458834e+00 3.893256e+00 5.479181e+00 3.147198e+00 2.923532e+00 1.671568e-03 2.651483e-01 2.307804e-01 2.245302e-01 3.906850e-01 7.426270e-01 7.203133e-01 3.736699e-01 3.570236e-01 7.081924e-01 1.038061e+00 6.935846e-01 5.326786e-01 2.239712e-04
<GCONST> 1.013782e+02
<STATE> 4
<MEAN> 39
 -2.073205e-08 -2.090482e-07 1.451243e-07 2.764273e-08 -1.900438e-07 4.975692e-07 5.528547e-08 1.589457e-07 -3.869983e-07 -5.528547e-08 -1.036603e-08 4.837478e-08 7.837229e-01 3.242357e-01 -9.374808e-02 -5.514070e-02 1.362729e-01 -2.848056e-01 1.282372e-01 -6.332622e-02 -8.502749e-02 -2.282642e-01 -2.005548e-01 2.938487e-02 -5.486542e-02 -1.176307e-03 -7.452090e-03 -1.361842e-02 1.401123e-02 -2.043675e-02 -3.467912e-02 2.344842e-02 -1.918313e-02 1.495059e-02 4.423891e-02 2.375393e-02 -3.996785e-02 -4.980702e-02 -4.041597e-04
<VARIANCE> 39
 4.544366e+01 4.166758e+01 2.677576e+01 3.940862e+01 6.904919e+01 5.822122e+01 2.500946e+01 1.054867e+02 5.586779e+01 3.932184e+01 2.032483e+01 2.385323e+01 2.046614e-02 1.441607e+00 1.956793e+00 1.863420e+00 2.694081e+00 4.223578e+00 5.002764e+00 2.168270e+00 3.458834e+00 3.893256e+00 5.479181e+00 3.147198e+00 2.923532e+00 1.671568e-03 2.651483e-01 2.307804e-01 2.245302e-01 3.906850e-01 7.426270e-01 7.203133e-01 3.736699e-01 3.570236e-01 7.081924e-01 1.038061e+00 6.935846e-01 5.326786e-01 2.239712e-04
<GCONST> 1.013782e+02
<STATE> 5
<MEAN> 39
 -2.073205e-08 -2.090482e-07 1.451243e-07 2.764273e-08 -1.900438e-07 4.975692e-07 5.528547e-08 1.589457e-07 -3.869983e-07 -5.528547e-08 -1.036603e-08 4.837478e-08 7.837229e-01 3.242357e-01 -9.374808e-02 -5.514070e-02 1.362729e-01 -2.848056e-01 1.282372e-01 -6.332622e-02 -8.502749e-02 -2.282642e-01 -2.005548e-01 2.938487e-02 -5.486542e-02 -1.176307e-03 -7.452090e-03 -1.361842e-02 1.401123e-02 -2.043675e-02 -3.467912e-02 2.344842e-02 -1.918313e-02 1.495059e-02 4.423891e-02 2.375393e-02 -3.996785e-02 -4.980702e-02 -4.041597e-04
<VARIANCE> 39
 4.544366e+01 4.166758e+01 2.677576e+01 3.940862e+01 6.904919e+01 5.822122e+01 2.500946e+01 1.054867e+02 5.586779e+01 3.932184e+01 2.032483e+01 2.385323e+01 2.046614e-02 1.441607e+00 1.956793e+00 1.863420e+00 2.694081e+00 4.223578e+00 5.002764e+00 2.168270e+00 3.458834e+00 3.893256e+00 5.479181e+00 3.147198e+00 2.923532e+00 1.671568e-03 2.651483e-01 2.307804e-01 2.245302e-01 3.906850e-01 7.426270e-01 7.203133e-01 3.736699e-01 3.570236e-01 7.081924e-01 1.038061e+00 6.935846e-01 5.326786e-01 2.239712e-04
<GCONST> 1.013782e+02
<STATE> 6
<MEAN> 39
 -2.073205e-08 -2.090482e-07 1.451243e-07 2.764273e-08 -1.900438e-07 4.975692e-07 5.528547e-08 1.589457e-07 -3.869983e-07 -5.528547e-08 -1.036603e-08 4.837478e-08 7.837229e-01 3.242357e-01 -9.374808e-02 -5.514070e-02 1.362729e-01 -2.848056e-01 1.282372e-01 -6.332622e-02 -8.502749e-02 -2.282642e-01 -2.005548e-01 2.938487e-02 -5.486542e-02 -1.176307e-03 -7.452090e-03 -1.361842e-02 1.401123e-02 -2.043675e-02 -3.467912e-02 2.344842e-02 -1.918313e-02 1.495059e-02 4.423891e-02 2.375393e-02 -3.996785e-02 -4.980702e-02 -4.041597e-04
<VARIANCE> 39
 4.544366e+01 4.166758e+01 2.677576e+01 3.940862e+01 6.904919e+01 5.822122e+01 2.500946e+01 1.054867e+02 5.586779e+01 3.932184e+01 2.032483e+01 2.385323e+01 2.046614e-02 1.441607e+00 1.956793e+00 1.863420e+00 2.694081e+00 4.223578e+00 5.002764e+00 2.168270e+00 3.458834e+00 3.893256e+00 5.479181e+00 3.147198e+00 2.923532e+00 1.671568e-03 2.651483e-01 2.307804e-01 2.245302e-01 3.906850e-01 7.426270e-01 7.203133e-01 3.736699e-01 3.570236e-01 7.081924e-01 1.038061e+00 6.935846e-01 5.326786e-01 2.239712e-04
<GCONST> 1.013782e+02
<STATE> 7
<MEAN> 39
 -2.073205e-08 -2.090482e-07 1.451243e-07 2.764273e-08 -1.900438e-07 4.975692e-07 5.528547e-08 1.589457e-07 -3.869983e-07 -5.528547e-08 -1.036603e-08 4.837478e-08 7.837229e-01 3.242357e-01 -9.374808e-02 -5.514070e-02 1.362729e-01 -2.848056e-01 1.282372e-01 -6.332622e-02 -8.502749e-02 -2.282642e-01 -2.005548e-01 2.938487e-02 -5.486542e-02 -1.176307e-03 -7.452090e-03 -1.361842e-02 1.401123e-02 -2.043675e-02 -3.467912e-02 2.344842e-02 -1.918313e-02 1.495059e-02 4.423891e-02 2.375393e-02 -3.996785e-02 -4.980702e-02 -4.041597e-04
<VARIANCE> 39
 4.544366e+01 4.166758e+01 2.677576e+01 3.940862e+01 6.904919e+01 5.822122e+01 2.500946e+01 1.054867e+02 5.586779e+01 3.932184e+01 2.032483e+01 2.385323e+01 2.046614e-02 1.441607e+00 1.956793e+00 1.863420e+00 2.694081e+00 4.223578e+00 5.002764e+00 2.168270e+00 3.458834e+00 3.893256e+00 5.479181e+00 3.147198e+00 2.923532e+00 1.671568e-03 2.651483e-01 2.307804e-01 2.245302e-01 3.906850e-01 7.426270e-01 7.203133e-01 3.736699e-01 3.570236e-01 7.081924e-01 1.038061e+00 6.935846e-01 5.326786e-01 2.239712e-04
<GCONST> 1.013782e+02
<STATE> 8
<MEAN> 39
 -2.073205e-08 -2.090482e-07 1.451243e-07 2.764273e-08 -1.900438e-07 4.975692e-07 5.528547e-08 1.589457e-07 -3.869983e-07 -5.528547e-08 -1.036603e-08 4.837478e-08 7.837229e-01 3.242357e-01 -9.374808e-02 -5.514070e-02 1.362729e-01 -2.848056e-01 1.282372e-01 -6.332622e-02 -8.502749e-02 -2.282642e-01 -2.005548e-01 2.938487e-02 -5.486542e-02 -1.176307e-03 -7.452090e-03 -1.361842e-02 1.401123e-02 -2.043675e-02 -3.467912e-02 2.344842e-02 -1.918313e-02 1.495059e-02 4.423891e-02 2.375393e-02 -3.996785e-02 -4.980702e-02 -4.041597e-04
<VARIANCE> 39
 4.544366e+01 4.166758e+01 2.677576e+01 3.940862e+01 6.904919e+01 5.822122e+01 2.500946e+01 1.054867e+02 5.586779e+01 3.932184e+01 2.032483e+01 2.385323e+01 2.046614e-02 1.441607e+00 1.956793e+00 1.863420e+00 2.694081e+00 4.223578e+00 5.002764e+00 2.168270e+00 3.458834e+00 3.893256e+00 5.479181e+00 3.147198e+00 2.923532e+00 1.671568e-03 2.651483e-01 2.307804e-01 2.245302e-01 3.906850e-01 7.426270e-01 7.203133e-01 3.736699e-01 3.570236e-01 7.081924e-01 1.038061e+00 6.935846e-01 5.326786e-01 2.239712e-04
<GCONST> 1.013782e+02
<STATE> 9
<MEAN> 39
 -2.073205e-08 -2.090482e-07 1.451243e-07 2.764273e-08 -1.900438e-07 4.975692e-07 5.528547e-08 1.589457e-07 -3.869983e-07 -5.528547e-08 -1.036603e-08 4.837478e-08 7.837229e-01 3.242357e-01 -9.374808e-02 -5.514070e-02 1.362729e-01 -2.848056e-01 1.282372e-01 -6.332622e-02 -8.502749e-02 -2.282642e-01 -2.005548e-01 2.938487e-02 -5.486542e-02 -1.176307e-03 -7.452090e-03 -1.361842e-02 1.401123e-02 -2.043675e-02 -3.467912e-02 2.344842e-02 -1.918313e-02 1.495059e-02 4.423891e-02 2.375393e-02 -3.996785e-02 -4.980702e-02 -4.041597e-04
<VARIANCE> 39
 4.544366e+01 4.166758e+01 2.677576e+01 3.940862e+01 6.904919e+01 5.822122e+01 2.500946e+01 1.054867e+02 5.586779e+01 3.932184e+01 2.032483e+01 2.385323e+01 2.046614e-02 1.441607e+00 1.956793e+00 1.863420e+00 2.694081e+00 4.223578e+00 5.002764e+00 2.168270e+00 3.458834e+00 3.893256e+00 5.479181e+00 3.147198e+00 2.923532e+00 1.671568e-03 2.651483e-01 2.307804e-01 2.245302e-01 3.906850e-01 7.426270e-01 7.203133e-01 3.736699e-01 3.570236e-01 7.081924e-01 1.038061e+00 6.935846e-01 5.326786e-01 2.239712e-04
<GCONST> 1.013782e+02
<TRANSP> 10
 0.000000e+00 1.000000e+00 0.000000e+00 0.000000e+00 0.000000e+00 0.000000e+00 0.000000e+00 0.000000e+00 0.000000e+00 0.000000e+00
 0.000000e+00 9.000000e-01 9.999999e-02 0.000000e+00 0.000000e+00 0.000000e+00 0.000000e+00 0.000000e+00 0.000000e+00 0.000000e+00
 0.000000e+00 0.000000e+00 9.000000e-01 9.999999e-02 0.000000e+00 0.000000e+00 0.000000e+00 0.000000e+00 0.000000e+00 0.000000e+00
 0.000000e+00 0.000000e+00 0.000000e+00 9.000000e-01 9.999999e-02 0.000000e+00 0.000000e+00 0.000000e+00 0.000000e+00 0.000000e+00
 0.000000e+00 0.000000e+00 0.000000e+00 0.000000e+00 9.000000e-01 9.999999e-02 0.000000e+00 0.000000e+00 0.000000e+00 0.000000e+00
 0.000000e+00 0.000000e+00 0.000000e+00 0.000000e+00 0.000000e+00 9.000000e-01 9.999999e-02 0.000000e+00 0.000000e+00 0.000000e+00
 0.000000e+00 0.000000e+00 0.000000e+00 0.000000e+00 0.000000e+00 0.000000e+00 9.000000e-01 9.999999e-02 0.000000e+00 0.000000e+00
 0.000000e+00 0.000000e+00 0.000000e+00 0.000000e+00 0.000000e+00 0.000000e+00 0.000000e+00 9.000000e-01 9.999999e-02 0.000000e+00
 0.000000e+00 0.000000e+00 0.000000e+00 0.000000e+00 0.000000e+00 0.000000e+00 0.000000e+00 0.000000e+00 9.000000e-01 9.999999e-02
 0.000000e+00 0.000000e+00 0.000000e+00 0.000000e+00 0.000000e+00 0.000000e+00 0.000000e+00 0.000000e+00 0.000000e+00 0.000000e+00
<ENDHMM>
