~o
<STREAMINFO> 1 39
<VECSIZE> 39<NULLD><MFCC_E_D_A_Z><DIAGC>
~h "s074"
<BEGINHMM>
<NUMSTATES> 10
<STATE> 2
<MEAN> 39
 -4.626032e-08 3.220430e-07 -9.963762e-08 -5.693578e-08 2.704450e-07 -1.708073e-07 7.116972e-09 -2.846789e-07 1.334432e-07 7.116972e-09 -2.063922e-07 -3.273807e-07 6.310790e-01 2.419448e-01 -1.747575e-01 7.593112e-02 -1.110239e-01 -8.972970e-02 1.882867e-01 1.430511e-06 2.379426e-04 -9.237104e-02 1.345569e-01 -2.135969e-02 -8.052938e-02 -1.758292e-03 -3.047987e-02 -1.986429e-02 -2.988081e-02 8.424861e-02 5.311988e-02 3.855594e-02 2.645612e-02 -5.927580e-03 4.148022e-02 3.233884e-02 6.296583e-02 6.452679e-02 -2.150515e-03
<VARIANCE> 39
 2.944092e+01 4.618878e+01 1.248246e+01 1.292864e+02 5.194621e+01 3.298567e+01 7.022274e+01 8.117034e+01 4.618900e+01 5.986694e+01 3.515666e+01 4.759843e+01 4.291449e-02 2.068630e+00 1.196688e+00 1.921243e+00 6.548391e+00 3.345895e+00 2.163790e+00 2.226579e+00 3.084087e+00 4.340901e+00 5.140110e+00 3.469229e+00 4.913826e+00 2.076597e-03 2.951058e-01 1.953309e-01 4.092280e-01 6.985559e-01 5.259763e-01 3.446974e-01 3.728878e-01 4.330916e-01 7.107905e-01 9.043834e-01 5.850940e-01 6.752274e-01 1.358301e-04
<GCONST> 1.037699e+02
<STATE> 3
<MEAN> 39
 -4.626032e-08 3.220430e-07 -9.963762e-08 -5.693578e-08 2.704450e-07 -1.708073e-07 7.116972e-09 -2.846789e-07 1.334432e-07 7.116972e-09 -2.063922e-07 -3.273807e-07 6.310790e-01 2.419448e-01 -1.747575e-01 7.593112e-02 -1.110239e-01 -8.972970e-02 1.882867e-01 1.430511e-06 2.379426e-04 -9.237104e-02 1.345569e-01 -2.135969e-02 -8.052938e-02 -1.758292e-03 -3.047987e-02 -1.986429e-02 -2.988081e-02 8.424861e-02 5.311988e-02 3.855594e-02 2.645612e-02 -5.927580e-03 4.148022e-02 3.233884e-02 6.296583e-02 6.452679e-02 -2.150515e-03
<VARIANCE> 39
 2.944092e+01 4.618878e+01 1.248246e+01 1.292864e+02 5.194621e+01 3.298567e+01 7.022274e+01 8.117034e+01 4.618900e+01 5.986694e+01 3.515666e+01 4.759843e+01 4.291449e-02 2.068630e+00 1.196688e+00 1.921243e+00 6.548391e+00 3.345895e+00 2.163790e+00 2.226579e+00 3.084087e+00 4.340901e+00 5.140110e+00 3.469229e+00 4.913826e+00 2.076597e-03 2.951058e-01 1.953309e-01 4.092280e-01 6.985559e-01 5.259763e-01 3.446974e-01 3.728878e-01 4.330916e-01 7.107905e-01 9.043834e-01 5.850940e-01 6.752274e-01 1.358301e-04
<GCONST> 1.037699e+02
<STATE> 4
<MEAN> 39
 -4.626032e-08 3.220430e-07 -9.963762e-08 -5.693578e-08 2.704450e-07 -1.708073e-07 7.116972e-09 -2.846789e-07 1.334432e-07 7.116972e-09 -2.063922e-07 -3.273807e-07 6.310790e-01 2.419448e-01 -1.747575e-01 7.593112e-02 -1.110239e-01 -8.972970e-02 1.882867e-01 1.430511e-06 2.379426e-04 -9.237104e-02 1.345569e-01 -2.135969e-02 -8.052938e-02 -1.758292e-03 -3.047987e-02 -1.986429e-02 -2.988081e-02 8.424861e-02 5.311988e-02 3.855594e-02 2.645612e-02 -5.927580e-03 4.148022e-02 3.233884e-02 6.296583e-02 6.452679e-02 -2.150515e-03
<VARIANCE> 39
 2.944092e+01 4.618878e+01 1.248246e+01 1.292864e+02 5.194621e+01 3.298567e+01 7.022274e+01 8.117034e+01 4.618900e+01 5.986694e+01 3.515666e+01 4.759843e+01 4.291449e-02 2.068630e+00 1.196688e+00 1.921243e+00 6.548391e+00 3.345895e+00 2.163790e+00 2.226579e+00 3.084087e+00 4.340901e+00 5.140110e+00 3.469229e+00 4.913826e+00 2.076597e-03 2.951058e-01 1.953309e-01 4.092280e-01 6.985559e-01 5.259763e-01 3.446974e-01 3.728878e-01 4.330916e-01 7.107905e-01 9.043834e-01 5.850940e-01 6.752274e-01 1.358301e-04
<GCONST> 1.037699e+02
<STATE> 5
<MEAN> 39
 -4.626032e-08 3.220430e-07 -9.963762e-08 -5.693578e-08 2.704450e-07 -1.708073e-07 7.116972e-09 -2.846789e-07 1.334432e-07 7.116972e-09 -2.063922e-07 -3.273807e-07 6.310790e-01 2.419448e-01 -1.747575e-01 7.593112e-02 -1.110239e-01 -8.972970e-02 1.882867e-01 1.430511e-06 2.379426e-04 -9.237104e-02 1.345569e-01 -2.135969e-02 -8.052938e-02 -1.758292e-03 -3.047987e-02 -1.986429e-02 -2.988081e-02 8.424861e-02 5.311988e-02 3.855594e-02 2.645612e-02 -5.927580e-03 4.148022e-02 3.233884e-02 6.296583e-02 6.452679e-02 -2.150515e-03
<VARIANCE> 39
 2.944092e+01 4.618878e+01 1.248246e+01 1.292864e+02 5.194621e+01 3.298567e+01 7.022274e+01 8.117034e+01 4.618900e+01 5.986694e+01 3.515666e+01 4.759843e+01 4.291449e-02 2.068630e+00 1.196688e+00 1.921243e+00 6.548391e+00 3.345895e+00 2.163790e+00 2.226579e+00 3.084087e+00 4.340901e+00 5.140110e+00 3.469229e+00 4.913826e+00 2.076597e-03 2.951058e-01 1.953309e-01 4.092280e-01 6.985559e-01 5.259763e-01 3.446974e-01 3.728878e-01 4.330916e-01 7.107905e-01 9.043834e-01 5.850940e-01 6.752274e-01 1.358301e-04
<GCONST> 1.037699e+02
<STATE> 6
<MEAN> 39
 -4.626032e-08 3.220430e-07 -9.963762e-08 -5.693578e-08 2.704450e-07 -1.708073e-07 7.116972e-09 -2.846789e-07 1.334432e-07 7.116972e-09 -2.063922e-07 -3.273807e-07 6.310790e-01 2.419448e-01 -1.747575e-01 7.593112e-02 -1.110239e-01 -8.972970e-02 1.882867e-01 1.430511e-06 2.379426e-04 -9.237104e-02 1.345569e-01 -2.135969e-02 -8.052938e-02 -1.758292e-03 -3.047987e-02 -1.986429e-02 -2.988081e-02 8.424861e-02 5.311988e-02 3.855594e-02 2.645612e-02 -5.927580e-03 4.148022e-02 3.233884e-02 6.296583e-02 6.452679e-02 -2.150515e-03
<VARIANCE> 39
 2.944092e+01 4.618878e+01 1.248246e+01 1.292864e+02 5.194621e+01 3.298567e+01 7.022274e+01 8.117034e+01 4.618900e+01 5.986694e+01 3.515666e+01 4.759843e+01 4.291449e-02 2.068630e+00 1.196688e+00 1.921243e+00 6.548391e+00 3.345895e+00 2.163790e+00 2.226579e+00 3.084087e+00 4.340901e+00 5.140110e+00 3.469229e+00 4.913826e+00 2.076597e-03 2.951058e-01 1.953309e-01 4.092280e-01 6.985559e-01 5.259763e-01 3.446974e-01 3.728878e-01 4.330916e-01 7.107905e-01 9.043834e-01 5.850940e-01 6.752274e-01 1.358301e-04
<GCONST> 1.037699e+02
<STATE> 7
<MEAN> 39
 -4.626032e-08 3.220430e-07 -9.963762e-08 -5.693578e-08 2.704450e-07 -1.708073e-07 7.116972e-09 -2.846789e-07 1.334432e-07 7.116972e-09 -2.063922e-07 -3.273807e-07 6.310790e-01 2.419448e-01 -1.747575e-01 7.593112e-02 -1.110239e-01 -8.972970e-02 1.882867e-01 1.430511e-06 2.379426e-04 -9.237104e-02 1.345569e-01 -2.135969e-02 -8.052938e-02 -1.758292e-03 -3.047987e-02 -1.986429e-02 -2.988081e-02 8.424861e-02 5.311988e-02 3.855594e-02 2.645612e-02 -5.927580e-03 4.148022e-02 3.233884e-02 6.296583e-02 6.452679e-02 -2.150515e-03
<VARIANCE> 39
 2.944092e+01 4.618878e+01 1.248246e+01 1.292864e+02 5.194621e+01 3.298567e+01 7.022274e+01 8.117034e+01 4.618900e+01 5.986694e+01 3.515666e+01 4.759843e+01 4.291449e-02 2.068630e+00 1.196688e+00 1.921243e+00 6.548391e+00 3.345895e+00 2.163790e+00 2.226579e+00 3.084087e+00 4.340901e+00 5.140110e+00 3.469229e+00 4.913826e+00 2.076597e-03 2.951058e-01 1.953309e-01 4.092280e-01 6.985559e-01 5.259763e-01 3.446974e-01 3.728878e-01 4.330916e-01 7.107905e-01 9.043834e-01 5.850940e-01 6.752274e-01 1.358301e-04
<GCONST> 1.037699e+02
<STATE> 8
<MEAN> 39
 -4.626032e-08 3.220430e-07 -9.963762e-08 -5.693578e-08 2.704450e-07 -1.708073e-07 7.116972e-09 -2.846789e-07 1.334432e-07 7.116972e-09 -2.063922e-07 -3.273807e-07 6.310790e-01 2.419448e-01 -1.747575e-01 7.593112e-02 -1.110239e-01 -8.972970e-02 1.882867e-01 1.430511e-06 2.379426e-04 -9.237104e-02 1.345569e-01 -2.135969e-02 -8.052938e-02 -1.758292e-03 -3.047987e-02 -1.986429e-02 -2.988081e-02 8.424861e-02 5.311988e-02 3.855594e-02 2.645612e-02 -5.927580e-03 4.148022e-02 3.233884e-02 6.296583e-02 6.452679e-02 -2.150515e-03
<VARIANCE> 39
 2.944092e+01 4.618878e+01 1.248246e+01 1.292864e+02 5.194621e+01 3.298567e+01 7.022274e+01 8.117034e+01 4.618900e+01 5.986694e+01 3.515666e+01 4.759843e+01 4.291449e-02 2.068630e+00 1.196688e+00 1.921243e+00 6.548391e+00 3.345895e+00 2.163790e+00 2.226579e+00 3.084087e+00 4.340901e+00 5.140110e+00 3.469229e+00 4.913826e+00 2.076597e-03 2.951058e-01 1.953309e-01 4.092280e-01 6.985559e-01 5.259763e-01 3.446974e-01 3.728878e-01 4.330916e-01 7.107905e-01 9.043834e-01 5.850940e-01 6.752274e-01 1.358301e-04
<GCONST> 1.037699e+02
<STATE> 9
<MEAN> 39
 -4.626032e-08 3.220430e-07 -9.963762e-08 -5.693578e-08 2.704450e-07 -1.708073e-07 7.116972e-09 -2.846789e-07 1.334432e-07 7.116972e-09 -2.063922e-07 -3.273807e-07 6.310790e-01 2.419448e-01 -1.747575e-01 7.593112e-02 -1.110239e-01 -8.972970e-02 1.882867e-01 1.430511e-06 2.379426e-04 -9.237104e-02 1.345569e-01 -2.135969e-02 -8.052938e-02 -1.758292e-03 -3.047987e-02 -1.986429e-02 -2.988081e-02 8.424861e-02 5.311988e-02 3.855594e-02 2.645612e-02 -5.927580e-03 4.148022e-02 3.233884e-02 6.296583e-02 6.452679e-02 -2.150515e-03
<VARIANCE> 39
 2.944092e+01 4.618878e+01 1.248246e+01 1.292864e+02 5.194621e+01 3.298567e+01 7.022274e+01 8.117034e+01 4.618900e+01 5.986694e+01 3.515666e+01 4.759843e+01 4.291449e-02 2.068630e+00 1.196688e+00 1.921243e+00 6.548391e+00 3.345895e+00 2.163790e+00 2.226579e+00 3.084087e+00 4.340901e+00 5.140110e+00 3.469229e+00 4.913826e+00 2.076597e-03 2.951058e-01 1.953309e-01 4.092280e-01 6.985559e-01 5.259763e-01 3.446974e-01 3.728878e-01 4.330916e-01 7.107905e-01 9.043834e-01 5.850940e-01 6.752274e-01 1.358301e-04
<GCONST> 1.037699e+02
<TRANSP> 10
 0.000000e+00 1.000000e+00 0.000000e+00 0.000000e+00 0.000000e+00 0.000000e+00 0.000000e+00 0.000000e+00 0.000000e+00 0.000000e+00
 0.000000e+00 9.000000e-01 9.999999e-02 0.000000e+00 0.000000e+00 0.000000e+00 0.000000e+00 0.000000e+00 0.000000e+00 0.000000e+00
 0.000000e+00 0.000000e+00 9.000000e-01 9.999999e-02 0.000000e+00 0.000000e+00 0.000000e+00 0.000000e+00 0.000000e+00 0.000000e+00
 0.000000e+00 0.000000e+00 0.000000e+00 9.000000e-01 9.999999e-02 0.000000e+00 0.000000e+00 0.000000e+00 0.000000e+00 0.000000e+00
 0.000000e+00 0.000000e+00 0.000000e+00 0.000000e+00 9.000000e-01 9.999999e-02 0.000000e+00 0.000000e+00 0.000000e+00 0.000000e+00
 0.000000e+00 0.000000e+00 0.000000e+00 0.000000e+00 0.000000e+00 9.000000e-01 9.999999e-02 0.000000e+00 0.000000e+00 0.000000e+00
 0.000000e+00 0.000000e+00 0.000000e+00 0.000000e+00 0.000000e+00 0.000000e+00 9.000000e-01 9.999999e-02 0.000000e+00 0.000000e+00
 0.000000e+00 0.000000e+00 0.000000e+00 0.000000e+00 0.000000e+00 0.000000e+00 0.000000e+00 9.000000e-01 9.999999e-02 0.000000e+00
 0.000000e+00 0.000000e+00 0.000000e+00 0.000000e+00 0.000000e+00 0.000000e+00 0.000000e+00 0.000000e+00 9.000000e-01 9.999999e-02
 0.000000e+00 0.000000e+00 0.000000e+00 0.000000e+00 0.000000e+00 0.000000e+00 0.000000e+00 0.000000e+00 0.000000e+00 0.000000e+00
<ENDHMM>
