~o
<STREAMINFO> 1 39
<VECSIZE> 39<NULLD><MFCC_E_D_A_Z><DIAGC>
~h "s075"
<BEGINHMM>
<NUMSTATES> 10
<STATE> 2
<MEAN> 39
 4.218175e-07 9.169945e-07 9.169946e-09 5.135170e-07 2.475885e-07 7.335957e-08 -3.667978e-08 -6.235563e-07 -1.650590e-07 1.833989e-08 -4.401574e-07 7.335957e-08 7.531392e-01 3.401888e-01 1.985034e-01 -2.925141e-02 -1.247278e-01 -1.636491e-01 -1.645139e-01 -6.903613e-02 -1.457152e-01 -3.221908e-01 2.616895e-01 -2.296877e-01 9.402458e-02 3.652428e-03 1.812663e-02 3.400164e-03 -2.758275e-02 -5.675062e-03 -1.178740e-02 7.895509e-03 -8.842172e-02 3.475228e-02 -2.146004e-02 1.141174e-02 2.529053e-03 -2.307210e-02 -1.166486e-03
<VARIANCE> 39
 3.791267e+01 9.503754e+01 1.239892e+01 5.766467e+01 2.298053e+01 7.785707e+01 2.318420e+01 3.340294e+01 3.550352e+01 4.859867e+01 4.827934e+01 3.392577e+01 3.101699e-02 1.769852e+00 2.887329e+00 1.317376e+00 3.384616e+00 2.344776e+00 5.212651e+00 2.630469e+00 3.132937e+00 4.936762e+00 2.765379e+00 2.197545e+00 3.346633e+00 2.058003e-03 3.538906e-01 3.765653e-01 1.969184e-01 4.332339e-01 4.839082e-01 1.009867e+00 5.300379e-01 5.748082e-01 9.190324e-01 5.611798e-01 3.526911e-01 7.274004e-01 1.824558e-04
<GCONST> 1.011105e+02
<STATE> 3
<MEAN> 39
 4.218175e-07 9.169945e-07 9.169946e-09 5.135170e-07 2.475885e-07 7.335957e-08 -3.667978e-08 -6.235563e-07 -1.650590e-07 1.833989e-08 -4.401574e-07 7.335957e-08 7.531392e-01 3.401888e-01 1.985034e-01 -2.925141e-02 -1.247278e-01 -1.636491e-01 -1.645139e-01 -6.903613e-02 -1.457152e-01 -3.221908e-01 2.616895e-01 -2.296877e-01 9.402458e-02 3.652428e-03 1.812663e-02 3.400164e-03 -2.758275e-02 -5.675062e-03 -1.178740e-02 7.895509e-03 -8.842172e-02 3.475228e-02 -2.146004e-02 1.141174e-02 2.529053e-03 -2.307210e-02 -1.166486e-03
<VARIANCE> 39
 3.791267e+01 9.503754e+01 1.239892e+01 5.766467e+01 2.298053e+01 7.785707e+01 2.318420e+01 3.340294e+01 3.550352e+01 4.859867e+01 4.827934e+01 3.392577e+01 3.101699e-02 1.769852e+00 2.887329e+00 1.317376e+00 3.384616e+00 2.344776e+00 5.212651e+00 2.630469e+00 3.132937e+00 4.936762e+00 2.765379e+00 2.197545e+00 3.346633e+00 2.058003e-03 3.538906e-01 3.765653e-01 1.969184e-01 4.332339e-01 4.839082e-01 1.009867e+00 5.300379e-01 5.748082e-01 9.190324e-01 5.611798e-01 3.526911e-01 7.274004e-01 1.824558e-04
<GCONST> 1.011105e+02
<STATE> 4
<MEAN> 39
 4.218175e-07 9.169945e-07 9.169946e-09 5.135170e-07 2.475885e-07 7.335957e-08 -3.667978e-08 -6.235563e-07 -1.650590e-07 1.833989e-08 -4.401574e-07 7.335957e-08 7.531392e-01 3.401888e-01 1.985034e-01 -2.925141e-02 -1.247278e-01 -1.636491e-01 -1.645139e-01 -6.903613e-02 -1.457152e-01 -3.221908e-01 2.616895e-01 -2.296877e-01 9.402458e-02 3.652428e-03 1.812663e-02 3.400164e-03 -2.758275e-02 -5.675062e-03 -1.178740e-02 7.895509e-03 -8.842172e-02 3.475228e-02 -2.146004e-02 1.141174e-02 2.529053e-03 -2.307210e-02 -1.166486e-03
<VARIANCE> 39
 3.791267e+01 9.503754e+01 1.239892e+01 5.766467e+01 2.298053e+01 7.785707e+01 2.318420e+01 3.340294e+01 3.550352e+01 4.859867e+01 4.827934e+01 3.392577e+01 3.101699e-02 1.769852e+00 2.887329e+00 1.317376e+00 3.384616e+00 2.344776e+00 5.212651e+00 2.630469e+00 3.132937e+00 4.936762e+00 2.765379e+00 2.197545e+00 3.346633e+00 2.058003e-03 3.538906e-01 3.765653e-01 1.969184e-01 4.332339e-01 4.839082e-01 1.009867e+00 5.300379e-01 5.748082e-01 9.190324e-01 5.611798e-01 3.526911e-01 7.274004e-01 1.824558e-04
<GCONST> 1.011105e+02
<STATE> 5
<MEAN> 39
 4.218175e-07 9.169945e-07 9.169946e-09 5.135170e-07 2.475885e-07 7.335957e-08 -3.667978e-08 -6.235563e-07 -1.650590e-07 1.833989e-08 -4.401574e-07 7.335957e-08 7.531392e-01 3.401888e-01 1.985034e-01 -2.925141e-02 -1.247278e-01 -1.636491e-01 -1.645139e-01 -6.903613e-02 -1.457152e-01 -3.221908e-01 2.616895e-01 -2.296877e-01 9.402458e-02 3.652428e-03 1.812663e-02 3.400164e-03 -2.758275e-02 -5.675062e-03 -1.178740e-02 7.895509e-03 -8.842172e-02 3.475228e-02 -2.146004e-02 1.141174e-02 2.529053e-03 -2.307210e-02 -1.166486e-03
<VARIANCE> 39
 3.791267e+01 9.503754e+01 1.239892e+01 5.766467e+01 2.298053e+01 7.785707e+01 2.318420e+01 3.340294e+01 3.550352e+01 4.859867e+01 4.827934e+01 3.392577e+01 3.101699e-02 1.769852e+00 2.887329e+00 1.317376e+00 3.384616e+00 2.344776e+00 5.212651e+00 2.630469e+00 3.132937e+00 4.936762e+00 2.765379e+00 2.197545e+00 3.346633e+00 2.058003e-03 3.538906e-01 3.765653e-01 1.969184e-01 4.332339e-01 4.839082e-01 1.009867e+00 5.300379e-01 5.748082e-01 9.190324e-01 5.611798e-01 3.526911e-01 7.274004e-01 1.824558e-04
<GCONST> 1.011105e+02
<STATE> 6
<MEAN> 39
 4.218175e-07 9.169945e-07 9.169946e-09 5.135170e-07 2.475885e-07 7.335957e-08 -3.667978e-08 -6.235563e-07 -1.650590e-07 1.833989e-08 -4.401574e-07 7.335957e-08 7.531392e-01 3.401888e-01 1.985034e-01 -2.925141e-02 -1.247278e-01 -1.636491e-01 -1.645139e-01 -6.903613e-02 -1.457152e-01 -3.221908e-01 2.616895e-01 -2.296877e-01 9.402458e-02 3.652428e-03 1.812663e-02 3.400164e-03 -2.758275e-02 -5.675062e-03 -1.178740e-02 7.895509e-03 -8.842172e-02 3.475228e-02 -2.146004e-02 1.141174e-02 2.529053e-03 -2.307210e-02 -1.166486e-03
<VARIANCE> 39
 3.791267e+01 9.503754e+01 1.239892e+01 5.766467e+01 2.298053e+01 7.785707e+01 2.318420e+01 3.340294e+01 3.550352e+01 4.859867e+01 4.827934e+01 3.392577e+01 3.101699e-02 1.769852e+00 2.887329e+00 1.317376e+00 3.384616e+00 2.344776e+00 5.212651e+00 2.630469e+00 3.132937e+00 4.936762e+00 2.765379e+00 2.197545e+00 3.346633e+00 2.058003e-03 3.538906e-01 3.765653e-01 1.969184e-01 4.332339e-01 4.839082e-01 1.009867e+00 5.300379e-01 5.748082e-01 9.190324e-01 5.611798e-01 3.526911e-01 7.274004e-01 1.824558e-04
<GCONST> 1.011105e+02
<STATE> 7
<MEAN> 39
 4.218175e-07 9.169945e-07 9.169946e-09 5.135170e-07 2.475885e-07 7.335957e-08 -3.667978e-08 -6.235563e-07 -1.650590e-07 1.833989e-08 -4.401574e-07 7.335957e-08 7.531392e-01 3.401888e-01 1.985034e-01 -2.925141e-02 -1.247278e-01 -1.636491e-01 -1.645139e-01 -6.903613e-02 -1.457152e-01 -3.221908e-01 2.616895e-01 -2.296877e-01 9.402458e-02 3.652428e-03 1.812663e-02 3.400164e-03 -2.758275e-02 -5.675062e-03 -1.178740e-02 7.895509e-03 -8.842172e-02 3.475228e-02 -2.146004e-02 1.141174e-02 2.529053e-03 -2.307210e-02 -1.166486e-03
<VARIANCE> 39
 3.791267e+01 9.503754e+01 1.239892e+01 5.766467e+01 2.298053e+01 7.785707e+01 2.318420e+01 3.340294e+01 3.550352e+01 4.859867e+01 4.827934e+01 3.392577e+01 3.101699e-02 1.769852e+00 2.887329e+00 1.317376e+00 3.384616e+00 2.344776e+00 5.212651e+00 2.630469e+00 3.132937e+00 4.936762e+00 2.765379e+00 2.197545e+00 3.346633e+00 2.058003e-03 3.538906e-01 3.765653e-01 1.969184e-01 4.332339e-01 4.839082e-01 1.009867e+00 5.300379e-01 5.748082e-01 9.190324e-01 5.611798e-01 3.526911e-01 7.274004e-01 1.824558e-04
<GCONST> 1.011105e+02
<STATE> 8
<MEAN> 39
 4.218175e-07 9.169945e-07 9.169946e-09 5.135170e-07 2.475885e-07 7.335957e-08 -3.667978e-08 -6.235563e-07 -1.650590e-07 1.833989e-08 -4.401574e-07 7.335957e-08 7.531392e-01 3.401888e-01 1.985034e-01 -2.925141e-02 -1.247278e-01 -1.636491e-01 -1.645139e-01 -6.903613e-02 -1.457152e-01 -3.221908e-01 2.616895e-01 -2.296877e-01 9.402458e-02 3.652428e-03 1.812663e-02 3.400164e-03 -2.758275e-02 -5.675062e-03 -1.178740e-02 7.895509e-03 -8.842172e-02 3.475228e-02 -2.146004e-02 1.141174e-02 2.529053e-03 -2.307210e-02 -1.166486e-03
<VARIANCE> 39
 3.791267e+01 9.503754e+01 1.239892e+01 5.766467e+01 2.298053e+01 7.785707e+01 2.318420e+01 3.340294e+01 3.550352e+01 4.859867e+01 4.827934e+01 3.392577e+01 3.101699e-02 1.769852e+00 2.887329e+00 1.317376e+00 3.384616e+00 2.344776e+00 5.212651e+00 2.630469e+00 3.132937e+00 4.936762e+00 2.765379e+00 2.197545e+00 3.346633e+00 2.058003e-03 3.538906e-01 3.765653e-01 1.969184e-01 4.332339e-01 4.839082e-01 1.009867e+00 5.300379e-01 5.748082e-01 9.190324e-01 5.611798e-01 3.526911e-01 7.274004e-01 1.824558e-04
<GCONST> 1.011105e+02
<STATE> 9
<MEAN> 39
 4.218175e-07 9.169945e-07 9.169946e-09 5.135170e-07 2.475885e-07 7.335957e-08 -3.667978e-08 -6.235563e-07 -1.650590e-07 1.833989e-08 -4.401574e-07 7.335957e-08 7.531392e-01 3.401888e-01 1.985034e-01 -2.925141e-02 -1.247278e-01 -1.636491e-01 -1.645139e-01 -6.903613e-02 -1.457152e-01 -3.221908e-01 2.616895e-01 -2.296877e-01 9.402458e-02 3.652428e-03 1.812663e-02 3.400164e-03 -2.758275e-02 -5.675062e-03 -1.178740e-02 7.895509e-03 -8.842172e-02 3.475228e-02 -2.146004e-02 1.141174e-02 2.529053e-03 -2.307210e-02 -1.166486e-03
<VARIANCE> 39
 3.791267e+01 9.503754e+01 1.239892e+01 5.766467e+01 2.298053e+01 7.785707e+01 2.318420e+01 3.340294e+01 3.550352e+01 4.859867e+01 4.827934e+01 3.392577e+01 3.101699e-02 1.769852e+00 2.887329e+00 1.317376e+00 3.384616e+00 2.344776e+00 5.212651e+00 2.630469e+00 3.132937e+00 4.936762e+00 2.765379e+00 2.197545e+00 3.346633e+00 2.058003e-03 3.538906e-01 3.765653e-01 1.969184e-01 4.332339e-01 4.839082e-01 1.009867e+00 5.300379e-01 5.748082e-01 9.190324e-01 5.611798e-01 3.526911e-01 7.274004e-01 1.824558e-04
<GCONST> 1.011105e+02
<TRANSP> 10
 0.000000e+00 1.000000e+00 0.000000e+00 0.000000e+00 0.000000e+00 0.000000e+00 0.000000e+00 0.000000e+00 0.000000e+00 0.000000e+00
 0.000000e+00 9.000000e-01 9.999999e-02 0.000000e+00 0.000000e+00 0.000000e+00 0.000000e+00 0.000000e+00 0.000000e+00 0.000000e+00
 0.000000e+00 0.000000e+00 9.000000e-01 9.999999e-02 0.000000e+00 0.000000e+00 0.000000e+00 0.000000e+00 0.000000e+00 0.000000e+00
 0.000000e+00 0.000000e+00 0.000000e+00 9.000000e-01 9.999999e-02 0.000000e+00 0.000000e+00 0.000000e+00 0.000000e+00 0.000000e+00
 0.000000e+00 0.000000e+00 0.000000e+00 0.000000e+00 9.000000e-01 9.999999e-02 0.000000e+00 0.000000e+00 0.000000e+00 0.000000e+00
 0.000000e+00 0.000000e+00 0.000000e+00 0.000000e+00 0.000000e+00 9.000000e-01 9.999999e-02 0.000000e+00 0.000000e+00 0.000000e+00
 0.000000e+00 0.000000e+00 0.000000e+00 0.000000e+00 0.000000e+00 0.000000e+00 9.000000e-01 9.999999e-02 0.000000e+00 0.000000e+00
 0.000000e+00 0.000000e+00 0.000000e+00 0.000000e+00 0.000000e+00 0.000000e+00 0.000000e+00 9.000000e-01 9.999999e-02 0.000000e+00
 0.000000e+00 0.000000e+00 0.000000e+00 0.000000e+00 0.000000e+00 0.000000e+00 0.000000e+00 0.000000e+00 9.000000e-01 9.999999e-02
 0.000000e+00 0.000000e+00 0.000000e+00 0.000000e+00 0.000000e+00 0.000000e+00 0.000000e+00 0.000000e+00 0.000000e+00 0.000000e+00
<ENDHMM>
