~o
<STREAMINFO> 1 39
<VECSIZE> 39<NULLD><MFCC_E_D_A_Z><DIAGC>
~h "s076"
<BEGINHMM>
<NUMSTATES> 10
<STATE> 2
<MEAN> 39
 2.326035e-08 -5.815087e-09 -4.652070e-07 6.978104e-08 0.000000e+00 -3.721656e-07 1.075791e-07 1.395621e-07 -2.209733e-07 1.744526e-07 -5.815087e-08 -3.489052e-08 8.133736e-01 -2.154888e-01 -1.055488e-01 5.760972e-01 -2.460667e-01 1.640689e-01 1.028559e-01 -1.075120e-01 1.596739e-01 -3.878489e-01 -2.166549e-02 -8.093691e-03 9.075688e-02 -6.257280e-03 2.620775e-03 3.566413e-02 1.029651e-01 5.350329e-02 -1.477047e-02 3.237896e-02 9.254660e-03 7.399783e-02 1.910625e-02 -7.272767e-02 -7.381687e-02 9.630763e-04 -1.178374e-03
<VARIANCE> 39
 1.360579e+01 9.035197e+00 1.320658e+02 3.343555e+01 2.573808e+01 1.197066e+02 3.854156e+01 2.125211e+01 5.868154e+01 3.423206e+01 2.607539e+01 1.838603e+01 2.405168e-02 7.218413e-01 1.137224e+00 1.640968e+00 2.100446e+00 2.962831e+00 4.978238e+00 5.544168e+00 2.870362e+00 2.512339e+00 3.831321e+00 2.642858e+00 2.251267e+00 5.746158e-04 1.071981e-01 1.851288e-01 1.342772e-01 3.289858e-01 5.713392e-01 6.522910e-01 1.178364e+00 5.827305e-01 4.303280e-01 8.362004e-01 4.371546e-01 5.146791e-01 3.993031e-05
<GCONST> 9.171327e+01
<STATE> 3
<MEAN> 39
 2.326035e-08 -5.815087e-09 -4.652070e-07 6.978104e-08 0.000000e+00 -3.721656e-07 1.075791e-07 1.395621e-07 -2.209733e-07 1.744526e-07 -5.815087e-08 -3.489052e-08 8.133736e-01 -2.154888e-01 -1.055488e-01 5.760972e-01 -2.460667e-01 1.640689e-01 1.028559e-01 -1.075120e-01 1.596739e-01 -3.878489e-01 -2.166549e-02 -8.093691e-03 9.075688e-02 -6.257280e-03 2.620775e-03 3.566413e-02 1.029651e-01 5.350329e-02 -1.477047e-02 3.237896e-02 9.254660e-03 7.399783e-02 1.910625e-02 -7.272767e-02 -7.381687e-02 9.630763e-04 -1.178374e-03
<VARIANCE> 39
 1.360579e+01 9.035197e+00 1.320658e+02 3.343555e+01 2.573808e+01 1.197066e+02 3.854156e+01 2.125211e+01 5.868154e+01 3.423206e+01 2.607539e+01 1.838603e+01 2.405168e-02 7.218413e-01 1.137224e+00 1.640968e+00 2.100446e+00 2.962831e+00 4.978238e+00 5.544168e+00 2.870362e+00 2.512339e+00 3.831321e+00 2.642858e+00 2.251267e+00 5.746158e-04 1.071981e-01 1.851288e-01 1.342772e-01 3.289858e-01 5.713392e-01 6.522910e-01 1.178364e+00 5.827305e-01 4.303280e-01 8.362004e-01 4.371546e-01 5.146791e-01 3.993031e-05
<GCONST> 9.171327e+01
<STATE> 4
<MEAN> 39
 2.326035e-08 -5.815087e-09 -4.652070e-07 6.978104e-08 0.000000e+00 -3.721656e-07 1.075791e-07 1.395621e-07 -2.209733e-07 1.744526e-07 -5.815087e-08 -3.489052e-08 8.133736e-01 -2.154888e-01 -1.055488e-01 5.760972e-01 -2.460667e-01 1.640689e-01 1.028559e-01 -1.075120e-01 1.596739e-01 -3.878489e-01 -2.166549e-02 -8.093691e-03 9.075688e-02 -6.257280e-03 2.620775e-03 3.566413e-02 1.029651e-01 5.350329e-02 -1.477047e-02 3.237896e-02 9.254660e-03 7.399783e-02 1.910625e-02 -7.272767e-02 -7.381687e-02 9.630763e-04 -1.178374e-03
<VARIANCE> 39
 1.360579e+01 9.035197e+00 1.320658e+02 3.343555e+01 2.573808e+01 1.197066e+02 3.854156e+01 2.125211e+01 5.868154e+01 3.423206e+01 2.607539e+01 1.838603e+01 2.405168e-02 7.218413e-01 1.137224e+00 1.640968e+00 2.100446e+00 2.962831e+00 4.978238e+00 5.544168e+00 2.870362e+00 2.512339e+00 3.831321e+00 2.642858e+00 2.251267e+00 5.746158e-04 1.071981e-01 1.851288e-01 1.342772e-01 3.289858e-01 5.713392e-01 6.522910e-01 1.178364e+00 5.827305e-01 4.303280e-01 8.362004e-01 4.371546e-01 5.146791e-01 3.993031e-05
<GCONST> 9.171327e+01
<STATE> 5
<MEAN> 39
 2.326035e-08 -5.815087e-09 -4.652070e-07 6.978104e-08 0.000000e+00 -3.721656e-07 1.075791e-07 1.395621e-07 -2.209733e-07 1.744526e-07 -5.815087e-08 -3.489052e-08 8.133736e-01 -2.154888e-01 -1.055488e-01 5.760972e-01 -2.460667e-01 1.640689e-01 1.028559e-01 -1.075120e-01 1.596739e-01 -3.878489e-01 -2.166549e-02 -8.093691e-03 9.075688e-02 -6.257280e-03 2.620775e-03 3.566413e-02 1.029651e-01 5.350329e-02 -1.477047e-02 3.237896e-02 9.254660e-03 7.399783e-02 1.910625e-02 -7.272767e-02 -7.381687e-02 9.630763e-04 -1.178374e-03
<VARIANCE> 39
 1.360579e+01 9.035197e+00 1.320658e+02 3.343555e+01 2.573808e+01 1.197066e+02 3.854156e+01 2.125211e+01 5.868154e+01 3.423206e+01 2.607539e+01 1.838603e+01 2.405168e-02 7.218413e-01 1.137224e+00 1.640968e+00 2.100446e+00 2.962831e+00 4.978238e+00 5.544168e+00 2.870362e+00 2.512339e+00 3.831321e+00 2.642858e+00 2.251267e+00 5.746158e-04 1.071981e-01 1.851288e-01 1.342772e-01 3.289858e-01 5.713392e-01 6.522910e-01 1.178364e+00 5.827305e-01 4.303280e-01 8.362004e-01 4.371546e-01 5.146791e-01 3.993031e-05
<GCONST> 9.171327e+01
<STATE> 6
<MEAN> 39
 2.326035e-08 -5.815087e-09 -4.652070e-07 6.978104e-08 0.000000e+00 -3.721656e-07 1.075791e-07 1.395621e-07 -2.209733e-07 1.744526e-07 -5.815087e-08 -3.489052e-08 8.133736e-01 -2.154888e-01 -1.055488e-01 5.760972e-01 -2.460667e-01 1.640689e-01 1.028559e-01 -1.075120e-01 1.596739e-01 -3.878489e-01 -2.166549e-02 -8.093691e-03 9.075688e-02 -6.257280e-03 2.620775e-03 3.566413e-02 1.029651e-01 5.350329e-02 -1.477047e-02 3.237896e-02 9.254660e-03 7.399783e-02 1.910625e-02 -7.272767e-02 -7.381687e-02 9.630763e-04 -1.178374e-03
<VARIANCE> 39
 1.360579e+01 9.035197e+00 1.320658e+02 3.343555e+01 2.573808e+01 1.197066e+02 3.854156e+01 2.125211e+01 5.868154e+01 3.423206e+01 2.607539e+01 1.838603e+01 2.405168e-02 7.218413e-01 1.137224e+00 1.640968e+00 2.100446e+00 2.962831e+00 4.978238e+00 5.544168e+00 2.870362e+00 2.512339e+00 3.831321e+00 2.642858e+00 2.251267e+00 5.746158e-04 1.071981e-01 1.851288e-01 1.342772e-01 3.289858e-01 5.713392e-01 6.522910e-01 1.178364e+00 5.827305e-01 4.303280e-01 8.362004e-01 4.371546e-01 5.146791e-01 3.993031e-05
<GCONST> 9.171327e+01
<STATE> 7
<MEAN> 39
 2.326035e-08 -5.815087e-09 -4.652070e-07 6.978104e-08 0.000000e+00 -3.721656e-07 1.075791e-07 1.395621e-07 -2.209733e-07 1.744526e-07 -5.815087e-08 -3.489052e-08 8.133736e-01 -2.154888e-01 -1.055488e-01 5.760972e-01 -2.460667e-01 1.640689e-01 1.028559e-01 -1.075120e-01 1.596739e-01 -3.878489e-01 -2.166549e-02 -8.093691e-03 9.075688e-02 -6.257280e-03 2.620775e-03 3.566413e-02 1.029651e-01 5.350329e-02 -1.477047e-02 3.237896e-02 9.254660e-03 7.399783e-02 1.910625e-02 -7.272767e-02 -7.381687e-02 9.630763e-04 -1.178374e-03
<VARIANCE> 39
 1.360579e+01 9.035197e+00 1.320658e+02 3.343555e+01 2.573808e+01 1.197066e+02 3.854156e+01 2.125211e+01 5.868154e+01 3.423206e+01 2.607539e+01 1.838603e+01 2.405168e-02 7.218413e-01 1.137224e+00 1.640968e+00 2.100446e+00 2.962831e+00 4.978238e+00 5.544168e+00 2.870362e+00 2.512339e+00 3.831321e+00 2.642858e+00 2.251267e+00 5.746158e-04 1.071981e-01 1.851288e-01 1.342772e-01 3.289858e-01 5.713392e-01 6.522910e-01 1.178364e+00 5.827305e-01 4.303280e-01 8.362004e-01 4.371546e-01 5.146791e-01 3.993031e-05
<GCONST> 9.171327e+01
<STATE> 8
<MEAN> 39
 2.326035e-08 -5.815087e-09 -4.652070e-07 6.978104e-08 0.000000e+00 -3.721656e-07 1.075791e-07 1.395621e-07 -2.209733e-07 1.744526e-07 -5.815087e-08 -3.489052e-08 8.133736e-01 -2.154888e-01 -1.055488e-01 5.760972e-01 -2.460667e-01 1.640689e-01 1.028559e-01 -1.075120e-01 1.596739e-01 -3.878489e-01 -2.166549e-02 -8.093691e-03 9.075688e-02 -6.257280e-03 2.620775e-03 3.566413e-02 1.029651e-01 5.350329e-02 -1.477047e-02 3.237896e-02 9.254660e-03 7.399783e-02 1.910625e-02 -7.272767e-02 -7.381687e-02 9.630763e-04 -1.178374e-03
<VARIANCE> 39
 1.360579e+01 9.035197e+00 1.320658e+02 3.343555e+01 2.573808e+01 1.197066e+02 3.854156e+01 2.125211e+01 5.868154e+01 3.423206e+01 2.607539e+01 1.838603e+01 2.405168e-02 7.218413e-01 1.137224e+00 1.640968e+00 2.100446e+00 2.962831e+00 4.978238e+00 5.544168e+00 2.870362e+00 2.512339e+00 3.831321e+00 2.642858e+00 2.251267e+00 5.746158e-04 1.071981e-01 1.851288e-01 1.342772e-01 3.289858e-01 5.713392e-01 6.522910e-01 1.178364e+00 5.827305e-01 4.303280e-01 8.362004e-01 4.371546e-01 5.146791e-01 3.993031e-05
<GCONST> 9.171327e+01
<STATE> 9
<MEAN> 39
 2.326035e-08 -5.815087e-09 -4.652070e-07 6.978104e-08 0.000000e+00 -3.721656e-07 1.075791e-07 1.395621e-07 -2.209733e-07 1.744526e-07 -5.815087e-08 -3.489052e-08 8.133736e-01 -2.154888e-01 -1.055488e-01 5.760972e-01 -2.460667e-01 1.640689e-01 1.028559e-01 -1.075120e-01 1.596739e-01 -3.878489e-01 -2.166549e-02 -8.093691e-03 9.075688e-02 -6.257280e-03 2.620775e-03 3.566413e-02 1.029651e-01 5.350329e-02 -1.477047e-02 3.237896e-02 9.254660e-03 7.399783e-02 1.910625e-02 -7.272767e-02 -7.381687e-02 9.630763e-04 -1.178374e-03
<VARIANCE> 39
 1.360579e+01 9.035197e+00 1.320658e+02 3.343555e+01 2.573808e+01 1.197066e+02 3.854156e+01 2.125211e+01 5.868154e+01 3.423206e+01 2.607539e+01 1.838603e+01 2.405168e-02 7.218413e-01 1.137224e+00 1.640968e+00 2.100446e+00 2.962831e+00 4.978238e+00 5.544168e+00 2.870362e+00 2.512339e+00 3.831321e+00 2.642858e+00 2.251267e+00 5.746158e-04 1.071981e-01 1.851288e-01 1.342772e-01 3.289858e-01 5.713392e-01 6.522910e-01 1.178364e+00 5.827305e-01 4.303280e-01 8.362004e-01 4.371546e-01 5.146791e-01 3.993031e-05
<GCONST> 9.171327e+01
<TRANSP> 10
 0.000000e+00 1.000000e+00 0.000000e+00 0.000000e+00 0.000000e+00 0.000000e+00 0.000000e+00 0.000000e+00 0.000000e+00 0.000000e+00
 0.000000e+00 9.000000e-01 9.999999e-02 0.000000e+00 0.000000e+00 0.000000e+00 0.000000e+00 0.000000e+00 0.000000e+00 0.000000e+00
 0.000000e+00 0.000000e+00 9.000000e-01 9.999999e-02 0.000000e+00 0.000000e+00 0.000000e+00 0.000000e+00 0.000000e+00 0.000000e+00
 0.000000e+00 0.000000e+00 0.000000e+00 9.000000e-01 9.999999e-02 0.000000e+00 0.000000e+00 0.000000e+00 0.000000e+00 0.000000e+00
 0.000000e+00 0.000000e+00 0.000000e+00 0.000000e+00 9.000000e-01 9.999999e-02 0.000000e+00 0.000000e+00 0.000000e+00 0.000000e+00
 0.000000e+00 0.000000e+00 0.000000e+00 0.000000e+00 0.000000e+00 9.000000e-01 9.999999e-02 0.000000e+00 0.000000e+00 0.000000e+00
 0.000000e+00 0.000000e+00 0.000000e+00 0.000000e+00 0.000000e+00 0.000000e+00 9.000000e-01 9.999999e-02 0.000000e+00 0.000000e+00
 0.000000e+00 0.000000e+00 0.000000e+00 0.000000e+00 0.000000e+00 0.000000e+00 0.000000e+00 9.000000e-01 9.999999e-02 0.000000e+00
 0.000000e+00 0.000000e+00 0.000000e+00 0.000000e+00 0.000000e+00 0.000000e+00 0.000000e+00 0.000000e+00 9.000000e-01 9.999999e-02
 0.000000e+00 0.000000e+00 0.000000e+00 0.000000e+00 0.000000e+00 0.000000e+00 0.000000e+00 0.000000e+00 0.000000e+00 0.000000e+00
<ENDHMM>
