~o
<STREAMINFO> 1 39
<VECSIZE> 39<NULLD><MFCC_E_D_A_Z><DIAGC>
~h "s077"
<BEGINHMM>
<NUMSTATES> 10
<STATE> 2
<MEAN> 39
 1.028472e-07 4.674874e-08 -1.449211e-07 -3.739899e-07 -1.869950e-08 8.040784e-07 -4.861869e-07 -3.739899e-08 -5.609849e-08 1.589457e-07 -9.349749e-09 2.314063e-07 8.259315e-01 1.192254e-01 8.394807e-02 -9.837940e-03 -5.462969e-01 5.447676e-02 1.770589e-01 -1.268191e-02 -5.144466e-01 -1.636817e-01 2.044854e-02 -1.956531e-01 -1.924846e-01 4.131182e-03 -1.100230e-03 -1.547000e-02 -2.705876e-03 1.351854e-03 -4.584714e-02 1.328409e-02 8.407512e-02 1.935815e-02 6.319190e-03 5.453194e-02 9.680393e-02 -1.271847e-02 -7.108080e-04
<VARIANCE> 39
 1.326559e+01 6.427666e+01 3.432191e+01 1.441816e+02 2.968024e+01 7.047633e+01 3.521711e+01 9.164385e+01 4.575601e+01 1.809413e+01 5.547206e+01 3.500229e+01 2.047367e-02 1.193825e+00 2.682328e+00 2.006525e+00 3.329614e+00 1.994630e+00 2.774691e+00 3.643284e+00 3.112826e+00 4.366352e+00 2.072873e+00 4.285432e+00 2.805893e+00 1.177008e-03 1.953483e-01 2.187991e-01 2.351067e-01 4.864942e-01 3.417725e-01 4.008081e-01 6.620792e-01 2.599696e-01 7.350757e-01 4.099922e-01 5.668991e-01 3.815677e-01 1.259814e-04
<GCONST> 9.742869e+01
<STATE> 3
<MEAN> 39
 1.028472e-07 4.674874e-08 -1.449211e-07 -3.739899e-07 -1.869950e-08 8.040784e-07 -4.861869e-07 -3.739899e-08 -5.609849e-08 1.589457e-07 -9.349749e-09 2.314063e-07 8.259315e-01 1.192254e-01 8.394807e-02 -9.837940e-03 -5.462969e-01 5.447676e-02 1.770589e-01 -1.268191e-02 -5.144466e-01 -1.636817e-01 2.044854e-02 -1.956531e-01 -1.924846e-01 4.131182e-03 -1.100230e-03 -1.547000e-02 -2.705876e-03 1.351854e-03 -4.584714e-02 1.328409e-02 8.407512e-02 1.935815e-02 6.319190e-03 5.453194e-02 9.680393e-02 -1.271847e-02 -7.108080e-04
<VARIANCE> 39
 1.326559e+01 6.427666e+01 3.432191e+01 1.441816e+02 2.968024e+01 7.047633e+01 3.521711e+01 9.164385e+01 4.575601e+01 1.809413e+01 5.547206e+01 3.500229e+01 2.047367e-02 1.193825e+00 2.682328e+00 2.006525e+00 3.329614e+00 1.994630e+00 2.774691e+00 3.643284e+00 3.112826e+00 4.366352e+00 2.072873e+00 4.285432e+00 2.805893e+00 1.177008e-03 1.953483e-01 2.187991e-01 2.351067e-01 4.864942e-01 3.417725e-01 4.008081e-01 6.620792e-01 2.599696e-01 7.350757e-01 4.099922e-01 5.668991e-01 3.815677e-01 1.259814e-04
<GCONST> 9.742869e+01
<STATE> 4
<MEAN> 39
 1.028472e-07 4.674874e-08 -1.449211e-07 -3.739899e-07 -1.869950e-08 8.040784e-07 -4.861869e-07 -3.739899e-08 -5.609849e-08 1.589457e-07 -9.349749e-09 2.314063e-07 8.259315e-01 1.192254e-01 8.394807e-02 -9.837940e-03 -5.462969e-01 5.447676e-02 1.770589e-01 -1.268191e-02 -5.144466e-01 -1.636817e-01 2.044854e-02 -1.956531e-01 -1.924846e-01 4.131182e-03 -1.100230e-03 -1.547000e-02 -2.705876e-03 1.351854e-03 -4.584714e-02 1.328409e-02 8.407512e-02 1.935815e-02 6.319190e-03 5.453194e-02 9.680393e-02 -1.271847e-02 -7.108080e-04
<VARIANCE> 39
 1.326559e+01 6.427666e+01 3.432191e+01 1.441816e+02 2.968024e+01 7.047633e+01 3.521711e+01 9.164385e+01 4.575601e+01 1.809413e+01 5.547206e+01 3.500229e+01 2.047367e-02 1.193825e+00 2.682328e+00 2.006525e+00 3.329614e+00 1.994630e+00 2.774691e+00 3.643284e+00 3.112826e+00 4.366352e+00 2.072873e+00 4.285432e+00 2.805893e+00 1.177008e-03 1.953483e-01 2.187991e-01 2.351067e-01 4.864942e-01 3.417725e-01 4.008081e-01 6.620792e-01 2.599696e-01 7.350757e-01 4.099922e-01 5.668991e-01 3.815677e-01 1.259814e-04
<GCONST> 9.742869e+01
<STATE> 5
<MEAN> 39
 1.028472e-07 4.674874e-08 -1.449211e-07 -3.739899e-07 -1.869950e-08 8.040784e-07 -4.861869e-07 -3.739899e-08 -5.609849e-08 1.589457e-07 -9.349749e-09 2.314063e-07 8.259315e-01 1.192254e-01 8.394807e-02 -9.837940e-03 -5.462969e-01 5.447676e-02 1.770589e-01 -1.268191e-02 -5.144466e-01 -1.636817e-01 2.044854e-02 -1.956531e-01 -1.924846e-01 4.131182e-03 -1.100230e-03 -1.547000e-02 -2.705876e-03 1.351854e-03 -4.584714e-02 1.328409e-02 8.407512e-02 1.935815e-02 6.319190e-03 5.453194e-02 9.680393e-02 -1.271847e-02 -7.108080e-04
<VARIANCE> 39
 1.326559e+01 6.427666e+01 3.432191e+01 1.441816e+02 2.968024e+01 7.047633e+01 3.521711e+01 9.164385e+01 4.575601e+01 1.809413e+01 5.547206e+01 3.500229e+01 2.047367e-02 1.193825e+00 2.682328e+00 2.006525e+00 3.329614e+00 1.994630e+00 2.774691e+00 3.643284e+00 3.112826e+00 4.366352e+00 2.072873e+00 4.285432e+00 2.805893e+00 1.177008e-03 1.953483e-01 2.187991e-01 2.351067e-01 4.864942e-01 3.417725e-01 4.008081e-01 6.620792e-01 2.599696e-01 7.350757e-01 4.099922e-01 5.668991e-01 3.815677e-01 1.259814e-04
<GCONST> 9.742869e+01
<STATE> 6
<MEAN> 39
 1.028472e-07 4.674874e-08 -1.449211e-07 -3.739899e-07 -1.869950e-08 8.040784e-07 -4.861869e-07 -3.739899e-08 -5.609849e-08 1.589457e-07 -9.349749e-09 2.314063e-07 8.259315e-01 1.192254e-01 8.394807e-02 -9.837940e-03 -5.462969e-01 5.447676e-02 1.770589e-01 -1.268191e-02 -5.144466e-01 -1.636817e-01 2.044854e-02 -1.956531e-01 -1.924846e-01 4.131182e-03 -1.100230e-03 -1.547000e-02 -2.705876e-03 1.351854e-03 -4.584714e-02 1.328409e-02 8.407512e-02 1.935815e-02 6.319190e-03 5.453194e-02 9.680393e-02 -1.271847e-02 -7.108080e-04
<VARIANCE> 39
 1.326559e+01 6.427666e+01 3.432191e+01 1.441816e+02 2.968024e+01 7.047633e+01 3.521711e+01 9.164385e+01 4.575601e+01 1.809413e+01 5.547206e+01 3.500229e+01 2.047367e-02 1.193825e+00 2.682328e+00 2.006525e+00 3.329614e+00 1.994630e+00 2.774691e+00 3.643284e+00 3.112826e+00 4.366352e+00 2.072873e+00 4.285432e+00 2.805893e+00 1.177008e-03 1.953483e-01 2.187991e-01 2.351067e-01 4.864942e-01 3.417725e-01 4.008081e-01 6.620792e-01 2.599696e-01 7.350757e-01 4.099922e-01 5.668991e-01 3.815677e-01 1.259814e-04
<GCONST> 9.742869e+01
<STATE> 7
<MEAN> 39
 1.028472e-07 4.674874e-08 -1.449211e-07 -3.739899e-07 -1.869950e-08 8.040784e-07 -4.861869e-07 -3.739899e-08 -5.609849e-08 1.589457e-07 -9.349749e-09 2.314063e-07 8.259315e-01 1.192254e-01 8.394807e-02 -9.837940e-03 -5.462969e-01 5.447676e-02 1.770589e-01 -1.268191e-02 -5.144466e-01 -1.636817e-01 2.044854e-02 -1.956531e-01 -1.924846e-01 4.131182e-03 -1.100230e-03 -1.547000e-02 -2.705876e-03 1.351854e-03 -4.584714e-02 1.328409e-02 8.407512e-02 1.935815e-02 6.319190e-03 5.453194e-02 9.680393e-02 -1.271847e-02 -7.108080e-04
<VARIANCE> 39
 1.326559e+01 6.427666e+01 3.432191e+01 1.441816e+02 2.968024e+01 7.047633e+01 3.521711e+01 9.164385e+01 4.575601e+01 1.809413e+01 5.547206e+01 3.500229e+01 2.047367e-02 1.193825e+00 2.682328e+00 2.006525e+00 3.329614e+00 1.994630e+00 2.774691e+00 3.643284e+00 3.112826e+00 4.366352e+00 2.072873e+00 4.285432e+00 2.805893e+00 1.177008e-03 1.953483e-01 2.187991e-01 2.351067e-01 4.864942e-01 3.417725e-01 4.008081e-01 6.620792e-01 2.599696e-01 7.350757e-01 4.099922e-01 5.668991e-01 3.815677e-01 1.259814e-04
<GCONST> 9.742869e+01
<STATE> 8
<MEAN> 39
 1.028472e-07 4.674874e-08 -1.449211e-07 -3.739899e-07 -1.869950e-08 8.040784e-07 -4.861869e-07 -3.739899e-08 -5.609849e-08 1.589457e-07 -9.349749e-09 2.314063e-07 8.259315e-01 1.192254e-01 8.394807e-02 -9.837940e-03 -5.462969e-01 5.447676e-02 1.770589e-01 -1.268191e-02 -5.144466e-01 -1.636817e-01 2.044854e-02 -1.956531e-01 -1.924846e-01 4.131182e-03 -1.100230e-03 -1.547000e-02 -2.705876e-03 1.351854e-03 -4.584714e-02 1.328409e-02 8.407512e-02 1.935815e-02 6.319190e-03 5.453194e-02 9.680393e-02 -1.271847e-02 -7.108080e-04
<VARIANCE> 39
 1.326559e+01 6.427666e+01 3.432191e+01 1.441816e+02 2.968024e+01 7.047633e+01 3.521711e+01 9.164385e+01 4.575601e+01 1.809413e+01 5.547206e+01 3.500229e+01 2.047367e-02 1.193825e+00 2.682328e+00 2.006525e+00 3.329614e+00 1.994630e+00 2.774691e+00 3.643284e+00 3.112826e+00 4.366352e+00 2.072873e+00 4.285432e+00 2.805893e+00 1.177008e-03 1.953483e-01 2.187991e-01 2.351067e-01 4.864942e-01 3.417725e-01 4.008081e-01 6.620792e-01 2.599696e-01 7.350757e-01 4.099922e-01 5.668991e-01 3.815677e-01 1.259814e-04
<GCONST> 9.742869e+01
<STATE> 9
<MEAN> 39
 1.028472e-07 4.674874e-08 -1.449211e-07 -3.739899e-07 -1.869950e-08 8.040784e-07 -4.861869e-07 -3.739899e-08 -5.609849e-08 1.589457e-07 -9.349749e-09 2.314063e-07 8.259315e-01 1.192254e-01 8.394807e-02 -9.837940e-03 -5.462969e-01 5.447676e-02 1.770589e-01 -1.268191e-02 -5.144466e-01 -1.636817e-01 2.044854e-02 -1.956531e-01 -1.924846e-01 4.131182e-03 -1.100230e-03 -1.547000e-02 -2.705876e-03 1.351854e-03 -4.584714e-02 1.328409e-02 8.407512e-02 1.935815e-02 6.319190e-03 5.453194e-02 9.680393e-02 -1.271847e-02 -7.108080e-04
<VARIANCE> 39
 1.326559e+01 6.427666e+01 3.432191e+01 1.441816e+02 2.968024e+01 7.047633e+01 3.521711e+01 9.164385e+01 4.575601e+01 1.809413e+01 5.547206e+01 3.500229e+01 2.047367e-02 1.193825e+00 2.682328e+00 2.006525e+00 3.329614e+00 1.994630e+00 2.774691e+00 3.643284e+00 3.112826e+00 4.366352e+00 2.072873e+00 4.285432e+00 2.805893e+00 1.177008e-03 1.953483e-01 2.187991e-01 2.351067e-01 4.864942e-01 3.417725e-01 4.008081e-01 6.620792e-01 2.599696e-01 7.350757e-01 4.099922e-01 5.668991e-01 3.815677e-01 1.259814e-04
<GCONST> 9.742869e+01
<TRANSP> 10
 0.000000e+00 1.000000e+00 0.000000e+00 0.000000e+00 0.000000e+00 0.000000e+00 0.000000e+00 0.000000e+00 0.000000e+00 0.000000e+00
 0.000000e+00 9.000000e-01 9.999999e-02 0.000000e+00 0.000000e+00 0.000000e+00 0.000000e+00 0.000000e+00 0.000000e+00 0.000000e+00
 0.000000e+00 0.000000e+00 9.000000e-01 9.999999e-02 0.000000e+00 0.000000e+00 0.000000e+00 0.000000e+00 0.000000e+00 0.000000e+00
 0.000000e+00 0.000000e+00 0.000000e+00 9.000000e-01 9.999999e-02 0.000000e+00 0.000000e+00 0.000000e+00 0.000000e+00 0.000000e+00
 0.000000e+00 0.000000e+00 0.000000e+00 0.000000e+00 9.000000e-01 9.999999e-02 0.000000e+00 0.000000e+00 0.000000e+00 0.000000e+00
 0.000000e+00 0.000000e+00 0.000000e+00 0.000000e+00 0.000000e+00 9.000000e-01 9.999999e-02 0.000000e+00 0.000000e+00 0.000000e+00
 0.000000e+00 0.000000e+00 0.000000e+00 0.000000e+00 0.000000e+00 0.000000e+00 9.000000e-01 9.999999e-02 0.000000e+00 0.000000e+00
 0.000000e+00 0.000000e+00 0.000000e+00 0.000000e+00 0.000000e+00 0.000000e+00 0.000000e+00 9.000000e-01 9.999999e-02 0.000000e+00
 0.000000e+00 0.000000e+00 0.000000e+00 0.000000e+00 0.000000e+00 0.000000e+00 0.000000e+00 0.000000e+00 9.000000e-01 9.999999e-02
 0.000000e+00 0.000000e+00 0.000000e+00 0.000000e+00 0.000000e+00 0.000000e+00 0.000000e+00 0.000000e+00 0.000000e+00 0.000000e+00
<ENDHMM>
