~o
<STREAMINFO> 1 39
<VECSIZE> 39<NULLD><MFCC_E_D_A_Z><DIAGC>
~h "s079"
<BEGINHMM>
<NUMSTATES> 10
<STATE> 2
<MEAN> 39
 -2.536368e-07 3.449460e-07 3.550915e-08 -3.652370e-07 -4.464007e-07 2.840732e-07 4.058188e-08 -1.420366e-07 1.014547e-07 -2.130549e-07 -9.638198e-08 -3.855279e-07 7.491318e-01 3.288226e-01 -1.063655e-01 1.707685e-01 -4.314905e-01 2.030696e-01 4.915412e-02 8.258229e-02 -1.777471e-01 -1.747178e-01 1.193102e-01 -2.225867e-01 1.862033e-01 3.629005e-04 1.080899e-02 4.426331e-02 2.567987e-02 2.445429e-02 -3.076403e-02 1.749508e-02 4.982178e-02 -3.767290e-02 1.276359e-02 -4.823578e-02 4.623595e-02 -6.654826e-02 -7.999803e-05
<VARIANCE> 39
 2.115796e+01 4.247814e+01 2.038380e+01 8.233098e+01 4.657414e+01 5.969018e+01 6.185929e+01 6.729493e+01 5.028638e+01 2.597217e+01 2.874267e+01 9.852735e+01 3.520970e-02 2.053155e+00 1.639468e+00 1.665582e+00 4.173790e+00 3.234188e+00 4.203290e+00 3.944038e+00 6.362791e+00 5.371598e+00 3.854588e+00 2.426105e+00 5.769206e+00 2.560166e-03 3.777146e-01 1.595996e-01 2.644371e-01 4.660994e-01 5.770620e-01 7.377509e-01 4.074374e-01 9.861487e-01 1.197452e+00 7.732967e-01 3.349842e-01 9.438163e-01 2.984775e-04
<GCONST> 1.066183e+02
<STATE> 3
<MEAN> 39
 -2.536368e-07 3.449460e-07 3.550915e-08 -3.652370e-07 -4.464007e-07 2.840732e-07 4.058188e-08 -1.420366e-07 1.014547e-07 -2.130549e-07 -9.638198e-08 -3.855279e-07 7.491318e-01 3.288226e-01 -1.063655e-01 1.707685e-01 -4.314905e-01 2.030696e-01 4.915412e-02 8.258229e-02 -1.777471e-01 -1.747178e-01 1.193102e-01 -2.225867e-01 1.862033e-01 3.629005e-04 1.080899e-02 4.426331e-02 2.567987e-02 2.445429e-02 -3.076403e-02 1.749508e-02 4.982178e-02 -3.767290e-02 1.276359e-02 -4.823578e-02 4.623595e-02 -6.654826e-02 -7.999803e-05
<VARIANCE> 39
 2.115796e+01 4.247814e+01 2.038380e+01 8.233098e+01 4.657414e+01 5.969018e+01 6.185929e+01 6.729493e+01 5.028638e+01 2.597217e+01 2.874267e+01 9.852735e+01 3.520970e-02 2.053155e+00 1.639468e+00 1.665582e+00 4.173790e+00 3.234188e+00 4.203290e+00 3.944038e+00 6.362791e+00 5.371598e+00 3.854588e+00 2.426105e+00 5.769206e+00 2.560166e-03 3.777146e-01 1.595996e-01 2.644371e-01 4.660994e-01 5.770620e-01 7.377509e-01 4.074374e-01 9.861487e-01 1.197452e+00 7.732967e-01 3.349842e-01 9.438163e-01 2.984775e-04
<GCONST> 1.066183e+02
<STATE> 4
<MEAN> 39
 -2.536368e-07 3.449460e-07 3.550915e-08 -3.652370e-07 -4.464007e-07 2.840732e-07 4.058188e-08 -1.420366e-07 1.014547e-07 -2.130549e-07 -9.638198e-08 -3.855279e-07 7.491318e-01 3.288226e-01 -1.063655e-01 1.707685e-01 -4.314905e-01 2.030696e-01 4.915412e-02 8.258229e-02 -1.777471e-01 -1.747178e-01 1.193102e-01 -2.225867e-01 1.862033e-01 3.629005e-04 1.080899e-02 4.426331e-02 2.567987e-02 2.445429e-02 -3.076403e-02 1.749508e-02 4.982178e-02 -3.767290e-02 1.276359e-02 -4.823578e-02 4.623595e-02 -6.654826e-02 -7.999803e-05
<VARIANCE> 39
 2.115796e+01 4.247814e+01 2.038380e+01 8.233098e+01 4.657414e+01 5.969018e+01 6.185929e+01 6.729493e+01 5.028638e+01 2.597217e+01 2.874267e+01 9.852735e+01 3.520970e-02 2.053155e+00 1.639468e+00 1.665582e+00 4.173790e+00 3.234188e+00 4.203290e+00 3.944038e+00 6.362791e+00 5.371598e+00 3.854588e+00 2.426105e+00 5.769206e+00 2.560166e-03 3.777146e-01 1.595996e-01 2.644371e-01 4.660994e-01 5.770620e-01 7.377509e-01 4.074374e-01 9.861487e-01 1.197452e+00 7.732967e-01 3.349842e-01 9.438163e-01 2.984775e-04
<GCONST> 1.066183e+02
<STATE> 5
<MEAN> 39
 -2.536368e-07 3.449460e-07 3.550915e-08 -3.652370e-07 -4.464007e-07 2.840732e-07 4.058188e-08 -1.420366e-07 1.014547e-07 -2.130549e-07 -9.638198e-08 -3.855279e-07 7.491318e-01 3.288226e-01 -1.063655e-01 1.707685e-01 -4.314905e-01 2.030696e-01 4.915412e-02 8.258229e-02 -1.777471e-01 -1.747178e-01 1.193102e-01 -2.225867e-01 1.862033e-01 3.629005e-04 1.080899e-02 4.426331e-02 2.567987e-02 2.445429e-02 -3.076403e-02 1.749508e-02 4.982178e-02 -3.767290e-02 1.276359e-02 -4.823578e-02 4.623595e-02 -6.654826e-02 -7.999803e-05
<VARIANCE> 39
 2.115796e+01 4.247814e+01 2.038380e+01 8.233098e+01 4.657414e+01 5.969018e+01 6.185929e+01 6.729493e+01 5.028638e+01 2.597217e+01 2.874267e+01 9.852735e+01 3.520970e-02 2.053155e+00 1.639468e+00 1.665582e+00 4.173790e+00 3.234188e+00 4.203290e+00 3.944038e+00 6.362791e+00 5.371598e+00 3.854588e+00 2.426105e+00 5.769206e+00 2.560166e-03 3.777146e-01 1.595996e-01 2.644371e-01 4.660994e-01 5.770620e-01 7.377509e-01 4.074374e-01 9.861487e-01 1.197452e+00 7.732967e-01 3.349842e-01 9.438163e-01 2.984775e-04
<GCONST> 1.066183e+02
<STATE> 6
<MEAN> 39
 -2.536368e-07 3.449460e-07 3.550915e-08 -3.652370e-07 -4.464007e-07 2.840732e-07 4.058188e-08 -1.420366e-07 1.014547e-07 -2.130549e-07 -9.638198e-08 -3.855279e-07 7.491318e-01 3.288226e-01 -1.063655e-01 1.707685e-01 -4.314905e-01 2.030696e-01 4.915412e-02 8.258229e-02 -1.777471e-01 -1.747178e-01 1.193102e-01 -2.225867e-01 1.862033e-01 3.629005e-04 1.080899e-02 4.426331e-02 2.567987e-02 2.445429e-02 -3.076403e-02 1.749508e-02 4.982178e-02 -3.767290e-02 1.276359e-02 -4.823578e-02 4.623595e-02 -6.654826e-02 -7.999803e-05
<VARIANCE> 39
 2.115796e+01 4.247814e+01 2.038380e+01 8.233098e+01 4.657414e+01 5.969018e+01 6.185929e+01 6.729493e+01 5.028638e+01 2.597217e+01 2.874267e+01 9.852735e+01 3.520970e-02 2.053155e+00 1.639468e+00 1.665582e+00 4.173790e+00 3.234188e+00 4.203290e+00 3.944038e+00 6.362791e+00 5.371598e+00 3.854588e+00 2.426105e+00 5.769206e+00 2.560166e-03 3.777146e-01 1.595996e-01 2.644371e-01 4.660994e-01 5.770620e-01 7.377509e-01 4.074374e-01 9.861487e-01 1.197452e+00 7.732967e-01 3.349842e-01 9.438163e-01 2.984775e-04
<GCONST> 1.066183e+02
<STATE> 7
<MEAN> 39
 -2.536368e-07 3.449460e-07 3.550915e-08 -3.652370e-07 -4.464007e-07 2.840732e-07 4.058188e-08 -1.420366e-07 1.014547e-07 -2.130549e-07 -9.638198e-08 -3.855279e-07 7.491318e-01 3.288226e-01 -1.063655e-01 1.707685e-01 -4.314905e-01 2.030696e-01 4.915412e-02 8.258229e-02 -1.777471e-01 -1.747178e-01 1.193102e-01 -2.225867e-01 1.862033e-01 3.629005e-04 1.080899e-02 4.426331e-02 2.567987e-02 2.445429e-02 -3.076403e-02 1.749508e-02 4.982178e-02 -3.767290e-02 1.276359e-02 -4.823578e-02 4.623595e-02 -6.654826e-02 -7.999803e-05
<VARIANCE> 39
 2.115796e+01 4.247814e+01 2.038380e+01 8.233098e+01 4.657414e+01 5.969018e+01 6.185929e+01 6.729493e+01 5.028638e+01 2.597217e+01 2.874267e+01 9.852735e+01 3.520970e-02 2.053155e+00 1.639468e+00 1.665582e+00 4.173790e+00 3.234188e+00 4.203290e+00 3.944038e+00 6.362791e+00 5.371598e+00 3.854588e+00 2.426105e+00 5.769206e+00 2.560166e-03 3.777146e-01 1.595996e-01 2.644371e-01 4.660994e-01 5.770620e-01 7.377509e-01 4.074374e-01 9.861487e-01 1.197452e+00 7.732967e-01 3.349842e-01 9.438163e-01 2.984775e-04
<GCONST> 1.066183e+02
<STATE> 8
<MEAN> 39
 -2.536368e-07 3.449460e-07 3.550915e-08 -3.652370e-07 -4.464007e-07 2.840732e-07 4.058188e-08 -1.420366e-07 1.014547e-07 -2.130549e-07 -9.638198e-08 -3.855279e-07 7.491318e-01 3.288226e-01 -1.063655e-01 1.707685e-01 -4.314905e-01 2.030696e-01 4.915412e-02 8.258229e-02 -1.777471e-01 -1.747178e-01 1.193102e-01 -2.225867e-01 1.862033e-01 3.629005e-04 1.080899e-02 4.426331e-02 2.567987e-02 2.445429e-02 -3.076403e-02 1.749508e-02 4.982178e-02 -3.767290e-02 1.276359e-02 -4.823578e-02 4.623595e-02 -6.654826e-02 -7.999803e-05
<VARIANCE> 39
 2.115796e+01 4.247814e+01 2.038380e+01 8.233098e+01 4.657414e+01 5.969018e+01 6.185929e+01 6.729493e+01 5.028638e+01 2.597217e+01 2.874267e+01 9.852735e+01 3.520970e-02 2.053155e+00 1.639468e+00 1.665582e+00 4.173790e+00 3.234188e+00 4.203290e+00 3.944038e+00 6.362791e+00 5.371598e+00 3.854588e+00 2.426105e+00 5.769206e+00 2.560166e-03 3.777146e-01 1.595996e-01 2.644371e-01 4.660994e-01 5.770620e-01 7.377509e-01 4.074374e-01 9.861487e-01 1.197452e+00 7.732967e-01 3.349842e-01 9.438163e-01 2.984775e-04
<GCONST> 1.066183e+02
<STATE> 9
<MEAN> 39
 -2.536368e-07 3.449460e-07 3.550915e-08 -3.652370e-07 -4.464007e-07 2.840732e-07 4.058188e-08 -1.420366e-07 1.014547e-07 -2.130549e-07 -9.638198e-08 -3.855279e-07 7.491318e-01 3.288226e-01 -1.063655e-01 1.707685e-01 -4.314905e-01 2.030696e-01 4.915412e-02 8.258229e-02 -1.777471e-01 -1.747178e-01 1.193102e-01 -2.225867e-01 1.862033e-01 3.629005e-04 1.080899e-02 4.426331e-02 2.567987e-02 2.445429e-02 -3.076403e-02 1.749508e-02 4.982178e-02 -3.767290e-02 1.276359e-02 -4.823578e-02 4.623595e-02 -6.654826e-02 -7.999803e-05
<VARIANCE> 39
 2.115796e+01 4.247814e+01 2.038380e+01 8.233098e+01 4.657414e+01 5.969018e+01 6.185929e+01 6.729493e+01 5.028638e+01 2.597217e+01 2.874267e+01 9.852735e+01 3.520970e-02 2.053155e+00 1.639468e+00 1.665582e+00 4.173790e+00 3.234188e+00 4.203290e+00 3.944038e+00 6.362791e+00 5.371598e+00 3.854588e+00 2.426105e+00 5.769206e+00 2.560166e-03 3.777146e-01 1.595996e-01 2.644371e-01 4.660994e-01 5.770620e-01 7.377509e-01 4.074374e-01 9.861487e-01 1.197452e+00 7.732967e-01 3.349842e-01 9.438163e-01 2.984775e-04
<GCONST> 1.066183e+02
<TRANSP> 10
 0.000000e+00 1.000000e+00 0.000000e+00 0.000000e+00 0.000000e+00 0.000000e+00 0.000000e+00 0.000000e+00 0.000000e+00 0.000000e+00
 0.000000e+00 9.000000e-01 9.999999e-02 0.000000e+00 0.000000e+00 0.000000e+00 0.000000e+00 0.000000e+00 0.000000e+00 0.000000e+00
 0.000000e+00 0.000000e+00 9.000000e-01 9.999999e-02 0.000000e+00 0.000000e+00 0.000000e+00 0.000000e+00 0.000000e+00 0.000000e+00
 0.000000e+00 0.000000e+00 0.000000e+00 9.000000e-01 9.999999e-02 0.000000e+00 0.000000e+00 0.000000e+00 0.000000e+00 0.000000e+00
 0.000000e+00 0.000000e+00 0.000000e+00 0.000000e+00 9.000000e-01 9.999999e-02 0.000000e+00 0.000000e+00 0.000000e+00 0.000000e+00
 0.000000e+00 0.000000e+00 0.000000e+00 0.000000e+00 0.000000e+00 9.000000e-01 9.999999e-02 0.000000e+00 0.000000e+00 0.000000e+00
 0.000000e+00 0.000000e+00 0.000000e+00 0.000000e+00 0.000000e+00 0.000000e+00 9.000000e-01 9.999999e-02 0.000000e+00 0.000000e+00
 0.000000e+00 0.000000e+00 0.000000e+00 0.000000e+00 0.000000e+00 0.000000e+00 0.000000e+00 9.000000e-01 9.999999e-02 0.000000e+00
 0.000000e+00 0.000000e+00 0.000000e+00 0.000000e+00 0.000000e+00 0.000000e+00 0.000000e+00 0.000000e+00 9.000000e-01 9.999999e-02
 0.000000e+00 0.000000e+00 0.000000e+00 0.000000e+00 0.000000e+00 0.000000e+00 0.000000e+00 0.000000e+00 0.000000e+00 0.000000e+00
<ENDHMM>
