~o
<STREAMINFO> 1 39
<VECSIZE> 39<NULLD><MFCC_E_D_A_Z><DIAGC>
~h "s080"
<BEGINHMM>
<NUMSTATES> 10
<STATE> 2
<MEAN> 39
 3.449460e-07 4.666917e-07 -4.869826e-07 -1.826185e-07 3.145096e-07 4.464007e-07 -4.464007e-07 -2.840732e-07 -6.087283e-08 2.029094e-08 6.087283e-08 -1.014547e-08 9.062316e-01 -1.347678e-03 3.076666e-02 1.108498e-01 -2.754117e-01 8.363736e-02 -3.473781e-02 -1.227426e-02 -7.242855e-03 -2.087033e-01 9.716205e-02 1.091884e-01 2.936755e-02 2.013459e-03 -2.437724e-02 5.529237e-03 4.387970e-02 1.118209e-01 -5.641685e-02 -1.649506e-02 2.484576e-02 -3.261075e-02 -8.407117e-02 -1.823057e-02 7.238508e-02 1.093347e-02 -1.198675e-03
<VARIANCE> 39
 2.743939e+01 5.922755e+01 7.739435e+01 1.288416e+02 3.029759e+01 1.491117e+01 2.962891e+01 6.606377e+01 3.019603e+01 4.360546e+01 2.638097e+01 1.910542e+01 4.351674e-03 1.721819e+00 2.069821e+00 2.671103e+00 5.067876e+00 2.763478e+00 2.334592e+00 2.677681e+00 3.712418e+00 2.947528e+00 2.155234e+00 3.455571e+00 2.396669e+00 2.759624e-04 2.102906e-01 2.108383e-01 3.162816e-01 8.167002e-01 3.314943e-01 5.622160e-01 4.832251e-01 5.535125e-01 5.849197e-01 4.336576e-01 7.972667e-01 5.129315e-01 2.602972e-05
<GCONST> 9.345334e+01
<STATE> 3
<MEAN> 39
 3.449460e-07 4.666917e-07 -4.869826e-07 -1.826185e-07 3.145096e-07 4.464007e-07 -4.464007e-07 -2.840732e-07 -6.087283e-08 2.029094e-08 6.087283e-08 -1.014547e-08 9.062316e-01 -1.347678e-03 3.076666e-02 1.108498e-01 -2.754117e-01 8.363736e-02 -3.473781e-02 -1.227426e-02 -7.242855e-03 -2.087033e-01 9.716205e-02 1.091884e-01 2.936755e-02 2.013459e-03 -2.437724e-02 5.529237e-03 4.387970e-02 1.118209e-01 -5.641685e-02 -1.649506e-02 2.484576e-02 -3.261075e-02 -8.407117e-02 -1.823057e-02 7.238508e-02 1.093347e-02 -1.198675e-03
<VARIANCE> 39
 2.743939e+01 5.922755e+01 7.739435e+01 1.288416e+02 3.029759e+01 1.491117e+01 2.962891e+01 6.606377e+01 3.019603e+01 4.360546e+01 2.638097e+01 1.910542e+01 4.351674e-03 1.721819e+00 2.069821e+00 2.671103e+00 5.067876e+00 2.763478e+00 2.334592e+00 2.677681e+00 3.712418e+00 2.947528e+00 2.155234e+00 3.455571e+00 2.396669e+00 2.759624e-04 2.102906e-01 2.108383e-01 3.162816e-01 8.167002e-01 3.314943e-01 5.622160e-01 4.832251e-01 5.535125e-01 5.849197e-01 4.336576e-01 7.972667e-01 5.129315e-01 2.602972e-05
<GCONST> 9.345334e+01
<STATE> 4
<MEAN> 39
 3.449460e-07 4.666917e-07 -4.869826e-07 -1.826185e-07 3.145096e-07 4.464007e-07 -4.464007e-07 -2.840732e-07 -6.087283e-08 2.029094e-08 6.087283e-08 -1.014547e-08 9.062316e-01 -1.347678e-03 3.076666e-02 1.108498e-01 -2.754117e-01 8.363736e-02 -3.473781e-02 -1.227426e-02 -7.242855e-03 -2.087033e-01 9.716205e-02 1.091884e-01 2.936755e-02 2.013459e-03 -2.437724e-02 5.529237e-03 4.387970e-02 1.118209e-01 -5.641685e-02 -1.649506e-02 2.484576e-02 -3.261075e-02 -8.407117e-02 -1.823057e-02 7.238508e-02 1.093347e-02 -1.198675e-03
<VARIANCE> 39
 2.743939e+01 5.922755e+01 7.739435e+01 1.288416e+02 3.029759e+01 1.491117e+01 2.962891e+01 6.606377e+01 3.019603e+01 4.360546e+01 2.638097e+01 1.910542e+01 4.351674e-03 1.721819e+00 2.069821e+00 2.671103e+00 5.067876e+00 2.763478e+00 2.334592e+00 2.677681e+00 3.712418e+00 2.947528e+00 2.155234e+00 3.455571e+00 2.396669e+00 2.759624e-04 2.102906e-01 2.108383e-01 3.162816e-01 8.167002e-01 3.314943e-01 5.622160e-01 4.832251e-01 5.535125e-01 5.849197e-01 4.336576e-01 7.972667e-01 5.129315e-01 2.602972e-05
<GCONST> 9.345334e+01
<STATE> 5
<MEAN> 39
 3.449460e-07 4.666917e-07 -4.869826e-07 -1.826185e-07 3.145096e-07 4.464007e-07 -4.464007e-07 -2.840732e-07 -6.087283e-08 2.029094e-08 6.087283e-08 -1.014547e-08 9.062316e-01 -1.347678e-03 3.076666e-02 1.108498e-01 -2.754117e-01 8.363736e-02 -3.473781e-02 -1.227426e-02 -7.242855e-03 -2.087033e-01 9.716205e-02 1.091884e-01 2.936755e-02 2.013459e-03 -2.437724e-02 5.529237e-03 4.387970e-02 1.118209e-01 -5.641685e-02 -1.649506e-02 2.484576e-02 -3.261075e-02 -8.407117e-02 -1.823057e-02 7.238508e-02 1.093347e-02 -1.198675e-03
<VARIANCE> 39
 2.743939e+01 5.922755e+01 7.739435e+01 1.288416e+02 3.029759e+01 1.491117e+01 2.962891e+01 6.606377e+01 3.019603e+01 4.360546e+01 2.638097e+01 1.910542e+01 4.351674e-03 1.721819e+00 2.069821e+00 2.671103e+00 5.067876e+00 2.763478e+00 2.334592e+00 2.677681e+00 3.712418e+00 2.947528e+00 2.155234e+00 3.455571e+00 2.396669e+00 2.759624e-04 2.102906e-01 2.108383e-01 3.162816e-01 8.167002e-01 3.314943e-01 5.622160e-01 4.832251e-01 5.535125e-01 5.849197e-01 4.336576e-01 7.972667e-01 5.129315e-01 2.602972e-05
<GCONST> 9.345334e+01
<STATE> 6
<MEAN> 39
 3.449460e-07 4.666917e-07 -4.869826e-07 -1.826185e-07 3.145096e-07 4.464007e-07 -4.464007e-07 -2.840732e-07 -6.087283e-08 2.029094e-08 6.087283e-08 -1.014547e-08 9.062316e-01 -1.347678e-03 3.076666e-02 1.108498e-01 -2.754117e-01 8.363736e-02 -3.473781e-02 -1.227426e-02 -7.242855e-03 -2.087033e-01 9.716205e-02 1.091884e-01 2.936755e-02 2.013459e-03 -2.437724e-02 5.529237e-03 4.387970e-02 1.118209e-01 -5.641685e-02 -1.649506e-02 2.484576e-02 -3.261075e-02 -8.407117e-02 -1.823057e-02 7.238508e-02 1.093347e-02 -1.198675e-03
<VARIANCE> 39
 2.743939e+01 5.922755e+01 7.739435e+01 1.288416e+02 3.029759e+01 1.491117e+01 2.962891e+01 6.606377e+01 3.019603e+01 4.360546e+01 2.638097e+01 1.910542e+01 4.351674e-03 1.721819e+00 2.069821e+00 2.671103e+00 5.067876e+00 2.763478e+00 2.334592e+00 2.677681e+00 3.712418e+00 2.947528e+00 2.155234e+00 3.455571e+00 2.396669e+00 2.759624e-04 2.102906e-01 2.108383e-01 3.162816e-01 8.167002e-01 3.314943e-01 5.622160e-01 4.832251e-01 5.535125e-01 5.849197e-01 4.336576e-01 7.972667e-01 5.129315e-01 2.602972e-05
<GCONST> 9.345334e+01
<STATE> 7
<MEAN> 39
 3.449460e-07 4.666917e-07 -4.869826e-07 -1.826185e-07 3.145096e-07 4.464007e-07 -4.464007e-07 -2.840732e-07 -6.087283e-08 2.029094e-08 6.087283e-08 -1.014547e-08 9.062316e-01 -1.347678e-03 3.076666e-02 1.108498e-01 -2.754117e-01 8.363736e-02 -3.473781e-02 -1.227426e-02 -7.242855e-03 -2.087033e-01 9.716205e-02 1.091884e-01 2.936755e-02 2.013459e-03 -2.437724e-02 5.529237e-03 4.387970e-02 1.118209e-01 -5.641685e-02 -1.649506e-02 2.484576e-02 -3.261075e-02 -8.407117e-02 -1.823057e-02 7.238508e-02 1.093347e-02 -1.198675e-03
<VARIANCE> 39
 2.743939e+01 5.922755e+01 7.739435e+01 1.288416e+02 3.029759e+01 1.491117e+01 2.962891e+01 6.606377e+01 3.019603e+01 4.360546e+01 2.638097e+01 1.910542e+01 4.351674e-03 1.721819e+00 2.069821e+00 2.671103e+00 5.067876e+00 2.763478e+00 2.334592e+00 2.677681e+00 3.712418e+00 2.947528e+00 2.155234e+00 3.455571e+00 2.396669e+00 2.759624e-04 2.102906e-01 2.108383e-01 3.162816e-01 8.167002e-01 3.314943e-01 5.622160e-01 4.832251e-01 5.535125e-01 5.849197e-01 4.336576e-01 7.972667e-01 5.129315e-01 2.602972e-05
<GCONST> 9.345334e+01
<STATE> 8
<MEAN> 39
 3.449460e-07 4.666917e-07 -4.869826e-07 -1.826185e-07 3.145096e-07 4.464007e-07 -4.464007e-07 -2.840732e-07 -6.087283e-08 2.029094e-08 6.087283e-08 -1.014547e-08 9.062316e-01 -1.347678e-03 3.076666e-02 1.108498e-01 -2.754117e-01 8.363736e-02 -3.473781e-02 -1.227426e-02 -7.242855e-03 -2.087033e-01 9.716205e-02 1.091884e-01 2.936755e-02 2.013459e-03 -2.437724e-02 5.529237e-03 4.387970e-02 1.118209e-01 -5.641685e-02 -1.649506e-02 2.484576e-02 -3.261075e-02 -8.407117e-02 -1.823057e-02 7.238508e-02 1.093347e-02 -1.198675e-03
<VARIANCE> 39
 2.743939e+01 5.922755e+01 7.739435e+01 1.288416e+02 3.029759e+01 1.491117e+01 2.962891e+01 6.606377e+01 3.019603e+01 4.360546e+01 2.638097e+01 1.910542e+01 4.351674e-03 1.721819e+00 2.069821e+00 2.671103e+00 5.067876e+00 2.763478e+00 2.334592e+00 2.677681e+00 3.712418e+00 2.947528e+00 2.155234e+00 3.455571e+00 2.396669e+00 2.759624e-04 2.102906e-01 2.108383e-01 3.162816e-01 8.167002e-01 3.314943e-01 5.622160e-01 4.832251e-01 5.535125e-01 5.849197e-01 4.336576e-01 7.972667e-01 5.129315e-01 2.602972e-05
<GCONST> 9.345334e+01
<STATE> 9
<MEAN> 39
 3.449460e-07 4.666917e-07 -4.869826e-07 -1.826185e-07 3.145096e-07 4.464007e-07 -4.464007e-07 -2.840732e-07 -6.087283e-08 2.029094e-08 6.087283e-08 -1.014547e-08 9.062316e-01 -1.347678e-03 3.076666e-02 1.108498e-01 -2.754117e-01 8.363736e-02 -3.473781e-02 -1.227426e-02 -7.242855e-03 -2.087033e-01 9.716205e-02 1.091884e-01 2.936755e-02 2.013459e-03 -2.437724e-02 5.529237e-03 4.387970e-02 1.118209e-01 -5.641685e-02 -1.649506e-02 2.484576e-02 -3.261075e-02 -8.407117e-02 -1.823057e-02 7.238508e-02 1.093347e-02 -1.198675e-03
<VARIANCE> 39
 2.743939e+01 5.922755e+01 7.739435e+01 1.288416e+02 3.029759e+01 1.491117e+01 2.962891e+01 6.606377e+01 3.019603e+01 4.360546e+01 2.638097e+01 1.910542e+01 4.351674e-03 1.721819e+00 2.069821e+00 2.671103e+00 5.067876e+00 2.763478e+00 2.334592e+00 2.677681e+00 3.712418e+00 2.947528e+00 2.155234e+00 3.455571e+00 2.396669e+00 2.759624e-04 2.102906e-01 2.108383e-01 3.162816e-01 8.167002e-01 3.314943e-01 5.622160e-01 4.832251e-01 5.535125e-01 5.849197e-01 4.336576e-01 7.972667e-01 5.129315e-01 2.602972e-05
<GCONST> 9.345334e+01
<TRANSP> 10
 0.000000e+00 1.000000e+00 0.000000e+00 0.000000e+00 0.000000e+00 0.000000e+00 0.000000e+00 0.000000e+00 0.000000e+00 0.000000e+00
 0.000000e+00 9.000000e-01 9.999999e-02 0.000000e+00 0.000000e+00 0.000000e+00 0.000000e+00 0.000000e+00 0.000000e+00 0.000000e+00
 0.000000e+00 0.000000e+00 9.000000e-01 9.999999e-02 0.000000e+00 0.000000e+00 0.000000e+00 0.000000e+00 0.000000e+00 0.000000e+00
 0.000000e+00 0.000000e+00 0.000000e+00 9.000000e-01 9.999999e-02 0.000000e+00 0.000000e+00 0.000000e+00 0.000000e+00 0.000000e+00
 0.000000e+00 0.000000e+00 0.000000e+00 0.000000e+00 9.000000e-01 9.999999e-02 0.000000e+00 0.000000e+00 0.000000e+00 0.000000e+00
 0.000000e+00 0.000000e+00 0.000000e+00 0.000000e+00 0.000000e+00 9.000000e-01 9.999999e-02 0.000000e+00 0.000000e+00 0.000000e+00
 0.000000e+00 0.000000e+00 0.000000e+00 0.000000e+00 0.000000e+00 0.000000e+00 9.000000e-01 9.999999e-02 0.000000e+00 0.000000e+00
 0.000000e+00 0.000000e+00 0.000000e+00 0.000000e+00 0.000000e+00 0.000000e+00 0.000000e+00 9.000000e-01 9.999999e-02 0.000000e+00
 0.000000e+00 0.000000e+00 0.000000e+00 0.000000e+00 0.000000e+00 0.000000e+00 0.000000e+00 0.000000e+00 9.000000e-01 9.999999e-02
 0.000000e+00 0.000000e+00 0.000000e+00 0.000000e+00 0.000000e+00 0.000000e+00 0.000000e+00 0.000000e+00 0.000000e+00 0.000000e+00
<ENDHMM>
