~o
<STREAMINFO> 1 39
<VECSIZE> 39<NULLD><MFCC_E_D_A_Z><DIAGC>
~h "s081"
<BEGINHMM>
<NUMSTATES> 10
<STATE> 2
<MEAN> 39
 -2.029094e-07 -1.065275e-07 1.339202e-06 -1.826185e-07 -6.087283e-08 -3.246551e-07 4.058188e-08 8.116377e-08 -4.058188e-08 5.884373e-07 -1.014547e-07 -1.166729e-07 8.413875e-01 -2.266109e-02 1.437577e-01 1.854537e-01 -1.426554e-01 2.197368e-01 -9.618223e-02 1.086610e-01 4.841620e-01 5.917383e-01 3.190826e-01 9.698985e-02 1.439805e-01 -8.482814e-03 -1.148278e-02 -3.019614e-02 3.091818e-02 4.867616e-03 -1.159034e-01 6.326593e-02 3.449630e-02 1.719212e-02 7.982910e-02 8.585660e-02 1.777876e-01 3.106142e-02 -1.682333e-03
<VARIANCE> 39
 3.236124e+01 2.769095e+01 1.464888e+02 8.886583e+01 3.046064e+01 5.526341e+01 2.883150e+01 7.157223e+01 6.445266e+01 2.636762e+01 2.428314e+01 3.176423e+01 1.283763e-02 1.157802e+00 1.607246e+00 3.688466e+00 3.358678e+00 3.831381e+00 5.725467e+00 2.361928e+00 8.925493e+00 7.765910e+00 3.136621e+00 3.999700e+00 2.983590e+00 4.961604e-04 1.132433e-01 2.042472e-01 3.043346e-01 3.806870e-01 5.433342e-01 9.125245e-01 3.176256e-01 1.781198e+00 1.238602e+00 5.995141e-01 7.306294e-01 4.661765e-01 2.485625e-05
<GCONST> 1.009086e+02
<STATE> 3
<MEAN> 39
 -2.029094e-07 -1.065275e-07 1.339202e-06 -1.826185e-07 -6.087283e-08 -3.246551e-07 4.058188e-08 8.116377e-08 -4.058188e-08 5.884373e-07 -1.014547e-07 -1.166729e-07 8.413875e-01 -2.266109e-02 1.437577e-01 1.854537e-01 -1.426554e-01 2.197368e-01 -9.618223e-02 1.086610e-01 4.841620e-01 5.917383e-01 3.190826e-01 9.698985e-02 1.439805e-01 -8.482814e-03 -1.148278e-02 -3.019614e-02 3.091818e-02 4.867616e-03 -1.159034e-01 6.326593e-02 3.449630e-02 1.719212e-02 7.982910e-02 8.585660e-02 1.777876e-01 3.106142e-02 -1.682333e-03
<VARIANCE> 39
 3.236124e+01 2.769095e+01 1.464888e+02 8.886583e+01 3.046064e+01 5.526341e+01 2.883150e+01 7.157223e+01 6.445266e+01 2.636762e+01 2.428314e+01 3.176423e+01 1.283763e-02 1.157802e+00 1.607246e+00 3.688466e+00 3.358678e+00 3.831381e+00 5.725467e+00 2.361928e+00 8.925493e+00 7.765910e+00 3.136621e+00 3.999700e+00 2.983590e+00 4.961604e-04 1.132433e-01 2.042472e-01 3.043346e-01 3.806870e-01 5.433342e-01 9.125245e-01 3.176256e-01 1.781198e+00 1.238602e+00 5.995141e-01 7.306294e-01 4.661765e-01 2.485625e-05
<GCONST> 1.009086e+02
<STATE> 4
<MEAN> 39
 -2.029094e-07 -1.065275e-07 1.339202e-06 -1.826185e-07 -6.087283e-08 -3.246551e-07 4.058188e-08 8.116377e-08 -4.058188e-08 5.884373e-07 -1.014547e-07 -1.166729e-07 8.413875e-01 -2.266109e-02 1.437577e-01 1.854537e-01 -1.426554e-01 2.197368e-01 -9.618223e-02 1.086610e-01 4.841620e-01 5.917383e-01 3.190826e-01 9.698985e-02 1.439805e-01 -8.482814e-03 -1.148278e-02 -3.019614e-02 3.091818e-02 4.867616e-03 -1.159034e-01 6.326593e-02 3.449630e-02 1.719212e-02 7.982910e-02 8.585660e-02 1.777876e-01 3.106142e-02 -1.682333e-03
<VARIANCE> 39
 3.236124e+01 2.769095e+01 1.464888e+02 8.886583e+01 3.046064e+01 5.526341e+01 2.883150e+01 7.157223e+01 6.445266e+01 2.636762e+01 2.428314e+01 3.176423e+01 1.283763e-02 1.157802e+00 1.607246e+00 3.688466e+00 3.358678e+00 3.831381e+00 5.725467e+00 2.361928e+00 8.925493e+00 7.765910e+00 3.136621e+00 3.999700e+00 2.983590e+00 4.961604e-04 1.132433e-01 2.042472e-01 3.043346e-01 3.806870e-01 5.433342e-01 9.125245e-01 3.176256e-01 1.781198e+00 1.238602e+00 5.995141e-01 7.306294e-01 4.661765e-01 2.485625e-05
<GCONST> 1.009086e+02
<STATE> 5
<MEAN> 39
 -2.029094e-07 -1.065275e-07 1.339202e-06 -1.826185e-07 -6.087283e-08 -3.246551e-07 4.058188e-08 8.116377e-08 -4.058188e-08 5.884373e-07 -1.014547e-07 -1.166729e-07 8.413875e-01 -2.266109e-02 1.437577e-01 1.854537e-01 -1.426554e-01 2.197368e-01 -9.618223e-02 1.086610e-01 4.841620e-01 5.917383e-01 3.190826e-01 9.698985e-02 1.439805e-01 -8.482814e-03 -1.148278e-02 -3.019614e-02 3.091818e-02 4.867616e-03 -1.159034e-01 6.326593e-02 3.449630e-02 1.719212e-02 7.982910e-02 8.585660e-02 1.777876e-01 3.106142e-02 -1.682333e-03
<VARIANCE> 39
 3.236124e+01 2.769095e+01 1.464888e+02 8.886583e+01 3.046064e+01 5.526341e+01 2.883150e+01 7.157223e+01 6.445266e+01 2.636762e+01 2.428314e+01 3.176423e+01 1.283763e-02 1.157802e+00 1.607246e+00 3.688466e+00 3.358678e+00 3.831381e+00 5.725467e+00 2.361928e+00 8.925493e+00 7.765910e+00 3.136621e+00 3.999700e+00 2.983590e+00 4.961604e-04 1.132433e-01 2.042472e-01 3.043346e-01 3.806870e-01 5.433342e-01 9.125245e-01 3.176256e-01 1.781198e+00 1.238602e+00 5.995141e-01 7.306294e-01 4.661765e-01 2.485625e-05
<GCONST> 1.009086e+02
<STATE> 6
<MEAN> 39
 -2.029094e-07 -1.065275e-07 1.339202e-06 -1.826185e-07 -6.087283e-08 -3.246551e-07 4.058188e-08 8.116377e-08 -4.058188e-08 5.884373e-07 -1.014547e-07 -1.166729e-07 8.413875e-01 -2.266109e-02 1.437577e-01 1.854537e-01 -1.426554e-01 2.197368e-01 -9.618223e-02 1.086610e-01 4.841620e-01 5.917383e-01 3.190826e-01 9.698985e-02 1.439805e-01 -8.482814e-03 -1.148278e-02 -3.019614e-02 3.091818e-02 4.867616e-03 -1.159034e-01 6.326593e-02 3.449630e-02 1.719212e-02 7.982910e-02 8.585660e-02 1.777876e-01 3.106142e-02 -1.682333e-03
<VARIANCE> 39
 3.236124e+01 2.769095e+01 1.464888e+02 8.886583e+01 3.046064e+01 5.526341e+01 2.883150e+01 7.157223e+01 6.445266e+01 2.636762e+01 2.428314e+01 3.176423e+01 1.283763e-02 1.157802e+00 1.607246e+00 3.688466e+00 3.358678e+00 3.831381e+00 5.725467e+00 2.361928e+00 8.925493e+00 7.765910e+00 3.136621e+00 3.999700e+00 2.983590e+00 4.961604e-04 1.132433e-01 2.042472e-01 3.043346e-01 3.806870e-01 5.433342e-01 9.125245e-01 3.176256e-01 1.781198e+00 1.238602e+00 5.995141e-01 7.306294e-01 4.661765e-01 2.485625e-05
<GCONST> 1.009086e+02
<STATE> 7
<MEAN> 39
 -2.029094e-07 -1.065275e-07 1.339202e-06 -1.826185e-07 -6.087283e-08 -3.246551e-07 4.058188e-08 8.116377e-08 -4.058188e-08 5.884373e-07 -1.014547e-07 -1.166729e-07 8.413875e-01 -2.266109e-02 1.437577e-01 1.854537e-01 -1.426554e-01 2.197368e-01 -9.618223e-02 1.086610e-01 4.841620e-01 5.917383e-01 3.190826e-01 9.698985e-02 1.439805e-01 -8.482814e-03 -1.148278e-02 -3.019614e-02 3.091818e-02 4.867616e-03 -1.159034e-01 6.326593e-02 3.449630e-02 1.719212e-02 7.982910e-02 8.585660e-02 1.777876e-01 3.106142e-02 -1.682333e-03
<VARIANCE> 39
 3.236124e+01 2.769095e+01 1.464888e+02 8.886583e+01 3.046064e+01 5.526341e+01 2.883150e+01 7.157223e+01 6.445266e+01 2.636762e+01 2.428314e+01 3.176423e+01 1.283763e-02 1.157802e+00 1.607246e+00 3.688466e+00 3.358678e+00 3.831381e+00 5.725467e+00 2.361928e+00 8.925493e+00 7.765910e+00 3.136621e+00 3.999700e+00 2.983590e+00 4.961604e-04 1.132433e-01 2.042472e-01 3.043346e-01 3.806870e-01 5.433342e-01 9.125245e-01 3.176256e-01 1.781198e+00 1.238602e+00 5.995141e-01 7.306294e-01 4.661765e-01 2.485625e-05
<GCONST> 1.009086e+02
<STATE> 8
<MEAN> 39
 -2.029094e-07 -1.065275e-07 1.339202e-06 -1.826185e-07 -6.087283e-08 -3.246551e-07 4.058188e-08 8.116377e-08 -4.058188e-08 5.884373e-07 -1.014547e-07 -1.166729e-07 8.413875e-01 -2.266109e-02 1.437577e-01 1.854537e-01 -1.426554e-01 2.197368e-01 -9.618223e-02 1.086610e-01 4.841620e-01 5.917383e-01 3.190826e-01 9.698985e-02 1.439805e-01 -8.482814e-03 -1.148278e-02 -3.019614e-02 3.091818e-02 4.867616e-03 -1.159034e-01 6.326593e-02 3.449630e-02 1.719212e-02 7.982910e-02 8.585660e-02 1.777876e-01 3.106142e-02 -1.682333e-03
<VARIANCE> 39
 3.236124e+01 2.769095e+01 1.464888e+02 8.886583e+01 3.046064e+01 5.526341e+01 2.883150e+01 7.157223e+01 6.445266e+01 2.636762e+01 2.428314e+01 3.176423e+01 1.283763e-02 1.157802e+00 1.607246e+00 3.688466e+00 3.358678e+00 3.831381e+00 5.725467e+00 2.361928e+00 8.925493e+00 7.765910e+00 3.136621e+00 3.999700e+00 2.983590e+00 4.961604e-04 1.132433e-01 2.042472e-01 3.043346e-01 3.806870e-01 5.433342e-01 9.125245e-01 3.176256e-01 1.781198e+00 1.238602e+00 5.995141e-01 7.306294e-01 4.661765e-01 2.485625e-05
<GCONST> 1.009086e+02
<STATE> 9
<MEAN> 39
 -2.029094e-07 -1.065275e-07 1.339202e-06 -1.826185e-07 -6.087283e-08 -3.246551e-07 4.058188e-08 8.116377e-08 -4.058188e-08 5.884373e-07 -1.014547e-07 -1.166729e-07 8.413875e-01 -2.266109e-02 1.437577e-01 1.854537e-01 -1.426554e-01 2.197368e-01 -9.618223e-02 1.086610e-01 4.841620e-01 5.917383e-01 3.190826e-01 9.698985e-02 1.439805e-01 -8.482814e-03 -1.148278e-02 -3.019614e-02 3.091818e-02 4.867616e-03 -1.159034e-01 6.326593e-02 3.449630e-02 1.719212e-02 7.982910e-02 8.585660e-02 1.777876e-01 3.106142e-02 -1.682333e-03
<VARIANCE> 39
 3.236124e+01 2.769095e+01 1.464888e+02 8.886583e+01 3.046064e+01 5.526341e+01 2.883150e+01 7.157223e+01 6.445266e+01 2.636762e+01 2.428314e+01 3.176423e+01 1.283763e-02 1.157802e+00 1.607246e+00 3.688466e+00 3.358678e+00 3.831381e+00 5.725467e+00 2.361928e+00 8.925493e+00 7.765910e+00 3.136621e+00 3.999700e+00 2.983590e+00 4.961604e-04 1.132433e-01 2.042472e-01 3.043346e-01 3.806870e-01 5.433342e-01 9.125245e-01 3.176256e-01 1.781198e+00 1.238602e+00 5.995141e-01 7.306294e-01 4.661765e-01 2.485625e-05
<GCONST> 1.009086e+02
<TRANSP> 10
 0.000000e+00 1.000000e+00 0.000000e+00 0.000000e+00 0.000000e+00 0.000000e+00 0.000000e+00 0.000000e+00 0.000000e+00 0.000000e+00
 0.000000e+00 9.000000e-01 9.999999e-02 0.000000e+00 0.000000e+00 0.000000e+00 0.000000e+00 0.000000e+00 0.000000e+00 0.000000e+00
 0.000000e+00 0.000000e+00 9.000000e-01 9.999999e-02 0.000000e+00 0.000000e+00 0.000000e+00 0.000000e+00 0.000000e+00 0.000000e+00
 0.000000e+00 0.000000e+00 0.000000e+00 9.000000e-01 9.999999e-02 0.000000e+00 0.000000e+00 0.000000e+00 0.000000e+00 0.000000e+00
 0.000000e+00 0.000000e+00 0.000000e+00 0.000000e+00 9.000000e-01 9.999999e-02 0.000000e+00 0.000000e+00 0.000000e+00 0.000000e+00
 0.000000e+00 0.000000e+00 0.000000e+00 0.000000e+00 0.000000e+00 9.000000e-01 9.999999e-02 0.000000e+00 0.000000e+00 0.000000e+00
 0.000000e+00 0.000000e+00 0.000000e+00 0.000000e+00 0.000000e+00 0.000000e+00 9.000000e-01 9.999999e-02 0.000000e+00 0.000000e+00
 0.000000e+00 0.000000e+00 0.000000e+00 0.000000e+00 0.000000e+00 0.000000e+00 0.000000e+00 9.000000e-01 9.999999e-02 0.000000e+00
 0.000000e+00 0.000000e+00 0.000000e+00 0.000000e+00 0.000000e+00 0.000000e+00 0.000000e+00 0.000000e+00 9.000000e-01 9.999999e-02
 0.000000e+00 0.000000e+00 0.000000e+00 0.000000e+00 0.000000e+00 0.000000e+00 0.000000e+00 0.000000e+00 0.000000e+00 0.000000e+00
<ENDHMM>
