~o
<STREAMINFO> 1 39
<VECSIZE> 39<NULLD><MFCC_E_D_A_Z><DIAGC>
~h "s083"
<BEGINHMM>
<NUMSTATES> 10
<STATE> 2
<MEAN> 39
 3.781812e-07 9.043463e-08 3.617385e-07 1.973119e-07 2.548612e-07 -6.577064e-07 -6.905917e-07 1.130433e-07 1.150986e-07 -2.075886e-07 -3.247426e-07 5.097225e-07 7.571027e-01 -9.785718e-02 1.435339e-02 1.121175e-01 -2.736350e-01 6.316590e-02 3.825285e-01 -6.338158e-02 -7.197771e-02 1.262732e-01 -1.107364e-02 3.101944e-02 -1.083557e-01 -3.328144e-03 3.383079e-02 4.311576e-02 4.107123e-02 -5.682227e-03 -4.503484e-02 -1.808686e-02 -4.698985e-02 -3.065213e-02 5.345825e-02 5.140192e-02 1.918304e-02 1.428507e-03 -2.606864e-04
<VARIANCE> 39
 2.227486e+01 7.575780e+01 4.179376e+01 1.063101e+02 4.187333e+01 5.253421e+01 9.969366e+01 3.885586e+01 3.685355e+01 5.607827e+01 4.574440e+01 4.456715e+01 3.556123e-02 2.484364e+00 2.678479e+00 1.804689e+00 2.325973e+00 2.783598e+00 2.733199e+00 3.120147e+00 2.331288e+00 3.965477e+00 4.177451e+00 3.452575e+00 2.426450e+00 1.672372e-03 4.798649e-01 3.056169e-01 1.991494e-01 3.638484e-01 3.008201e-01 4.668429e-01 4.760858e-01 3.686866e-01 7.026742e-01 5.003179e-01 6.355140e-01 4.096671e-01 1.958993e-04
<GCONST> 1.020890e+02
<STATE> 3
<MEAN> 39
 3.781812e-07 9.043463e-08 3.617385e-07 1.973119e-07 2.548612e-07 -6.577064e-07 -6.905917e-07 1.130433e-07 1.150986e-07 -2.075886e-07 -3.247426e-07 5.097225e-07 7.571027e-01 -9.785718e-02 1.435339e-02 1.121175e-01 -2.736350e-01 6.316590e-02 3.825285e-01 -6.338158e-02 -7.197771e-02 1.262732e-01 -1.107364e-02 3.101944e-02 -1.083557e-01 -3.328144e-03 3.383079e-02 4.311576e-02 4.107123e-02 -5.682227e-03 -4.503484e-02 -1.808686e-02 -4.698985e-02 -3.065213e-02 5.345825e-02 5.140192e-02 1.918304e-02 1.428507e-03 -2.606864e-04
<VARIANCE> 39
 2.227486e+01 7.575780e+01 4.179376e+01 1.063101e+02 4.187333e+01 5.253421e+01 9.969366e+01 3.885586e+01 3.685355e+01 5.607827e+01 4.574440e+01 4.456715e+01 3.556123e-02 2.484364e+00 2.678479e+00 1.804689e+00 2.325973e+00 2.783598e+00 2.733199e+00 3.120147e+00 2.331288e+00 3.965477e+00 4.177451e+00 3.452575e+00 2.426450e+00 1.672372e-03 4.798649e-01 3.056169e-01 1.991494e-01 3.638484e-01 3.008201e-01 4.668429e-01 4.760858e-01 3.686866e-01 7.026742e-01 5.003179e-01 6.355140e-01 4.096671e-01 1.958993e-04
<GCONST> 1.020890e+02
<STATE> 4
<MEAN> 39
 3.781812e-07 9.043463e-08 3.617385e-07 1.973119e-07 2.548612e-07 -6.577064e-07 -6.905917e-07 1.130433e-07 1.150986e-07 -2.075886e-07 -3.247426e-07 5.097225e-07 7.571027e-01 -9.785718e-02 1.435339e-02 1.121175e-01 -2.736350e-01 6.316590e-02 3.825285e-01 -6.338158e-02 -7.197771e-02 1.262732e-01 -1.107364e-02 3.101944e-02 -1.083557e-01 -3.328144e-03 3.383079e-02 4.311576e-02 4.107123e-02 -5.682227e-03 -4.503484e-02 -1.808686e-02 -4.698985e-02 -3.065213e-02 5.345825e-02 5.140192e-02 1.918304e-02 1.428507e-03 -2.606864e-04
<VARIANCE> 39
 2.227486e+01 7.575780e+01 4.179376e+01 1.063101e+02 4.187333e+01 5.253421e+01 9.969366e+01 3.885586e+01 3.685355e+01 5.607827e+01 4.574440e+01 4.456715e+01 3.556123e-02 2.484364e+00 2.678479e+00 1.804689e+00 2.325973e+00 2.783598e+00 2.733199e+00 3.120147e+00 2.331288e+00 3.965477e+00 4.177451e+00 3.452575e+00 2.426450e+00 1.672372e-03 4.798649e-01 3.056169e-01 1.991494e-01 3.638484e-01 3.008201e-01 4.668429e-01 4.760858e-01 3.686866e-01 7.026742e-01 5.003179e-01 6.355140e-01 4.096671e-01 1.958993e-04
<GCONST> 1.020890e+02
<STATE> 5
<MEAN> 39
 3.781812e-07 9.043463e-08 3.617385e-07 1.973119e-07 2.548612e-07 -6.577064e-07 -6.905917e-07 1.130433e-07 1.150986e-07 -2.075886e-07 -3.247426e-07 5.097225e-07 7.571027e-01 -9.785718e-02 1.435339e-02 1.121175e-01 -2.736350e-01 6.316590e-02 3.825285e-01 -6.338158e-02 -7.197771e-02 1.262732e-01 -1.107364e-02 3.101944e-02 -1.083557e-01 -3.328144e-03 3.383079e-02 4.311576e-02 4.107123e-02 -5.682227e-03 -4.503484e-02 -1.808686e-02 -4.698985e-02 -3.065213e-02 5.345825e-02 5.140192e-02 1.918304e-02 1.428507e-03 -2.606864e-04
<VARIANCE> 39
 2.227486e+01 7.575780e+01 4.179376e+01 1.063101e+02 4.187333e+01 5.253421e+01 9.969366e+01 3.885586e+01 3.685355e+01 5.607827e+01 4.574440e+01 4.456715e+01 3.556123e-02 2.484364e+00 2.678479e+00 1.804689e+00 2.325973e+00 2.783598e+00 2.733199e+00 3.120147e+00 2.331288e+00 3.965477e+00 4.177451e+00 3.452575e+00 2.426450e+00 1.672372e-03 4.798649e-01 3.056169e-01 1.991494e-01 3.638484e-01 3.008201e-01 4.668429e-01 4.760858e-01 3.686866e-01 7.026742e-01 5.003179e-01 6.355140e-01 4.096671e-01 1.958993e-04
<GCONST> 1.020890e+02
<STATE> 6
<MEAN> 39
 3.781812e-07 9.043463e-08 3.617385e-07 1.973119e-07 2.548612e-07 -6.577064e-07 -6.905917e-07 1.130433e-07 1.150986e-07 -2.075886e-07 -3.247426e-07 5.097225e-07 7.571027e-01 -9.785718e-02 1.435339e-02 1.121175e-01 -2.736350e-01 6.316590e-02 3.825285e-01 -6.338158e-02 -7.197771e-02 1.262732e-01 -1.107364e-02 3.101944e-02 -1.083557e-01 -3.328144e-03 3.383079e-02 4.311576e-02 4.107123e-02 -5.682227e-03 -4.503484e-02 -1.808686e-02 -4.698985e-02 -3.065213e-02 5.345825e-02 5.140192e-02 1.918304e-02 1.428507e-03 -2.606864e-04
<VARIANCE> 39
 2.227486e+01 7.575780e+01 4.179376e+01 1.063101e+02 4.187333e+01 5.253421e+01 9.969366e+01 3.885586e+01 3.685355e+01 5.607827e+01 4.574440e+01 4.456715e+01 3.556123e-02 2.484364e+00 2.678479e+00 1.804689e+00 2.325973e+00 2.783598e+00 2.733199e+00 3.120147e+00 2.331288e+00 3.965477e+00 4.177451e+00 3.452575e+00 2.426450e+00 1.672372e-03 4.798649e-01 3.056169e-01 1.991494e-01 3.638484e-01 3.008201e-01 4.668429e-01 4.760858e-01 3.686866e-01 7.026742e-01 5.003179e-01 6.355140e-01 4.096671e-01 1.958993e-04
<GCONST> 1.020890e+02
<STATE> 7
<MEAN> 39
 3.781812e-07 9.043463e-08 3.617385e-07 1.973119e-07 2.548612e-07 -6.577064e-07 -6.905917e-07 1.130433e-07 1.150986e-07 -2.075886e-07 -3.247426e-07 5.097225e-07 7.571027e-01 -9.785718e-02 1.435339e-02 1.121175e-01 -2.736350e-01 6.316590e-02 3.825285e-01 -6.338158e-02 -7.197771e-02 1.262732e-01 -1.107364e-02 3.101944e-02 -1.083557e-01 -3.328144e-03 3.383079e-02 4.311576e-02 4.107123e-02 -5.682227e-03 -4.503484e-02 -1.808686e-02 -4.698985e-02 -3.065213e-02 5.345825e-02 5.140192e-02 1.918304e-02 1.428507e-03 -2.606864e-04
<VARIANCE> 39
 2.227486e+01 7.575780e+01 4.179376e+01 1.063101e+02 4.187333e+01 5.253421e+01 9.969366e+01 3.885586e+01 3.685355e+01 5.607827e+01 4.574440e+01 4.456715e+01 3.556123e-02 2.484364e+00 2.678479e+00 1.804689e+00 2.325973e+00 2.783598e+00 2.733199e+00 3.120147e+00 2.331288e+00 3.965477e+00 4.177451e+00 3.452575e+00 2.426450e+00 1.672372e-03 4.798649e-01 3.056169e-01 1.991494e-01 3.638484e-01 3.008201e-01 4.668429e-01 4.760858e-01 3.686866e-01 7.026742e-01 5.003179e-01 6.355140e-01 4.096671e-01 1.958993e-04
<GCONST> 1.020890e+02
<STATE> 8
<MEAN> 39
 3.781812e-07 9.043463e-08 3.617385e-07 1.973119e-07 2.548612e-07 -6.577064e-07 -6.905917e-07 1.130433e-07 1.150986e-07 -2.075886e-07 -3.247426e-07 5.097225e-07 7.571027e-01 -9.785718e-02 1.435339e-02 1.121175e-01 -2.736350e-01 6.316590e-02 3.825285e-01 -6.338158e-02 -7.197771e-02 1.262732e-01 -1.107364e-02 3.101944e-02 -1.083557e-01 -3.328144e-03 3.383079e-02 4.311576e-02 4.107123e-02 -5.682227e-03 -4.503484e-02 -1.808686e-02 -4.698985e-02 -3.065213e-02 5.345825e-02 5.140192e-02 1.918304e-02 1.428507e-03 -2.606864e-04
<VARIANCE> 39
 2.227486e+01 7.575780e+01 4.179376e+01 1.063101e+02 4.187333e+01 5.253421e+01 9.969366e+01 3.885586e+01 3.685355e+01 5.607827e+01 4.574440e+01 4.456715e+01 3.556123e-02 2.484364e+00 2.678479e+00 1.804689e+00 2.325973e+00 2.783598e+00 2.733199e+00 3.120147e+00 2.331288e+00 3.965477e+00 4.177451e+00 3.452575e+00 2.426450e+00 1.672372e-03 4.798649e-01 3.056169e-01 1.991494e-01 3.638484e-01 3.008201e-01 4.668429e-01 4.760858e-01 3.686866e-01 7.026742e-01 5.003179e-01 6.355140e-01 4.096671e-01 1.958993e-04
<GCONST> 1.020890e+02
<STATE> 9
<MEAN> 39
 3.781812e-07 9.043463e-08 3.617385e-07 1.973119e-07 2.548612e-07 -6.577064e-07 -6.905917e-07 1.130433e-07 1.150986e-07 -2.075886e-07 -3.247426e-07 5.097225e-07 7.571027e-01 -9.785718e-02 1.435339e-02 1.121175e-01 -2.736350e-01 6.316590e-02 3.825285e-01 -6.338158e-02 -7.197771e-02 1.262732e-01 -1.107364e-02 3.101944e-02 -1.083557e-01 -3.328144e-03 3.383079e-02 4.311576e-02 4.107123e-02 -5.682227e-03 -4.503484e-02 -1.808686e-02 -4.698985e-02 -3.065213e-02 5.345825e-02 5.140192e-02 1.918304e-02 1.428507e-03 -2.606864e-04
<VARIANCE> 39
 2.227486e+01 7.575780e+01 4.179376e+01 1.063101e+02 4.187333e+01 5.253421e+01 9.969366e+01 3.885586e+01 3.685355e+01 5.607827e+01 4.574440e+01 4.456715e+01 3.556123e-02 2.484364e+00 2.678479e+00 1.804689e+00 2.325973e+00 2.783598e+00 2.733199e+00 3.120147e+00 2.331288e+00 3.965477e+00 4.177451e+00 3.452575e+00 2.426450e+00 1.672372e-03 4.798649e-01 3.056169e-01 1.991494e-01 3.638484e-01 3.008201e-01 4.668429e-01 4.760858e-01 3.686866e-01 7.026742e-01 5.003179e-01 6.355140e-01 4.096671e-01 1.958993e-04
<GCONST> 1.020890e+02
<TRANSP> 10
 0.000000e+00 1.000000e+00 0.000000e+00 0.000000e+00 0.000000e+00 0.000000e+00 0.000000e+00 0.000000e+00 0.000000e+00 0.000000e+00
 0.000000e+00 9.000000e-01 9.999999e-02 0.000000e+00 0.000000e+00 0.000000e+00 0.000000e+00 0.000000e+00 0.000000e+00 0.000000e+00
 0.000000e+00 0.000000e+00 9.000000e-01 9.999999e-02 0.000000e+00 0.000000e+00 0.000000e+00 0.000000e+00 0.000000e+00 0.000000e+00
 0.000000e+00 0.000000e+00 0.000000e+00 9.000000e-01 9.999999e-02 0.000000e+00 0.000000e+00 0.000000e+00 0.000000e+00 0.000000e+00
 0.000000e+00 0.000000e+00 0.000000e+00 0.000000e+00 9.000000e-01 9.999999e-02 0.000000e+00 0.000000e+00 0.000000e+00 0.000000e+00
 0.000000e+00 0.000000e+00 0.000000e+00 0.000000e+00 0.000000e+00 9.000000e-01 9.999999e-02 0.000000e+00 0.000000e+00 0.000000e+00
 0.000000e+00 0.000000e+00 0.000000e+00 0.000000e+00 0.000000e+00 0.000000e+00 9.000000e-01 9.999999e-02 0.000000e+00 0.000000e+00
 0.000000e+00 0.000000e+00 0.000000e+00 0.000000e+00 0.000000e+00 0.000000e+00 0.000000e+00 9.000000e-01 9.999999e-02 0.000000e+00
 0.000000e+00 0.000000e+00 0.000000e+00 0.000000e+00 0.000000e+00 0.000000e+00 0.000000e+00 0.000000e+00 9.000000e-01 9.999999e-02
 0.000000e+00 0.000000e+00 0.000000e+00 0.000000e+00 0.000000e+00 0.000000e+00 0.000000e+00 0.000000e+00 0.000000e+00 0.000000e+00
<ENDHMM>
