~o
<STREAMINFO> 1 39
<VECSIZE> 39<NULLD><MFCC_E_D_A_Z><DIAGC>
~h "s085"
<BEGINHMM>
<NUMSTATES> 10
<STATE> 2
<MEAN> 39
 -5.960464e-08 3.762543e-07 -1.043081e-07 -1.490116e-07 2.980232e-08 1.490116e-08 6.109476e-07 2.384186e-07 4.470348e-08 -7.823110e-08 3.129244e-07 2.235174e-08 7.515032e-01 3.328271e-01 -1.980220e-01 1.531415e-01 -2.104881e-01 -6.688572e-02 -1.661037e-01 -1.701959e-01 -2.567486e-01 -3.453005e-01 -1.826626e-01 -1.215983e-01 -5.187810e-02 2.294376e-03 1.783824e-02 1.135691e-02 1.397368e-02 5.085955e-02 8.176413e-02 2.085859e-02 2.575136e-02 7.136723e-02 -2.799205e-02 -4.738308e-03 -1.230463e-02 -2.955290e-02 -5.357025e-04
<VARIANCE> 39
 4.099256e+01 9.841850e+01 8.458483e+01 9.488996e+01 3.064435e+01 5.616945e+01 3.800479e+01 7.690710e+01 4.443271e+01 3.262377e+01 3.596183e+01 3.663692e+01 1.368926e-02 1.969080e+00 4.642925e+00 2.207656e+00 4.751417e+00 3.902097e+00 4.953140e+00 2.710336e+00 8.836415e+00 5.346042e+00 4.060255e+00 2.137491e+00 4.820892e+00 1.056768e-03 2.821961e-01 5.687523e-01 2.173564e-01 6.229152e-01 6.269174e-01 8.713852e-01 4.058132e-01 1.556983e+00 9.415014e-01 8.070580e-01 3.532229e-01 9.885940e-01 1.161104e-04
<GCONST> 1.085507e+02
<STATE> 3
<MEAN> 39
 -5.960464e-08 3.762543e-07 -1.043081e-07 -1.490116e-07 2.980232e-08 1.490116e-08 6.109476e-07 2.384186e-07 4.470348e-08 -7.823110e-08 3.129244e-07 2.235174e-08 7.515032e-01 3.328271e-01 -1.980220e-01 1.531415e-01 -2.104881e-01 -6.688572e-02 -1.661037e-01 -1.701959e-01 -2.567486e-01 -3.453005e-01 -1.826626e-01 -1.215983e-01 -5.187810e-02 2.294376e-03 1.783824e-02 1.135691e-02 1.397368e-02 5.085955e-02 8.176413e-02 2.085859e-02 2.575136e-02 7.136723e-02 -2.799205e-02 -4.738308e-03 -1.230463e-02 -2.955290e-02 -5.357025e-04
<VARIANCE> 39
 4.099256e+01 9.841850e+01 8.458483e+01 9.488996e+01 3.064435e+01 5.616945e+01 3.800479e+01 7.690710e+01 4.443271e+01 3.262377e+01 3.596183e+01 3.663692e+01 1.368926e-02 1.969080e+00 4.642925e+00 2.207656e+00 4.751417e+00 3.902097e+00 4.953140e+00 2.710336e+00 8.836415e+00 5.346042e+00 4.060255e+00 2.137491e+00 4.820892e+00 1.056768e-03 2.821961e-01 5.687523e-01 2.173564e-01 6.229152e-01 6.269174e-01 8.713852e-01 4.058132e-01 1.556983e+00 9.415014e-01 8.070580e-01 3.532229e-01 9.885940e-01 1.161104e-04
<GCONST> 1.085507e+02
<STATE> 4
<MEAN> 39
 -5.960464e-08 3.762543e-07 -1.043081e-07 -1.490116e-07 2.980232e-08 1.490116e-08 6.109476e-07 2.384186e-07 4.470348e-08 -7.823110e-08 3.129244e-07 2.235174e-08 7.515032e-01 3.328271e-01 -1.980220e-01 1.531415e-01 -2.104881e-01 -6.688572e-02 -1.661037e-01 -1.701959e-01 -2.567486e-01 -3.453005e-01 -1.826626e-01 -1.215983e-01 -5.187810e-02 2.294376e-03 1.783824e-02 1.135691e-02 1.397368e-02 5.085955e-02 8.176413e-02 2.085859e-02 2.575136e-02 7.136723e-02 -2.799205e-02 -4.738308e-03 -1.230463e-02 -2.955290e-02 -5.357025e-04
<VARIANCE> 39
 4.099256e+01 9.841850e+01 8.458483e+01 9.488996e+01 3.064435e+01 5.616945e+01 3.800479e+01 7.690710e+01 4.443271e+01 3.262377e+01 3.596183e+01 3.663692e+01 1.368926e-02 1.969080e+00 4.642925e+00 2.207656e+00 4.751417e+00 3.902097e+00 4.953140e+00 2.710336e+00 8.836415e+00 5.346042e+00 4.060255e+00 2.137491e+00 4.820892e+00 1.056768e-03 2.821961e-01 5.687523e-01 2.173564e-01 6.229152e-01 6.269174e-01 8.713852e-01 4.058132e-01 1.556983e+00 9.415014e-01 8.070580e-01 3.532229e-01 9.885940e-01 1.161104e-04
<GCONST> 1.085507e+02
<STATE> 5
<MEAN> 39
 -5.960464e-08 3.762543e-07 -1.043081e-07 -1.490116e-07 2.980232e-08 1.490116e-08 6.109476e-07 2.384186e-07 4.470348e-08 -7.823110e-08 3.129244e-07 2.235174e-08 7.515032e-01 3.328271e-01 -1.980220e-01 1.531415e-01 -2.104881e-01 -6.688572e-02 -1.661037e-01 -1.701959e-01 -2.567486e-01 -3.453005e-01 -1.826626e-01 -1.215983e-01 -5.187810e-02 2.294376e-03 1.783824e-02 1.135691e-02 1.397368e-02 5.085955e-02 8.176413e-02 2.085859e-02 2.575136e-02 7.136723e-02 -2.799205e-02 -4.738308e-03 -1.230463e-02 -2.955290e-02 -5.357025e-04
<VARIANCE> 39
 4.099256e+01 9.841850e+01 8.458483e+01 9.488996e+01 3.064435e+01 5.616945e+01 3.800479e+01 7.690710e+01 4.443271e+01 3.262377e+01 3.596183e+01 3.663692e+01 1.368926e-02 1.969080e+00 4.642925e+00 2.207656e+00 4.751417e+00 3.902097e+00 4.953140e+00 2.710336e+00 8.836415e+00 5.346042e+00 4.060255e+00 2.137491e+00 4.820892e+00 1.056768e-03 2.821961e-01 5.687523e-01 2.173564e-01 6.229152e-01 6.269174e-01 8.713852e-01 4.058132e-01 1.556983e+00 9.415014e-01 8.070580e-01 3.532229e-01 9.885940e-01 1.161104e-04
<GCONST> 1.085507e+02
<STATE> 6
<MEAN> 39
 -5.960464e-08 3.762543e-07 -1.043081e-07 -1.490116e-07 2.980232e-08 1.490116e-08 6.109476e-07 2.384186e-07 4.470348e-08 -7.823110e-08 3.129244e-07 2.235174e-08 7.515032e-01 3.328271e-01 -1.980220e-01 1.531415e-01 -2.104881e-01 -6.688572e-02 -1.661037e-01 -1.701959e-01 -2.567486e-01 -3.453005e-01 -1.826626e-01 -1.215983e-01 -5.187810e-02 2.294376e-03 1.783824e-02 1.135691e-02 1.397368e-02 5.085955e-02 8.176413e-02 2.085859e-02 2.575136e-02 7.136723e-02 -2.799205e-02 -4.738308e-03 -1.230463e-02 -2.955290e-02 -5.357025e-04
<VARIANCE> 39
 4.099256e+01 9.841850e+01 8.458483e+01 9.488996e+01 3.064435e+01 5.616945e+01 3.800479e+01 7.690710e+01 4.443271e+01 3.262377e+01 3.596183e+01 3.663692e+01 1.368926e-02 1.969080e+00 4.642925e+00 2.207656e+00 4.751417e+00 3.902097e+00 4.953140e+00 2.710336e+00 8.836415e+00 5.346042e+00 4.060255e+00 2.137491e+00 4.820892e+00 1.056768e-03 2.821961e-01 5.687523e-01 2.173564e-01 6.229152e-01 6.269174e-01 8.713852e-01 4.058132e-01 1.556983e+00 9.415014e-01 8.070580e-01 3.532229e-01 9.885940e-01 1.161104e-04
<GCONST> 1.085507e+02
<STATE> 7
<MEAN> 39
 -5.960464e-08 3.762543e-07 -1.043081e-07 -1.490116e-07 2.980232e-08 1.490116e-08 6.109476e-07 2.384186e-07 4.470348e-08 -7.823110e-08 3.129244e-07 2.235174e-08 7.515032e-01 3.328271e-01 -1.980220e-01 1.531415e-01 -2.104881e-01 -6.688572e-02 -1.661037e-01 -1.701959e-01 -2.567486e-01 -3.453005e-01 -1.826626e-01 -1.215983e-01 -5.187810e-02 2.294376e-03 1.783824e-02 1.135691e-02 1.397368e-02 5.085955e-02 8.176413e-02 2.085859e-02 2.575136e-02 7.136723e-02 -2.799205e-02 -4.738308e-03 -1.230463e-02 -2.955290e-02 -5.357025e-04
<VARIANCE> 39
 4.099256e+01 9.841850e+01 8.458483e+01 9.488996e+01 3.064435e+01 5.616945e+01 3.800479e+01 7.690710e+01 4.443271e+01 3.262377e+01 3.596183e+01 3.663692e+01 1.368926e-02 1.969080e+00 4.642925e+00 2.207656e+00 4.751417e+00 3.902097e+00 4.953140e+00 2.710336e+00 8.836415e+00 5.346042e+00 4.060255e+00 2.137491e+00 4.820892e+00 1.056768e-03 2.821961e-01 5.687523e-01 2.173564e-01 6.229152e-01 6.269174e-01 8.713852e-01 4.058132e-01 1.556983e+00 9.415014e-01 8.070580e-01 3.532229e-01 9.885940e-01 1.161104e-04
<GCONST> 1.085507e+02
<STATE> 8
<MEAN> 39
 -5.960464e-08 3.762543e-07 -1.043081e-07 -1.490116e-07 2.980232e-08 1.490116e-08 6.109476e-07 2.384186e-07 4.470348e-08 -7.823110e-08 3.129244e-07 2.235174e-08 7.515032e-01 3.328271e-01 -1.980220e-01 1.531415e-01 -2.104881e-01 -6.688572e-02 -1.661037e-01 -1.701959e-01 -2.567486e-01 -3.453005e-01 -1.826626e-01 -1.215983e-01 -5.187810e-02 2.294376e-03 1.783824e-02 1.135691e-02 1.397368e-02 5.085955e-02 8.176413e-02 2.085859e-02 2.575136e-02 7.136723e-02 -2.799205e-02 -4.738308e-03 -1.230463e-02 -2.955290e-02 -5.357025e-04
<VARIANCE> 39
 4.099256e+01 9.841850e+01 8.458483e+01 9.488996e+01 3.064435e+01 5.616945e+01 3.800479e+01 7.690710e+01 4.443271e+01 3.262377e+01 3.596183e+01 3.663692e+01 1.368926e-02 1.969080e+00 4.642925e+00 2.207656e+00 4.751417e+00 3.902097e+00 4.953140e+00 2.710336e+00 8.836415e+00 5.346042e+00 4.060255e+00 2.137491e+00 4.820892e+00 1.056768e-03 2.821961e-01 5.687523e-01 2.173564e-01 6.229152e-01 6.269174e-01 8.713852e-01 4.058132e-01 1.556983e+00 9.415014e-01 8.070580e-01 3.532229e-01 9.885940e-01 1.161104e-04
<GCONST> 1.085507e+02
<STATE> 9
<MEAN> 39
 -5.960464e-08 3.762543e-07 -1.043081e-07 -1.490116e-07 2.980232e-08 1.490116e-08 6.109476e-07 2.384186e-07 4.470348e-08 -7.823110e-08 3.129244e-07 2.235174e-08 7.515032e-01 3.328271e-01 -1.980220e-01 1.531415e-01 -2.104881e-01 -6.688572e-02 -1.661037e-01 -1.701959e-01 -2.567486e-01 -3.453005e-01 -1.826626e-01 -1.215983e-01 -5.187810e-02 2.294376e-03 1.783824e-02 1.135691e-02 1.397368e-02 5.085955e-02 8.176413e-02 2.085859e-02 2.575136e-02 7.136723e-02 -2.799205e-02 -4.738308e-03 -1.230463e-02 -2.955290e-02 -5.357025e-04
<VARIANCE> 39
 4.099256e+01 9.841850e+01 8.458483e+01 9.488996e+01 3.064435e+01 5.616945e+01 3.800479e+01 7.690710e+01 4.443271e+01 3.262377e+01 3.596183e+01 3.663692e+01 1.368926e-02 1.969080e+00 4.642925e+00 2.207656e+00 4.751417e+00 3.902097e+00 4.953140e+00 2.710336e+00 8.836415e+00 5.346042e+00 4.060255e+00 2.137491e+00 4.820892e+00 1.056768e-03 2.821961e-01 5.687523e-01 2.173564e-01 6.229152e-01 6.269174e-01 8.713852e-01 4.058132e-01 1.556983e+00 9.415014e-01 8.070580e-01 3.532229e-01 9.885940e-01 1.161104e-04
<GCONST> 1.085507e+02
<TRANSP> 10
 0.000000e+00 1.000000e+00 0.000000e+00 0.000000e+00 0.000000e+00 0.000000e+00 0.000000e+00 0.000000e+00 0.000000e+00 0.000000e+00
 0.000000e+00 9.000000e-01 9.999999e-02 0.000000e+00 0.000000e+00 0.000000e+00 0.000000e+00 0.000000e+00 0.000000e+00 0.000000e+00
 0.000000e+00 0.000000e+00 9.000000e-01 9.999999e-02 0.000000e+00 0.000000e+00 0.000000e+00 0.000000e+00 0.000000e+00 0.000000e+00
 0.000000e+00 0.000000e+00 0.000000e+00 9.000000e-01 9.999999e-02 0.000000e+00 0.000000e+00 0.000000e+00 0.000000e+00 0.000000e+00
 0.000000e+00 0.000000e+00 0.000000e+00 0.000000e+00 9.000000e-01 9.999999e-02 0.000000e+00 0.000000e+00 0.000000e+00 0.000000e+00
 0.000000e+00 0.000000e+00 0.000000e+00 0.000000e+00 0.000000e+00 9.000000e-01 9.999999e-02 0.000000e+00 0.000000e+00 0.000000e+00
 0.000000e+00 0.000000e+00 0.000000e+00 0.000000e+00 0.000000e+00 0.000000e+00 9.000000e-01 9.999999e-02 0.000000e+00 0.000000e+00
 0.000000e+00 0.000000e+00 0.000000e+00 0.000000e+00 0.000000e+00 0.000000e+00 0.000000e+00 9.000000e-01 9.999999e-02 0.000000e+00
 0.000000e+00 0.000000e+00 0.000000e+00 0.000000e+00 0.000000e+00 0.000000e+00 0.000000e+00 0.000000e+00 9.000000e-01 9.999999e-02
 0.000000e+00 0.000000e+00 0.000000e+00 0.000000e+00 0.000000e+00 0.000000e+00 0.000000e+00 0.000000e+00 0.000000e+00 0.000000e+00
<ENDHMM>
