~o
<STREAMINFO> 1 39
<VECSIZE> 39<NULLD><MFCC_E_D_A_Z><DIAGC>
~h "s086"
<BEGINHMM>
<NUMSTATES> 10
<STATE> 2
<MEAN> 39
 -4.768372e-08 -7.335957e-08 3.301180e-07 -9.390024e-07 9.536743e-08 -1.907349e-07 -1.320472e-07 5.135169e-08 2.420866e-07 1.613910e-07 2.934383e-08 1.173753e-07 8.428149e-01 1.235094e-01 -2.483865e-01 -1.093271e-01 5.533230e-01 1.820738e-01 -3.747954e-02 2.522879e-01 -1.657198e-02 3.269102e-02 6.091837e-02 1.270999e-01 2.500981e-02 -6.721670e-03 1.108777e-02 2.841767e-02 -2.538925e-02 2.422258e-02 5.021862e-03 -3.751059e-02 -2.031659e-02 3.026714e-02 6.891060e-02 -1.657254e-02 -9.429920e-03 -2.554834e-02 -8.524297e-04
<VARIANCE> 39
 1.422067e+01 1.669794e+01 4.928330e+01 8.385600e+01 4.060424e+01 5.644768e+01 4.106406e+01 4.452434e+01 7.857784e+01 2.882703e+01 3.329584e+01 2.596501e+01 1.137901e-02 1.286195e+00 1.729175e+00 4.241612e+00 2.622600e+00 2.868417e+00 4.108578e+00 4.332175e+00 3.793323e+00 5.376722e+00 3.404676e+00 3.793035e+00 2.953985e+00 8.941078e-04 2.971916e-01 2.776578e-01 6.197164e-01 4.831418e-01 5.265833e-01 7.061588e-01 7.398608e-01 5.819301e-01 8.199962e-01 7.045900e-01 7.175427e-01 5.790179e-01 1.447407e-04
<GCONST> 1.017121e+02
<STATE> 3
<MEAN> 39
 -4.768372e-08 -7.335957e-08 3.301180e-07 -9.390024e-07 9.536743e-08 -1.907349e-07 -1.320472e-07 5.135169e-08 2.420866e-07 1.613910e-07 2.934383e-08 1.173753e-07 8.428149e-01 1.235094e-01 -2.483865e-01 -1.093271e-01 5.533230e-01 1.820738e-01 -3.747954e-02 2.522879e-01 -1.657198e-02 3.269102e-02 6.091837e-02 1.270999e-01 2.500981e-02 -6.721670e-03 1.108777e-02 2.841767e-02 -2.538925e-02 2.422258e-02 5.021862e-03 -3.751059e-02 -2.031659e-02 3.026714e-02 6.891060e-02 -1.657254e-02 -9.429920e-03 -2.554834e-02 -8.524297e-04
<VARIANCE> 39
 1.422067e+01 1.669794e+01 4.928330e+01 8.385600e+01 4.060424e+01 5.644768e+01 4.106406e+01 4.452434e+01 7.857784e+01 2.882703e+01 3.329584e+01 2.596501e+01 1.137901e-02 1.286195e+00 1.729175e+00 4.241612e+00 2.622600e+00 2.868417e+00 4.108578e+00 4.332175e+00 3.793323e+00 5.376722e+00 3.404676e+00 3.793035e+00 2.953985e+00 8.941078e-04 2.971916e-01 2.776578e-01 6.197164e-01 4.831418e-01 5.265833e-01 7.061588e-01 7.398608e-01 5.819301e-01 8.199962e-01 7.045900e-01 7.175427e-01 5.790179e-01 1.447407e-04
<GCONST> 1.017121e+02
<STATE> 4
<MEAN> 39
 -4.768372e-08 -7.335957e-08 3.301180e-07 -9.390024e-07 9.536743e-08 -1.907349e-07 -1.320472e-07 5.135169e-08 2.420866e-07 1.613910e-07 2.934383e-08 1.173753e-07 8.428149e-01 1.235094e-01 -2.483865e-01 -1.093271e-01 5.533230e-01 1.820738e-01 -3.747954e-02 2.522879e-01 -1.657198e-02 3.269102e-02 6.091837e-02 1.270999e-01 2.500981e-02 -6.721670e-03 1.108777e-02 2.841767e-02 -2.538925e-02 2.422258e-02 5.021862e-03 -3.751059e-02 -2.031659e-02 3.026714e-02 6.891060e-02 -1.657254e-02 -9.429920e-03 -2.554834e-02 -8.524297e-04
<VARIANCE> 39
 1.422067e+01 1.669794e+01 4.928330e+01 8.385600e+01 4.060424e+01 5.644768e+01 4.106406e+01 4.452434e+01 7.857784e+01 2.882703e+01 3.329584e+01 2.596501e+01 1.137901e-02 1.286195e+00 1.729175e+00 4.241612e+00 2.622600e+00 2.868417e+00 4.108578e+00 4.332175e+00 3.793323e+00 5.376722e+00 3.404676e+00 3.793035e+00 2.953985e+00 8.941078e-04 2.971916e-01 2.776578e-01 6.197164e-01 4.831418e-01 5.265833e-01 7.061588e-01 7.398608e-01 5.819301e-01 8.199962e-01 7.045900e-01 7.175427e-01 5.790179e-01 1.447407e-04
<GCONST> 1.017121e+02
<STATE> 5
<MEAN> 39
 -4.768372e-08 -7.335957e-08 3.301180e-07 -9.390024e-07 9.536743e-08 -1.907349e-07 -1.320472e-07 5.135169e-08 2.420866e-07 1.613910e-07 2.934383e-08 1.173753e-07 8.428149e-01 1.235094e-01 -2.483865e-01 -1.093271e-01 5.533230e-01 1.820738e-01 -3.747954e-02 2.522879e-01 -1.657198e-02 3.269102e-02 6.091837e-02 1.270999e-01 2.500981e-02 -6.721670e-03 1.108777e-02 2.841767e-02 -2.538925e-02 2.422258e-02 5.021862e-03 -3.751059e-02 -2.031659e-02 3.026714e-02 6.891060e-02 -1.657254e-02 -9.429920e-03 -2.554834e-02 -8.524297e-04
<VARIANCE> 39
 1.422067e+01 1.669794e+01 4.928330e+01 8.385600e+01 4.060424e+01 5.644768e+01 4.106406e+01 4.452434e+01 7.857784e+01 2.882703e+01 3.329584e+01 2.596501e+01 1.137901e-02 1.286195e+00 1.729175e+00 4.241612e+00 2.622600e+00 2.868417e+00 4.108578e+00 4.332175e+00 3.793323e+00 5.376722e+00 3.404676e+00 3.793035e+00 2.953985e+00 8.941078e-04 2.971916e-01 2.776578e-01 6.197164e-01 4.831418e-01 5.265833e-01 7.061588e-01 7.398608e-01 5.819301e-01 8.199962e-01 7.045900e-01 7.175427e-01 5.790179e-01 1.447407e-04
<GCONST> 1.017121e+02
<STATE> 6
<MEAN> 39
 -4.768372e-08 -7.335957e-08 3.301180e-07 -9.390024e-07 9.536743e-08 -1.907349e-07 -1.320472e-07 5.135169e-08 2.420866e-07 1.613910e-07 2.934383e-08 1.173753e-07 8.428149e-01 1.235094e-01 -2.483865e-01 -1.093271e-01 5.533230e-01 1.820738e-01 -3.747954e-02 2.522879e-01 -1.657198e-02 3.269102e-02 6.091837e-02 1.270999e-01 2.500981e-02 -6.721670e-03 1.108777e-02 2.841767e-02 -2.538925e-02 2.422258e-02 5.021862e-03 -3.751059e-02 -2.031659e-02 3.026714e-02 6.891060e-02 -1.657254e-02 -9.429920e-03 -2.554834e-02 -8.524297e-04
<VARIANCE> 39
 1.422067e+01 1.669794e+01 4.928330e+01 8.385600e+01 4.060424e+01 5.644768e+01 4.106406e+01 4.452434e+01 7.857784e+01 2.882703e+01 3.329584e+01 2.596501e+01 1.137901e-02 1.286195e+00 1.729175e+00 4.241612e+00 2.622600e+00 2.868417e+00 4.108578e+00 4.332175e+00 3.793323e+00 5.376722e+00 3.404676e+00 3.793035e+00 2.953985e+00 8.941078e-04 2.971916e-01 2.776578e-01 6.197164e-01 4.831418e-01 5.265833e-01 7.061588e-01 7.398608e-01 5.819301e-01 8.199962e-01 7.045900e-01 7.175427e-01 5.790179e-01 1.447407e-04
<GCONST> 1.017121e+02
<STATE> 7
<MEAN> 39
 -4.768372e-08 -7.335957e-08 3.301180e-07 -9.390024e-07 9.536743e-08 -1.907349e-07 -1.320472e-07 5.135169e-08 2.420866e-07 1.613910e-07 2.934383e-08 1.173753e-07 8.428149e-01 1.235094e-01 -2.483865e-01 -1.093271e-01 5.533230e-01 1.820738e-01 -3.747954e-02 2.522879e-01 -1.657198e-02 3.269102e-02 6.091837e-02 1.270999e-01 2.500981e-02 -6.721670e-03 1.108777e-02 2.841767e-02 -2.538925e-02 2.422258e-02 5.021862e-03 -3.751059e-02 -2.031659e-02 3.026714e-02 6.891060e-02 -1.657254e-02 -9.429920e-03 -2.554834e-02 -8.524297e-04
<VARIANCE> 39
 1.422067e+01 1.669794e+01 4.928330e+01 8.385600e+01 4.060424e+01 5.644768e+01 4.106406e+01 4.452434e+01 7.857784e+01 2.882703e+01 3.329584e+01 2.596501e+01 1.137901e-02 1.286195e+00 1.729175e+00 4.241612e+00 2.622600e+00 2.868417e+00 4.108578e+00 4.332175e+00 3.793323e+00 5.376722e+00 3.404676e+00 3.793035e+00 2.953985e+00 8.941078e-04 2.971916e-01 2.776578e-01 6.197164e-01 4.831418e-01 5.265833e-01 7.061588e-01 7.398608e-01 5.819301e-01 8.199962e-01 7.045900e-01 7.175427e-01 5.790179e-01 1.447407e-04
<GCONST> 1.017121e+02
<STATE> 8
<MEAN> 39
 -4.768372e-08 -7.335957e-08 3.301180e-07 -9.390024e-07 9.536743e-08 -1.907349e-07 -1.320472e-07 5.135169e-08 2.420866e-07 1.613910e-07 2.934383e-08 1.173753e-07 8.428149e-01 1.235094e-01 -2.483865e-01 -1.093271e-01 5.533230e-01 1.820738e-01 -3.747954e-02 2.522879e-01 -1.657198e-02 3.269102e-02 6.091837e-02 1.270999e-01 2.500981e-02 -6.721670e-03 1.108777e-02 2.841767e-02 -2.538925e-02 2.422258e-02 5.021862e-03 -3.751059e-02 -2.031659e-02 3.026714e-02 6.891060e-02 -1.657254e-02 -9.429920e-03 -2.554834e-02 -8.524297e-04
<VARIANCE> 39
 1.422067e+01 1.669794e+01 4.928330e+01 8.385600e+01 4.060424e+01 5.644768e+01 4.106406e+01 4.452434e+01 7.857784e+01 2.882703e+01 3.329584e+01 2.596501e+01 1.137901e-02 1.286195e+00 1.729175e+00 4.241612e+00 2.622600e+00 2.868417e+00 4.108578e+00 4.332175e+00 3.793323e+00 5.376722e+00 3.404676e+00 3.793035e+00 2.953985e+00 8.941078e-04 2.971916e-01 2.776578e-01 6.197164e-01 4.831418e-01 5.265833e-01 7.061588e-01 7.398608e-01 5.819301e-01 8.199962e-01 7.045900e-01 7.175427e-01 5.790179e-01 1.447407e-04
<GCONST> 1.017121e+02
<STATE> 9
<MEAN> 39
 -4.768372e-08 -7.335957e-08 3.301180e-07 -9.390024e-07 9.536743e-08 -1.907349e-07 -1.320472e-07 5.135169e-08 2.420866e-07 1.613910e-07 2.934383e-08 1.173753e-07 8.428149e-01 1.235094e-01 -2.483865e-01 -1.093271e-01 5.533230e-01 1.820738e-01 -3.747954e-02 2.522879e-01 -1.657198e-02 3.269102e-02 6.091837e-02 1.270999e-01 2.500981e-02 -6.721670e-03 1.108777e-02 2.841767e-02 -2.538925e-02 2.422258e-02 5.021862e-03 -3.751059e-02 -2.031659e-02 3.026714e-02 6.891060e-02 -1.657254e-02 -9.429920e-03 -2.554834e-02 -8.524297e-04
<VARIANCE> 39
 1.422067e+01 1.669794e+01 4.928330e+01 8.385600e+01 4.060424e+01 5.644768e+01 4.106406e+01 4.452434e+01 7.857784e+01 2.882703e+01 3.329584e+01 2.596501e+01 1.137901e-02 1.286195e+00 1.729175e+00 4.241612e+00 2.622600e+00 2.868417e+00 4.108578e+00 4.332175e+00 3.793323e+00 5.376722e+00 3.404676e+00 3.793035e+00 2.953985e+00 8.941078e-04 2.971916e-01 2.776578e-01 6.197164e-01 4.831418e-01 5.265833e-01 7.061588e-01 7.398608e-01 5.819301e-01 8.199962e-01 7.045900e-01 7.175427e-01 5.790179e-01 1.447407e-04
<GCONST> 1.017121e+02
<TRANSP> 10
 0.000000e+00 1.000000e+00 0.000000e+00 0.000000e+00 0.000000e+00 0.000000e+00 0.000000e+00 0.000000e+00 0.000000e+00 0.000000e+00
 0.000000e+00 9.000000e-01 9.999999e-02 0.000000e+00 0.000000e+00 0.000000e+00 0.000000e+00 0.000000e+00 0.000000e+00 0.000000e+00
 0.000000e+00 0.000000e+00 9.000000e-01 9.999999e-02 0.000000e+00 0.000000e+00 0.000000e+00 0.000000e+00 0.000000e+00 0.000000e+00
 0.000000e+00 0.000000e+00 0.000000e+00 9.000000e-01 9.999999e-02 0.000000e+00 0.000000e+00 0.000000e+00 0.000000e+00 0.000000e+00
 0.000000e+00 0.000000e+00 0.000000e+00 0.000000e+00 9.000000e-01 9.999999e-02 0.000000e+00 0.000000e+00 0.000000e+00 0.000000e+00
 0.000000e+00 0.000000e+00 0.000000e+00 0.000000e+00 0.000000e+00 9.000000e-01 9.999999e-02 0.000000e+00 0.000000e+00 0.000000e+00
 0.000000e+00 0.000000e+00 0.000000e+00 0.000000e+00 0.000000e+00 0.000000e+00 9.000000e-01 9.999999e-02 0.000000e+00 0.000000e+00
 0.000000e+00 0.000000e+00 0.000000e+00 0.000000e+00 0.000000e+00 0.000000e+00 0.000000e+00 9.000000e-01 9.999999e-02 0.000000e+00
 0.000000e+00 0.000000e+00 0.000000e+00 0.000000e+00 0.000000e+00 0.000000e+00 0.000000e+00 0.000000e+00 9.000000e-01 9.999999e-02
 0.000000e+00 0.000000e+00 0.000000e+00 0.000000e+00 0.000000e+00 0.000000e+00 0.000000e+00 0.000000e+00 0.000000e+00 0.000000e+00
<ENDHMM>
