~o
<STREAMINFO> 1 39
<VECSIZE> 39<NULLD><MFCC_E_D_A_Z><DIAGC>
~h "s087"
<BEGINHMM>
<NUMSTATES> 10
<STATE> 2
<MEAN> 39
 1.788139e-07 3.774961e-07 0.000000e+00 -8.344650e-07 1.390775e-07 -5.165736e-07 -4.371007e-07 -1.390775e-07 -9.934107e-08 -8.443991e-08 3.973643e-08 -1.092752e-07 8.754442e-01 2.322583e-01 -2.370624e-01 -3.324335e-02 2.080732e-01 4.643354e-02 5.082214e-02 1.605038e-01 -2.302771e-01 -3.487815e-01 2.559118e-01 -3.508421e-01 -7.118044e-02 -6.207272e-03 -5.039020e-03 -2.917239e-02 2.919061e-02 -1.868369e-02 -5.156332e-02 -3.718992e-02 1.880298e-02 -7.066193e-03 3.197651e-02 -5.428391e-02 -3.980620e-02 5.564157e-03 -1.168045e-03
<VARIANCE> 39
 3.022124e+01 1.886128e+01 1.603326e+01 3.568541e+01 4.339652e+01 1.452798e+01 1.902843e+01 6.574346e+01 8.008936e+01 5.103682e+01 2.689365e+01 1.079560e+01 8.771376e-03 1.362796e+00 1.110659e+00 1.777035e+00 3.283185e+00 4.207947e+00 1.380011e+00 2.818616e+00 3.443048e+00 9.037730e+00 3.337524e+00 1.483222e+00 1.382525e+00 1.277870e-03 1.315034e-01 1.412243e-01 2.870078e-01 6.515660e-01 5.634844e-01 2.527103e-01 7.165401e-01 3.778656e-01 1.415612e+00 4.366111e-01 2.319816e-01 3.119609e-01 2.423284e-04
<GCONST> 9.052225e+01
<STATE> 3
<MEAN> 39
 1.788139e-07 3.774961e-07 0.000000e+00 -8.344650e-07 1.390775e-07 -5.165736e-07 -4.371007e-07 -1.390775e-07 -9.934107e-08 -8.443991e-08 3.973643e-08 -1.092752e-07 8.754442e-01 2.322583e-01 -2.370624e-01 -3.324335e-02 2.080732e-01 4.643354e-02 5.082214e-02 1.605038e-01 -2.302771e-01 -3.487815e-01 2.559118e-01 -3.508421e-01 -7.118044e-02 -6.207272e-03 -5.039020e-03 -2.917239e-02 2.919061e-02 -1.868369e-02 -5.156332e-02 -3.718992e-02 1.880298e-02 -7.066193e-03 3.197651e-02 -5.428391e-02 -3.980620e-02 5.564157e-03 -1.168045e-03
<VARIANCE> 39
 3.022124e+01 1.886128e+01 1.603326e+01 3.568541e+01 4.339652e+01 1.452798e+01 1.902843e+01 6.574346e+01 8.008936e+01 5.103682e+01 2.689365e+01 1.079560e+01 8.771376e-03 1.362796e+00 1.110659e+00 1.777035e+00 3.283185e+00 4.207947e+00 1.380011e+00 2.818616e+00 3.443048e+00 9.037730e+00 3.337524e+00 1.483222e+00 1.382525e+00 1.277870e-03 1.315034e-01 1.412243e-01 2.870078e-01 6.515660e-01 5.634844e-01 2.527103e-01 7.165401e-01 3.778656e-01 1.415612e+00 4.366111e-01 2.319816e-01 3.119609e-01 2.423284e-04
<GCONST> 9.052225e+01
<STATE> 4
<MEAN> 39
 1.788139e-07 3.774961e-07 0.000000e+00 -8.344650e-07 1.390775e-07 -5.165736e-07 -4.371007e-07 -1.390775e-07 -9.934107e-08 -8.443991e-08 3.973643e-08 -1.092752e-07 8.754442e-01 2.322583e-01 -2.370624e-01 -3.324335e-02 2.080732e-01 4.643354e-02 5.082214e-02 1.605038e-01 -2.302771e-01 -3.487815e-01 2.559118e-01 -3.508421e-01 -7.118044e-02 -6.207272e-03 -5.039020e-03 -2.917239e-02 2.919061e-02 -1.868369e-02 -5.156332e-02 -3.718992e-02 1.880298e-02 -7.066193e-03 3.197651e-02 -5.428391e-02 -3.980620e-02 5.564157e-03 -1.168045e-03
<VARIANCE> 39
 3.022124e+01 1.886128e+01 1.603326e+01 3.568541e+01 4.339652e+01 1.452798e+01 1.902843e+01 6.574346e+01 8.008936e+01 5.103682e+01 2.689365e+01 1.079560e+01 8.771376e-03 1.362796e+00 1.110659e+00 1.777035e+00 3.283185e+00 4.207947e+00 1.380011e+00 2.818616e+00 3.443048e+00 9.037730e+00 3.337524e+00 1.483222e+00 1.382525e+00 1.277870e-03 1.315034e-01 1.412243e-01 2.870078e-01 6.515660e-01 5.634844e-01 2.527103e-01 7.165401e-01 3.778656e-01 1.415612e+00 4.366111e-01 2.319816e-01 3.119609e-01 2.423284e-04
<GCONST> 9.052225e+01
<STATE> 5
<MEAN> 39
 1.788139e-07 3.774961e-07 0.000000e+00 -8.344650e-07 1.390775e-07 -5.165736e-07 -4.371007e-07 -1.390775e-07 -9.934107e-08 -8.443991e-08 3.973643e-08 -1.092752e-07 8.754442e-01 2.322583e-01 -2.370624e-01 -3.324335e-02 2.080732e-01 4.643354e-02 5.082214e-02 1.605038e-01 -2.302771e-01 -3.487815e-01 2.559118e-01 -3.508421e-01 -7.118044e-02 -6.207272e-03 -5.039020e-03 -2.917239e-02 2.919061e-02 -1.868369e-02 -5.156332e-02 -3.718992e-02 1.880298e-02 -7.066193e-03 3.197651e-02 -5.428391e-02 -3.980620e-02 5.564157e-03 -1.168045e-03
<VARIANCE> 39
 3.022124e+01 1.886128e+01 1.603326e+01 3.568541e+01 4.339652e+01 1.452798e+01 1.902843e+01 6.574346e+01 8.008936e+01 5.103682e+01 2.689365e+01 1.079560e+01 8.771376e-03 1.362796e+00 1.110659e+00 1.777035e+00 3.283185e+00 4.207947e+00 1.380011e+00 2.818616e+00 3.443048e+00 9.037730e+00 3.337524e+00 1.483222e+00 1.382525e+00 1.277870e-03 1.315034e-01 1.412243e-01 2.870078e-01 6.515660e-01 5.634844e-01 2.527103e-01 7.165401e-01 3.778656e-01 1.415612e+00 4.366111e-01 2.319816e-01 3.119609e-01 2.423284e-04
<GCONST> 9.052225e+01
<STATE> 6
<MEAN> 39
 1.788139e-07 3.774961e-07 0.000000e+00 -8.344650e-07 1.390775e-07 -5.165736e-07 -4.371007e-07 -1.390775e-07 -9.934107e-08 -8.443991e-08 3.973643e-08 -1.092752e-07 8.754442e-01 2.322583e-01 -2.370624e-01 -3.324335e-02 2.080732e-01 4.643354e-02 5.082214e-02 1.605038e-01 -2.302771e-01 -3.487815e-01 2.559118e-01 -3.508421e-01 -7.118044e-02 -6.207272e-03 -5.039020e-03 -2.917239e-02 2.919061e-02 -1.868369e-02 -5.156332e-02 -3.718992e-02 1.880298e-02 -7.066193e-03 3.197651e-02 -5.428391e-02 -3.980620e-02 5.564157e-03 -1.168045e-03
<VARIANCE> 39
 3.022124e+01 1.886128e+01 1.603326e+01 3.568541e+01 4.339652e+01 1.452798e+01 1.902843e+01 6.574346e+01 8.008936e+01 5.103682e+01 2.689365e+01 1.079560e+01 8.771376e-03 1.362796e+00 1.110659e+00 1.777035e+00 3.283185e+00 4.207947e+00 1.380011e+00 2.818616e+00 3.443048e+00 9.037730e+00 3.337524e+00 1.483222e+00 1.382525e+00 1.277870e-03 1.315034e-01 1.412243e-01 2.870078e-01 6.515660e-01 5.634844e-01 2.527103e-01 7.165401e-01 3.778656e-01 1.415612e+00 4.366111e-01 2.319816e-01 3.119609e-01 2.423284e-04
<GCONST> 9.052225e+01
<STATE> 7
<MEAN> 39
 1.788139e-07 3.774961e-07 0.000000e+00 -8.344650e-07 1.390775e-07 -5.165736e-07 -4.371007e-07 -1.390775e-07 -9.934107e-08 -8.443991e-08 3.973643e-08 -1.092752e-07 8.754442e-01 2.322583e-01 -2.370624e-01 -3.324335e-02 2.080732e-01 4.643354e-02 5.082214e-02 1.605038e-01 -2.302771e-01 -3.487815e-01 2.559118e-01 -3.508421e-01 -7.118044e-02 -6.207272e-03 -5.039020e-03 -2.917239e-02 2.919061e-02 -1.868369e-02 -5.156332e-02 -3.718992e-02 1.880298e-02 -7.066193e-03 3.197651e-02 -5.428391e-02 -3.980620e-02 5.564157e-03 -1.168045e-03
<VARIANCE> 39
 3.022124e+01 1.886128e+01 1.603326e+01 3.568541e+01 4.339652e+01 1.452798e+01 1.902843e+01 6.574346e+01 8.008936e+01 5.103682e+01 2.689365e+01 1.079560e+01 8.771376e-03 1.362796e+00 1.110659e+00 1.777035e+00 3.283185e+00 4.207947e+00 1.380011e+00 2.818616e+00 3.443048e+00 9.037730e+00 3.337524e+00 1.483222e+00 1.382525e+00 1.277870e-03 1.315034e-01 1.412243e-01 2.870078e-01 6.515660e-01 5.634844e-01 2.527103e-01 7.165401e-01 3.778656e-01 1.415612e+00 4.366111e-01 2.319816e-01 3.119609e-01 2.423284e-04
<GCONST> 9.052225e+01
<STATE> 8
<MEAN> 39
 1.788139e-07 3.774961e-07 0.000000e+00 -8.344650e-07 1.390775e-07 -5.165736e-07 -4.371007e-07 -1.390775e-07 -9.934107e-08 -8.443991e-08 3.973643e-08 -1.092752e-07 8.754442e-01 2.322583e-01 -2.370624e-01 -3.324335e-02 2.080732e-01 4.643354e-02 5.082214e-02 1.605038e-01 -2.302771e-01 -3.487815e-01 2.559118e-01 -3.508421e-01 -7.118044e-02 -6.207272e-03 -5.039020e-03 -2.917239e-02 2.919061e-02 -1.868369e-02 -5.156332e-02 -3.718992e-02 1.880298e-02 -7.066193e-03 3.197651e-02 -5.428391e-02 -3.980620e-02 5.564157e-03 -1.168045e-03
<VARIANCE> 39
 3.022124e+01 1.886128e+01 1.603326e+01 3.568541e+01 4.339652e+01 1.452798e+01 1.902843e+01 6.574346e+01 8.008936e+01 5.103682e+01 2.689365e+01 1.079560e+01 8.771376e-03 1.362796e+00 1.110659e+00 1.777035e+00 3.283185e+00 4.207947e+00 1.380011e+00 2.818616e+00 3.443048e+00 9.037730e+00 3.337524e+00 1.483222e+00 1.382525e+00 1.277870e-03 1.315034e-01 1.412243e-01 2.870078e-01 6.515660e-01 5.634844e-01 2.527103e-01 7.165401e-01 3.778656e-01 1.415612e+00 4.366111e-01 2.319816e-01 3.119609e-01 2.423284e-04
<GCONST> 9.052225e+01
<STATE> 9
<MEAN> 39
 1.788139e-07 3.774961e-07 0.000000e+00 -8.344650e-07 1.390775e-07 -5.165736e-07 -4.371007e-07 -1.390775e-07 -9.934107e-08 -8.443991e-08 3.973643e-08 -1.092752e-07 8.754442e-01 2.322583e-01 -2.370624e-01 -3.324335e-02 2.080732e-01 4.643354e-02 5.082214e-02 1.605038e-01 -2.302771e-01 -3.487815e-01 2.559118e-01 -3.508421e-01 -7.118044e-02 -6.207272e-03 -5.039020e-03 -2.917239e-02 2.919061e-02 -1.868369e-02 -5.156332e-02 -3.718992e-02 1.880298e-02 -7.066193e-03 3.197651e-02 -5.428391e-02 -3.980620e-02 5.564157e-03 -1.168045e-03
<VARIANCE> 39
 3.022124e+01 1.886128e+01 1.603326e+01 3.568541e+01 4.339652e+01 1.452798e+01 1.902843e+01 6.574346e+01 8.008936e+01 5.103682e+01 2.689365e+01 1.079560e+01 8.771376e-03 1.362796e+00 1.110659e+00 1.777035e+00 3.283185e+00 4.207947e+00 1.380011e+00 2.818616e+00 3.443048e+00 9.037730e+00 3.337524e+00 1.483222e+00 1.382525e+00 1.277870e-03 1.315034e-01 1.412243e-01 2.870078e-01 6.515660e-01 5.634844e-01 2.527103e-01 7.165401e-01 3.778656e-01 1.415612e+00 4.366111e-01 2.319816e-01 3.119609e-01 2.423284e-04
<GCONST> 9.052225e+01
<TRANSP> 10
 0.000000e+00 1.000000e+00 0.000000e+00 0.000000e+00 0.000000e+00 0.000000e+00 0.000000e+00 0.000000e+00 0.000000e+00 0.000000e+00
 0.000000e+00 9.000000e-01 9.999999e-02 0.000000e+00 0.000000e+00 0.000000e+00 0.000000e+00 0.000000e+00 0.000000e+00 0.000000e+00
 0.000000e+00 0.000000e+00 9.000000e-01 9.999999e-02 0.000000e+00 0.000000e+00 0.000000e+00 0.000000e+00 0.000000e+00 0.000000e+00
 0.000000e+00 0.000000e+00 0.000000e+00 9.000000e-01 9.999999e-02 0.000000e+00 0.000000e+00 0.000000e+00 0.000000e+00 0.000000e+00
 0.000000e+00 0.000000e+00 0.000000e+00 0.000000e+00 9.000000e-01 9.999999e-02 0.000000e+00 0.000000e+00 0.000000e+00 0.000000e+00
 0.000000e+00 0.000000e+00 0.000000e+00 0.000000e+00 0.000000e+00 9.000000e-01 9.999999e-02 0.000000e+00 0.000000e+00 0.000000e+00
 0.000000e+00 0.000000e+00 0.000000e+00 0.000000e+00 0.000000e+00 0.000000e+00 9.000000e-01 9.999999e-02 0.000000e+00 0.000000e+00
 0.000000e+00 0.000000e+00 0.000000e+00 0.000000e+00 0.000000e+00 0.000000e+00 0.000000e+00 9.000000e-01 9.999999e-02 0.000000e+00
 0.000000e+00 0.000000e+00 0.000000e+00 0.000000e+00 0.000000e+00 0.000000e+00 0.000000e+00 0.000000e+00 9.000000e-01 9.999999e-02
 0.000000e+00 0.000000e+00 0.000000e+00 0.000000e+00 0.000000e+00 0.000000e+00 0.000000e+00 0.000000e+00 0.000000e+00 0.000000e+00
<ENDHMM>
