~o
<STREAMINFO> 1 39
<VECSIZE> 39<NULLD><MFCC_E_D_A_Z><DIAGC>
~h "s088"
<BEGINHMM>
<NUMSTATES> 10
<STATE> 2
<MEAN> 39
 -1.262216e-07 9.116005e-08 5.890341e-07 -3.926894e-07 -5.539726e-07 -5.048864e-07 5.259233e-07 2.804924e-08 2.804924e-08 1.402462e-07 2.910109e-07 -1.034316e-07 6.303596e-01 2.933348e-01 -6.683423e-02 -9.387104e-02 1.292435e-01 1.273129e-01 -1.955863e-01 1.069156e-01 -3.040997e-01 -2.390641e-01 -2.415858e-01 -8.918301e-02 -1.020099e-02 4.074539e-04 1.554824e-03 4.374564e-03 -5.173643e-03 -2.437021e-02 -8.048579e-03 1.723314e-02 -1.229811e-02 4.477758e-02 6.700210e-02 4.975601e-02 1.423131e-03 -8.364560e-03 -6.209777e-04
<VARIANCE> 39
 3.400269e+01 3.191781e+01 7.538989e+01 1.579781e+02 4.262468e+01 4.822505e+01 3.981287e+01 5.543370e+01 4.230668e+01 7.894535e+01 5.202886e+01 4.547123e+01 3.861827e-02 1.450846e+00 1.668020e+00 1.704084e+00 4.388723e+00 2.300847e+00 2.280883e+00 2.646925e+00 4.917925e+00 3.947453e+00 4.196160e+00 2.961943e+00 1.649095e+00 2.748006e-03 2.648611e-01 3.067609e-01 2.108292e-01 5.162773e-01 3.899812e-01 3.497821e-01 4.849636e-01 8.868524e-01 6.334834e-01 7.726368e-01 5.271500e-01 2.285902e-01 3.508147e-04
<GCONST> 1.032748e+02
<STATE> 3
<MEAN> 39
 -1.262216e-07 9.116005e-08 5.890341e-07 -3.926894e-07 -5.539726e-07 -5.048864e-07 5.259233e-07 2.804924e-08 2.804924e-08 1.402462e-07 2.910109e-07 -1.034316e-07 6.303596e-01 2.933348e-01 -6.683423e-02 -9.387104e-02 1.292435e-01 1.273129e-01 -1.955863e-01 1.069156e-01 -3.040997e-01 -2.390641e-01 -2.415858e-01 -8.918301e-02 -1.020099e-02 4.074539e-04 1.554824e-03 4.374564e-03 -5.173643e-03 -2.437021e-02 -8.048579e-03 1.723314e-02 -1.229811e-02 4.477758e-02 6.700210e-02 4.975601e-02 1.423131e-03 -8.364560e-03 -6.209777e-04
<VARIANCE> 39
 3.400269e+01 3.191781e+01 7.538989e+01 1.579781e+02 4.262468e+01 4.822505e+01 3.981287e+01 5.543370e+01 4.230668e+01 7.894535e+01 5.202886e+01 4.547123e+01 3.861827e-02 1.450846e+00 1.668020e+00 1.704084e+00 4.388723e+00 2.300847e+00 2.280883e+00 2.646925e+00 4.917925e+00 3.947453e+00 4.196160e+00 2.961943e+00 1.649095e+00 2.748006e-03 2.648611e-01 3.067609e-01 2.108292e-01 5.162773e-01 3.899812e-01 3.497821e-01 4.849636e-01 8.868524e-01 6.334834e-01 7.726368e-01 5.271500e-01 2.285902e-01 3.508147e-04
<GCONST> 1.032748e+02
<STATE> 4
<MEAN> 39
 -1.262216e-07 9.116005e-08 5.890341e-07 -3.926894e-07 -5.539726e-07 -5.048864e-07 5.259233e-07 2.804924e-08 2.804924e-08 1.402462e-07 2.910109e-07 -1.034316e-07 6.303596e-01 2.933348e-01 -6.683423e-02 -9.387104e-02 1.292435e-01 1.273129e-01 -1.955863e-01 1.069156e-01 -3.040997e-01 -2.390641e-01 -2.415858e-01 -8.918301e-02 -1.020099e-02 4.074539e-04 1.554824e-03 4.374564e-03 -5.173643e-03 -2.437021e-02 -8.048579e-03 1.723314e-02 -1.229811e-02 4.477758e-02 6.700210e-02 4.975601e-02 1.423131e-03 -8.364560e-03 -6.209777e-04
<VARIANCE> 39
 3.400269e+01 3.191781e+01 7.538989e+01 1.579781e+02 4.262468e+01 4.822505e+01 3.981287e+01 5.543370e+01 4.230668e+01 7.894535e+01 5.202886e+01 4.547123e+01 3.861827e-02 1.450846e+00 1.668020e+00 1.704084e+00 4.388723e+00 2.300847e+00 2.280883e+00 2.646925e+00 4.917925e+00 3.947453e+00 4.196160e+00 2.961943e+00 1.649095e+00 2.748006e-03 2.648611e-01 3.067609e-01 2.108292e-01 5.162773e-01 3.899812e-01 3.497821e-01 4.849636e-01 8.868524e-01 6.334834e-01 7.726368e-01 5.271500e-01 2.285902e-01 3.508147e-04
<GCONST> 1.032748e+02
<STATE> 5
<MEAN> 39
 -1.262216e-07 9.116005e-08 5.890341e-07 -3.926894e-07 -5.539726e-07 -5.048864e-07 5.259233e-07 2.804924e-08 2.804924e-08 1.402462e-07 2.910109e-07 -1.034316e-07 6.303596e-01 2.933348e-01 -6.683423e-02 -9.387104e-02 1.292435e-01 1.273129e-01 -1.955863e-01 1.069156e-01 -3.040997e-01 -2.390641e-01 -2.415858e-01 -8.918301e-02 -1.020099e-02 4.074539e-04 1.554824e-03 4.374564e-03 -5.173643e-03 -2.437021e-02 -8.048579e-03 1.723314e-02 -1.229811e-02 4.477758e-02 6.700210e-02 4.975601e-02 1.423131e-03 -8.364560e-03 -6.209777e-04
<VARIANCE> 39
 3.400269e+01 3.191781e+01 7.538989e+01 1.579781e+02 4.262468e+01 4.822505e+01 3.981287e+01 5.543370e+01 4.230668e+01 7.894535e+01 5.202886e+01 4.547123e+01 3.861827e-02 1.450846e+00 1.668020e+00 1.704084e+00 4.388723e+00 2.300847e+00 2.280883e+00 2.646925e+00 4.917925e+00 3.947453e+00 4.196160e+00 2.961943e+00 1.649095e+00 2.748006e-03 2.648611e-01 3.067609e-01 2.108292e-01 5.162773e-01 3.899812e-01 3.497821e-01 4.849636e-01 8.868524e-01 6.334834e-01 7.726368e-01 5.271500e-01 2.285902e-01 3.508147e-04
<GCONST> 1.032748e+02
<STATE> 6
<MEAN> 39
 -1.262216e-07 9.116005e-08 5.890341e-07 -3.926894e-07 -5.539726e-07 -5.048864e-07 5.259233e-07 2.804924e-08 2.804924e-08 1.402462e-07 2.910109e-07 -1.034316e-07 6.303596e-01 2.933348e-01 -6.683423e-02 -9.387104e-02 1.292435e-01 1.273129e-01 -1.955863e-01 1.069156e-01 -3.040997e-01 -2.390641e-01 -2.415858e-01 -8.918301e-02 -1.020099e-02 4.074539e-04 1.554824e-03 4.374564e-03 -5.173643e-03 -2.437021e-02 -8.048579e-03 1.723314e-02 -1.229811e-02 4.477758e-02 6.700210e-02 4.975601e-02 1.423131e-03 -8.364560e-03 -6.209777e-04
<VARIANCE> 39
 3.400269e+01 3.191781e+01 7.538989e+01 1.579781e+02 4.262468e+01 4.822505e+01 3.981287e+01 5.543370e+01 4.230668e+01 7.894535e+01 5.202886e+01 4.547123e+01 3.861827e-02 1.450846e+00 1.668020e+00 1.704084e+00 4.388723e+00 2.300847e+00 2.280883e+00 2.646925e+00 4.917925e+00 3.947453e+00 4.196160e+00 2.961943e+00 1.649095e+00 2.748006e-03 2.648611e-01 3.067609e-01 2.108292e-01 5.162773e-01 3.899812e-01 3.497821e-01 4.849636e-01 8.868524e-01 6.334834e-01 7.726368e-01 5.271500e-01 2.285902e-01 3.508147e-04
<GCONST> 1.032748e+02
<STATE> 7
<MEAN> 39
 -1.262216e-07 9.116005e-08 5.890341e-07 -3.926894e-07 -5.539726e-07 -5.048864e-07 5.259233e-07 2.804924e-08 2.804924e-08 1.402462e-07 2.910109e-07 -1.034316e-07 6.303596e-01 2.933348e-01 -6.683423e-02 -9.387104e-02 1.292435e-01 1.273129e-01 -1.955863e-01 1.069156e-01 -3.040997e-01 -2.390641e-01 -2.415858e-01 -8.918301e-02 -1.020099e-02 4.074539e-04 1.554824e-03 4.374564e-03 -5.173643e-03 -2.437021e-02 -8.048579e-03 1.723314e-02 -1.229811e-02 4.477758e-02 6.700210e-02 4.975601e-02 1.423131e-03 -8.364560e-03 -6.209777e-04
<VARIANCE> 39
 3.400269e+01 3.191781e+01 7.538989e+01 1.579781e+02 4.262468e+01 4.822505e+01 3.981287e+01 5.543370e+01 4.230668e+01 7.894535e+01 5.202886e+01 4.547123e+01 3.861827e-02 1.450846e+00 1.668020e+00 1.704084e+00 4.388723e+00 2.300847e+00 2.280883e+00 2.646925e+00 4.917925e+00 3.947453e+00 4.196160e+00 2.961943e+00 1.649095e+00 2.748006e-03 2.648611e-01 3.067609e-01 2.108292e-01 5.162773e-01 3.899812e-01 3.497821e-01 4.849636e-01 8.868524e-01 6.334834e-01 7.726368e-01 5.271500e-01 2.285902e-01 3.508147e-04
<GCONST> 1.032748e+02
<STATE> 8
<MEAN> 39
 -1.262216e-07 9.116005e-08 5.890341e-07 -3.926894e-07 -5.539726e-07 -5.048864e-07 5.259233e-07 2.804924e-08 2.804924e-08 1.402462e-07 2.910109e-07 -1.034316e-07 6.303596e-01 2.933348e-01 -6.683423e-02 -9.387104e-02 1.292435e-01 1.273129e-01 -1.955863e-01 1.069156e-01 -3.040997e-01 -2.390641e-01 -2.415858e-01 -8.918301e-02 -1.020099e-02 4.074539e-04 1.554824e-03 4.374564e-03 -5.173643e-03 -2.437021e-02 -8.048579e-03 1.723314e-02 -1.229811e-02 4.477758e-02 6.700210e-02 4.975601e-02 1.423131e-03 -8.364560e-03 -6.209777e-04
<VARIANCE> 39
 3.400269e+01 3.191781e+01 7.538989e+01 1.579781e+02 4.262468e+01 4.822505e+01 3.981287e+01 5.543370e+01 4.230668e+01 7.894535e+01 5.202886e+01 4.547123e+01 3.861827e-02 1.450846e+00 1.668020e+00 1.704084e+00 4.388723e+00 2.300847e+00 2.280883e+00 2.646925e+00 4.917925e+00 3.947453e+00 4.196160e+00 2.961943e+00 1.649095e+00 2.748006e-03 2.648611e-01 3.067609e-01 2.108292e-01 5.162773e-01 3.899812e-01 3.497821e-01 4.849636e-01 8.868524e-01 6.334834e-01 7.726368e-01 5.271500e-01 2.285902e-01 3.508147e-04
<GCONST> 1.032748e+02
<STATE> 9
<MEAN> 39
 -1.262216e-07 9.116005e-08 5.890341e-07 -3.926894e-07 -5.539726e-07 -5.048864e-07 5.259233e-07 2.804924e-08 2.804924e-08 1.402462e-07 2.910109e-07 -1.034316e-07 6.303596e-01 2.933348e-01 -6.683423e-02 -9.387104e-02 1.292435e-01 1.273129e-01 -1.955863e-01 1.069156e-01 -3.040997e-01 -2.390641e-01 -2.415858e-01 -8.918301e-02 -1.020099e-02 4.074539e-04 1.554824e-03 4.374564e-03 -5.173643e-03 -2.437021e-02 -8.048579e-03 1.723314e-02 -1.229811e-02 4.477758e-02 6.700210e-02 4.975601e-02 1.423131e-03 -8.364560e-03 -6.209777e-04
<VARIANCE> 39
 3.400269e+01 3.191781e+01 7.538989e+01 1.579781e+02 4.262468e+01 4.822505e+01 3.981287e+01 5.543370e+01 4.230668e+01 7.894535e+01 5.202886e+01 4.547123e+01 3.861827e-02 1.450846e+00 1.668020e+00 1.704084e+00 4.388723e+00 2.300847e+00 2.280883e+00 2.646925e+00 4.917925e+00 3.947453e+00 4.196160e+00 2.961943e+00 1.649095e+00 2.748006e-03 2.648611e-01 3.067609e-01 2.108292e-01 5.162773e-01 3.899812e-01 3.497821e-01 4.849636e-01 8.868524e-01 6.334834e-01 7.726368e-01 5.271500e-01 2.285902e-01 3.508147e-04
<GCONST> 1.032748e+02
<TRANSP> 10
 0.000000e+00 1.000000e+00 0.000000e+00 0.000000e+00 0.000000e+00 0.000000e+00 0.000000e+00 0.000000e+00 0.000000e+00 0.000000e+00
 0.000000e+00 9.000000e-01 9.999999e-02 0.000000e+00 0.000000e+00 0.000000e+00 0.000000e+00 0.000000e+00 0.000000e+00 0.000000e+00
 0.000000e+00 0.000000e+00 9.000000e-01 9.999999e-02 0.000000e+00 0.000000e+00 0.000000e+00 0.000000e+00 0.000000e+00 0.000000e+00
 0.000000e+00 0.000000e+00 0.000000e+00 9.000000e-01 9.999999e-02 0.000000e+00 0.000000e+00 0.000000e+00 0.000000e+00 0.000000e+00
 0.000000e+00 0.000000e+00 0.000000e+00 0.000000e+00 9.000000e-01 9.999999e-02 0.000000e+00 0.000000e+00 0.000000e+00 0.000000e+00
 0.000000e+00 0.000000e+00 0.000000e+00 0.000000e+00 0.000000e+00 9.000000e-01 9.999999e-02 0.000000e+00 0.000000e+00 0.000000e+00
 0.000000e+00 0.000000e+00 0.000000e+00 0.000000e+00 0.000000e+00 0.000000e+00 9.000000e-01 9.999999e-02 0.000000e+00 0.000000e+00
 0.000000e+00 0.000000e+00 0.000000e+00 0.000000e+00 0.000000e+00 0.000000e+00 0.000000e+00 9.000000e-01 9.999999e-02 0.000000e+00
 0.000000e+00 0.000000e+00 0.000000e+00 0.000000e+00 0.000000e+00 0.000000e+00 0.000000e+00 0.000000e+00 9.000000e-01 9.999999e-02
 0.000000e+00 0.000000e+00 0.000000e+00 0.000000e+00 0.000000e+00 0.000000e+00 0.000000e+00 0.000000e+00 0.000000e+00 0.000000e+00
<ENDHMM>
