~o
<STREAMINFO> 1 39
<VECSIZE> 39<NULLD><MFCC_E_D_A_Z><DIAGC>
~h "s089"
<BEGINHMM>
<NUMSTATES> 10
<STATE> 2
<MEAN> 39
 5.449568e-08 4.938670e-07 1.362392e-08 1.634870e-07 0.000000e+00 8.719308e-07 0.000000e+00 -1.430512e-07 1.294272e-07 -4.427774e-08 -7.695385e-08 -1.158033e-07 7.356964e-01 2.688438e-01 -4.584187e-02 4.512138e-02 1.206144e-01 -2.339105e-01 2.284405e-01 -9.012783e-02 -1.192326e-01 -1.050368e-01 -9.405082e-02 -5.885960e-02 -5.160584e-02 -3.181716e-03 -3.214855e-02 -3.163129e-02 1.582410e-02 7.080211e-02 5.554623e-03 8.662704e-03 1.670722e-02 7.807159e-02 8.063313e-02 1.888937e-02 4.577954e-02 3.097296e-02 -9.199856e-04
<VARIANCE> 39
 2.598783e+01 7.486545e+01 2.832582e+01 1.055329e+02 2.776197e+01 6.825272e+01 5.351115e+01 5.368604e+01 3.278689e+01 1.789744e+01 3.947504e+01 3.434152e+01 3.647541e-02 1.721315e+00 3.469205e+00 1.568758e+00 5.537146e+00 4.002319e+00 6.082093e+00 4.434359e+00 6.452715e+00 4.714847e+00 2.176693e+00 4.831783e+00 4.191841e+00 1.940024e-03 1.886867e-01 5.577478e-01 1.713161e-01 6.108556e-01 8.246505e-01 1.105791e+00 8.953521e-01 1.110690e+00 7.959878e-01 4.606364e-01 1.132574e+00 8.560475e-01 2.131360e-04
<GCONST> 1.085313e+02
<STATE> 3
<MEAN> 39
 5.449568e-08 4.938670e-07 1.362392e-08 1.634870e-07 0.000000e+00 8.719308e-07 0.000000e+00 -1.430512e-07 1.294272e-07 -4.427774e-08 -7.695385e-08 -1.158033e-07 7.356964e-01 2.688438e-01 -4.584187e-02 4.512138e-02 1.206144e-01 -2.339105e-01 2.284405e-01 -9.012783e-02 -1.192326e-01 -1.050368e-01 -9.405082e-02 -5.885960e-02 -5.160584e-02 -3.181716e-03 -3.214855e-02 -3.163129e-02 1.582410e-02 7.080211e-02 5.554623e-03 8.662704e-03 1.670722e-02 7.807159e-02 8.063313e-02 1.888937e-02 4.577954e-02 3.097296e-02 -9.199856e-04
<VARIANCE> 39
 2.598783e+01 7.486545e+01 2.832582e+01 1.055329e+02 2.776197e+01 6.825272e+01 5.351115e+01 5.368604e+01 3.278689e+01 1.789744e+01 3.947504e+01 3.434152e+01 3.647541e-02 1.721315e+00 3.469205e+00 1.568758e+00 5.537146e+00 4.002319e+00 6.082093e+00 4.434359e+00 6.452715e+00 4.714847e+00 2.176693e+00 4.831783e+00 4.191841e+00 1.940024e-03 1.886867e-01 5.577478e-01 1.713161e-01 6.108556e-01 8.246505e-01 1.105791e+00 8.953521e-01 1.110690e+00 7.959878e-01 4.606364e-01 1.132574e+00 8.560475e-01 2.131360e-04
<GCONST> 1.085313e+02
<STATE> 4
<MEAN> 39
 5.449568e-08 4.938670e-07 1.362392e-08 1.634870e-07 0.000000e+00 8.719308e-07 0.000000e+00 -1.430512e-07 1.294272e-07 -4.427774e-08 -7.695385e-08 -1.158033e-07 7.356964e-01 2.688438e-01 -4.584187e-02 4.512138e-02 1.206144e-01 -2.339105e-01 2.284405e-01 -9.012783e-02 -1.192326e-01 -1.050368e-01 -9.405082e-02 -5.885960e-02 -5.160584e-02 -3.181716e-03 -3.214855e-02 -3.163129e-02 1.582410e-02 7.080211e-02 5.554623e-03 8.662704e-03 1.670722e-02 7.807159e-02 8.063313e-02 1.888937e-02 4.577954e-02 3.097296e-02 -9.199856e-04
<VARIANCE> 39
 2.598783e+01 7.486545e+01 2.832582e+01 1.055329e+02 2.776197e+01 6.825272e+01 5.351115e+01 5.368604e+01 3.278689e+01 1.789744e+01 3.947504e+01 3.434152e+01 3.647541e-02 1.721315e+00 3.469205e+00 1.568758e+00 5.537146e+00 4.002319e+00 6.082093e+00 4.434359e+00 6.452715e+00 4.714847e+00 2.176693e+00 4.831783e+00 4.191841e+00 1.940024e-03 1.886867e-01 5.577478e-01 1.713161e-01 6.108556e-01 8.246505e-01 1.105791e+00 8.953521e-01 1.110690e+00 7.959878e-01 4.606364e-01 1.132574e+00 8.560475e-01 2.131360e-04
<GCONST> 1.085313e+02
<STATE> 5
<MEAN> 39
 5.449568e-08 4.938670e-07 1.362392e-08 1.634870e-07 0.000000e+00 8.719308e-07 0.000000e+00 -1.430512e-07 1.294272e-07 -4.427774e-08 -7.695385e-08 -1.158033e-07 7.356964e-01 2.688438e-01 -4.584187e-02 4.512138e-02 1.206144e-01 -2.339105e-01 2.284405e-01 -9.012783e-02 -1.192326e-01 -1.050368e-01 -9.405082e-02 -5.885960e-02 -5.160584e-02 -3.181716e-03 -3.214855e-02 -3.163129e-02 1.582410e-02 7.080211e-02 5.554623e-03 8.662704e-03 1.670722e-02 7.807159e-02 8.063313e-02 1.888937e-02 4.577954e-02 3.097296e-02 -9.199856e-04
<VARIANCE> 39
 2.598783e+01 7.486545e+01 2.832582e+01 1.055329e+02 2.776197e+01 6.825272e+01 5.351115e+01 5.368604e+01 3.278689e+01 1.789744e+01 3.947504e+01 3.434152e+01 3.647541e-02 1.721315e+00 3.469205e+00 1.568758e+00 5.537146e+00 4.002319e+00 6.082093e+00 4.434359e+00 6.452715e+00 4.714847e+00 2.176693e+00 4.831783e+00 4.191841e+00 1.940024e-03 1.886867e-01 5.577478e-01 1.713161e-01 6.108556e-01 8.246505e-01 1.105791e+00 8.953521e-01 1.110690e+00 7.959878e-01 4.606364e-01 1.132574e+00 8.560475e-01 2.131360e-04
<GCONST> 1.085313e+02
<STATE> 6
<MEAN> 39
 5.449568e-08 4.938670e-07 1.362392e-08 1.634870e-07 0.000000e+00 8.719308e-07 0.000000e+00 -1.430512e-07 1.294272e-07 -4.427774e-08 -7.695385e-08 -1.158033e-07 7.356964e-01 2.688438e-01 -4.584187e-02 4.512138e-02 1.206144e-01 -2.339105e-01 2.284405e-01 -9.012783e-02 -1.192326e-01 -1.050368e-01 -9.405082e-02 -5.885960e-02 -5.160584e-02 -3.181716e-03 -3.214855e-02 -3.163129e-02 1.582410e-02 7.080211e-02 5.554623e-03 8.662704e-03 1.670722e-02 7.807159e-02 8.063313e-02 1.888937e-02 4.577954e-02 3.097296e-02 -9.199856e-04
<VARIANCE> 39
 2.598783e+01 7.486545e+01 2.832582e+01 1.055329e+02 2.776197e+01 6.825272e+01 5.351115e+01 5.368604e+01 3.278689e+01 1.789744e+01 3.947504e+01 3.434152e+01 3.647541e-02 1.721315e+00 3.469205e+00 1.568758e+00 5.537146e+00 4.002319e+00 6.082093e+00 4.434359e+00 6.452715e+00 4.714847e+00 2.176693e+00 4.831783e+00 4.191841e+00 1.940024e-03 1.886867e-01 5.577478e-01 1.713161e-01 6.108556e-01 8.246505e-01 1.105791e+00 8.953521e-01 1.110690e+00 7.959878e-01 4.606364e-01 1.132574e+00 8.560475e-01 2.131360e-04
<GCONST> 1.085313e+02
<STATE> 7
<MEAN> 39
 5.449568e-08 4.938670e-07 1.362392e-08 1.634870e-07 0.000000e+00 8.719308e-07 0.000000e+00 -1.430512e-07 1.294272e-07 -4.427774e-08 -7.695385e-08 -1.158033e-07 7.356964e-01 2.688438e-01 -4.584187e-02 4.512138e-02 1.206144e-01 -2.339105e-01 2.284405e-01 -9.012783e-02 -1.192326e-01 -1.050368e-01 -9.405082e-02 -5.885960e-02 -5.160584e-02 -3.181716e-03 -3.214855e-02 -3.163129e-02 1.582410e-02 7.080211e-02 5.554623e-03 8.662704e-03 1.670722e-02 7.807159e-02 8.063313e-02 1.888937e-02 4.577954e-02 3.097296e-02 -9.199856e-04
<VARIANCE> 39
 2.598783e+01 7.486545e+01 2.832582e+01 1.055329e+02 2.776197e+01 6.825272e+01 5.351115e+01 5.368604e+01 3.278689e+01 1.789744e+01 3.947504e+01 3.434152e+01 3.647541e-02 1.721315e+00 3.469205e+00 1.568758e+00 5.537146e+00 4.002319e+00 6.082093e+00 4.434359e+00 6.452715e+00 4.714847e+00 2.176693e+00 4.831783e+00 4.191841e+00 1.940024e-03 1.886867e-01 5.577478e-01 1.713161e-01 6.108556e-01 8.246505e-01 1.105791e+00 8.953521e-01 1.110690e+00 7.959878e-01 4.606364e-01 1.132574e+00 8.560475e-01 2.131360e-04
<GCONST> 1.085313e+02
<STATE> 8
<MEAN> 39
 5.449568e-08 4.938670e-07 1.362392e-08 1.634870e-07 0.000000e+00 8.719308e-07 0.000000e+00 -1.430512e-07 1.294272e-07 -4.427774e-08 -7.695385e-08 -1.158033e-07 7.356964e-01 2.688438e-01 -4.584187e-02 4.512138e-02 1.206144e-01 -2.339105e-01 2.284405e-01 -9.012783e-02 -1.192326e-01 -1.050368e-01 -9.405082e-02 -5.885960e-02 -5.160584e-02 -3.181716e-03 -3.214855e-02 -3.163129e-02 1.582410e-02 7.080211e-02 5.554623e-03 8.662704e-03 1.670722e-02 7.807159e-02 8.063313e-02 1.888937e-02 4.577954e-02 3.097296e-02 -9.199856e-04
<VARIANCE> 39
 2.598783e+01 7.486545e+01 2.832582e+01 1.055329e+02 2.776197e+01 6.825272e+01 5.351115e+01 5.368604e+01 3.278689e+01 1.789744e+01 3.947504e+01 3.434152e+01 3.647541e-02 1.721315e+00 3.469205e+00 1.568758e+00 5.537146e+00 4.002319e+00 6.082093e+00 4.434359e+00 6.452715e+00 4.714847e+00 2.176693e+00 4.831783e+00 4.191841e+00 1.940024e-03 1.886867e-01 5.577478e-01 1.713161e-01 6.108556e-01 8.246505e-01 1.105791e+00 8.953521e-01 1.110690e+00 7.959878e-01 4.606364e-01 1.132574e+00 8.560475e-01 2.131360e-04
<GCONST> 1.085313e+02
<STATE> 9
<MEAN> 39
 5.449568e-08 4.938670e-07 1.362392e-08 1.634870e-07 0.000000e+00 8.719308e-07 0.000000e+00 -1.430512e-07 1.294272e-07 -4.427774e-08 -7.695385e-08 -1.158033e-07 7.356964e-01 2.688438e-01 -4.584187e-02 4.512138e-02 1.206144e-01 -2.339105e-01 2.284405e-01 -9.012783e-02 -1.192326e-01 -1.050368e-01 -9.405082e-02 -5.885960e-02 -5.160584e-02 -3.181716e-03 -3.214855e-02 -3.163129e-02 1.582410e-02 7.080211e-02 5.554623e-03 8.662704e-03 1.670722e-02 7.807159e-02 8.063313e-02 1.888937e-02 4.577954e-02 3.097296e-02 -9.199856e-04
<VARIANCE> 39
 2.598783e+01 7.486545e+01 2.832582e+01 1.055329e+02 2.776197e+01 6.825272e+01 5.351115e+01 5.368604e+01 3.278689e+01 1.789744e+01 3.947504e+01 3.434152e+01 3.647541e-02 1.721315e+00 3.469205e+00 1.568758e+00 5.537146e+00 4.002319e+00 6.082093e+00 4.434359e+00 6.452715e+00 4.714847e+00 2.176693e+00 4.831783e+00 4.191841e+00 1.940024e-03 1.886867e-01 5.577478e-01 1.713161e-01 6.108556e-01 8.246505e-01 1.105791e+00 8.953521e-01 1.110690e+00 7.959878e-01 4.606364e-01 1.132574e+00 8.560475e-01 2.131360e-04
<GCONST> 1.085313e+02
<TRANSP> 10
 0.000000e+00 1.000000e+00 0.000000e+00 0.000000e+00 0.000000e+00 0.000000e+00 0.000000e+00 0.000000e+00 0.000000e+00 0.000000e+00
 0.000000e+00 9.000000e-01 9.999999e-02 0.000000e+00 0.000000e+00 0.000000e+00 0.000000e+00 0.000000e+00 0.000000e+00 0.000000e+00
 0.000000e+00 0.000000e+00 9.000000e-01 9.999999e-02 0.000000e+00 0.000000e+00 0.000000e+00 0.000000e+00 0.000000e+00 0.000000e+00
 0.000000e+00 0.000000e+00 0.000000e+00 9.000000e-01 9.999999e-02 0.000000e+00 0.000000e+00 0.000000e+00 0.000000e+00 0.000000e+00
 0.000000e+00 0.000000e+00 0.000000e+00 0.000000e+00 9.000000e-01 9.999999e-02 0.000000e+00 0.000000e+00 0.000000e+00 0.000000e+00
 0.000000e+00 0.000000e+00 0.000000e+00 0.000000e+00 0.000000e+00 9.000000e-01 9.999999e-02 0.000000e+00 0.000000e+00 0.000000e+00
 0.000000e+00 0.000000e+00 0.000000e+00 0.000000e+00 0.000000e+00 0.000000e+00 9.000000e-01 9.999999e-02 0.000000e+00 0.000000e+00
 0.000000e+00 0.000000e+00 0.000000e+00 0.000000e+00 0.000000e+00 0.000000e+00 0.000000e+00 9.000000e-01 9.999999e-02 0.000000e+00
 0.000000e+00 0.000000e+00 0.000000e+00 0.000000e+00 0.000000e+00 0.000000e+00 0.000000e+00 0.000000e+00 9.000000e-01 9.999999e-02
 0.000000e+00 0.000000e+00 0.000000e+00 0.000000e+00 0.000000e+00 0.000000e+00 0.000000e+00 0.000000e+00 0.000000e+00 0.000000e+00
<ENDHMM>
