~o
<STREAMINFO> 1 39
<VECSIZE> 39<NULLD><MFCC_E_D_A_Z><DIAGC>
~h "s090"
<BEGINHMM>
<NUMSTATES> 10
<STATE> 2
<MEAN> 39
 -1.617840e-07 6.811960e-08 3.405980e-07 4.541306e-08 2.270653e-07 9.082613e-07 -1.192093e-07 -3.065382e-07 -4.541306e-08 5.676633e-09 9.082613e-08 -4.427773e-07 7.495236e-01 1.332906e-01 1.822309e-01 -6.748130e-02 3.743503e-01 5.361489e-02 2.126050e-01 1.270060e-01 3.567236e-01 1.266034e-01 -1.630007e-01 -1.482064e-01 4.692205e-02 -7.143934e-03 3.836617e-03 -1.166431e-02 1.686965e-02 -2.860805e-03 -7.545215e-03 2.810409e-02 6.109294e-03 -1.285557e-02 -6.098546e-02 6.034461e-03 3.942062e-03 -5.463066e-02 -1.533432e-03
<VARIANCE> 39
 3.028381e+01 3.360037e+01 2.610456e+01 4.213073e+01 5.756078e+01 5.689908e+01 2.083817e+01 6.605471e+01 1.964920e+01 3.261344e+01 2.180947e+01 2.326621e+01 2.851024e-02 8.250876e-01 1.192838e+00 1.500311e+00 2.459339e+00 2.509843e+00 4.031100e+00 2.940165e+00 3.747571e+00 2.606065e+00 3.793653e+00 1.183492e+00 2.471180e+00 1.262038e-03 1.072947e-01 2.012647e-01 2.366250e-01 2.926969e-01 2.813589e-01 6.128209e-01 6.455737e-01 8.082573e-01 6.067087e-01 8.301432e-01 1.855526e-01 4.075351e-01 1.627357e-04
<GCONST> 9.184923e+01
<STATE> 3
<MEAN> 39
 -1.617840e-07 6.811960e-08 3.405980e-07 4.541306e-08 2.270653e-07 9.082613e-07 -1.192093e-07 -3.065382e-07 -4.541306e-08 5.676633e-09 9.082613e-08 -4.427773e-07 7.495236e-01 1.332906e-01 1.822309e-01 -6.748130e-02 3.743503e-01 5.361489e-02 2.126050e-01 1.270060e-01 3.567236e-01 1.266034e-01 -1.630007e-01 -1.482064e-01 4.692205e-02 -7.143934e-03 3.836617e-03 -1.166431e-02 1.686965e-02 -2.860805e-03 -7.545215e-03 2.810409e-02 6.109294e-03 -1.285557e-02 -6.098546e-02 6.034461e-03 3.942062e-03 -5.463066e-02 -1.533432e-03
<VARIANCE> 39
 3.028381e+01 3.360037e+01 2.610456e+01 4.213073e+01 5.756078e+01 5.689908e+01 2.083817e+01 6.605471e+01 1.964920e+01 3.261344e+01 2.180947e+01 2.326621e+01 2.851024e-02 8.250876e-01 1.192838e+00 1.500311e+00 2.459339e+00 2.509843e+00 4.031100e+00 2.940165e+00 3.747571e+00 2.606065e+00 3.793653e+00 1.183492e+00 2.471180e+00 1.262038e-03 1.072947e-01 2.012647e-01 2.366250e-01 2.926969e-01 2.813589e-01 6.128209e-01 6.455737e-01 8.082573e-01 6.067087e-01 8.301432e-01 1.855526e-01 4.075351e-01 1.627357e-04
<GCONST> 9.184923e+01
<STATE> 4
<MEAN> 39
 -1.617840e-07 6.811960e-08 3.405980e-07 4.541306e-08 2.270653e-07 9.082613e-07 -1.192093e-07 -3.065382e-07 -4.541306e-08 5.676633e-09 9.082613e-08 -4.427773e-07 7.495236e-01 1.332906e-01 1.822309e-01 -6.748130e-02 3.743503e-01 5.361489e-02 2.126050e-01 1.270060e-01 3.567236e-01 1.266034e-01 -1.630007e-01 -1.482064e-01 4.692205e-02 -7.143934e-03 3.836617e-03 -1.166431e-02 1.686965e-02 -2.860805e-03 -7.545215e-03 2.810409e-02 6.109294e-03 -1.285557e-02 -6.098546e-02 6.034461e-03 3.942062e-03 -5.463066e-02 -1.533432e-03
<VARIANCE> 39
 3.028381e+01 3.360037e+01 2.610456e+01 4.213073e+01 5.756078e+01 5.689908e+01 2.083817e+01 6.605471e+01 1.964920e+01 3.261344e+01 2.180947e+01 2.326621e+01 2.851024e-02 8.250876e-01 1.192838e+00 1.500311e+00 2.459339e+00 2.509843e+00 4.031100e+00 2.940165e+00 3.747571e+00 2.606065e+00 3.793653e+00 1.183492e+00 2.471180e+00 1.262038e-03 1.072947e-01 2.012647e-01 2.366250e-01 2.926969e-01 2.813589e-01 6.128209e-01 6.455737e-01 8.082573e-01 6.067087e-01 8.301432e-01 1.855526e-01 4.075351e-01 1.627357e-04
<GCONST> 9.184923e+01
<STATE> 5
<MEAN> 39
 -1.617840e-07 6.811960e-08 3.405980e-07 4.541306e-08 2.270653e-07 9.082613e-07 -1.192093e-07 -3.065382e-07 -4.541306e-08 5.676633e-09 9.082613e-08 -4.427773e-07 7.495236e-01 1.332906e-01 1.822309e-01 -6.748130e-02 3.743503e-01 5.361489e-02 2.126050e-01 1.270060e-01 3.567236e-01 1.266034e-01 -1.630007e-01 -1.482064e-01 4.692205e-02 -7.143934e-03 3.836617e-03 -1.166431e-02 1.686965e-02 -2.860805e-03 -7.545215e-03 2.810409e-02 6.109294e-03 -1.285557e-02 -6.098546e-02 6.034461e-03 3.942062e-03 -5.463066e-02 -1.533432e-03
<VARIANCE> 39
 3.028381e+01 3.360037e+01 2.610456e+01 4.213073e+01 5.756078e+01 5.689908e+01 2.083817e+01 6.605471e+01 1.964920e+01 3.261344e+01 2.180947e+01 2.326621e+01 2.851024e-02 8.250876e-01 1.192838e+00 1.500311e+00 2.459339e+00 2.509843e+00 4.031100e+00 2.940165e+00 3.747571e+00 2.606065e+00 3.793653e+00 1.183492e+00 2.471180e+00 1.262038e-03 1.072947e-01 2.012647e-01 2.366250e-01 2.926969e-01 2.813589e-01 6.128209e-01 6.455737e-01 8.082573e-01 6.067087e-01 8.301432e-01 1.855526e-01 4.075351e-01 1.627357e-04
<GCONST> 9.184923e+01
<STATE> 6
<MEAN> 39
 -1.617840e-07 6.811960e-08 3.405980e-07 4.541306e-08 2.270653e-07 9.082613e-07 -1.192093e-07 -3.065382e-07 -4.541306e-08 5.676633e-09 9.082613e-08 -4.427773e-07 7.495236e-01 1.332906e-01 1.822309e-01 -6.748130e-02 3.743503e-01 5.361489e-02 2.126050e-01 1.270060e-01 3.567236e-01 1.266034e-01 -1.630007e-01 -1.482064e-01 4.692205e-02 -7.143934e-03 3.836617e-03 -1.166431e-02 1.686965e-02 -2.860805e-03 -7.545215e-03 2.810409e-02 6.109294e-03 -1.285557e-02 -6.098546e-02 6.034461e-03 3.942062e-03 -5.463066e-02 -1.533432e-03
<VARIANCE> 39
 3.028381e+01 3.360037e+01 2.610456e+01 4.213073e+01 5.756078e+01 5.689908e+01 2.083817e+01 6.605471e+01 1.964920e+01 3.261344e+01 2.180947e+01 2.326621e+01 2.851024e-02 8.250876e-01 1.192838e+00 1.500311e+00 2.459339e+00 2.509843e+00 4.031100e+00 2.940165e+00 3.747571e+00 2.606065e+00 3.793653e+00 1.183492e+00 2.471180e+00 1.262038e-03 1.072947e-01 2.012647e-01 2.366250e-01 2.926969e-01 2.813589e-01 6.128209e-01 6.455737e-01 8.082573e-01 6.067087e-01 8.301432e-01 1.855526e-01 4.075351e-01 1.627357e-04
<GCONST> 9.184923e+01
<STATE> 7
<MEAN> 39
 -1.617840e-07 6.811960e-08 3.405980e-07 4.541306e-08 2.270653e-07 9.082613e-07 -1.192093e-07 -3.065382e-07 -4.541306e-08 5.676633e-09 9.082613e-08 -4.427773e-07 7.495236e-01 1.332906e-01 1.822309e-01 -6.748130e-02 3.743503e-01 5.361489e-02 2.126050e-01 1.270060e-01 3.567236e-01 1.266034e-01 -1.630007e-01 -1.482064e-01 4.692205e-02 -7.143934e-03 3.836617e-03 -1.166431e-02 1.686965e-02 -2.860805e-03 -7.545215e-03 2.810409e-02 6.109294e-03 -1.285557e-02 -6.098546e-02 6.034461e-03 3.942062e-03 -5.463066e-02 -1.533432e-03
<VARIANCE> 39
 3.028381e+01 3.360037e+01 2.610456e+01 4.213073e+01 5.756078e+01 5.689908e+01 2.083817e+01 6.605471e+01 1.964920e+01 3.261344e+01 2.180947e+01 2.326621e+01 2.851024e-02 8.250876e-01 1.192838e+00 1.500311e+00 2.459339e+00 2.509843e+00 4.031100e+00 2.940165e+00 3.747571e+00 2.606065e+00 3.793653e+00 1.183492e+00 2.471180e+00 1.262038e-03 1.072947e-01 2.012647e-01 2.366250e-01 2.926969e-01 2.813589e-01 6.128209e-01 6.455737e-01 8.082573e-01 6.067087e-01 8.301432e-01 1.855526e-01 4.075351e-01 1.627357e-04
<GCONST> 9.184923e+01
<STATE> 8
<MEAN> 39
 -1.617840e-07 6.811960e-08 3.405980e-07 4.541306e-08 2.270653e-07 9.082613e-07 -1.192093e-07 -3.065382e-07 -4.541306e-08 5.676633e-09 9.082613e-08 -4.427773e-07 7.495236e-01 1.332906e-01 1.822309e-01 -6.748130e-02 3.743503e-01 5.361489e-02 2.126050e-01 1.270060e-01 3.567236e-01 1.266034e-01 -1.630007e-01 -1.482064e-01 4.692205e-02 -7.143934e-03 3.836617e-03 -1.166431e-02 1.686965e-02 -2.860805e-03 -7.545215e-03 2.810409e-02 6.109294e-03 -1.285557e-02 -6.098546e-02 6.034461e-03 3.942062e-03 -5.463066e-02 -1.533432e-03
<VARIANCE> 39
 3.028381e+01 3.360037e+01 2.610456e+01 4.213073e+01 5.756078e+01 5.689908e+01 2.083817e+01 6.605471e+01 1.964920e+01 3.261344e+01 2.180947e+01 2.326621e+01 2.851024e-02 8.250876e-01 1.192838e+00 1.500311e+00 2.459339e+00 2.509843e+00 4.031100e+00 2.940165e+00 3.747571e+00 2.606065e+00 3.793653e+00 1.183492e+00 2.471180e+00 1.262038e-03 1.072947e-01 2.012647e-01 2.366250e-01 2.926969e-01 2.813589e-01 6.128209e-01 6.455737e-01 8.082573e-01 6.067087e-01 8.301432e-01 1.855526e-01 4.075351e-01 1.627357e-04
<GCONST> 9.184923e+01
<STATE> 9
<MEAN> 39
 -1.617840e-07 6.811960e-08 3.405980e-07 4.541306e-08 2.270653e-07 9.082613e-07 -1.192093e-07 -3.065382e-07 -4.541306e-08 5.676633e-09 9.082613e-08 -4.427773e-07 7.495236e-01 1.332906e-01 1.822309e-01 -6.748130e-02 3.743503e-01 5.361489e-02 2.126050e-01 1.270060e-01 3.567236e-01 1.266034e-01 -1.630007e-01 -1.482064e-01 4.692205e-02 -7.143934e-03 3.836617e-03 -1.166431e-02 1.686965e-02 -2.860805e-03 -7.545215e-03 2.810409e-02 6.109294e-03 -1.285557e-02 -6.098546e-02 6.034461e-03 3.942062e-03 -5.463066e-02 -1.533432e-03
<VARIANCE> 39
 3.028381e+01 3.360037e+01 2.610456e+01 4.213073e+01 5.756078e+01 5.689908e+01 2.083817e+01 6.605471e+01 1.964920e+01 3.261344e+01 2.180947e+01 2.326621e+01 2.851024e-02 8.250876e-01 1.192838e+00 1.500311e+00 2.459339e+00 2.509843e+00 4.031100e+00 2.940165e+00 3.747571e+00 2.606065e+00 3.793653e+00 1.183492e+00 2.471180e+00 1.262038e-03 1.072947e-01 2.012647e-01 2.366250e-01 2.926969e-01 2.813589e-01 6.128209e-01 6.455737e-01 8.082573e-01 6.067087e-01 8.301432e-01 1.855526e-01 4.075351e-01 1.627357e-04
<GCONST> 9.184923e+01
<TRANSP> 10
 0.000000e+00 1.000000e+00 0.000000e+00 0.000000e+00 0.000000e+00 0.000000e+00 0.000000e+00 0.000000e+00 0.000000e+00 0.000000e+00
 0.000000e+00 9.000000e-01 9.999999e-02 0.000000e+00 0.000000e+00 0.000000e+00 0.000000e+00 0.000000e+00 0.000000e+00 0.000000e+00
 0.000000e+00 0.000000e+00 9.000000e-01 9.999999e-02 0.000000e+00 0.000000e+00 0.000000e+00 0.000000e+00 0.000000e+00 0.000000e+00
 0.000000e+00 0.000000e+00 0.000000e+00 9.000000e-01 9.999999e-02 0.000000e+00 0.000000e+00 0.000000e+00 0.000000e+00 0.000000e+00
 0.000000e+00 0.000000e+00 0.000000e+00 0.000000e+00 9.000000e-01 9.999999e-02 0.000000e+00 0.000000e+00 0.000000e+00 0.000000e+00
 0.000000e+00 0.000000e+00 0.000000e+00 0.000000e+00 0.000000e+00 9.000000e-01 9.999999e-02 0.000000e+00 0.000000e+00 0.000000e+00
 0.000000e+00 0.000000e+00 0.000000e+00 0.000000e+00 0.000000e+00 0.000000e+00 9.000000e-01 9.999999e-02 0.000000e+00 0.000000e+00
 0.000000e+00 0.000000e+00 0.000000e+00 0.000000e+00 0.000000e+00 0.000000e+00 0.000000e+00 9.000000e-01 9.999999e-02 0.000000e+00
 0.000000e+00 0.000000e+00 0.000000e+00 0.000000e+00 0.000000e+00 0.000000e+00 0.000000e+00 0.000000e+00 9.000000e-01 9.999999e-02
 0.000000e+00 0.000000e+00 0.000000e+00 0.000000e+00 0.000000e+00 0.000000e+00 0.000000e+00 0.000000e+00 0.000000e+00 0.000000e+00
<ENDHMM>
