~o
<STREAMINFO> 1 39
<VECSIZE> 39<NULLD><MFCC_E_D_A_Z><DIAGC>
~h "s091"
<BEGINHMM>
<NUMSTATES> 10
<STATE> 2
<MEAN> 39
 -1.271566e-07 3.178914e-07 -2.483527e-07 5.483627e-07 2.423922e-07 -3.973643e-07 6.357829e-08 -1.589457e-08 -1.192093e-08 -1.907349e-07 3.019969e-07 3.973643e-07 8.448365e-01 6.277778e-02 -5.063396e-02 -1.063577e-03 1.528410e-01 2.773589e-01 3.290174e-01 6.824837e-02 8.792914e-02 -1.586837e-01 4.353228e-02 4.605251e-02 9.426922e-02 -4.905783e-03 -4.265694e-03 8.029888e-03 4.704906e-02 -1.128676e-02 -4.502848e-02 7.214613e-02 8.257025e-02 -1.453346e-02 -7.790080e-02 -3.286187e-02 -1.892148e-02 9.165204e-03 -1.034427e-03
<VARIANCE> 39
 7.658353e+00 3.398227e+01 5.332112e+01 6.058389e+01 3.126975e+01 9.836194e+01 6.845655e+01 4.512189e+01 4.985495e+01 6.180518e+01 3.353436e+01 4.556142e+01 1.029533e-02 6.229451e-01 1.634561e+00 3.149413e+00 3.631579e+00 3.268594e+00 5.358924e+00 2.792175e+00 4.037572e+00 2.347724e+00 5.986540e+00 3.817397e+00 2.442450e+00 3.252880e-04 1.246818e-01 1.599368e-01 3.773158e-01 5.436686e-01 4.879763e-01 6.062624e-01 3.672202e-01 6.932882e-01 2.657058e-01 1.019998e+00 5.784392e-01 4.716451e-01 3.155471e-05
<GCONST> 9.570663e+01
<STATE> 3
<MEAN> 39
 -1.271566e-07 3.178914e-07 -2.483527e-07 5.483627e-07 2.423922e-07 -3.973643e-07 6.357829e-08 -1.589457e-08 -1.192093e-08 -1.907349e-07 3.019969e-07 3.973643e-07 8.448365e-01 6.277778e-02 -5.063396e-02 -1.063577e-03 1.528410e-01 2.773589e-01 3.290174e-01 6.824837e-02 8.792914e-02 -1.586837e-01 4.353228e-02 4.605251e-02 9.426922e-02 -4.905783e-03 -4.265694e-03 8.029888e-03 4.704906e-02 -1.128676e-02 -4.502848e-02 7.214613e-02 8.257025e-02 -1.453346e-02 -7.790080e-02 -3.286187e-02 -1.892148e-02 9.165204e-03 -1.034427e-03
<VARIANCE> 39
 7.658353e+00 3.398227e+01 5.332112e+01 6.058389e+01 3.126975e+01 9.836194e+01 6.845655e+01 4.512189e+01 4.985495e+01 6.180518e+01 3.353436e+01 4.556142e+01 1.029533e-02 6.229451e-01 1.634561e+00 3.149413e+00 3.631579e+00 3.268594e+00 5.358924e+00 2.792175e+00 4.037572e+00 2.347724e+00 5.986540e+00 3.817397e+00 2.442450e+00 3.252880e-04 1.246818e-01 1.599368e-01 3.773158e-01 5.436686e-01 4.879763e-01 6.062624e-01 3.672202e-01 6.932882e-01 2.657058e-01 1.019998e+00 5.784392e-01 4.716451e-01 3.155471e-05
<GCONST> 9.570663e+01
<STATE> 4
<MEAN> 39
 -1.271566e-07 3.178914e-07 -2.483527e-07 5.483627e-07 2.423922e-07 -3.973643e-07 6.357829e-08 -1.589457e-08 -1.192093e-08 -1.907349e-07 3.019969e-07 3.973643e-07 8.448365e-01 6.277778e-02 -5.063396e-02 -1.063577e-03 1.528410e-01 2.773589e-01 3.290174e-01 6.824837e-02 8.792914e-02 -1.586837e-01 4.353228e-02 4.605251e-02 9.426922e-02 -4.905783e-03 -4.265694e-03 8.029888e-03 4.704906e-02 -1.128676e-02 -4.502848e-02 7.214613e-02 8.257025e-02 -1.453346e-02 -7.790080e-02 -3.286187e-02 -1.892148e-02 9.165204e-03 -1.034427e-03
<VARIANCE> 39
 7.658353e+00 3.398227e+01 5.332112e+01 6.058389e+01 3.126975e+01 9.836194e+01 6.845655e+01 4.512189e+01 4.985495e+01 6.180518e+01 3.353436e+01 4.556142e+01 1.029533e-02 6.229451e-01 1.634561e+00 3.149413e+00 3.631579e+00 3.268594e+00 5.358924e+00 2.792175e+00 4.037572e+00 2.347724e+00 5.986540e+00 3.817397e+00 2.442450e+00 3.252880e-04 1.246818e-01 1.599368e-01 3.773158e-01 5.436686e-01 4.879763e-01 6.062624e-01 3.672202e-01 6.932882e-01 2.657058e-01 1.019998e+00 5.784392e-01 4.716451e-01 3.155471e-05
<GCONST> 9.570663e+01
<STATE> 5
<MEAN> 39
 -1.271566e-07 3.178914e-07 -2.483527e-07 5.483627e-07 2.423922e-07 -3.973643e-07 6.357829e-08 -1.589457e-08 -1.192093e-08 -1.907349e-07 3.019969e-07 3.973643e-07 8.448365e-01 6.277778e-02 -5.063396e-02 -1.063577e-03 1.528410e-01 2.773589e-01 3.290174e-01 6.824837e-02 8.792914e-02 -1.586837e-01 4.353228e-02 4.605251e-02 9.426922e-02 -4.905783e-03 -4.265694e-03 8.029888e-03 4.704906e-02 -1.128676e-02 -4.502848e-02 7.214613e-02 8.257025e-02 -1.453346e-02 -7.790080e-02 -3.286187e-02 -1.892148e-02 9.165204e-03 -1.034427e-03
<VARIANCE> 39
 7.658353e+00 3.398227e+01 5.332112e+01 6.058389e+01 3.126975e+01 9.836194e+01 6.845655e+01 4.512189e+01 4.985495e+01 6.180518e+01 3.353436e+01 4.556142e+01 1.029533e-02 6.229451e-01 1.634561e+00 3.149413e+00 3.631579e+00 3.268594e+00 5.358924e+00 2.792175e+00 4.037572e+00 2.347724e+00 5.986540e+00 3.817397e+00 2.442450e+00 3.252880e-04 1.246818e-01 1.599368e-01 3.773158e-01 5.436686e-01 4.879763e-01 6.062624e-01 3.672202e-01 6.932882e-01 2.657058e-01 1.019998e+00 5.784392e-01 4.716451e-01 3.155471e-05
<GCONST> 9.570663e+01
<STATE> 6
<MEAN> 39
 -1.271566e-07 3.178914e-07 -2.483527e-07 5.483627e-07 2.423922e-07 -3.973643e-07 6.357829e-08 -1.589457e-08 -1.192093e-08 -1.907349e-07 3.019969e-07 3.973643e-07 8.448365e-01 6.277778e-02 -5.063396e-02 -1.063577e-03 1.528410e-01 2.773589e-01 3.290174e-01 6.824837e-02 8.792914e-02 -1.586837e-01 4.353228e-02 4.605251e-02 9.426922e-02 -4.905783e-03 -4.265694e-03 8.029888e-03 4.704906e-02 -1.128676e-02 -4.502848e-02 7.214613e-02 8.257025e-02 -1.453346e-02 -7.790080e-02 -3.286187e-02 -1.892148e-02 9.165204e-03 -1.034427e-03
<VARIANCE> 39
 7.658353e+00 3.398227e+01 5.332112e+01 6.058389e+01 3.126975e+01 9.836194e+01 6.845655e+01 4.512189e+01 4.985495e+01 6.180518e+01 3.353436e+01 4.556142e+01 1.029533e-02 6.229451e-01 1.634561e+00 3.149413e+00 3.631579e+00 3.268594e+00 5.358924e+00 2.792175e+00 4.037572e+00 2.347724e+00 5.986540e+00 3.817397e+00 2.442450e+00 3.252880e-04 1.246818e-01 1.599368e-01 3.773158e-01 5.436686e-01 4.879763e-01 6.062624e-01 3.672202e-01 6.932882e-01 2.657058e-01 1.019998e+00 5.784392e-01 4.716451e-01 3.155471e-05
<GCONST> 9.570663e+01
<STATE> 7
<MEAN> 39
 -1.271566e-07 3.178914e-07 -2.483527e-07 5.483627e-07 2.423922e-07 -3.973643e-07 6.357829e-08 -1.589457e-08 -1.192093e-08 -1.907349e-07 3.019969e-07 3.973643e-07 8.448365e-01 6.277778e-02 -5.063396e-02 -1.063577e-03 1.528410e-01 2.773589e-01 3.290174e-01 6.824837e-02 8.792914e-02 -1.586837e-01 4.353228e-02 4.605251e-02 9.426922e-02 -4.905783e-03 -4.265694e-03 8.029888e-03 4.704906e-02 -1.128676e-02 -4.502848e-02 7.214613e-02 8.257025e-02 -1.453346e-02 -7.790080e-02 -3.286187e-02 -1.892148e-02 9.165204e-03 -1.034427e-03
<VARIANCE> 39
 7.658353e+00 3.398227e+01 5.332112e+01 6.058389e+01 3.126975e+01 9.836194e+01 6.845655e+01 4.512189e+01 4.985495e+01 6.180518e+01 3.353436e+01 4.556142e+01 1.029533e-02 6.229451e-01 1.634561e+00 3.149413e+00 3.631579e+00 3.268594e+00 5.358924e+00 2.792175e+00 4.037572e+00 2.347724e+00 5.986540e+00 3.817397e+00 2.442450e+00 3.252880e-04 1.246818e-01 1.599368e-01 3.773158e-01 5.436686e-01 4.879763e-01 6.062624e-01 3.672202e-01 6.932882e-01 2.657058e-01 1.019998e+00 5.784392e-01 4.716451e-01 3.155471e-05
<GCONST> 9.570663e+01
<STATE> 8
<MEAN> 39
 -1.271566e-07 3.178914e-07 -2.483527e-07 5.483627e-07 2.423922e-07 -3.973643e-07 6.357829e-08 -1.589457e-08 -1.192093e-08 -1.907349e-07 3.019969e-07 3.973643e-07 8.448365e-01 6.277778e-02 -5.063396e-02 -1.063577e-03 1.528410e-01 2.773589e-01 3.290174e-01 6.824837e-02 8.792914e-02 -1.586837e-01 4.353228e-02 4.605251e-02 9.426922e-02 -4.905783e-03 -4.265694e-03 8.029888e-03 4.704906e-02 -1.128676e-02 -4.502848e-02 7.214613e-02 8.257025e-02 -1.453346e-02 -7.790080e-02 -3.286187e-02 -1.892148e-02 9.165204e-03 -1.034427e-03
<VARIANCE> 39
 7.658353e+00 3.398227e+01 5.332112e+01 6.058389e+01 3.126975e+01 9.836194e+01 6.845655e+01 4.512189e+01 4.985495e+01 6.180518e+01 3.353436e+01 4.556142e+01 1.029533e-02 6.229451e-01 1.634561e+00 3.149413e+00 3.631579e+00 3.268594e+00 5.358924e+00 2.792175e+00 4.037572e+00 2.347724e+00 5.986540e+00 3.817397e+00 2.442450e+00 3.252880e-04 1.246818e-01 1.599368e-01 3.773158e-01 5.436686e-01 4.879763e-01 6.062624e-01 3.672202e-01 6.932882e-01 2.657058e-01 1.019998e+00 5.784392e-01 4.716451e-01 3.155471e-05
<GCONST> 9.570663e+01
<STATE> 9
<MEAN> 39
 -1.271566e-07 3.178914e-07 -2.483527e-07 5.483627e-07 2.423922e-07 -3.973643e-07 6.357829e-08 -1.589457e-08 -1.192093e-08 -1.907349e-07 3.019969e-07 3.973643e-07 8.448365e-01 6.277778e-02 -5.063396e-02 -1.063577e-03 1.528410e-01 2.773589e-01 3.290174e-01 6.824837e-02 8.792914e-02 -1.586837e-01 4.353228e-02 4.605251e-02 9.426922e-02 -4.905783e-03 -4.265694e-03 8.029888e-03 4.704906e-02 -1.128676e-02 -4.502848e-02 7.214613e-02 8.257025e-02 -1.453346e-02 -7.790080e-02 -3.286187e-02 -1.892148e-02 9.165204e-03 -1.034427e-03
<VARIANCE> 39
 7.658353e+00 3.398227e+01 5.332112e+01 6.058389e+01 3.126975e+01 9.836194e+01 6.845655e+01 4.512189e+01 4.985495e+01 6.180518e+01 3.353436e+01 4.556142e+01 1.029533e-02 6.229451e-01 1.634561e+00 3.149413e+00 3.631579e+00 3.268594e+00 5.358924e+00 2.792175e+00 4.037572e+00 2.347724e+00 5.986540e+00 3.817397e+00 2.442450e+00 3.252880e-04 1.246818e-01 1.599368e-01 3.773158e-01 5.436686e-01 4.879763e-01 6.062624e-01 3.672202e-01 6.932882e-01 2.657058e-01 1.019998e+00 5.784392e-01 4.716451e-01 3.155471e-05
<GCONST> 9.570663e+01
<TRANSP> 10
 0.000000e+00 1.000000e+00 0.000000e+00 0.000000e+00 0.000000e+00 0.000000e+00 0.000000e+00 0.000000e+00 0.000000e+00 0.000000e+00
 0.000000e+00 9.000000e-01 9.999999e-02 0.000000e+00 0.000000e+00 0.000000e+00 0.000000e+00 0.000000e+00 0.000000e+00 0.000000e+00
 0.000000e+00 0.000000e+00 9.000000e-01 9.999999e-02 0.000000e+00 0.000000e+00 0.000000e+00 0.000000e+00 0.000000e+00 0.000000e+00
 0.000000e+00 0.000000e+00 0.000000e+00 9.000000e-01 9.999999e-02 0.000000e+00 0.000000e+00 0.000000e+00 0.000000e+00 0.000000e+00
 0.000000e+00 0.000000e+00 0.000000e+00 0.000000e+00 9.000000e-01 9.999999e-02 0.000000e+00 0.000000e+00 0.000000e+00 0.000000e+00
 0.000000e+00 0.000000e+00 0.000000e+00 0.000000e+00 0.000000e+00 9.000000e-01 9.999999e-02 0.000000e+00 0.000000e+00 0.000000e+00
 0.000000e+00 0.000000e+00 0.000000e+00 0.000000e+00 0.000000e+00 0.000000e+00 9.000000e-01 9.999999e-02 0.000000e+00 0.000000e+00
 0.000000e+00 0.000000e+00 0.000000e+00 0.000000e+00 0.000000e+00 0.000000e+00 0.000000e+00 9.000000e-01 9.999999e-02 0.000000e+00
 0.000000e+00 0.000000e+00 0.000000e+00 0.000000e+00 0.000000e+00 0.000000e+00 0.000000e+00 0.000000e+00 9.000000e-01 9.999999e-02
 0.000000e+00 0.000000e+00 0.000000e+00 0.000000e+00 0.000000e+00 0.000000e+00 0.000000e+00 0.000000e+00 0.000000e+00 0.000000e+00
<ENDHMM>
