~o
<STREAMINFO> 1 39
<VECSIZE> 39<NULLD><MFCC_E_D_A_Z><DIAGC>
~h "s092"
<BEGINHMM>
<NUMSTATES> 10
<STATE> 2
<MEAN> 39
 7.817002e-09 -3.752161e-07 2.814121e-07 7.191642e-07 6.253602e-08 -4.377521e-07 -3.126801e-08 1.954251e-08 -2.188761e-07 1.407060e-07 -3.908501e-08 1.719741e-07 7.522365e-01 6.381997e-02 8.621557e-02 -8.619744e-02 1.227788e-01 -9.428950e-02 1.108117e-01 -5.427147e-02 -7.332408e-02 -2.049114e-01 1.113968e-01 -2.662461e-02 -1.967162e-01 -1.595372e-03 3.150655e-02 5.693844e-04 1.525187e-02 3.409362e-02 -3.928764e-02 4.838882e-02 -6.376598e-03 1.977612e-02 -2.682848e-02 4.608534e-03 2.475848e-03 -1.636766e-02 -8.025015e-04
<VARIANCE> 39
 4.238459e+01 1.006055e+02 2.294972e+01 3.770455e+01 1.678487e+01 2.604158e+01 2.756806e+01 3.634949e+01 6.179082e+01 2.138282e+01 3.407212e+01 4.170164e+01 2.568869e-02 2.649495e+00 1.418211e+00 1.277769e+00 3.318077e+00 1.645004e+00 2.254217e+00 2.323179e+00 3.058999e+00 2.884812e+00 2.424755e+00 2.595309e+00 2.240625e+00 9.456687e-04 3.099899e-01 1.168762e-01 1.710477e-01 4.463888e-01 2.787209e-01 2.656757e-01 3.788603e-01 4.196714e-01 4.223029e-01 4.884965e-01 3.749132e-01 4.055119e-01 9.621431e-05
<GCONST> 9.031065e+01
<STATE> 3
<MEAN> 39
 7.817002e-09 -3.752161e-07 2.814121e-07 7.191642e-07 6.253602e-08 -4.377521e-07 -3.126801e-08 1.954251e-08 -2.188761e-07 1.407060e-07 -3.908501e-08 1.719741e-07 7.522365e-01 6.381997e-02 8.621557e-02 -8.619744e-02 1.227788e-01 -9.428950e-02 1.108117e-01 -5.427147e-02 -7.332408e-02 -2.049114e-01 1.113968e-01 -2.662461e-02 -1.967162e-01 -1.595372e-03 3.150655e-02 5.693844e-04 1.525187e-02 3.409362e-02 -3.928764e-02 4.838882e-02 -6.376598e-03 1.977612e-02 -2.682848e-02 4.608534e-03 2.475848e-03 -1.636766e-02 -8.025015e-04
<VARIANCE> 39
 4.238459e+01 1.006055e+02 2.294972e+01 3.770455e+01 1.678487e+01 2.604158e+01 2.756806e+01 3.634949e+01 6.179082e+01 2.138282e+01 3.407212e+01 4.170164e+01 2.568869e-02 2.649495e+00 1.418211e+00 1.277769e+00 3.318077e+00 1.645004e+00 2.254217e+00 2.323179e+00 3.058999e+00 2.884812e+00 2.424755e+00 2.595309e+00 2.240625e+00 9.456687e-04 3.099899e-01 1.168762e-01 1.710477e-01 4.463888e-01 2.787209e-01 2.656757e-01 3.788603e-01 4.196714e-01 4.223029e-01 4.884965e-01 3.749132e-01 4.055119e-01 9.621431e-05
<GCONST> 9.031065e+01
<STATE> 4
<MEAN> 39
 7.817002e-09 -3.752161e-07 2.814121e-07 7.191642e-07 6.253602e-08 -4.377521e-07 -3.126801e-08 1.954251e-08 -2.188761e-07 1.407060e-07 -3.908501e-08 1.719741e-07 7.522365e-01 6.381997e-02 8.621557e-02 -8.619744e-02 1.227788e-01 -9.428950e-02 1.108117e-01 -5.427147e-02 -7.332408e-02 -2.049114e-01 1.113968e-01 -2.662461e-02 -1.967162e-01 -1.595372e-03 3.150655e-02 5.693844e-04 1.525187e-02 3.409362e-02 -3.928764e-02 4.838882e-02 -6.376598e-03 1.977612e-02 -2.682848e-02 4.608534e-03 2.475848e-03 -1.636766e-02 -8.025015e-04
<VARIANCE> 39
 4.238459e+01 1.006055e+02 2.294972e+01 3.770455e+01 1.678487e+01 2.604158e+01 2.756806e+01 3.634949e+01 6.179082e+01 2.138282e+01 3.407212e+01 4.170164e+01 2.568869e-02 2.649495e+00 1.418211e+00 1.277769e+00 3.318077e+00 1.645004e+00 2.254217e+00 2.323179e+00 3.058999e+00 2.884812e+00 2.424755e+00 2.595309e+00 2.240625e+00 9.456687e-04 3.099899e-01 1.168762e-01 1.710477e-01 4.463888e-01 2.787209e-01 2.656757e-01 3.788603e-01 4.196714e-01 4.223029e-01 4.884965e-01 3.749132e-01 4.055119e-01 9.621431e-05
<GCONST> 9.031065e+01
<STATE> 5
<MEAN> 39
 7.817002e-09 -3.752161e-07 2.814121e-07 7.191642e-07 6.253602e-08 -4.377521e-07 -3.126801e-08 1.954251e-08 -2.188761e-07 1.407060e-07 -3.908501e-08 1.719741e-07 7.522365e-01 6.381997e-02 8.621557e-02 -8.619744e-02 1.227788e-01 -9.428950e-02 1.108117e-01 -5.427147e-02 -7.332408e-02 -2.049114e-01 1.113968e-01 -2.662461e-02 -1.967162e-01 -1.595372e-03 3.150655e-02 5.693844e-04 1.525187e-02 3.409362e-02 -3.928764e-02 4.838882e-02 -6.376598e-03 1.977612e-02 -2.682848e-02 4.608534e-03 2.475848e-03 -1.636766e-02 -8.025015e-04
<VARIANCE> 39
 4.238459e+01 1.006055e+02 2.294972e+01 3.770455e+01 1.678487e+01 2.604158e+01 2.756806e+01 3.634949e+01 6.179082e+01 2.138282e+01 3.407212e+01 4.170164e+01 2.568869e-02 2.649495e+00 1.418211e+00 1.277769e+00 3.318077e+00 1.645004e+00 2.254217e+00 2.323179e+00 3.058999e+00 2.884812e+00 2.424755e+00 2.595309e+00 2.240625e+00 9.456687e-04 3.099899e-01 1.168762e-01 1.710477e-01 4.463888e-01 2.787209e-01 2.656757e-01 3.788603e-01 4.196714e-01 4.223029e-01 4.884965e-01 3.749132e-01 4.055119e-01 9.621431e-05
<GCONST> 9.031065e+01
<STATE> 6
<MEAN> 39
 7.817002e-09 -3.752161e-07 2.814121e-07 7.191642e-07 6.253602e-08 -4.377521e-07 -3.126801e-08 1.954251e-08 -2.188761e-07 1.407060e-07 -3.908501e-08 1.719741e-07 7.522365e-01 6.381997e-02 8.621557e-02 -8.619744e-02 1.227788e-01 -9.428950e-02 1.108117e-01 -5.427147e-02 -7.332408e-02 -2.049114e-01 1.113968e-01 -2.662461e-02 -1.967162e-01 -1.595372e-03 3.150655e-02 5.693844e-04 1.525187e-02 3.409362e-02 -3.928764e-02 4.838882e-02 -6.376598e-03 1.977612e-02 -2.682848e-02 4.608534e-03 2.475848e-03 -1.636766e-02 -8.025015e-04
<VARIANCE> 39
 4.238459e+01 1.006055e+02 2.294972e+01 3.770455e+01 1.678487e+01 2.604158e+01 2.756806e+01 3.634949e+01 6.179082e+01 2.138282e+01 3.407212e+01 4.170164e+01 2.568869e-02 2.649495e+00 1.418211e+00 1.277769e+00 3.318077e+00 1.645004e+00 2.254217e+00 2.323179e+00 3.058999e+00 2.884812e+00 2.424755e+00 2.595309e+00 2.240625e+00 9.456687e-04 3.099899e-01 1.168762e-01 1.710477e-01 4.463888e-01 2.787209e-01 2.656757e-01 3.788603e-01 4.196714e-01 4.223029e-01 4.884965e-01 3.749132e-01 4.055119e-01 9.621431e-05
<GCONST> 9.031065e+01
<STATE> 7
<MEAN> 39
 7.817002e-09 -3.752161e-07 2.814121e-07 7.191642e-07 6.253602e-08 -4.377521e-07 -3.126801e-08 1.954251e-08 -2.188761e-07 1.407060e-07 -3.908501e-08 1.719741e-07 7.522365e-01 6.381997e-02 8.621557e-02 -8.619744e-02 1.227788e-01 -9.428950e-02 1.108117e-01 -5.427147e-02 -7.332408e-02 -2.049114e-01 1.113968e-01 -2.662461e-02 -1.967162e-01 -1.595372e-03 3.150655e-02 5.693844e-04 1.525187e-02 3.409362e-02 -3.928764e-02 4.838882e-02 -6.376598e-03 1.977612e-02 -2.682848e-02 4.608534e-03 2.475848e-03 -1.636766e-02 -8.025015e-04
<VARIANCE> 39
 4.238459e+01 1.006055e+02 2.294972e+01 3.770455e+01 1.678487e+01 2.604158e+01 2.756806e+01 3.634949e+01 6.179082e+01 2.138282e+01 3.407212e+01 4.170164e+01 2.568869e-02 2.649495e+00 1.418211e+00 1.277769e+00 3.318077e+00 1.645004e+00 2.254217e+00 2.323179e+00 3.058999e+00 2.884812e+00 2.424755e+00 2.595309e+00 2.240625e+00 9.456687e-04 3.099899e-01 1.168762e-01 1.710477e-01 4.463888e-01 2.787209e-01 2.656757e-01 3.788603e-01 4.196714e-01 4.223029e-01 4.884965e-01 3.749132e-01 4.055119e-01 9.621431e-05
<GCONST> 9.031065e+01
<STATE> 8
<MEAN> 39
 7.817002e-09 -3.752161e-07 2.814121e-07 7.191642e-07 6.253602e-08 -4.377521e-07 -3.126801e-08 1.954251e-08 -2.188761e-07 1.407060e-07 -3.908501e-08 1.719741e-07 7.522365e-01 6.381997e-02 8.621557e-02 -8.619744e-02 1.227788e-01 -9.428950e-02 1.108117e-01 -5.427147e-02 -7.332408e-02 -2.049114e-01 1.113968e-01 -2.662461e-02 -1.967162e-01 -1.595372e-03 3.150655e-02 5.693844e-04 1.525187e-02 3.409362e-02 -3.928764e-02 4.838882e-02 -6.376598e-03 1.977612e-02 -2.682848e-02 4.608534e-03 2.475848e-03 -1.636766e-02 -8.025015e-04
<VARIANCE> 39
 4.238459e+01 1.006055e+02 2.294972e+01 3.770455e+01 1.678487e+01 2.604158e+01 2.756806e+01 3.634949e+01 6.179082e+01 2.138282e+01 3.407212e+01 4.170164e+01 2.568869e-02 2.649495e+00 1.418211e+00 1.277769e+00 3.318077e+00 1.645004e+00 2.254217e+00 2.323179e+00 3.058999e+00 2.884812e+00 2.424755e+00 2.595309e+00 2.240625e+00 9.456687e-04 3.099899e-01 1.168762e-01 1.710477e-01 4.463888e-01 2.787209e-01 2.656757e-01 3.788603e-01 4.196714e-01 4.223029e-01 4.884965e-01 3.749132e-01 4.055119e-01 9.621431e-05
<GCONST> 9.031065e+01
<STATE> 9
<MEAN> 39
 7.817002e-09 -3.752161e-07 2.814121e-07 7.191642e-07 6.253602e-08 -4.377521e-07 -3.126801e-08 1.954251e-08 -2.188761e-07 1.407060e-07 -3.908501e-08 1.719741e-07 7.522365e-01 6.381997e-02 8.621557e-02 -8.619744e-02 1.227788e-01 -9.428950e-02 1.108117e-01 -5.427147e-02 -7.332408e-02 -2.049114e-01 1.113968e-01 -2.662461e-02 -1.967162e-01 -1.595372e-03 3.150655e-02 5.693844e-04 1.525187e-02 3.409362e-02 -3.928764e-02 4.838882e-02 -6.376598e-03 1.977612e-02 -2.682848e-02 4.608534e-03 2.475848e-03 -1.636766e-02 -8.025015e-04
<VARIANCE> 39
 4.238459e+01 1.006055e+02 2.294972e+01 3.770455e+01 1.678487e+01 2.604158e+01 2.756806e+01 3.634949e+01 6.179082e+01 2.138282e+01 3.407212e+01 4.170164e+01 2.568869e-02 2.649495e+00 1.418211e+00 1.277769e+00 3.318077e+00 1.645004e+00 2.254217e+00 2.323179e+00 3.058999e+00 2.884812e+00 2.424755e+00 2.595309e+00 2.240625e+00 9.456687e-04 3.099899e-01 1.168762e-01 1.710477e-01 4.463888e-01 2.787209e-01 2.656757e-01 3.788603e-01 4.196714e-01 4.223029e-01 4.884965e-01 3.749132e-01 4.055119e-01 9.621431e-05
<GCONST> 9.031065e+01
<TRANSP> 10
 0.000000e+00 1.000000e+00 0.000000e+00 0.000000e+00 0.000000e+00 0.000000e+00 0.000000e+00 0.000000e+00 0.000000e+00 0.000000e+00
 0.000000e+00 9.000000e-01 9.999999e-02 0.000000e+00 0.000000e+00 0.000000e+00 0.000000e+00 0.000000e+00 0.000000e+00 0.000000e+00
 0.000000e+00 0.000000e+00 9.000000e-01 9.999999e-02 0.000000e+00 0.000000e+00 0.000000e+00 0.000000e+00 0.000000e+00 0.000000e+00
 0.000000e+00 0.000000e+00 0.000000e+00 9.000000e-01 9.999999e-02 0.000000e+00 0.000000e+00 0.000000e+00 0.000000e+00 0.000000e+00
 0.000000e+00 0.000000e+00 0.000000e+00 0.000000e+00 9.000000e-01 9.999999e-02 0.000000e+00 0.000000e+00 0.000000e+00 0.000000e+00
 0.000000e+00 0.000000e+00 0.000000e+00 0.000000e+00 0.000000e+00 9.000000e-01 9.999999e-02 0.000000e+00 0.000000e+00 0.000000e+00
 0.000000e+00 0.000000e+00 0.000000e+00 0.000000e+00 0.000000e+00 0.000000e+00 9.000000e-01 9.999999e-02 0.000000e+00 0.000000e+00
 0.000000e+00 0.000000e+00 0.000000e+00 0.000000e+00 0.000000e+00 0.000000e+00 0.000000e+00 9.000000e-01 9.999999e-02 0.000000e+00
 0.000000e+00 0.000000e+00 0.000000e+00 0.000000e+00 0.000000e+00 0.000000e+00 0.000000e+00 0.000000e+00 9.000000e-01 9.999999e-02
 0.000000e+00 0.000000e+00 0.000000e+00 0.000000e+00 0.000000e+00 0.000000e+00 0.000000e+00 0.000000e+00 0.000000e+00 0.000000e+00
<ENDHMM>
