~o
<STREAMINFO> 1 39
<VECSIZE> 39<NULLD><MFCC_E_D_A_Z><DIAGC>
~h "s093"
<BEGINHMM>
<NUMSTATES> 10
<STATE> 2
<MEAN> 39
 -1.692003e-07 0.000000e+00 -6.409102e-09 1.086984e-06 -4.255643e-07 2.358549e-07 1.743276e-07 1.999640e-07 -8.716378e-08 8.716378e-08 -6.152737e-08 -2.102185e-07 7.431041e-01 2.347215e-01 -1.499978e-01 -1.081533e-01 1.380131e-01 -7.173418e-02 -2.070552e-01 -1.487605e-01 -4.690051e-02 -3.408166e-02 -8.374602e-02 -3.202539e-02 7.138623e-03 1.409018e-03 -1.102235e-02 -6.093024e-04 1.105798e-03 3.551825e-04 -5.071927e-03 -8.667018e-03 -1.014919e-02 2.444253e-02 5.545536e-02 2.979878e-02 3.612557e-03 -1.164175e-02 -5.736243e-04
<VARIANCE> 39
 5.679063e+01 7.909453e+01 3.439984e+01 1.874478e+02 1.021780e+02 6.889306e+01 4.227879e+01 3.404635e+01 3.889244e+01 2.396315e+01 5.080387e+01 3.343997e+01 2.922388e-02 1.960051e+00 1.796537e+00 1.779907e+00 3.734811e+00 3.654456e+00 4.133264e+00 2.220205e+00 3.740394e+00 4.002931e+00 3.489621e+00 3.734265e+00 3.497720e+00 1.106339e-03 2.966398e-01 2.254383e-01 3.316564e-01 4.396605e-01 5.491580e-01 6.821381e-01 4.274562e-01 7.379745e-01 7.848454e-01 7.790167e-01 4.987223e-01 7.156365e-01 1.355818e-04
<GCONST> 1.049228e+02
<STATE> 3
<MEAN> 39
 -1.692003e-07 0.000000e+00 -6.409102e-09 1.086984e-06 -4.255643e-07 2.358549e-07 1.743276e-07 1.999640e-07 -8.716378e-08 8.716378e-08 -6.152737e-08 -2.102185e-07 7.431041e-01 2.347215e-01 -1.499978e-01 -1.081533e-01 1.380131e-01 -7.173418e-02 -2.070552e-01 -1.487605e-01 -4.690051e-02 -3.408166e-02 -8.374602e-02 -3.202539e-02 7.138623e-03 1.409018e-03 -1.102235e-02 -6.093024e-04 1.105798e-03 3.551825e-04 -5.071927e-03 -8.667018e-03 -1.014919e-02 2.444253e-02 5.545536e-02 2.979878e-02 3.612557e-03 -1.164175e-02 -5.736243e-04
<VARIANCE> 39
 5.679063e+01 7.909453e+01 3.439984e+01 1.874478e+02 1.021780e+02 6.889306e+01 4.227879e+01 3.404635e+01 3.889244e+01 2.396315e+01 5.080387e+01 3.343997e+01 2.922388e-02 1.960051e+00 1.796537e+00 1.779907e+00 3.734811e+00 3.654456e+00 4.133264e+00 2.220205e+00 3.740394e+00 4.002931e+00 3.489621e+00 3.734265e+00 3.497720e+00 1.106339e-03 2.966398e-01 2.254383e-01 3.316564e-01 4.396605e-01 5.491580e-01 6.821381e-01 4.274562e-01 7.379745e-01 7.848454e-01 7.790167e-01 4.987223e-01 7.156365e-01 1.355818e-04
<GCONST> 1.049228e+02
<STATE> 4
<MEAN> 39
 -1.692003e-07 0.000000e+00 -6.409102e-09 1.086984e-06 -4.255643e-07 2.358549e-07 1.743276e-07 1.999640e-07 -8.716378e-08 8.716378e-08 -6.152737e-08 -2.102185e-07 7.431041e-01 2.347215e-01 -1.499978e-01 -1.081533e-01 1.380131e-01 -7.173418e-02 -2.070552e-01 -1.487605e-01 -4.690051e-02 -3.408166e-02 -8.374602e-02 -3.202539e-02 7.138623e-03 1.409018e-03 -1.102235e-02 -6.093024e-04 1.105798e-03 3.551825e-04 -5.071927e-03 -8.667018e-03 -1.014919e-02 2.444253e-02 5.545536e-02 2.979878e-02 3.612557e-03 -1.164175e-02 -5.736243e-04
<VARIANCE> 39
 5.679063e+01 7.909453e+01 3.439984e+01 1.874478e+02 1.021780e+02 6.889306e+01 4.227879e+01 3.404635e+01 3.889244e+01 2.396315e+01 5.080387e+01 3.343997e+01 2.922388e-02 1.960051e+00 1.796537e+00 1.779907e+00 3.734811e+00 3.654456e+00 4.133264e+00 2.220205e+00 3.740394e+00 4.002931e+00 3.489621e+00 3.734265e+00 3.497720e+00 1.106339e-03 2.966398e-01 2.254383e-01 3.316564e-01 4.396605e-01 5.491580e-01 6.821381e-01 4.274562e-01 7.379745e-01 7.848454e-01 7.790167e-01 4.987223e-01 7.156365e-01 1.355818e-04
<GCONST> 1.049228e+02
<STATE> 5
<MEAN> 39
 -1.692003e-07 0.000000e+00 -6.409102e-09 1.086984e-06 -4.255643e-07 2.358549e-07 1.743276e-07 1.999640e-07 -8.716378e-08 8.716378e-08 -6.152737e-08 -2.102185e-07 7.431041e-01 2.347215e-01 -1.499978e-01 -1.081533e-01 1.380131e-01 -7.173418e-02 -2.070552e-01 -1.487605e-01 -4.690051e-02 -3.408166e-02 -8.374602e-02 -3.202539e-02 7.138623e-03 1.409018e-03 -1.102235e-02 -6.093024e-04 1.105798e-03 3.551825e-04 -5.071927e-03 -8.667018e-03 -1.014919e-02 2.444253e-02 5.545536e-02 2.979878e-02 3.612557e-03 -1.164175e-02 -5.736243e-04
<VARIANCE> 39
 5.679063e+01 7.909453e+01 3.439984e+01 1.874478e+02 1.021780e+02 6.889306e+01 4.227879e+01 3.404635e+01 3.889244e+01 2.396315e+01 5.080387e+01 3.343997e+01 2.922388e-02 1.960051e+00 1.796537e+00 1.779907e+00 3.734811e+00 3.654456e+00 4.133264e+00 2.220205e+00 3.740394e+00 4.002931e+00 3.489621e+00 3.734265e+00 3.497720e+00 1.106339e-03 2.966398e-01 2.254383e-01 3.316564e-01 4.396605e-01 5.491580e-01 6.821381e-01 4.274562e-01 7.379745e-01 7.848454e-01 7.790167e-01 4.987223e-01 7.156365e-01 1.355818e-04
<GCONST> 1.049228e+02
<STATE> 6
<MEAN> 39
 -1.692003e-07 0.000000e+00 -6.409102e-09 1.086984e-06 -4.255643e-07 2.358549e-07 1.743276e-07 1.999640e-07 -8.716378e-08 8.716378e-08 -6.152737e-08 -2.102185e-07 7.431041e-01 2.347215e-01 -1.499978e-01 -1.081533e-01 1.380131e-01 -7.173418e-02 -2.070552e-01 -1.487605e-01 -4.690051e-02 -3.408166e-02 -8.374602e-02 -3.202539e-02 7.138623e-03 1.409018e-03 -1.102235e-02 -6.093024e-04 1.105798e-03 3.551825e-04 -5.071927e-03 -8.667018e-03 -1.014919e-02 2.444253e-02 5.545536e-02 2.979878e-02 3.612557e-03 -1.164175e-02 -5.736243e-04
<VARIANCE> 39
 5.679063e+01 7.909453e+01 3.439984e+01 1.874478e+02 1.021780e+02 6.889306e+01 4.227879e+01 3.404635e+01 3.889244e+01 2.396315e+01 5.080387e+01 3.343997e+01 2.922388e-02 1.960051e+00 1.796537e+00 1.779907e+00 3.734811e+00 3.654456e+00 4.133264e+00 2.220205e+00 3.740394e+00 4.002931e+00 3.489621e+00 3.734265e+00 3.497720e+00 1.106339e-03 2.966398e-01 2.254383e-01 3.316564e-01 4.396605e-01 5.491580e-01 6.821381e-01 4.274562e-01 7.379745e-01 7.848454e-01 7.790167e-01 4.987223e-01 7.156365e-01 1.355818e-04
<GCONST> 1.049228e+02
<STATE> 7
<MEAN> 39
 -1.692003e-07 0.000000e+00 -6.409102e-09 1.086984e-06 -4.255643e-07 2.358549e-07 1.743276e-07 1.999640e-07 -8.716378e-08 8.716378e-08 -6.152737e-08 -2.102185e-07 7.431041e-01 2.347215e-01 -1.499978e-01 -1.081533e-01 1.380131e-01 -7.173418e-02 -2.070552e-01 -1.487605e-01 -4.690051e-02 -3.408166e-02 -8.374602e-02 -3.202539e-02 7.138623e-03 1.409018e-03 -1.102235e-02 -6.093024e-04 1.105798e-03 3.551825e-04 -5.071927e-03 -8.667018e-03 -1.014919e-02 2.444253e-02 5.545536e-02 2.979878e-02 3.612557e-03 -1.164175e-02 -5.736243e-04
<VARIANCE> 39
 5.679063e+01 7.909453e+01 3.439984e+01 1.874478e+02 1.021780e+02 6.889306e+01 4.227879e+01 3.404635e+01 3.889244e+01 2.396315e+01 5.080387e+01 3.343997e+01 2.922388e-02 1.960051e+00 1.796537e+00 1.779907e+00 3.734811e+00 3.654456e+00 4.133264e+00 2.220205e+00 3.740394e+00 4.002931e+00 3.489621e+00 3.734265e+00 3.497720e+00 1.106339e-03 2.966398e-01 2.254383e-01 3.316564e-01 4.396605e-01 5.491580e-01 6.821381e-01 4.274562e-01 7.379745e-01 7.848454e-01 7.790167e-01 4.987223e-01 7.156365e-01 1.355818e-04
<GCONST> 1.049228e+02
<STATE> 8
<MEAN> 39
 -1.692003e-07 0.000000e+00 -6.409102e-09 1.086984e-06 -4.255643e-07 2.358549e-07 1.743276e-07 1.999640e-07 -8.716378e-08 8.716378e-08 -6.152737e-08 -2.102185e-07 7.431041e-01 2.347215e-01 -1.499978e-01 -1.081533e-01 1.380131e-01 -7.173418e-02 -2.070552e-01 -1.487605e-01 -4.690051e-02 -3.408166e-02 -8.374602e-02 -3.202539e-02 7.138623e-03 1.409018e-03 -1.102235e-02 -6.093024e-04 1.105798e-03 3.551825e-04 -5.071927e-03 -8.667018e-03 -1.014919e-02 2.444253e-02 5.545536e-02 2.979878e-02 3.612557e-03 -1.164175e-02 -5.736243e-04
<VARIANCE> 39
 5.679063e+01 7.909453e+01 3.439984e+01 1.874478e+02 1.021780e+02 6.889306e+01 4.227879e+01 3.404635e+01 3.889244e+01 2.396315e+01 5.080387e+01 3.343997e+01 2.922388e-02 1.960051e+00 1.796537e+00 1.779907e+00 3.734811e+00 3.654456e+00 4.133264e+00 2.220205e+00 3.740394e+00 4.002931e+00 3.489621e+00 3.734265e+00 3.497720e+00 1.106339e-03 2.966398e-01 2.254383e-01 3.316564e-01 4.396605e-01 5.491580e-01 6.821381e-01 4.274562e-01 7.379745e-01 7.848454e-01 7.790167e-01 4.987223e-01 7.156365e-01 1.355818e-04
<GCONST> 1.049228e+02
<STATE> 9
<MEAN> 39
 -1.692003e-07 0.000000e+00 -6.409102e-09 1.086984e-06 -4.255643e-07 2.358549e-07 1.743276e-07 1.999640e-07 -8.716378e-08 8.716378e-08 -6.152737e-08 -2.102185e-07 7.431041e-01 2.347215e-01 -1.499978e-01 -1.081533e-01 1.380131e-01 -7.173418e-02 -2.070552e-01 -1.487605e-01 -4.690051e-02 -3.408166e-02 -8.374602e-02 -3.202539e-02 7.138623e-03 1.409018e-03 -1.102235e-02 -6.093024e-04 1.105798e-03 3.551825e-04 -5.071927e-03 -8.667018e-03 -1.014919e-02 2.444253e-02 5.545536e-02 2.979878e-02 3.612557e-03 -1.164175e-02 -5.736243e-04
<VARIANCE> 39
 5.679063e+01 7.909453e+01 3.439984e+01 1.874478e+02 1.021780e+02 6.889306e+01 4.227879e+01 3.404635e+01 3.889244e+01 2.396315e+01 5.080387e+01 3.343997e+01 2.922388e-02 1.960051e+00 1.796537e+00 1.779907e+00 3.734811e+00 3.654456e+00 4.133264e+00 2.220205e+00 3.740394e+00 4.002931e+00 3.489621e+00 3.734265e+00 3.497720e+00 1.106339e-03 2.966398e-01 2.254383e-01 3.316564e-01 4.396605e-01 5.491580e-01 6.821381e-01 4.274562e-01 7.379745e-01 7.848454e-01 7.790167e-01 4.987223e-01 7.156365e-01 1.355818e-04
<GCONST> 1.049228e+02
<TRANSP> 10
 0.000000e+00 1.000000e+00 0.000000e+00 0.000000e+00 0.000000e+00 0.000000e+00 0.000000e+00 0.000000e+00 0.000000e+00 0.000000e+00
 0.000000e+00 9.000000e-01 9.999999e-02 0.000000e+00 0.000000e+00 0.000000e+00 0.000000e+00 0.000000e+00 0.000000e+00 0.000000e+00
 0.000000e+00 0.000000e+00 9.000000e-01 9.999999e-02 0.000000e+00 0.000000e+00 0.000000e+00 0.000000e+00 0.000000e+00 0.000000e+00
 0.000000e+00 0.000000e+00 0.000000e+00 9.000000e-01 9.999999e-02 0.000000e+00 0.000000e+00 0.000000e+00 0.000000e+00 0.000000e+00
 0.000000e+00 0.000000e+00 0.000000e+00 0.000000e+00 9.000000e-01 9.999999e-02 0.000000e+00 0.000000e+00 0.000000e+00 0.000000e+00
 0.000000e+00 0.000000e+00 0.000000e+00 0.000000e+00 0.000000e+00 9.000000e-01 9.999999e-02 0.000000e+00 0.000000e+00 0.000000e+00
 0.000000e+00 0.000000e+00 0.000000e+00 0.000000e+00 0.000000e+00 0.000000e+00 9.000000e-01 9.999999e-02 0.000000e+00 0.000000e+00
 0.000000e+00 0.000000e+00 0.000000e+00 0.000000e+00 0.000000e+00 0.000000e+00 0.000000e+00 9.000000e-01 9.999999e-02 0.000000e+00
 0.000000e+00 0.000000e+00 0.000000e+00 0.000000e+00 0.000000e+00 0.000000e+00 0.000000e+00 0.000000e+00 9.000000e-01 9.999999e-02
 0.000000e+00 0.000000e+00 0.000000e+00 0.000000e+00 0.000000e+00 0.000000e+00 0.000000e+00 0.000000e+00 0.000000e+00 0.000000e+00
<ENDHMM>
