~o
<STREAMINFO> 1 39
<VECSIZE> 39<NULLD><MFCC_E_D_A_Z><DIAGC>
~h "s094"
<BEGINHMM>
<NUMSTATES> 10
<STATE> 2
<MEAN> 39
 -2.029094e-08 -4.159643e-07 8.116377e-08 1.623275e-07 -2.637823e-07 1.521821e-07 4.261098e-07 9.333834e-07 -2.739277e-07 -2.029094e-08 -2.333458e-07 2.130549e-07 7.485727e-01 2.475483e-01 -3.836707e-02 -1.082413e-01 4.175590e-01 1.824090e-01 2.156426e-01 -2.000860e-01 -2.180040e-01 5.523631e-02 1.142605e-01 2.524849e-01 -2.190912e-01 -1.995610e-03 -3.438426e-03 2.958011e-04 -2.555286e-02 2.969588e-02 -3.993931e-03 -3.694310e-02 6.674133e-02 1.061187e-02 7.990949e-03 1.125607e-01 -2.418765e-02 3.935052e-02 -5.366548e-04
<VARIANCE> 39
 3.184192e+01 3.479992e+01 3.222894e+01 5.734437e+01 4.811088e+01 4.666742e+01 2.139803e+01 3.479994e+01 3.145427e+01 3.328559e+01 2.973739e+01 2.759088e+01 3.143127e-02 2.109058e+00 2.751448e+00 2.279783e+00 2.309791e+00 3.132553e+00 6.541512e+00 2.660880e+00 2.664068e+00 2.311096e+00 2.976605e+00 2.705462e+00 3.759593e+00 1.469787e-03 4.317333e-01 4.043254e-01 3.026148e-01 2.431134e-01 3.497235e-01 1.124436e+00 5.668317e-01 5.280234e-01 3.433962e-01 5.513839e-01 4.263768e-01 8.618068e-01 1.702331e-04
<GCONST> 9.902782e+01
<STATE> 3
<MEAN> 39
 -2.029094e-08 -4.159643e-07 8.116377e-08 1.623275e-07 -2.637823e-07 1.521821e-07 4.261098e-07 9.333834e-07 -2.739277e-07 -2.029094e-08 -2.333458e-07 2.130549e-07 7.485727e-01 2.475483e-01 -3.836707e-02 -1.082413e-01 4.175590e-01 1.824090e-01 2.156426e-01 -2.000860e-01 -2.180040e-01 5.523631e-02 1.142605e-01 2.524849e-01 -2.190912e-01 -1.995610e-03 -3.438426e-03 2.958011e-04 -2.555286e-02 2.969588e-02 -3.993931e-03 -3.694310e-02 6.674133e-02 1.061187e-02 7.990949e-03 1.125607e-01 -2.418765e-02 3.935052e-02 -5.366548e-04
<VARIANCE> 39
 3.184192e+01 3.479992e+01 3.222894e+01 5.734437e+01 4.811088e+01 4.666742e+01 2.139803e+01 3.479994e+01 3.145427e+01 3.328559e+01 2.973739e+01 2.759088e+01 3.143127e-02 2.109058e+00 2.751448e+00 2.279783e+00 2.309791e+00 3.132553e+00 6.541512e+00 2.660880e+00 2.664068e+00 2.311096e+00 2.976605e+00 2.705462e+00 3.759593e+00 1.469787e-03 4.317333e-01 4.043254e-01 3.026148e-01 2.431134e-01 3.497235e-01 1.124436e+00 5.668317e-01 5.280234e-01 3.433962e-01 5.513839e-01 4.263768e-01 8.618068e-01 1.702331e-04
<GCONST> 9.902782e+01
<STATE> 4
<MEAN> 39
 -2.029094e-08 -4.159643e-07 8.116377e-08 1.623275e-07 -2.637823e-07 1.521821e-07 4.261098e-07 9.333834e-07 -2.739277e-07 -2.029094e-08 -2.333458e-07 2.130549e-07 7.485727e-01 2.475483e-01 -3.836707e-02 -1.082413e-01 4.175590e-01 1.824090e-01 2.156426e-01 -2.000860e-01 -2.180040e-01 5.523631e-02 1.142605e-01 2.524849e-01 -2.190912e-01 -1.995610e-03 -3.438426e-03 2.958011e-04 -2.555286e-02 2.969588e-02 -3.993931e-03 -3.694310e-02 6.674133e-02 1.061187e-02 7.990949e-03 1.125607e-01 -2.418765e-02 3.935052e-02 -5.366548e-04
<VARIANCE> 39
 3.184192e+01 3.479992e+01 3.222894e+01 5.734437e+01 4.811088e+01 4.666742e+01 2.139803e+01 3.479994e+01 3.145427e+01 3.328559e+01 2.973739e+01 2.759088e+01 3.143127e-02 2.109058e+00 2.751448e+00 2.279783e+00 2.309791e+00 3.132553e+00 6.541512e+00 2.660880e+00 2.664068e+00 2.311096e+00 2.976605e+00 2.705462e+00 3.759593e+00 1.469787e-03 4.317333e-01 4.043254e-01 3.026148e-01 2.431134e-01 3.497235e-01 1.124436e+00 5.668317e-01 5.280234e-01 3.433962e-01 5.513839e-01 4.263768e-01 8.618068e-01 1.702331e-04
<GCONST> 9.902782e+01
<STATE> 5
<MEAN> 39
 -2.029094e-08 -4.159643e-07 8.116377e-08 1.623275e-07 -2.637823e-07 1.521821e-07 4.261098e-07 9.333834e-07 -2.739277e-07 -2.029094e-08 -2.333458e-07 2.130549e-07 7.485727e-01 2.475483e-01 -3.836707e-02 -1.082413e-01 4.175590e-01 1.824090e-01 2.156426e-01 -2.000860e-01 -2.180040e-01 5.523631e-02 1.142605e-01 2.524849e-01 -2.190912e-01 -1.995610e-03 -3.438426e-03 2.958011e-04 -2.555286e-02 2.969588e-02 -3.993931e-03 -3.694310e-02 6.674133e-02 1.061187e-02 7.990949e-03 1.125607e-01 -2.418765e-02 3.935052e-02 -5.366548e-04
<VARIANCE> 39
 3.184192e+01 3.479992e+01 3.222894e+01 5.734437e+01 4.811088e+01 4.666742e+01 2.139803e+01 3.479994e+01 3.145427e+01 3.328559e+01 2.973739e+01 2.759088e+01 3.143127e-02 2.109058e+00 2.751448e+00 2.279783e+00 2.309791e+00 3.132553e+00 6.541512e+00 2.660880e+00 2.664068e+00 2.311096e+00 2.976605e+00 2.705462e+00 3.759593e+00 1.469787e-03 4.317333e-01 4.043254e-01 3.026148e-01 2.431134e-01 3.497235e-01 1.124436e+00 5.668317e-01 5.280234e-01 3.433962e-01 5.513839e-01 4.263768e-01 8.618068e-01 1.702331e-04
<GCONST> 9.902782e+01
<STATE> 6
<MEAN> 39
 -2.029094e-08 -4.159643e-07 8.116377e-08 1.623275e-07 -2.637823e-07 1.521821e-07 4.261098e-07 9.333834e-07 -2.739277e-07 -2.029094e-08 -2.333458e-07 2.130549e-07 7.485727e-01 2.475483e-01 -3.836707e-02 -1.082413e-01 4.175590e-01 1.824090e-01 2.156426e-01 -2.000860e-01 -2.180040e-01 5.523631e-02 1.142605e-01 2.524849e-01 -2.190912e-01 -1.995610e-03 -3.438426e-03 2.958011e-04 -2.555286e-02 2.969588e-02 -3.993931e-03 -3.694310e-02 6.674133e-02 1.061187e-02 7.990949e-03 1.125607e-01 -2.418765e-02 3.935052e-02 -5.366548e-04
<VARIANCE> 39
 3.184192e+01 3.479992e+01 3.222894e+01 5.734437e+01 4.811088e+01 4.666742e+01 2.139803e+01 3.479994e+01 3.145427e+01 3.328559e+01 2.973739e+01 2.759088e+01 3.143127e-02 2.109058e+00 2.751448e+00 2.279783e+00 2.309791e+00 3.132553e+00 6.541512e+00 2.660880e+00 2.664068e+00 2.311096e+00 2.976605e+00 2.705462e+00 3.759593e+00 1.469787e-03 4.317333e-01 4.043254e-01 3.026148e-01 2.431134e-01 3.497235e-01 1.124436e+00 5.668317e-01 5.280234e-01 3.433962e-01 5.513839e-01 4.263768e-01 8.618068e-01 1.702331e-04
<GCONST> 9.902782e+01
<STATE> 7
<MEAN> 39
 -2.029094e-08 -4.159643e-07 8.116377e-08 1.623275e-07 -2.637823e-07 1.521821e-07 4.261098e-07 9.333834e-07 -2.739277e-07 -2.029094e-08 -2.333458e-07 2.130549e-07 7.485727e-01 2.475483e-01 -3.836707e-02 -1.082413e-01 4.175590e-01 1.824090e-01 2.156426e-01 -2.000860e-01 -2.180040e-01 5.523631e-02 1.142605e-01 2.524849e-01 -2.190912e-01 -1.995610e-03 -3.438426e-03 2.958011e-04 -2.555286e-02 2.969588e-02 -3.993931e-03 -3.694310e-02 6.674133e-02 1.061187e-02 7.990949e-03 1.125607e-01 -2.418765e-02 3.935052e-02 -5.366548e-04
<VARIANCE> 39
 3.184192e+01 3.479992e+01 3.222894e+01 5.734437e+01 4.811088e+01 4.666742e+01 2.139803e+01 3.479994e+01 3.145427e+01 3.328559e+01 2.973739e+01 2.759088e+01 3.143127e-02 2.109058e+00 2.751448e+00 2.279783e+00 2.309791e+00 3.132553e+00 6.541512e+00 2.660880e+00 2.664068e+00 2.311096e+00 2.976605e+00 2.705462e+00 3.759593e+00 1.469787e-03 4.317333e-01 4.043254e-01 3.026148e-01 2.431134e-01 3.497235e-01 1.124436e+00 5.668317e-01 5.280234e-01 3.433962e-01 5.513839e-01 4.263768e-01 8.618068e-01 1.702331e-04
<GCONST> 9.902782e+01
<STATE> 8
<MEAN> 39
 -2.029094e-08 -4.159643e-07 8.116377e-08 1.623275e-07 -2.637823e-07 1.521821e-07 4.261098e-07 9.333834e-07 -2.739277e-07 -2.029094e-08 -2.333458e-07 2.130549e-07 7.485727e-01 2.475483e-01 -3.836707e-02 -1.082413e-01 4.175590e-01 1.824090e-01 2.156426e-01 -2.000860e-01 -2.180040e-01 5.523631e-02 1.142605e-01 2.524849e-01 -2.190912e-01 -1.995610e-03 -3.438426e-03 2.958011e-04 -2.555286e-02 2.969588e-02 -3.993931e-03 -3.694310e-02 6.674133e-02 1.061187e-02 7.990949e-03 1.125607e-01 -2.418765e-02 3.935052e-02 -5.366548e-04
<VARIANCE> 39
 3.184192e+01 3.479992e+01 3.222894e+01 5.734437e+01 4.811088e+01 4.666742e+01 2.139803e+01 3.479994e+01 3.145427e+01 3.328559e+01 2.973739e+01 2.759088e+01 3.143127e-02 2.109058e+00 2.751448e+00 2.279783e+00 2.309791e+00 3.132553e+00 6.541512e+00 2.660880e+00 2.664068e+00 2.311096e+00 2.976605e+00 2.705462e+00 3.759593e+00 1.469787e-03 4.317333e-01 4.043254e-01 3.026148e-01 2.431134e-01 3.497235e-01 1.124436e+00 5.668317e-01 5.280234e-01 3.433962e-01 5.513839e-01 4.263768e-01 8.618068e-01 1.702331e-04
<GCONST> 9.902782e+01
<STATE> 9
<MEAN> 39
 -2.029094e-08 -4.159643e-07 8.116377e-08 1.623275e-07 -2.637823e-07 1.521821e-07 4.261098e-07 9.333834e-07 -2.739277e-07 -2.029094e-08 -2.333458e-07 2.130549e-07 7.485727e-01 2.475483e-01 -3.836707e-02 -1.082413e-01 4.175590e-01 1.824090e-01 2.156426e-01 -2.000860e-01 -2.180040e-01 5.523631e-02 1.142605e-01 2.524849e-01 -2.190912e-01 -1.995610e-03 -3.438426e-03 2.958011e-04 -2.555286e-02 2.969588e-02 -3.993931e-03 -3.694310e-02 6.674133e-02 1.061187e-02 7.990949e-03 1.125607e-01 -2.418765e-02 3.935052e-02 -5.366548e-04
<VARIANCE> 39
 3.184192e+01 3.479992e+01 3.222894e+01 5.734437e+01 4.811088e+01 4.666742e+01 2.139803e+01 3.479994e+01 3.145427e+01 3.328559e+01 2.973739e+01 2.759088e+01 3.143127e-02 2.109058e+00 2.751448e+00 2.279783e+00 2.309791e+00 3.132553e+00 6.541512e+00 2.660880e+00 2.664068e+00 2.311096e+00 2.976605e+00 2.705462e+00 3.759593e+00 1.469787e-03 4.317333e-01 4.043254e-01 3.026148e-01 2.431134e-01 3.497235e-01 1.124436e+00 5.668317e-01 5.280234e-01 3.433962e-01 5.513839e-01 4.263768e-01 8.618068e-01 1.702331e-04
<GCONST> 9.902782e+01
<TRANSP> 10
 0.000000e+00 1.000000e+00 0.000000e+00 0.000000e+00 0.000000e+00 0.000000e+00 0.000000e+00 0.000000e+00 0.000000e+00 0.000000e+00
 0.000000e+00 9.000000e-01 9.999999e-02 0.000000e+00 0.000000e+00 0.000000e+00 0.000000e+00 0.000000e+00 0.000000e+00 0.000000e+00
 0.000000e+00 0.000000e+00 9.000000e-01 9.999999e-02 0.000000e+00 0.000000e+00 0.000000e+00 0.000000e+00 0.000000e+00 0.000000e+00
 0.000000e+00 0.000000e+00 0.000000e+00 9.000000e-01 9.999999e-02 0.000000e+00 0.000000e+00 0.000000e+00 0.000000e+00 0.000000e+00
 0.000000e+00 0.000000e+00 0.000000e+00 0.000000e+00 9.000000e-01 9.999999e-02 0.000000e+00 0.000000e+00 0.000000e+00 0.000000e+00
 0.000000e+00 0.000000e+00 0.000000e+00 0.000000e+00 0.000000e+00 9.000000e-01 9.999999e-02 0.000000e+00 0.000000e+00 0.000000e+00
 0.000000e+00 0.000000e+00 0.000000e+00 0.000000e+00 0.000000e+00 0.000000e+00 9.000000e-01 9.999999e-02 0.000000e+00 0.000000e+00
 0.000000e+00 0.000000e+00 0.000000e+00 0.000000e+00 0.000000e+00 0.000000e+00 0.000000e+00 9.000000e-01 9.999999e-02 0.000000e+00
 0.000000e+00 0.000000e+00 0.000000e+00 0.000000e+00 0.000000e+00 0.000000e+00 0.000000e+00 0.000000e+00 9.000000e-01 9.999999e-02
 0.000000e+00 0.000000e+00 0.000000e+00 0.000000e+00 0.000000e+00 0.000000e+00 0.000000e+00 0.000000e+00 0.000000e+00 0.000000e+00
<ENDHMM>
