~o
<STREAMINFO> 1 39
<VECSIZE> 39<NULLD><MFCC_E_D_A_Z><DIAGC>
~h "s095"
<BEGINHMM>
<NUMSTATES> 10
<STATE> 2
<MEAN> 39
 -4.521732e-08 2.795252e-07 1.973119e-07 2.466399e-08 1.808693e-07 4.275092e-07 -2.795252e-07 -4.110665e-07 2.137546e-07 2.055333e-08 -1.973119e-07 -1.150986e-07 7.473589e-01 -8.991437e-02 -2.430562e-01 -1.350479e-01 2.123564e-01 2.570522e-01 2.640876e-01 5.406331e-01 1.052558e-01 -3.383953e-01 -2.166859e-01 1.191159e-01 3.009526e-01 -4.393768e-03 1.597987e-02 2.861933e-02 5.826794e-02 3.784353e-02 -5.382266e-02 -1.915311e-02 -5.813529e-02 1.497010e-02 5.604040e-02 2.269131e-02 8.883584e-03 1.015110e-02 -1.018511e-03
<VARIANCE> 39
 2.037017e+01 5.343283e+01 4.742741e+01 4.183121e+01 5.273497e+01 5.287633e+01 6.214753e+01 5.288437e+01 5.058723e+01 7.726498e+01 6.809376e+01 5.237857e+01 2.438150e-02 1.975140e+00 2.280389e+00 4.446560e+00 2.080909e+00 4.953883e+00 4.899050e+00 4.062094e+00 6.716494e+00 3.321988e+00 6.922611e+00 4.484369e+00 5.156973e+00 2.136158e-03 4.483770e-01 3.230635e-01 6.255373e-01 2.776545e-01 7.588417e-01 5.684999e-01 7.033249e-01 1.330898e+00 5.975503e-01 1.434915e+00 7.415050e-01 1.074443e+00 2.812774e-04
<GCONST> 1.122361e+02
<STATE> 3
<MEAN> 39
 -4.521732e-08 2.795252e-07 1.973119e-07 2.466399e-08 1.808693e-07 4.275092e-07 -2.795252e-07 -4.110665e-07 2.137546e-07 2.055333e-08 -1.973119e-07 -1.150986e-07 7.473589e-01 -8.991437e-02 -2.430562e-01 -1.350479e-01 2.123564e-01 2.570522e-01 2.640876e-01 5.406331e-01 1.052558e-01 -3.383953e-01 -2.166859e-01 1.191159e-01 3.009526e-01 -4.393768e-03 1.597987e-02 2.861933e-02 5.826794e-02 3.784353e-02 -5.382266e-02 -1.915311e-02 -5.813529e-02 1.497010e-02 5.604040e-02 2.269131e-02 8.883584e-03 1.015110e-02 -1.018511e-03
<VARIANCE> 39
 2.037017e+01 5.343283e+01 4.742741e+01 4.183121e+01 5.273497e+01 5.287633e+01 6.214753e+01 5.288437e+01 5.058723e+01 7.726498e+01 6.809376e+01 5.237857e+01 2.438150e-02 1.975140e+00 2.280389e+00 4.446560e+00 2.080909e+00 4.953883e+00 4.899050e+00 4.062094e+00 6.716494e+00 3.321988e+00 6.922611e+00 4.484369e+00 5.156973e+00 2.136158e-03 4.483770e-01 3.230635e-01 6.255373e-01 2.776545e-01 7.588417e-01 5.684999e-01 7.033249e-01 1.330898e+00 5.975503e-01 1.434915e+00 7.415050e-01 1.074443e+00 2.812774e-04
<GCONST> 1.122361e+02
<STATE> 4
<MEAN> 39
 -4.521732e-08 2.795252e-07 1.973119e-07 2.466399e-08 1.808693e-07 4.275092e-07 -2.795252e-07 -4.110665e-07 2.137546e-07 2.055333e-08 -1.973119e-07 -1.150986e-07 7.473589e-01 -8.991437e-02 -2.430562e-01 -1.350479e-01 2.123564e-01 2.570522e-01 2.640876e-01 5.406331e-01 1.052558e-01 -3.383953e-01 -2.166859e-01 1.191159e-01 3.009526e-01 -4.393768e-03 1.597987e-02 2.861933e-02 5.826794e-02 3.784353e-02 -5.382266e-02 -1.915311e-02 -5.813529e-02 1.497010e-02 5.604040e-02 2.269131e-02 8.883584e-03 1.015110e-02 -1.018511e-03
<VARIANCE> 39
 2.037017e+01 5.343283e+01 4.742741e+01 4.183121e+01 5.273497e+01 5.287633e+01 6.214753e+01 5.288437e+01 5.058723e+01 7.726498e+01 6.809376e+01 5.237857e+01 2.438150e-02 1.975140e+00 2.280389e+00 4.446560e+00 2.080909e+00 4.953883e+00 4.899050e+00 4.062094e+00 6.716494e+00 3.321988e+00 6.922611e+00 4.484369e+00 5.156973e+00 2.136158e-03 4.483770e-01 3.230635e-01 6.255373e-01 2.776545e-01 7.588417e-01 5.684999e-01 7.033249e-01 1.330898e+00 5.975503e-01 1.434915e+00 7.415050e-01 1.074443e+00 2.812774e-04
<GCONST> 1.122361e+02
<STATE> 5
<MEAN> 39
 -4.521732e-08 2.795252e-07 1.973119e-07 2.466399e-08 1.808693e-07 4.275092e-07 -2.795252e-07 -4.110665e-07 2.137546e-07 2.055333e-08 -1.973119e-07 -1.150986e-07 7.473589e-01 -8.991437e-02 -2.430562e-01 -1.350479e-01 2.123564e-01 2.570522e-01 2.640876e-01 5.406331e-01 1.052558e-01 -3.383953e-01 -2.166859e-01 1.191159e-01 3.009526e-01 -4.393768e-03 1.597987e-02 2.861933e-02 5.826794e-02 3.784353e-02 -5.382266e-02 -1.915311e-02 -5.813529e-02 1.497010e-02 5.604040e-02 2.269131e-02 8.883584e-03 1.015110e-02 -1.018511e-03
<VARIANCE> 39
 2.037017e+01 5.343283e+01 4.742741e+01 4.183121e+01 5.273497e+01 5.287633e+01 6.214753e+01 5.288437e+01 5.058723e+01 7.726498e+01 6.809376e+01 5.237857e+01 2.438150e-02 1.975140e+00 2.280389e+00 4.446560e+00 2.080909e+00 4.953883e+00 4.899050e+00 4.062094e+00 6.716494e+00 3.321988e+00 6.922611e+00 4.484369e+00 5.156973e+00 2.136158e-03 4.483770e-01 3.230635e-01 6.255373e-01 2.776545e-01 7.588417e-01 5.684999e-01 7.033249e-01 1.330898e+00 5.975503e-01 1.434915e+00 7.415050e-01 1.074443e+00 2.812774e-04
<GCONST> 1.122361e+02
<STATE> 6
<MEAN> 39
 -4.521732e-08 2.795252e-07 1.973119e-07 2.466399e-08 1.808693e-07 4.275092e-07 -2.795252e-07 -4.110665e-07 2.137546e-07 2.055333e-08 -1.973119e-07 -1.150986e-07 7.473589e-01 -8.991437e-02 -2.430562e-01 -1.350479e-01 2.123564e-01 2.570522e-01 2.640876e-01 5.406331e-01 1.052558e-01 -3.383953e-01 -2.166859e-01 1.191159e-01 3.009526e-01 -4.393768e-03 1.597987e-02 2.861933e-02 5.826794e-02 3.784353e-02 -5.382266e-02 -1.915311e-02 -5.813529e-02 1.497010e-02 5.604040e-02 2.269131e-02 8.883584e-03 1.015110e-02 -1.018511e-03
<VARIANCE> 39
 2.037017e+01 5.343283e+01 4.742741e+01 4.183121e+01 5.273497e+01 5.287633e+01 6.214753e+01 5.288437e+01 5.058723e+01 7.726498e+01 6.809376e+01 5.237857e+01 2.438150e-02 1.975140e+00 2.280389e+00 4.446560e+00 2.080909e+00 4.953883e+00 4.899050e+00 4.062094e+00 6.716494e+00 3.321988e+00 6.922611e+00 4.484369e+00 5.156973e+00 2.136158e-03 4.483770e-01 3.230635e-01 6.255373e-01 2.776545e-01 7.588417e-01 5.684999e-01 7.033249e-01 1.330898e+00 5.975503e-01 1.434915e+00 7.415050e-01 1.074443e+00 2.812774e-04
<GCONST> 1.122361e+02
<STATE> 7
<MEAN> 39
 -4.521732e-08 2.795252e-07 1.973119e-07 2.466399e-08 1.808693e-07 4.275092e-07 -2.795252e-07 -4.110665e-07 2.137546e-07 2.055333e-08 -1.973119e-07 -1.150986e-07 7.473589e-01 -8.991437e-02 -2.430562e-01 -1.350479e-01 2.123564e-01 2.570522e-01 2.640876e-01 5.406331e-01 1.052558e-01 -3.383953e-01 -2.166859e-01 1.191159e-01 3.009526e-01 -4.393768e-03 1.597987e-02 2.861933e-02 5.826794e-02 3.784353e-02 -5.382266e-02 -1.915311e-02 -5.813529e-02 1.497010e-02 5.604040e-02 2.269131e-02 8.883584e-03 1.015110e-02 -1.018511e-03
<VARIANCE> 39
 2.037017e+01 5.343283e+01 4.742741e+01 4.183121e+01 5.273497e+01 5.287633e+01 6.214753e+01 5.288437e+01 5.058723e+01 7.726498e+01 6.809376e+01 5.237857e+01 2.438150e-02 1.975140e+00 2.280389e+00 4.446560e+00 2.080909e+00 4.953883e+00 4.899050e+00 4.062094e+00 6.716494e+00 3.321988e+00 6.922611e+00 4.484369e+00 5.156973e+00 2.136158e-03 4.483770e-01 3.230635e-01 6.255373e-01 2.776545e-01 7.588417e-01 5.684999e-01 7.033249e-01 1.330898e+00 5.975503e-01 1.434915e+00 7.415050e-01 1.074443e+00 2.812774e-04
<GCONST> 1.122361e+02
<STATE> 8
<MEAN> 39
 -4.521732e-08 2.795252e-07 1.973119e-07 2.466399e-08 1.808693e-07 4.275092e-07 -2.795252e-07 -4.110665e-07 2.137546e-07 2.055333e-08 -1.973119e-07 -1.150986e-07 7.473589e-01 -8.991437e-02 -2.430562e-01 -1.350479e-01 2.123564e-01 2.570522e-01 2.640876e-01 5.406331e-01 1.052558e-01 -3.383953e-01 -2.166859e-01 1.191159e-01 3.009526e-01 -4.393768e-03 1.597987e-02 2.861933e-02 5.826794e-02 3.784353e-02 -5.382266e-02 -1.915311e-02 -5.813529e-02 1.497010e-02 5.604040e-02 2.269131e-02 8.883584e-03 1.015110e-02 -1.018511e-03
<VARIANCE> 39
 2.037017e+01 5.343283e+01 4.742741e+01 4.183121e+01 5.273497e+01 5.287633e+01 6.214753e+01 5.288437e+01 5.058723e+01 7.726498e+01 6.809376e+01 5.237857e+01 2.438150e-02 1.975140e+00 2.280389e+00 4.446560e+00 2.080909e+00 4.953883e+00 4.899050e+00 4.062094e+00 6.716494e+00 3.321988e+00 6.922611e+00 4.484369e+00 5.156973e+00 2.136158e-03 4.483770e-01 3.230635e-01 6.255373e-01 2.776545e-01 7.588417e-01 5.684999e-01 7.033249e-01 1.330898e+00 5.975503e-01 1.434915e+00 7.415050e-01 1.074443e+00 2.812774e-04
<GCONST> 1.122361e+02
<STATE> 9
<MEAN> 39
 -4.521732e-08 2.795252e-07 1.973119e-07 2.466399e-08 1.808693e-07 4.275092e-07 -2.795252e-07 -4.110665e-07 2.137546e-07 2.055333e-08 -1.973119e-07 -1.150986e-07 7.473589e-01 -8.991437e-02 -2.430562e-01 -1.350479e-01 2.123564e-01 2.570522e-01 2.640876e-01 5.406331e-01 1.052558e-01 -3.383953e-01 -2.166859e-01 1.191159e-01 3.009526e-01 -4.393768e-03 1.597987e-02 2.861933e-02 5.826794e-02 3.784353e-02 -5.382266e-02 -1.915311e-02 -5.813529e-02 1.497010e-02 5.604040e-02 2.269131e-02 8.883584e-03 1.015110e-02 -1.018511e-03
<VARIANCE> 39
 2.037017e+01 5.343283e+01 4.742741e+01 4.183121e+01 5.273497e+01 5.287633e+01 6.214753e+01 5.288437e+01 5.058723e+01 7.726498e+01 6.809376e+01 5.237857e+01 2.438150e-02 1.975140e+00 2.280389e+00 4.446560e+00 2.080909e+00 4.953883e+00 4.899050e+00 4.062094e+00 6.716494e+00 3.321988e+00 6.922611e+00 4.484369e+00 5.156973e+00 2.136158e-03 4.483770e-01 3.230635e-01 6.255373e-01 2.776545e-01 7.588417e-01 5.684999e-01 7.033249e-01 1.330898e+00 5.975503e-01 1.434915e+00 7.415050e-01 1.074443e+00 2.812774e-04
<GCONST> 1.122361e+02
<TRANSP> 10
 0.000000e+00 1.000000e+00 0.000000e+00 0.000000e+00 0.000000e+00 0.000000e+00 0.000000e+00 0.000000e+00 0.000000e+00 0.000000e+00
 0.000000e+00 9.000000e-01 9.999999e-02 0.000000e+00 0.000000e+00 0.000000e+00 0.000000e+00 0.000000e+00 0.000000e+00 0.000000e+00
 0.000000e+00 0.000000e+00 9.000000e-01 9.999999e-02 0.000000e+00 0.000000e+00 0.000000e+00 0.000000e+00 0.000000e+00 0.000000e+00
 0.000000e+00 0.000000e+00 0.000000e+00 9.000000e-01 9.999999e-02 0.000000e+00 0.000000e+00 0.000000e+00 0.000000e+00 0.000000e+00
 0.000000e+00 0.000000e+00 0.000000e+00 0.000000e+00 9.000000e-01 9.999999e-02 0.000000e+00 0.000000e+00 0.000000e+00 0.000000e+00
 0.000000e+00 0.000000e+00 0.000000e+00 0.000000e+00 0.000000e+00 9.000000e-01 9.999999e-02 0.000000e+00 0.000000e+00 0.000000e+00
 0.000000e+00 0.000000e+00 0.000000e+00 0.000000e+00 0.000000e+00 0.000000e+00 9.000000e-01 9.999999e-02 0.000000e+00 0.000000e+00
 0.000000e+00 0.000000e+00 0.000000e+00 0.000000e+00 0.000000e+00 0.000000e+00 0.000000e+00 9.000000e-01 9.999999e-02 0.000000e+00
 0.000000e+00 0.000000e+00 0.000000e+00 0.000000e+00 0.000000e+00 0.000000e+00 0.000000e+00 0.000000e+00 9.000000e-01 9.999999e-02
 0.000000e+00 0.000000e+00 0.000000e+00 0.000000e+00 0.000000e+00 0.000000e+00 0.000000e+00 0.000000e+00 0.000000e+00 0.000000e+00
<ENDHMM>
