~o
<STREAMINFO> 1 39
<VECSIZE> 39<NULLD><MFCC_E_D_A_Z><DIAGC>
~h "s097"
<BEGINHMM>
<NUMSTATES> 10
<STATE> 2
<MEAN> 39
 -1.848414e-07 5.357721e-08 -7.098980e-08 -4.393331e-07 2.102906e-07 -6.429265e-08 -1.821625e-07 -6.322111e-07 -9.777840e-08 -3.214633e-07 -6.295322e-08 -6.965037e-08 7.638102e-01 2.019962e-01 -7.033328e-03 -9.545740e-02 1.689549e-01 -1.184528e-02 -4.019119e-02 5.201338e-02 -1.223377e-01 -1.471639e-01 -1.928650e-01 -9.276418e-02 -1.074453e-02 1.243292e-04 6.648707e-03 -1.829685e-02 1.502907e-02 -1.086408e-02 -3.943324e-02 -3.813956e-02 -3.462965e-02 3.584753e-02 5.658516e-02 2.324041e-02 1.967922e-02 -2.788104e-04 -1.842781e-04
<VARIANCE> 39
 2.892138e+01 6.762700e+01 8.131861e+01 1.125874e+02 6.962768e+01 4.714697e+01 3.520440e+01 4.492662e+01 3.022566e+01 5.847624e+01 3.717068e+01 5.021312e+01 3.260915e-02 1.860541e+00 4.015415e+00 2.457198e+00 3.341806e+00 4.751300e+00 4.337921e+00 2.713662e+00 3.778493e+00 4.073660e+00 4.320650e+00 4.483815e+00 2.515794e+00 1.815432e-03 3.141423e-01 5.173462e-01 2.719907e-01 3.571602e-01 8.939574e-01 8.504037e-01 5.073588e-01 7.031826e-01 7.429659e-01 7.992009e-01 8.494331e-01 3.867413e-01 2.055992e-04
<GCONST> 1.082987e+02
<STATE> 3
<MEAN> 39
 -1.848414e-07 5.357721e-08 -7.098980e-08 -4.393331e-07 2.102906e-07 -6.429265e-08 -1.821625e-07 -6.322111e-07 -9.777840e-08 -3.214633e-07 -6.295322e-08 -6.965037e-08 7.638102e-01 2.019962e-01 -7.033328e-03 -9.545740e-02 1.689549e-01 -1.184528e-02 -4.019119e-02 5.201338e-02 -1.223377e-01 -1.471639e-01 -1.928650e-01 -9.276418e-02 -1.074453e-02 1.243292e-04 6.648707e-03 -1.829685e-02 1.502907e-02 -1.086408e-02 -3.943324e-02 -3.813956e-02 -3.462965e-02 3.584753e-02 5.658516e-02 2.324041e-02 1.967922e-02 -2.788104e-04 -1.842781e-04
<VARIANCE> 39
 2.892138e+01 6.762700e+01 8.131861e+01 1.125874e+02 6.962768e+01 4.714697e+01 3.520440e+01 4.492662e+01 3.022566e+01 5.847624e+01 3.717068e+01 5.021312e+01 3.260915e-02 1.860541e+00 4.015415e+00 2.457198e+00 3.341806e+00 4.751300e+00 4.337921e+00 2.713662e+00 3.778493e+00 4.073660e+00 4.320650e+00 4.483815e+00 2.515794e+00 1.815432e-03 3.141423e-01 5.173462e-01 2.719907e-01 3.571602e-01 8.939574e-01 8.504037e-01 5.073588e-01 7.031826e-01 7.429659e-01 7.992009e-01 8.494331e-01 3.867413e-01 2.055992e-04
<GCONST> 1.082987e+02
<STATE> 4
<MEAN> 39
 -1.848414e-07 5.357721e-08 -7.098980e-08 -4.393331e-07 2.102906e-07 -6.429265e-08 -1.821625e-07 -6.322111e-07 -9.777840e-08 -3.214633e-07 -6.295322e-08 -6.965037e-08 7.638102e-01 2.019962e-01 -7.033328e-03 -9.545740e-02 1.689549e-01 -1.184528e-02 -4.019119e-02 5.201338e-02 -1.223377e-01 -1.471639e-01 -1.928650e-01 -9.276418e-02 -1.074453e-02 1.243292e-04 6.648707e-03 -1.829685e-02 1.502907e-02 -1.086408e-02 -3.943324e-02 -3.813956e-02 -3.462965e-02 3.584753e-02 5.658516e-02 2.324041e-02 1.967922e-02 -2.788104e-04 -1.842781e-04
<VARIANCE> 39
 2.892138e+01 6.762700e+01 8.131861e+01 1.125874e+02 6.962768e+01 4.714697e+01 3.520440e+01 4.492662e+01 3.022566e+01 5.847624e+01 3.717068e+01 5.021312e+01 3.260915e-02 1.860541e+00 4.015415e+00 2.457198e+00 3.341806e+00 4.751300e+00 4.337921e+00 2.713662e+00 3.778493e+00 4.073660e+00 4.320650e+00 4.483815e+00 2.515794e+00 1.815432e-03 3.141423e-01 5.173462e-01 2.719907e-01 3.571602e-01 8.939574e-01 8.504037e-01 5.073588e-01 7.031826e-01 7.429659e-01 7.992009e-01 8.494331e-01 3.867413e-01 2.055992e-04
<GCONST> 1.082987e+02
<STATE> 5
<MEAN> 39
 -1.848414e-07 5.357721e-08 -7.098980e-08 -4.393331e-07 2.102906e-07 -6.429265e-08 -1.821625e-07 -6.322111e-07 -9.777840e-08 -3.214633e-07 -6.295322e-08 -6.965037e-08 7.638102e-01 2.019962e-01 -7.033328e-03 -9.545740e-02 1.689549e-01 -1.184528e-02 -4.019119e-02 5.201338e-02 -1.223377e-01 -1.471639e-01 -1.928650e-01 -9.276418e-02 -1.074453e-02 1.243292e-04 6.648707e-03 -1.829685e-02 1.502907e-02 -1.086408e-02 -3.943324e-02 -3.813956e-02 -3.462965e-02 3.584753e-02 5.658516e-02 2.324041e-02 1.967922e-02 -2.788104e-04 -1.842781e-04
<VARIANCE> 39
 2.892138e+01 6.762700e+01 8.131861e+01 1.125874e+02 6.962768e+01 4.714697e+01 3.520440e+01 4.492662e+01 3.022566e+01 5.847624e+01 3.717068e+01 5.021312e+01 3.260915e-02 1.860541e+00 4.015415e+00 2.457198e+00 3.341806e+00 4.751300e+00 4.337921e+00 2.713662e+00 3.778493e+00 4.073660e+00 4.320650e+00 4.483815e+00 2.515794e+00 1.815432e-03 3.141423e-01 5.173462e-01 2.719907e-01 3.571602e-01 8.939574e-01 8.504037e-01 5.073588e-01 7.031826e-01 7.429659e-01 7.992009e-01 8.494331e-01 3.867413e-01 2.055992e-04
<GCONST> 1.082987e+02
<STATE> 6
<MEAN> 39
 -1.848414e-07 5.357721e-08 -7.098980e-08 -4.393331e-07 2.102906e-07 -6.429265e-08 -1.821625e-07 -6.322111e-07 -9.777840e-08 -3.214633e-07 -6.295322e-08 -6.965037e-08 7.638102e-01 2.019962e-01 -7.033328e-03 -9.545740e-02 1.689549e-01 -1.184528e-02 -4.019119e-02 5.201338e-02 -1.223377e-01 -1.471639e-01 -1.928650e-01 -9.276418e-02 -1.074453e-02 1.243292e-04 6.648707e-03 -1.829685e-02 1.502907e-02 -1.086408e-02 -3.943324e-02 -3.813956e-02 -3.462965e-02 3.584753e-02 5.658516e-02 2.324041e-02 1.967922e-02 -2.788104e-04 -1.842781e-04
<VARIANCE> 39
 2.892138e+01 6.762700e+01 8.131861e+01 1.125874e+02 6.962768e+01 4.714697e+01 3.520440e+01 4.492662e+01 3.022566e+01 5.847624e+01 3.717068e+01 5.021312e+01 3.260915e-02 1.860541e+00 4.015415e+00 2.457198e+00 3.341806e+00 4.751300e+00 4.337921e+00 2.713662e+00 3.778493e+00 4.073660e+00 4.320650e+00 4.483815e+00 2.515794e+00 1.815432e-03 3.141423e-01 5.173462e-01 2.719907e-01 3.571602e-01 8.939574e-01 8.504037e-01 5.073588e-01 7.031826e-01 7.429659e-01 7.992009e-01 8.494331e-01 3.867413e-01 2.055992e-04
<GCONST> 1.082987e+02
<STATE> 7
<MEAN> 39
 -1.848414e-07 5.357721e-08 -7.098980e-08 -4.393331e-07 2.102906e-07 -6.429265e-08 -1.821625e-07 -6.322111e-07 -9.777840e-08 -3.214633e-07 -6.295322e-08 -6.965037e-08 7.638102e-01 2.019962e-01 -7.033328e-03 -9.545740e-02 1.689549e-01 -1.184528e-02 -4.019119e-02 5.201338e-02 -1.223377e-01 -1.471639e-01 -1.928650e-01 -9.276418e-02 -1.074453e-02 1.243292e-04 6.648707e-03 -1.829685e-02 1.502907e-02 -1.086408e-02 -3.943324e-02 -3.813956e-02 -3.462965e-02 3.584753e-02 5.658516e-02 2.324041e-02 1.967922e-02 -2.788104e-04 -1.842781e-04
<VARIANCE> 39
 2.892138e+01 6.762700e+01 8.131861e+01 1.125874e+02 6.962768e+01 4.714697e+01 3.520440e+01 4.492662e+01 3.022566e+01 5.847624e+01 3.717068e+01 5.021312e+01 3.260915e-02 1.860541e+00 4.015415e+00 2.457198e+00 3.341806e+00 4.751300e+00 4.337921e+00 2.713662e+00 3.778493e+00 4.073660e+00 4.320650e+00 4.483815e+00 2.515794e+00 1.815432e-03 3.141423e-01 5.173462e-01 2.719907e-01 3.571602e-01 8.939574e-01 8.504037e-01 5.073588e-01 7.031826e-01 7.429659e-01 7.992009e-01 8.494331e-01 3.867413e-01 2.055992e-04
<GCONST> 1.082987e+02
<STATE> 8
<MEAN> 39
 -1.848414e-07 5.357721e-08 -7.098980e-08 -4.393331e-07 2.102906e-07 -6.429265e-08 -1.821625e-07 -6.322111e-07 -9.777840e-08 -3.214633e-07 -6.295322e-08 -6.965037e-08 7.638102e-01 2.019962e-01 -7.033328e-03 -9.545740e-02 1.689549e-01 -1.184528e-02 -4.019119e-02 5.201338e-02 -1.223377e-01 -1.471639e-01 -1.928650e-01 -9.276418e-02 -1.074453e-02 1.243292e-04 6.648707e-03 -1.829685e-02 1.502907e-02 -1.086408e-02 -3.943324e-02 -3.813956e-02 -3.462965e-02 3.584753e-02 5.658516e-02 2.324041e-02 1.967922e-02 -2.788104e-04 -1.842781e-04
<VARIANCE> 39
 2.892138e+01 6.762700e+01 8.131861e+01 1.125874e+02 6.962768e+01 4.714697e+01 3.520440e+01 4.492662e+01 3.022566e+01 5.847624e+01 3.717068e+01 5.021312e+01 3.260915e-02 1.860541e+00 4.015415e+00 2.457198e+00 3.341806e+00 4.751300e+00 4.337921e+00 2.713662e+00 3.778493e+00 4.073660e+00 4.320650e+00 4.483815e+00 2.515794e+00 1.815432e-03 3.141423e-01 5.173462e-01 2.719907e-01 3.571602e-01 8.939574e-01 8.504037e-01 5.073588e-01 7.031826e-01 7.429659e-01 7.992009e-01 8.494331e-01 3.867413e-01 2.055992e-04
<GCONST> 1.082987e+02
<STATE> 9
<MEAN> 39
 -1.848414e-07 5.357721e-08 -7.098980e-08 -4.393331e-07 2.102906e-07 -6.429265e-08 -1.821625e-07 -6.322111e-07 -9.777840e-08 -3.214633e-07 -6.295322e-08 -6.965037e-08 7.638102e-01 2.019962e-01 -7.033328e-03 -9.545740e-02 1.689549e-01 -1.184528e-02 -4.019119e-02 5.201338e-02 -1.223377e-01 -1.471639e-01 -1.928650e-01 -9.276418e-02 -1.074453e-02 1.243292e-04 6.648707e-03 -1.829685e-02 1.502907e-02 -1.086408e-02 -3.943324e-02 -3.813956e-02 -3.462965e-02 3.584753e-02 5.658516e-02 2.324041e-02 1.967922e-02 -2.788104e-04 -1.842781e-04
<VARIANCE> 39
 2.892138e+01 6.762700e+01 8.131861e+01 1.125874e+02 6.962768e+01 4.714697e+01 3.520440e+01 4.492662e+01 3.022566e+01 5.847624e+01 3.717068e+01 5.021312e+01 3.260915e-02 1.860541e+00 4.015415e+00 2.457198e+00 3.341806e+00 4.751300e+00 4.337921e+00 2.713662e+00 3.778493e+00 4.073660e+00 4.320650e+00 4.483815e+00 2.515794e+00 1.815432e-03 3.141423e-01 5.173462e-01 2.719907e-01 3.571602e-01 8.939574e-01 8.504037e-01 5.073588e-01 7.031826e-01 7.429659e-01 7.992009e-01 8.494331e-01 3.867413e-01 2.055992e-04
<GCONST> 1.082987e+02
<TRANSP> 10
 0.000000e+00 1.000000e+00 0.000000e+00 0.000000e+00 0.000000e+00 0.000000e+00 0.000000e+00 0.000000e+00 0.000000e+00 0.000000e+00
 0.000000e+00 9.000000e-01 9.999999e-02 0.000000e+00 0.000000e+00 0.000000e+00 0.000000e+00 0.000000e+00 0.000000e+00 0.000000e+00
 0.000000e+00 0.000000e+00 9.000000e-01 9.999999e-02 0.000000e+00 0.000000e+00 0.000000e+00 0.000000e+00 0.000000e+00 0.000000e+00
 0.000000e+00 0.000000e+00 0.000000e+00 9.000000e-01 9.999999e-02 0.000000e+00 0.000000e+00 0.000000e+00 0.000000e+00 0.000000e+00
 0.000000e+00 0.000000e+00 0.000000e+00 0.000000e+00 9.000000e-01 9.999999e-02 0.000000e+00 0.000000e+00 0.000000e+00 0.000000e+00
 0.000000e+00 0.000000e+00 0.000000e+00 0.000000e+00 0.000000e+00 9.000000e-01 9.999999e-02 0.000000e+00 0.000000e+00 0.000000e+00
 0.000000e+00 0.000000e+00 0.000000e+00 0.000000e+00 0.000000e+00 0.000000e+00 9.000000e-01 9.999999e-02 0.000000e+00 0.000000e+00
 0.000000e+00 0.000000e+00 0.000000e+00 0.000000e+00 0.000000e+00 0.000000e+00 0.000000e+00 9.000000e-01 9.999999e-02 0.000000e+00
 0.000000e+00 0.000000e+00 0.000000e+00 0.000000e+00 0.000000e+00 0.000000e+00 0.000000e+00 0.000000e+00 9.000000e-01 9.999999e-02
 0.000000e+00 0.000000e+00 0.000000e+00 0.000000e+00 0.000000e+00 0.000000e+00 0.000000e+00 0.000000e+00 0.000000e+00 0.000000e+00
<ENDHMM>
