~o
<STREAMINFO> 1 39
<VECSIZE> 39<NULLD><MFCC_E_D_A_Z><DIAGC>
~h "s099"
<BEGINHMM>
<NUMSTATES> 10
<STATE> 2
<MEAN> 39
 1.192093e-07 6.577064e-08 1.397626e-07 4.110665e-07 6.905917e-07 1.315413e-07 1.603159e-07 1.003002e-06 0.000000e+00 4.110665e-08 2.466399e-08 -1.644266e-07 7.207723e-01 2.935891e-01 -1.446167e-01 -8.082256e-02 -5.003037e-03 -4.121244e-01 1.325431e-01 5.320226e-02 -3.209367e-01 -4.437777e-02 -2.479057e-01 -4.587547e-02 7.359795e-02 -1.659679e-04 -1.652338e-04 2.378079e-02 2.562180e-02 -3.023775e-02 -1.347258e-02 -1.865398e-02 -4.019122e-02 -2.063530e-02 1.604694e-02 2.836311e-02 -4.231715e-02 -1.406167e-02 -2.997130e-04
<VARIANCE> 39
 6.332601e+01 2.839162e+01 1.321108e+01 6.445115e+01 9.108146e+01 6.104012e+01 3.662187e+01 9.932085e+01 1.464200e+01 2.410782e+01 1.370009e+01 2.797248e+01 4.436096e-02 1.414768e+00 1.644462e+00 1.550378e+00 2.182321e+00 2.269394e+00 4.131104e+00 2.684900e+00 4.837148e+00 2.004128e+00 2.928868e+00 1.616004e+00 2.490114e+00 1.635898e-03 2.304217e-01 2.442293e-01 2.949632e-01 2.541589e-01 2.972534e-01 6.252053e-01 4.378121e-01 9.895217e-01 4.345857e-01 5.338724e-01 3.256547e-01 3.449765e-01 1.935137e-04
<GCONST> 9.486748e+01
<STATE> 3
<MEAN> 39
 1.192093e-07 6.577064e-08 1.397626e-07 4.110665e-07 6.905917e-07 1.315413e-07 1.603159e-07 1.003002e-06 0.000000e+00 4.110665e-08 2.466399e-08 -1.644266e-07 7.207723e-01 2.935891e-01 -1.446167e-01 -8.082256e-02 -5.003037e-03 -4.121244e-01 1.325431e-01 5.320226e-02 -3.209367e-01 -4.437777e-02 -2.479057e-01 -4.587547e-02 7.359795e-02 -1.659679e-04 -1.652338e-04 2.378079e-02 2.562180e-02 -3.023775e-02 -1.347258e-02 -1.865398e-02 -4.019122e-02 -2.063530e-02 1.604694e-02 2.836311e-02 -4.231715e-02 -1.406167e-02 -2.997130e-04
<VARIANCE> 39
 6.332601e+01 2.839162e+01 1.321108e+01 6.445115e+01 9.108146e+01 6.104012e+01 3.662187e+01 9.932085e+01 1.464200e+01 2.410782e+01 1.370009e+01 2.797248e+01 4.436096e-02 1.414768e+00 1.644462e+00 1.550378e+00 2.182321e+00 2.269394e+00 4.131104e+00 2.684900e+00 4.837148e+00 2.004128e+00 2.928868e+00 1.616004e+00 2.490114e+00 1.635898e-03 2.304217e-01 2.442293e-01 2.949632e-01 2.541589e-01 2.972534e-01 6.252053e-01 4.378121e-01 9.895217e-01 4.345857e-01 5.338724e-01 3.256547e-01 3.449765e-01 1.935137e-04
<GCONST> 9.486748e+01
<STATE> 4
<MEAN> 39
 1.192093e-07 6.577064e-08 1.397626e-07 4.110665e-07 6.905917e-07 1.315413e-07 1.603159e-07 1.003002e-06 0.000000e+00 4.110665e-08 2.466399e-08 -1.644266e-07 7.207723e-01 2.935891e-01 -1.446167e-01 -8.082256e-02 -5.003037e-03 -4.121244e-01 1.325431e-01 5.320226e-02 -3.209367e-01 -4.437777e-02 -2.479057e-01 -4.587547e-02 7.359795e-02 -1.659679e-04 -1.652338e-04 2.378079e-02 2.562180e-02 -3.023775e-02 -1.347258e-02 -1.865398e-02 -4.019122e-02 -2.063530e-02 1.604694e-02 2.836311e-02 -4.231715e-02 -1.406167e-02 -2.997130e-04
<VARIANCE> 39
 6.332601e+01 2.839162e+01 1.321108e+01 6.445115e+01 9.108146e+01 6.104012e+01 3.662187e+01 9.932085e+01 1.464200e+01 2.410782e+01 1.370009e+01 2.797248e+01 4.436096e-02 1.414768e+00 1.644462e+00 1.550378e+00 2.182321e+00 2.269394e+00 4.131104e+00 2.684900e+00 4.837148e+00 2.004128e+00 2.928868e+00 1.616004e+00 2.490114e+00 1.635898e-03 2.304217e-01 2.442293e-01 2.949632e-01 2.541589e-01 2.972534e-01 6.252053e-01 4.378121e-01 9.895217e-01 4.345857e-01 5.338724e-01 3.256547e-01 3.449765e-01 1.935137e-04
<GCONST> 9.486748e+01
<STATE> 5
<MEAN> 39
 1.192093e-07 6.577064e-08 1.397626e-07 4.110665e-07 6.905917e-07 1.315413e-07 1.603159e-07 1.003002e-06 0.000000e+00 4.110665e-08 2.466399e-08 -1.644266e-07 7.207723e-01 2.935891e-01 -1.446167e-01 -8.082256e-02 -5.003037e-03 -4.121244e-01 1.325431e-01 5.320226e-02 -3.209367e-01 -4.437777e-02 -2.479057e-01 -4.587547e-02 7.359795e-02 -1.659679e-04 -1.652338e-04 2.378079e-02 2.562180e-02 -3.023775e-02 -1.347258e-02 -1.865398e-02 -4.019122e-02 -2.063530e-02 1.604694e-02 2.836311e-02 -4.231715e-02 -1.406167e-02 -2.997130e-04
<VARIANCE> 39
 6.332601e+01 2.839162e+01 1.321108e+01 6.445115e+01 9.108146e+01 6.104012e+01 3.662187e+01 9.932085e+01 1.464200e+01 2.410782e+01 1.370009e+01 2.797248e+01 4.436096e-02 1.414768e+00 1.644462e+00 1.550378e+00 2.182321e+00 2.269394e+00 4.131104e+00 2.684900e+00 4.837148e+00 2.004128e+00 2.928868e+00 1.616004e+00 2.490114e+00 1.635898e-03 2.304217e-01 2.442293e-01 2.949632e-01 2.541589e-01 2.972534e-01 6.252053e-01 4.378121e-01 9.895217e-01 4.345857e-01 5.338724e-01 3.256547e-01 3.449765e-01 1.935137e-04
<GCONST> 9.486748e+01
<STATE> 6
<MEAN> 39
 1.192093e-07 6.577064e-08 1.397626e-07 4.110665e-07 6.905917e-07 1.315413e-07 1.603159e-07 1.003002e-06 0.000000e+00 4.110665e-08 2.466399e-08 -1.644266e-07 7.207723e-01 2.935891e-01 -1.446167e-01 -8.082256e-02 -5.003037e-03 -4.121244e-01 1.325431e-01 5.320226e-02 -3.209367e-01 -4.437777e-02 -2.479057e-01 -4.587547e-02 7.359795e-02 -1.659679e-04 -1.652338e-04 2.378079e-02 2.562180e-02 -3.023775e-02 -1.347258e-02 -1.865398e-02 -4.019122e-02 -2.063530e-02 1.604694e-02 2.836311e-02 -4.231715e-02 -1.406167e-02 -2.997130e-04
<VARIANCE> 39
 6.332601e+01 2.839162e+01 1.321108e+01 6.445115e+01 9.108146e+01 6.104012e+01 3.662187e+01 9.932085e+01 1.464200e+01 2.410782e+01 1.370009e+01 2.797248e+01 4.436096e-02 1.414768e+00 1.644462e+00 1.550378e+00 2.182321e+00 2.269394e+00 4.131104e+00 2.684900e+00 4.837148e+00 2.004128e+00 2.928868e+00 1.616004e+00 2.490114e+00 1.635898e-03 2.304217e-01 2.442293e-01 2.949632e-01 2.541589e-01 2.972534e-01 6.252053e-01 4.378121e-01 9.895217e-01 4.345857e-01 5.338724e-01 3.256547e-01 3.449765e-01 1.935137e-04
<GCONST> 9.486748e+01
<STATE> 7
<MEAN> 39
 1.192093e-07 6.577064e-08 1.397626e-07 4.110665e-07 6.905917e-07 1.315413e-07 1.603159e-07 1.003002e-06 0.000000e+00 4.110665e-08 2.466399e-08 -1.644266e-07 7.207723e-01 2.935891e-01 -1.446167e-01 -8.082256e-02 -5.003037e-03 -4.121244e-01 1.325431e-01 5.320226e-02 -3.209367e-01 -4.437777e-02 -2.479057e-01 -4.587547e-02 7.359795e-02 -1.659679e-04 -1.652338e-04 2.378079e-02 2.562180e-02 -3.023775e-02 -1.347258e-02 -1.865398e-02 -4.019122e-02 -2.063530e-02 1.604694e-02 2.836311e-02 -4.231715e-02 -1.406167e-02 -2.997130e-04
<VARIANCE> 39
 6.332601e+01 2.839162e+01 1.321108e+01 6.445115e+01 9.108146e+01 6.104012e+01 3.662187e+01 9.932085e+01 1.464200e+01 2.410782e+01 1.370009e+01 2.797248e+01 4.436096e-02 1.414768e+00 1.644462e+00 1.550378e+00 2.182321e+00 2.269394e+00 4.131104e+00 2.684900e+00 4.837148e+00 2.004128e+00 2.928868e+00 1.616004e+00 2.490114e+00 1.635898e-03 2.304217e-01 2.442293e-01 2.949632e-01 2.541589e-01 2.972534e-01 6.252053e-01 4.378121e-01 9.895217e-01 4.345857e-01 5.338724e-01 3.256547e-01 3.449765e-01 1.935137e-04
<GCONST> 9.486748e+01
<STATE> 8
<MEAN> 39
 1.192093e-07 6.577064e-08 1.397626e-07 4.110665e-07 6.905917e-07 1.315413e-07 1.603159e-07 1.003002e-06 0.000000e+00 4.110665e-08 2.466399e-08 -1.644266e-07 7.207723e-01 2.935891e-01 -1.446167e-01 -8.082256e-02 -5.003037e-03 -4.121244e-01 1.325431e-01 5.320226e-02 -3.209367e-01 -4.437777e-02 -2.479057e-01 -4.587547e-02 7.359795e-02 -1.659679e-04 -1.652338e-04 2.378079e-02 2.562180e-02 -3.023775e-02 -1.347258e-02 -1.865398e-02 -4.019122e-02 -2.063530e-02 1.604694e-02 2.836311e-02 -4.231715e-02 -1.406167e-02 -2.997130e-04
<VARIANCE> 39
 6.332601e+01 2.839162e+01 1.321108e+01 6.445115e+01 9.108146e+01 6.104012e+01 3.662187e+01 9.932085e+01 1.464200e+01 2.410782e+01 1.370009e+01 2.797248e+01 4.436096e-02 1.414768e+00 1.644462e+00 1.550378e+00 2.182321e+00 2.269394e+00 4.131104e+00 2.684900e+00 4.837148e+00 2.004128e+00 2.928868e+00 1.616004e+00 2.490114e+00 1.635898e-03 2.304217e-01 2.442293e-01 2.949632e-01 2.541589e-01 2.972534e-01 6.252053e-01 4.378121e-01 9.895217e-01 4.345857e-01 5.338724e-01 3.256547e-01 3.449765e-01 1.935137e-04
<GCONST> 9.486748e+01
<STATE> 9
<MEAN> 39
 1.192093e-07 6.577064e-08 1.397626e-07 4.110665e-07 6.905917e-07 1.315413e-07 1.603159e-07 1.003002e-06 0.000000e+00 4.110665e-08 2.466399e-08 -1.644266e-07 7.207723e-01 2.935891e-01 -1.446167e-01 -8.082256e-02 -5.003037e-03 -4.121244e-01 1.325431e-01 5.320226e-02 -3.209367e-01 -4.437777e-02 -2.479057e-01 -4.587547e-02 7.359795e-02 -1.659679e-04 -1.652338e-04 2.378079e-02 2.562180e-02 -3.023775e-02 -1.347258e-02 -1.865398e-02 -4.019122e-02 -2.063530e-02 1.604694e-02 2.836311e-02 -4.231715e-02 -1.406167e-02 -2.997130e-04
<VARIANCE> 39
 6.332601e+01 2.839162e+01 1.321108e+01 6.445115e+01 9.108146e+01 6.104012e+01 3.662187e+01 9.932085e+01 1.464200e+01 2.410782e+01 1.370009e+01 2.797248e+01 4.436096e-02 1.414768e+00 1.644462e+00 1.550378e+00 2.182321e+00 2.269394e+00 4.131104e+00 2.684900e+00 4.837148e+00 2.004128e+00 2.928868e+00 1.616004e+00 2.490114e+00 1.635898e-03 2.304217e-01 2.442293e-01 2.949632e-01 2.541589e-01 2.972534e-01 6.252053e-01 4.378121e-01 9.895217e-01 4.345857e-01 5.338724e-01 3.256547e-01 3.449765e-01 1.935137e-04
<GCONST> 9.486748e+01
<TRANSP> 10
 0.000000e+00 1.000000e+00 0.000000e+00 0.000000e+00 0.000000e+00 0.000000e+00 0.000000e+00 0.000000e+00 0.000000e+00 0.000000e+00
 0.000000e+00 9.000000e-01 9.999999e-02 0.000000e+00 0.000000e+00 0.000000e+00 0.000000e+00 0.000000e+00 0.000000e+00 0.000000e+00
 0.000000e+00 0.000000e+00 9.000000e-01 9.999999e-02 0.000000e+00 0.000000e+00 0.000000e+00 0.000000e+00 0.000000e+00 0.000000e+00
 0.000000e+00 0.000000e+00 0.000000e+00 9.000000e-01 9.999999e-02 0.000000e+00 0.000000e+00 0.000000e+00 0.000000e+00 0.000000e+00
 0.000000e+00 0.000000e+00 0.000000e+00 0.000000e+00 9.000000e-01 9.999999e-02 0.000000e+00 0.000000e+00 0.000000e+00 0.000000e+00
 0.000000e+00 0.000000e+00 0.000000e+00 0.000000e+00 0.000000e+00 9.000000e-01 9.999999e-02 0.000000e+00 0.000000e+00 0.000000e+00
 0.000000e+00 0.000000e+00 0.000000e+00 0.000000e+00 0.000000e+00 0.000000e+00 9.000000e-01 9.999999e-02 0.000000e+00 0.000000e+00
 0.000000e+00 0.000000e+00 0.000000e+00 0.000000e+00 0.000000e+00 0.000000e+00 0.000000e+00 9.000000e-01 9.999999e-02 0.000000e+00
 0.000000e+00 0.000000e+00 0.000000e+00 0.000000e+00 0.000000e+00 0.000000e+00 0.000000e+00 0.000000e+00 9.000000e-01 9.999999e-02
 0.000000e+00 0.000000e+00 0.000000e+00 0.000000e+00 0.000000e+00 0.000000e+00 0.000000e+00 0.000000e+00 0.000000e+00 0.000000e+00
<ENDHMM>
