~o
<STREAMINFO> 1 12
<VECSIZE> 12<NULLD><MFCC_Z><DIAGC>
~h "s090"
<BEGINHMM>
<NUMSTATES> 7
<STATE> 2
<MEAN> 12
 -6.887599e+00 -6.690217e+00 4.290560e+00 1.443429e+00 3.783149e+00 -6.075363e+00 -2.932523e+00 -8.215483e+00 2.573016e-01 -1.957078e+00 3.805479e+00 -1.126345e+00
<VARIANCE> 12
 4.472572e+00 4.946930e+00 3.978616e+00 8.153732e+00 8.644059e+00 1.264065e+01 1.371801e+01 1.320105e+01 1.946316e+01 2.176067e+01 3.331329e+00 3.782569e+00
<GCONST> 4.710587e+01
<STATE> 3
<MEAN> 12
 -2.416933e-01 -1.764534e+00 2.504752e+00 1.367058e-01 -7.595017e+00 -1.491411e+00 5.295700e+00 -6.848752e+00 -2.322360e+00 -3.329189e+00 2.234157e+00 -5.122968e+00
<VARIANCE> 12
 5.020979e+00 7.269739e+00 8.292217e+00 1.524794e+01 1.141022e+01 8.718700e+00 1.851331e+01 1.308821e+01 8.057411e+00 3.186809e+01 1.107679e+01 6.367087e+00
<GCONST> 5.038601e+01
<STATE> 4
<MEAN> 12
 6.478425e-01 4.915397e+00 -8.618189e-01 -1.556408e+00 -1.181687e+01 -3.991758e+00 -1.107550e+00 3.346039e+00 -2.105113e+00 4.012795e+00 -1.405011e+00 -1.886916e+00
<VARIANCE> 12
 4.472572e+00 6.922687e+00 1.121690e+01 1.348132e+01 8.644059e+00 2.126803e+01 5.867455e+00 5.476936e+01 2.272406e+01 3.352388e+01 3.331329e+00 1.429983e+01
<GCONST> 5.199195e+01
<STATE> 5
<MEAN> 12
 5.996172e+00 6.680753e+00 -6.439316e+00 -7.378366e+00 -4.120071e+00 6.411397e+00 6.605003e-01 5.808945e+00 -2.303264e-01 4.586328e+00 -4.368545e-01 -7.651190e-01
<VARIANCE> 12
 5.382681e+00 9.786837e+00 4.087780e+00 9.045348e+00 2.529811e+01 9.021534e+01 9.651386e+00 1.270308e+01 1.072885e+01 3.221523e+01 1.507766e+01 1.498678e+01
<GCONST> 5.343664e+01
<STATE> 6
<MEAN> 12
 2.805354e+00 9.993789e-01 3.925788e-02 6.691751e+00 8.405716e+00 3.770619e+00 6.544968e-01 7.684409e+00 2.088151e+00 -1.973386e+00 -5.558404e+00 6.160828e+00
<VARIANCE> 12
 4.472572e+00 4.946930e+00 2.579847e+01 4.822997e+01 1.500453e+01 1.142902e+01 1.914699e+01 1.351215e+01 3.381145e+01 1.979614e+01 1.640418e+01 1.717398e+01
<GCONST> 5.512501e+01
<TRANSP> 7
 0.000000e+00 1.000000e+00 0.000000e+00 0.000000e+00 0.000000e+00 0.000000e+00 0.000000e+00
 0.000000e+00 9.249913e-01 7.500871e-02 0.000000e+00 0.000000e+00 0.000000e+00 0.000000e+00
 0.000000e+00 0.000000e+00 8.231553e-01 1.768446e-01 0.000000e+00 0.000000e+00 0.000000e+00
 0.000000e+00 0.000000e+00 0.000000e+00 7.342491e-01 2.657509e-01 0.000000e+00 0.000000e+00
 0.000000e+00 0.000000e+00 0.000000e+00 0.000000e+00 9.059936e-01 9.400637e-02 0.000000e+00
 0.000000e+00 0.000000e+00 0.000000e+00 0.000000e+00 0.000000e+00 8.959746e-01 1.040255e-01
 0.000000e+00 0.000000e+00 0.000000e+00 0.000000e+00 0.000000e+00 0.000000e+00 0.000000e+00
<ENDHMM>
