~o
<STREAMINFO> 1 12
<VECSIZE> 12<NULLD><MFCC_Z><DIAGC>
~h "s099"
<BEGINHMM>
<NUMSTATES> 9
<STATE> 2
<MEAN> 12
 -1.422168e+01 2.650089e+00 -1.217314e+00 6.697639e+00 1.018502e+01 2.972012e+00 4.398351e+00 1.296443e+01 -3.592977e-01 2.522322e+00 1.960013e+00 3.956863e+00
<VARIANCE> 12
 1.296583e+01 5.704944e+00 8.330443e+00 1.295843e+01 1.838638e+01 1.206713e+01 1.953121e+01 2.050183e+01 9.382161e+00 2.361316e+01 2.155317e+01 6.770161e+00
<GCONST> 5.281813e+01
<STATE> 3
<MEAN> 12
 -4.367184e+00 8.788033e+00 3.498361e+00 -1.021358e+01 9.256126e+00 -6.254812e+00 -2.533409e+00 1.090534e+01 9.175540e-01 -5.114956e+00 1.489586e+00 -5.491127e+00
<VARIANCE> 12
 1.296583e+01 1.601980e+01 4.603978e+00 2.828065e+01 1.838638e+01 3.433241e+01 1.230124e+01 2.050183e+01 2.590356e+01 1.500725e+01 3.241320e+00 1.017162e+01
<GCONST> 5.369618e+01
<STATE> 4
<MEAN> 12
 -1.399082e+00 -1.924743e+00 2.117972e+00 -1.265177e+01 1.239018e+01 6.139760e+00 -2.181671e+00 -1.669034e+00 1.559544e-01 -2.867983e+00 -1.179869e+00 2.820911e+00
<VARIANCE> 12
 1.296583e+01 7.566217e+00 2.682582e+00 1.295843e+01 1.838638e+01 1.206713e+01 7.572300e+00 3.928920e+01 2.787843e+00 3.859652e+01 2.682714e+00 7.332697e+00
<GCONST> 4.894421e+01
<STATE> 5
<MEAN> 12
 5.189836e+00 -2.354699e+00 1.679280e-01 -6.914884e+00 -2.342292e+00 1.083891e+00 -4.075300e+00 -9.863782e+00 8.113979e-01 2.845159e+00 -2.140895e+00 4.815207e+00
<VARIANCE> 12
 1.494415e+01 1.213652e+01 2.682582e+00 1.547092e+01 3.968070e+01 2.583155e+01 1.431389e+01 2.050183e+01 6.294088e+00 8.933162e+00 1.854114e+01 6.875120e+00
<GCONST> 5.247230e+01
<STATE> 6
<MEAN> 12
 7.881770e+00 1.105165e+00 2.183494e+00 5.770390e-01 -8.166511e+00 -7.401277e+00 -7.401378e+00 -8.862503e+00 -1.707098e+00 1.208786e+00 3.574277e-01 1.250852e+00
<VARIANCE> 12
 1.296583e+01 6.272775e+00 1.185593e+01 1.295843e+01 1.838638e+01 3.066355e+01 9.515224e+00 4.231933e+01 1.896987e+01 1.631256e+01 9.653110e+00 3.300040e+01
<GCONST> 5.531904e+01
<STATE> 7
<MEAN> 12
 2.498027e+00 -4.392362e+00 -3.195866e+00 3.781729e+00 -1.211969e+01 -4.426278e+00 3.850013e+00 -6.540367e+00 1.675338e+00 -1.875600e+00 1.459612e+00 -5.736123e+00
<VARIANCE> 12
 1.296583e+01 5.846508e+00 1.849735e+01 1.295843e+01 1.838638e+01 2.200485e+01 3.366370e+01 2.050183e+01 4.729115e+00 9.973267e+00 6.263340e+00 9.559699e+00
<GCONST> 5.234778e+01
<STATE> 8
<MEAN> 12
 5.723445e+00 -5.250039e+00 -2.221632e+00 7.981341e+00 -4.349548e+00 9.341025e+00 5.277827e+00 -1.433820e+00 -6.917253e-01 1.213469e+00 -2.754307e+00 -6.120651e-01
<VARIANCE> 12
 1.296583e+01 5.704944e+00 5.209582e+00 1.295843e+01 1.838638e+01 2.590999e+01 7.625153e+00 3.017638e+01 1.208674e+01 1.296191e+01 4.929883e+00 5.657935e+00
<GCONST> 5.055767e+01
<TRANSP> 9
 0.000000e+00 1.000000e+00 0.000000e+00 0.000000e+00 0.000000e+00 0.000000e+00 0.000000e+00 0.000000e+00 0.000000e+00
 0.000000e+00 9.007021e-01 9.929793e-02 0.000000e+00 0.000000e+00 0.000000e+00 0.000000e+00 0.000000e+00 0.000000e+00
 0.000000e+00 0.000000e+00 8.785883e-01 1.214117e-01 0.000000e+00 0.000000e+00 0.000000e+00 0.000000e+00 0.000000e+00
 0.000000e+00 0.000000e+00 0.000000e+00 7.495881e-01 2.504119e-01 0.000000e+00 0.000000e+00 0.000000e+00 0.000000e+00
 0.000000e+00 0.000000e+00 0.000000e+00 0.000000e+00 8.515097e-01 1.484903e-01 0.000000e+00 0.000000e+00 0.000000e+00
 0.000000e+00 0.000000e+00 0.000000e+00 0.000000e+00 0.000000e+00 8.931400e-01 1.068601e-01 0.000000e+00 0.000000e+00
 0.000000e+00 0.000000e+00 0.000000e+00 0.000000e+00 0.000000e+00 0.000000e+00 8.694253e-01 1.305747e-01 0.000000e+00
 0.000000e+00 0.000000e+00 0.000000e+00 0.000000e+00 0.000000e+00 0.000000e+00 0.000000e+00 8.994824e-01 1.005176e-01
 0.000000e+00 0.000000e+00 0.000000e+00 0.000000e+00 0.000000e+00 0.000000e+00 0.000000e+00 0.000000e+00 0.000000e+00
<ENDHMM>
