~o
<STREAMINFO> 1 12
<VECSIZE> 12<NULLD><MFCC_Z><DIAGC>
~h "s087"
<BEGINHMM>
<NUMSTATES> 9
<STATE> 2
<MEAN> 12
 -1.685373e-07 1.644266e-08 1.150986e-07 -2.630826e-07 1.685373e-07 0.000000e+00 -3.864025e-07 2.795252e-07 -1.068773e-07 -6.577064e-08 -3.740705e-07 9.865597e-08
<VARIANCE> 12
 2.590462e+01 2.306921e+01 1.972227e+01 8.499242e+01 4.932909e+01 2.815352e+01 1.779883e+01 6.881164e+01 7.567780e+01 5.512216e+01 3.351611e+01 1.128825e+01
<GCONST> 6.449027e+01
<STATE> 3
<MEAN> 12
 -1.685373e-07 1.644266e-08 1.150986e-07 -2.630826e-07 1.685373e-07 0.000000e+00 -3.864025e-07 2.795252e-07 -1.068773e-07 -6.577064e-08 -3.740705e-07 9.865597e-08
<VARIANCE> 12
 2.590462e+01 2.306921e+01 1.972227e+01 8.499242e+01 4.932909e+01 2.815352e+01 1.779883e+01 6.881164e+01 7.567780e+01 5.512216e+01 3.351611e+01 1.128825e+01
<GCONST> 6.449027e+01
<STATE> 4
<MEAN> 12
 -1.685373e-07 1.644266e-08 1.150986e-07 -2.630826e-07 1.685373e-07 0.000000e+00 -3.864025e-07 2.795252e-07 -1.068773e-07 -6.577064e-08 -3.740705e-07 9.865597e-08
<VARIANCE> 12
 2.590462e+01 2.306921e+01 1.972227e+01 8.499242e+01 4.932909e+01 2.815352e+01 1.779883e+01 6.881164e+01 7.567780e+01 5.512216e+01 3.351611e+01 1.128825e+01
<GCONST> 6.449027e+01
<STATE> 5
<MEAN> 12
 -1.685373e-07 1.644266e-08 1.150986e-07 -2.630826e-07 1.685373e-07 0.000000e+00 -3.864025e-07 2.795252e-07 -1.068773e-07 -6.577064e-08 -3.740705e-07 9.865597e-08
<VARIANCE> 12
 2.590462e+01 2.306921e+01 1.972227e+01 8.499242e+01 4.932909e+01 2.815352e+01 1.779883e+01 6.881164e+01 7.567780e+01 5.512216e+01 3.351611e+01 1.128825e+01
<GCONST> 6.449027e+01
<STATE> 6
<MEAN> 12
 -1.685373e-07 1.644266e-08 1.150986e-07 -2.630826e-07 1.685373e-07 0.000000e+00 -3.864025e-07 2.795252e-07 -1.068773e-07 -6.577064e-08 -3.740705e-07 9.865597e-08
<VARIANCE> 12
 2.590462e+01 2.306921e+01 1.972227e+01 8.499242e+01 4.932909e+01 2.815352e+01 1.779883e+01 6.881164e+01 7.567780e+01 5.512216e+01 3.351611e+01 1.128825e+01
<GCONST> 6.449027e+01
<STATE> 7
<MEAN> 12
 -1.685373e-07 1.644266e-08 1.150986e-07 -2.630826e-07 1.685373e-07 0.000000e+00 -3.864025e-07 2.795252e-07 -1.068773e-07 -6.577064e-08 -3.740705e-07 9.865597e-08
<VARIANCE> 12
 2.590462e+01 2.306921e+01 1.972227e+01 8.499242e+01 4.932909e+01 2.815352e+01 1.779883e+01 6.881164e+01 7.567780e+01 5.512216e+01 3.351611e+01 1.128825e+01
<GCONST> 6.449027e+01
<STATE> 8
<MEAN> 12
 -1.685373e-07 1.644266e-08 1.150986e-07 -2.630826e-07 1.685373e-07 0.000000e+00 -3.864025e-07 2.795252e-07 -1.068773e-07 -6.577064e-08 -3.740705e-07 9.865597e-08
<VARIANCE> 12
 2.590462e+01 2.306921e+01 1.972227e+01 8.499242e+01 4.932909e+01 2.815352e+01 1.779883e+01 6.881164e+01 7.567780e+01 5.512216e+01 3.351611e+01 1.128825e+01
<GCONST> 6.449027e+01
<TRANSP> 9
 0.000000e+00 1.000000e+00 0.000000e+00 0.000000e+00 0.000000e+00 0.000000e+00 0.000000e+00 0.000000e+00 0.000000e+00
 0.000000e+00 9.000000e-01 9.999999e-02 0.000000e+00 0.000000e+00 0.000000e+00 0.000000e+00 0.000000e+00 0.000000e+00
 0.000000e+00 0.000000e+00 9.000000e-01 9.999999e-02 0.000000e+00 0.000000e+00 0.000000e+00 0.000000e+00 0.000000e+00
 0.000000e+00 0.000000e+00 0.000000e+00 9.000000e-01 9.999999e-02 0.000000e+00 0.000000e+00 0.000000e+00 0.000000e+00
 0.000000e+00 0.000000e+00 0.000000e+00 0.000000e+00 9.000000e-01 9.999999e-02 0.000000e+00 0.000000e+00 0.000000e+00
 0.000000e+00 0.000000e+00 0.000000e+00 0.000000e+00 0.000000e+00 9.000000e-01 9.999999e-02 0.000000e+00 0.000000e+00
 0.000000e+00 0.000000e+00 0.000000e+00 0.000000e+00 0.000000e+00 0.000000e+00 9.000000e-01 9.999999e-02 0.000000e+00
 0.000000e+00 0.000000e+00 0.000000e+00 0.000000e+00 0.000000e+00 0.000000e+00 0.000000e+00 9.000000e-01 9.999999e-02
 0.000000e+00 0.000000e+00 0.000000e+00 0.000000e+00 0.000000e+00 0.000000e+00 0.000000e+00 0.000000e+00 0.000000e+00
<ENDHMM>
