~o
<STREAMINFO> 1 12
<VECSIZE> 12<NULLD><MFCC_Z><DIAGC>
~h "T1375864576"
<BEGINHMM>
<NUMSTATES> 8
<STATE> 2
<MEAN> 12
 -4.098539e+00 -1.164740e+01 9.695604e+00 3.520081e+00 6.650012e+00 2.005040e-01 1.050735e+01 -8.490666e+00 -5.746443e+00 4.049993e+00 1.561525e+00 -4.516259e+00
<VARIANCE> 12
 4.476967e+00 1.025928e+01 1.870376e+01 3.347059e+00 3.913779e+01 9.164438e+00 1.503664e+01 2.213898e+01 2.120018e+01 4.177913e+01 2.291426e+01 5.778771e+00
<GCONST> 5.338107e+01
<STATE> 3
<MEAN> 12
 -5.777951e+00 -2.846958e+00 6.832595e+00 -5.765903e+00 5.355155e+00 8.226845e+00 2.095159e+00 -4.264448e+00 2.066451e+00 -4.806560e+00 -5.662935e-01 2.068938e-01
<VARIANCE> 12
 4.476967e+00 7.268408e+01 1.590396e+01 4.535696e+00 1.232258e+01 1.818792e+01 7.451222e+00 5.216548e+01 6.745159e+00 6.198111e+01 9.918591e+00 4.588668e+00
<GCONST> 5.334678e+01
<STATE> 4
<MEAN> 12
 -1.925228e+00 3.558350e+00 8.234632e+00 3.175755e+00 4.031235e+00 1.106023e+00 -9.942664e-01 3.899761e+00 5.221204e-01 1.050497e+00 1.183437e+00 2.274151e-01
<VARIANCE> 12
 5.747551e+00 3.004774e+01 1.590396e+01 2.279812e+01 3.068497e+01 1.509738e+01 7.449406e+00 8.560122e+00 2.246143e+01 1.570862e+01 2.659084e+01 7.901501e+00
<GCONST> 5.460651e+01
<STATE> 5
<MEAN> 12
 -1.911847e+00 4.799188e+00 -1.041720e+00 4.122653e+00 -1.949919e+01 -1.103841e+01 1.105421e+00 5.310054e+00 -5.754043e+00 -1.715230e+00 -1.328432e+00 5.776007e+00
<VARIANCE> 12
 1.379560e+01 8.597681e+00 3.769860e+01 5.251287e+00 1.232258e+01 7.889507e+01 8.243745e+00 1.359228e+01 4.171134e+01 4.854909e+00 1.492251e+01 7.428815e+00
<GCONST> 5.373597e+01
<STATE> 6
<MEAN> 12
 5.694546e+00 5.747612e+00 -1.508303e+01 -2.912204e+00 -7.570295e+00 -8.113098e+00 -6.966137e+00 4.254293e+00 1.703820e+00 1.820857e+00 6.513281e-02 4.765571e+00
<VARIANCE> 12
 4.476967e+00 8.597681e+00 1.590396e+01 1.281044e+01 1.232258e+01 2.127565e+01 1.492081e+01 1.455671e+01 6.802315e+00 4.854909e+00 1.165935e+01 2.304727e+01
<GCONST> 5.106251e+01
<STATE> 7
<MEAN> 12
 7.231817e+00 1.506284e+00 -9.292079e+00 -3.378870e-02 2.403249e+00 4.042824e+00 -4.492124e+00 9.272761e-01 4.034288e+00 -5.336595e-01 -1.356806e+00 -4.140489e+00
<VARIANCE> 12
 4.761064e+00 8.597681e+00 1.886759e+01 3.763130e+00 1.232258e+01 1.159421e+01 6.135571e+00 1.022460e+01 2.127703e+01 9.225756e+00 1.173602e+01 1.339807e+01
<GCONST> 4.946742e+01
<TRANSP> 8
 0.000000e+00 1.000000e+00 0.000000e+00 0.000000e+00 0.000000e+00 0.000000e+00 0.000000e+00 0.000000e+00
 0.000000e+00 8.750288e-01 1.249712e-01 0.000000e+00 0.000000e+00 0.000000e+00 0.000000e+00 0.000000e+00
 0.000000e+00 0.000000e+00 8.915222e-01 1.084778e-01 0.000000e+00 0.000000e+00 0.000000e+00 0.000000e+00
 0.000000e+00 0.000000e+00 0.000000e+00 8.923820e-01 1.076180e-01 0.000000e+00 0.000000e+00 0.000000e+00
 0.000000e+00 0.000000e+00 0.000000e+00 0.000000e+00 7.994672e-01 2.005328e-01 0.000000e+00 0.000000e+00
 0.000000e+00 0.000000e+00 0.000000e+00 0.000000e+00 0.000000e+00 8.824698e-01 1.175302e-01 0.000000e+00
 0.000000e+00 0.000000e+00 0.000000e+00 0.000000e+00 0.000000e+00 0.000000e+00 8.887948e-01 1.112052e-01
 0.000000e+00 0.000000e+00 0.000000e+00 0.000000e+00 0.000000e+00 0.000000e+00 0.000000e+00 0.000000e+00
<ENDHMM>
~o
<STREAMINFO> 1 12
<VECSIZE> 12<NULLD><MFCC_Z><DIAGC>
~h "T1375864630"
<BEGINHMM>
<NUMSTATES> 7
<STATE> 2
<MEAN> 12
 -2.764490e-01 -2.996756e+00 -1.047779e+00 3.840644e+00 -9.291885e+00 -2.353433e-01 7.182562e+00 1.582102e+00 -3.319163e+00 -1.576044e-01 -1.912997e+00 -6.303737e+00
<VARIANCE> 12
 3.509961e+01 9.700243e+00 1.370521e+01 1.133724e+01 1.356438e+01 1.242724e+01 6.200924e+01 1.722155e+01 2.835987e+00 2.130140e+01 7.720285e+01 3.447693e+01
<GCONST> 5.701941e+01
<STATE> 3
<MEAN> 12
 -7.676094e+00 5.643336e+00 4.597898e+00 -1.105604e+01 -6.102267e+00 -4.387471e-01 -4.753922e+00 2.979324e+00 9.364679e-01 -1.558329e+00 -3.642666e+00 -1.936920e+00
<VARIANCE> 12
 5.546082e+00 6.445093e+00 1.049937e+01 8.018143e+00 9.093269e+00 9.162343e+00 1.990064e+01 5.763231e+00 1.162614e+01 6.470370e+00 5.117923e+00 2.511512e+01
<GCONST> 4.840555e+01
<STATE> 4
<MEAN> 12
 -3.096312e+00 1.340267e+00 1.239627e+01 -2.767162e+00 -6.523601e-01 -2.298920e+00 -5.555414e+00 7.833002e-01 -2.372026e+00 6.232775e-01 1.665836e+00 1.858822e+00
<VARIANCE> 12
 5.546082e+00 4.101149e+00 1.049937e+01 1.321025e+01 2.584140e+01 2.066342e+01 8.688847e+00 1.281687e+01 1.429214e+01 1.151671e+01 1.547608e+01 1.611266e+01
<GCONST> 5.172675e+01
<STATE> 5
<MEAN> 12
 7.195230e+00 1.979073e+00 -4.180262e+00 3.078290e+00 6.537190e+00 2.558614e+00 -2.608811e+00 -5.676007e-01 3.976333e+00 4.570331e+00 1.307831e+00 2.447209e-01
<VARIANCE> 12
 5.546082e+00 5.687673e+00 1.049937e+01 1.500366e+01 9.093269e+00 1.220944e+01 3.197598e+01 8.610169e+00 6.480533e+00 3.777685e+01 1.714341e+01 6.524027e+00
<GCONST> 5.111080e+01
<STATE> 6
<MEAN> 12
 2.734135e+00 -7.609365e+00 -1.208717e+01 7.535263e+00 9.397789e+00 -2.882031e-01 7.306947e+00 -5.438047e+00 -3.323129e-01 -5.117501e+00 2.854385e+00 7.130151e+00
<VARIANCE> 12
 5.952271e+00 1.629270e+01 1.049937e+01 1.939746e+01 9.093269e+00 2.233095e+00 1.031812e+01 2.453386e+01 2.653546e+01 8.139714e+00 9.893640e+00 1.853456e+01
<GCONST> 5.107712e+01
<TRANSP> 7
 0.000000e+00 1.000000e+00 0.000000e+00 0.000000e+00 0.000000e+00 0.000000e+00 0.000000e+00
 0.000000e+00 8.886199e-01 1.113801e-01 0.000000e+00 0.000000e+00 0.000000e+00 0.000000e+00
 0.000000e+00 0.000000e+00 8.934957e-01 1.065044e-01 0.000000e+00 0.000000e+00 0.000000e+00
 0.000000e+00 0.000000e+00 0.000000e+00 8.847103e-01 1.152897e-01 0.000000e+00 0.000000e+00
 0.000000e+00 0.000000e+00 0.000000e+00 0.000000e+00 9.100156e-01 8.998431e-02 0.000000e+00
 0.000000e+00 0.000000e+00 0.000000e+00 0.000000e+00 0.000000e+00 8.725400e-01 1.274600e-01
 0.000000e+00 0.000000e+00 0.000000e+00 0.000000e+00 0.000000e+00 0.000000e+00 0.000000e+00
<ENDHMM>
~o
<STREAMINFO> 1 12
<VECSIZE> 12<NULLD><MFCC_Z><DIAGC>
~h "T1375864603"
<BEGINHMM>
<NUMSTATES> 5
<STATE> 2
<MEAN> 12
 -1.019711e+00 -1.003432e+00 -2.766805e-02 2.120767e+00 3.151675e+00 -3.104641e-02 4.378726e+00 4.667457e-01 -4.413011e-01 1.154654e+00 -2.894563e-01 1.536407e+00
<VARIANCE> 12
 1.495328e+00 2.782905e+00 1.577051e+01 9.533821e+00 1.466912e+01 7.838680e+00 6.339774e+00 6.133112e+00 2.851649e+00 3.961332e+00 3.966105e+00 4.520214e+00
<GCONST> 4.220954e+01
<STATE> 3
<MEAN> 12
 -1.892584e-02 2.191877e+00 -2.528295e+00 -3.391184e+00 -4.957551e+00 -1.363660e+00 -1.144787e+00 -2.004407e-02 1.062800e+00 -1.605055e+00 6.386712e-01 -2.834138e+00
<VARIANCE> 12
 3.631958e+00 7.566120e+00 4.293258e+01 5.480029e+00 1.234302e+01 6.941726e+00 4.284095e+01 6.314950e+00 1.153762e+01 1.232649e+01 1.967908e+00 1.099137e+01
<GCONST> 4.891122e+01
<STATE> 4
<MEAN> 12
 1.294362e+00 -2.343804e+00 4.171880e+00 2.922139e+00 4.208263e+00 2.270105e+00 -3.551649e+00 -5.454596e-01 -1.192546e+00 1.196116e+00 -6.865702e-01 2.734553e+00
<VARIANCE> 12
 2.306063e+00 1.206684e+00 1.207335e+01 5.505452e+00 4.496678e+00 2.311957e+01 7.443493e+00 6.574573e+00 1.361944e+01 1.153110e+01 5.344234e+00 6.337639e+00
<GCONST> 4.438832e+01
<TRANSP> 5
 0.000000e+00 1.000000e+00 0.000000e+00 0.000000e+00 0.000000e+00
 0.000000e+00 8.990968e-01 1.009032e-01 0.000000e+00 0.000000e+00
 0.000000e+00 0.000000e+00 9.236085e-01 7.639153e-02 0.000000e+00
 0.000000e+00 0.000000e+00 0.000000e+00 8.749853e-01 1.250148e-01
 0.000000e+00 0.000000e+00 0.000000e+00 0.000000e+00 0.000000e+00
<ENDHMM>
~o
<STREAMINFO> 1 12
<VECSIZE> 12<NULLD><MFCC_Z><DIAGC>
~h "T1375865101"
<BEGINHMM>
<NUMSTATES> 14
<STATE> 2
<MEAN> 12
 3.949639e+00 -1.093089e+00 -7.017177e-01 5.208242e+00 -6.940829e-01 8.711947e-01 3.409471e+00 2.713850e+00 7.335377e-01 -1.684708e+00 3.075225e+00 -1.111457e+00
<VARIANCE> 12
 2.311890e+00 4.584722e+00 2.004511e+02 1.277192e+01 2.427462e+01 5.495732e+00 5.280404e+01 9.003889e+00 8.060804e+00 1.850419e+01 5.940469e+00 4.264065e+00
<GCONST> 5.155780e+01
<STATE> 3
<MEAN> 12
 4.842735e+00 1.818681e+00 -1.323375e+01 -3.751991e+00 1.234175e+00 2.131747e+00 -2.932296e+00 -8.818426e+00 -3.431968e+00 9.715619e-01 1.919739e+00 6.957280e+00
<VARIANCE> 12
 2.311890e+00 4.584722e+00 2.086250e+01 6.780902e+00 7.478952e+00 1.720649e+01 1.116121e+01 1.125847e+01 8.060804e+00 6.323346e+00 4.860290e+00 3.672550e+00
<GCONST> 4.587157e+01
<STATE> 4
<MEAN> 12
 1.198469e+00 4.859392e+00 -3.084076e+00 -2.790402e+00 3.901515e+00 -5.368546e+00 -9.753484e+00 -1.759662e+01 1.459896e+01 3.708332e+00 -6.133442e+00 -1.699892e+00
<VARIANCE> 12
 2.311890e+00 4.584722e+00 1.435162e+01 6.005912e+00 7.478952e+00 1.205471e+01 1.305304e+01 2.855826e+01 2.392354e+01 7.655304e+00 4.860290e+00 3.623599e+00
<GCONST> 4.737327e+01
<STATE> 5
<MEAN> 12
 -1.211614e-01 -1.846856e+00 -2.232823e+00 3.095615e+00 -6.349575e+00 -5.911376e+00 9.967186e+00 -2.909890e+00 -2.035542e+00 8.488622e-01 1.324096e+00 3.480407e+00
<VARIANCE> 12
 4.339325e+00 1.565412e+01 1.435162e+01 6.005912e+00 7.478952e+00 2.438506e+01 3.223556e+01 2.050995e+01 3.051537e+01 4.052971e+00 8.340077e+00 6.210862e+00
<GCONST> 5.119468e+01
<STATE> 6
<MEAN> 12
 6.780546e-01 -7.533178e-01 2.255680e+00 -2.806951e+00 -9.205393e+00 -7.427599e-02 4.142963e+00 -2.052202e+00 -4.148329e+00 2.515587e+00 -3.432267e-04 3.708209e+00
<VARIANCE> 12
 1.045616e+01 8.962339e+00 1.435162e+01 1.713211e+01 1.170185e+01 4.337679e+01 7.025000e+01 1.359898e+01 1.220276e+01 1.766252e+01 1.597968e+01 6.639093e+00
<GCONST> 5.522869e+01
<STATE> 7
<MEAN> 12
 -5.974914e+00 1.988534e+00 5.615817e+00 -1.251045e+01 -5.344493e+00 5.203091e+00 -4.838796e+00 1.074337e+00 -4.060586e-01 -7.219825e-01 -2.505494e+00 -3.894706e+00
<VARIANCE> 12
 2.311890e+00 4.584722e+00 1.435162e+01 9.672246e+00 7.478952e+00 5.831607e+00 1.326345e+01 3.048281e+01 8.060804e+00 3.971188e+00 2.290079e+01 3.543917e+00
<GCONST> 4.698849e+01
<STATE> 8
<MEAN> 12
 -5.380219e+00 -8.018705e+00 -3.517941e+00 -2.101755e+00 -3.518207e+00 1.495823e+01 1.372726e+01 -3.636210e+00 -1.257025e+01 -1.297505e+00 -7.792425e+00 -8.287150e+00
<VARIANCE> 12
 2.311890e+00 7.077096e+00 1.435162e+01 4.992021e+01 7.478952e+00 7.370343e+00 2.448577e+01 1.766752e+01 5.417617e+01 1.050523e+01 2.483752e+01 3.543917e+00
<GCONST> 5.232482e+01
<STATE> 9
<MEAN> 12
 2.171581e-01 -9.495790e+00 -1.480739e+01 8.151486e+00 6.013519e+00 4.661856e+00 5.686914e+00 3.685478e+00 -8.910605e+00 -4.186026e+00 -8.694970e+00 2.593101e-01
<VARIANCE> 12
 2.838368e+00 4.584722e+00 1.435162e+01 6.005912e+00 7.979355e+00 2.572049e+01 1.402897e+01 8.905709e+00 7.035766e+01 7.535604e+00 9.485904e+00 7.844567e+00
<GCONST> 4.981191e+01
<STATE> 10
<MEAN> 12
 2.673609e+00 -6.305252e+00 -6.176002e+00 6.250394e+00 4.377126e+00 -5.371800e+00 -2.588541e+00 2.745615e+00 4.163928e-01 3.163583e+00 -1.675276e+00 9.895303e-01
<VARIANCE> 12
 2.311890e+00 4.584722e+00 5.168980e+01 8.507378e+00 3.155021e+01 5.495732e+00 1.698280e+01 2.345144e+01 8.060804e+00 3.471323e+00 1.395198e+01 2.918097e+01
<GCONST> 5.098489e+01
<STATE> 11
<MEAN> 12
 -7.276709e+00 2.100053e+00 2.218974e+00 6.150268e+00 9.275731e+00 -6.678801e-01 5.267606e+00 2.304043e+00 6.415761e+00 -3.324512e+00 -1.678506e+00 -4.878270e-01
<VARIANCE> 12
 8.447981e+00 4.584722e+00 1.474302e+01 1.375398e+01 1.572680e+01 5.495732e+00 2.496913e+01 8.905709e+00 3.213192e+01 5.108511e+00 1.933968e+01 2.052090e+01
<GCONST> 5.197131e+01
<STATE> 12
<MEAN> 12
 -3.914995e-01 8.697001e+00 1.313750e+01 -1.179780e+00 7.472447e+00 -4.806444e+00 -1.030346e+01 5.963889e+00 1.792665e+00 -2.400817e+00 7.919219e+00 -5.283399e+00
<VARIANCE> 12
 2.311890e+00 4.584722e+00 1.435162e+01 6.005912e+00 7.478952e+00 5.495732e+00 1.116121e+01 8.905709e+00 8.060804e+00 2.533537e+00 6.477447e+00 1.565617e+01
<GCONST> 4.482295e+01
<STATE> 13
<MEAN> 12
 -1.307850e+00 5.771848e+00 1.234614e+01 -4.112926e+00 2.051837e+00 1.858919e+00 -7.390761e+00 1.036346e+01 4.919002e+00 -2.554935e+00 6.752166e+00 -4.249227e+00
<VARIANCE> 12
 2.311890e+00 2.720124e+01 1.435162e+01 1.140502e+01 9.399284e+00 1.374219e+01 3.206882e+01 8.905709e+00 1.279706e+01 1.268402e+01 6.393258e+00 3.786314e+00
<GCONST> 5.008565e+01
<TRANSP> 14
 0.000000e+00 1.000000e+00 0.000000e+00 0.000000e+00 0.000000e+00 0.000000e+00 0.000000e+00 0.000000e+00 0.000000e+00 0.000000e+00 0.000000e+00 0.000000e+00 0.000000e+00 0.000000e+00
 0.000000e+00 8.824028e-01 1.175973e-01 0.000000e+00 0.000000e+00 0.000000e+00 0.000000e+00 0.000000e+00 0.000000e+00 0.000000e+00 0.000000e+00 0.000000e+00 0.000000e+00 0.000000e+00
 0.000000e+00 0.000000e+00 8.460447e-01 1.539553e-01 0.000000e+00 0.000000e+00 0.000000e+00 0.000000e+00 0.000000e+00 0.000000e+00 0.000000e+00 0.000000e+00 0.000000e+00 0.000000e+00
 0.000000e+00 0.000000e+00 0.000000e+00 8.335024e-01 1.664976e-01 0.000000e+00 0.000000e+00 0.000000e+00 0.000000e+00 0.000000e+00 0.000000e+00 0.000000e+00 0.000000e+00 0.000000e+00
 0.000000e+00 0.000000e+00 0.000000e+00 0.000000e+00 7.163028e-01 2.836972e-01 0.000000e+00 0.000000e+00 0.000000e+00 0.000000e+00 0.000000e+00 0.000000e+00 0.000000e+00 0.000000e+00
 0.000000e+00 0.000000e+00 0.000000e+00 0.000000e+00 0.000000e+00 9.457469e-01 5.425309e-02 0.000000e+00 0.000000e+00 0.000000e+00 0.000000e+00 0.000000e+00 0.000000e+00 0.000000e+00
 0.000000e+00 0.000000e+00 0.000000e+00 0.000000e+00 0.000000e+00 0.000000e+00 7.927071e-01 2.072929e-01 0.000000e+00 0.000000e+00 0.000000e+00 0.000000e+00 0.000000e+00 0.000000e+00
 0.000000e+00 0.000000e+00 0.000000e+00 0.000000e+00 0.000000e+00 0.000000e+00 0.000000e+00 6.684305e-01 3.315695e-01 0.000000e+00 0.000000e+00 0.000000e+00 0.000000e+00 0.000000e+00
 0.000000e+00 0.000000e+00 0.000000e+00 0.000000e+00 0.000000e+00 0.000000e+00 0.000000e+00 0.000000e+00 8.313158e-01 1.686843e-01 0.000000e+00 0.000000e+00 0.000000e+00 0.000000e+00
 0.000000e+00 0.000000e+00 0.000000e+00 0.000000e+00 0.000000e+00 0.000000e+00 0.000000e+00 0.000000e+00 0.000000e+00 8.920901e-01 1.079099e-01 0.000000e+00 0.000000e+00 0.000000e+00
 0.000000e+00 0.000000e+00 0.000000e+00 0.000000e+00 0.000000e+00 0.000000e+00 0.000000e+00 0.000000e+00 0.000000e+00 0.000000e+00 8.571506e-01 1.428494e-01 0.000000e+00 0.000000e+00
 0.000000e+00 0.000000e+00 0.000000e+00 0.000000e+00 0.000000e+00 0.000000e+00 0.000000e+00 0.000000e+00 0.000000e+00 0.000000e+00 0.000000e+00 8.249962e-01 1.750038e-01 0.000000e+00
 0.000000e+00 0.000000e+00 0.000000e+00 0.000000e+00 0.000000e+00 0.000000e+00 0.000000e+00 0.000000e+00 0.000000e+00 0.000000e+00 0.000000e+00 0.000000e+00 8.923351e-01 1.076649e-01
 0.000000e+00 0.000000e+00 0.000000e+00 0.000000e+00 0.000000e+00 0.000000e+00 0.000000e+00 0.000000e+00 0.000000e+00 0.000000e+00 0.000000e+00 0.000000e+00 0.000000e+00 0.000000e+00
<ENDHMM>
~o
<STREAMINFO> 1 12
<VECSIZE> 12<NULLD><MFCC_Z><DIAGC>
~h "T1375865333"
<BEGINHMM>
<NUMSTATES> 13
<STATE> 2
<MEAN> 12
 2.716295e+00 5.863074e+00 -1.077835e+00 -8.142197e+00 3.880889e-01 -4.989452e+00 -9.999259e+00 -6.602992e+00 3.999500e+00 -5.069791e-01 6.313859e+00 -2.180767e-01
<VARIANCE> 12
 1.731404e+00 6.535099e+00 9.422941e+00 6.829354e+00 3.516069e+01 1.136018e+01 2.905758e+01 2.016849e+01 1.314029e+01 2.833393e+01 7.078539e+00 4.200938e+00
<GCONST> 5.032058e+01
<STATE> 3
<MEAN> 12
 4.084179e+00 7.337749e+00 1.084495e+00 -7.571261e+00 -9.786317e-02 -1.363157e+00 -3.722958e+00 -6.378356e+00 6.485777e+00 4.608921e+00 -1.461599e+00 -7.461264e-01
<VARIANCE> 12
 1.641822e+00 6.535099e+00 6.967044e+00 3.010025e+01 7.175174e+00 1.220131e+01 8.683600e+00 2.536001e+01 1.760351e+01 1.701921e+01 7.078539e+00 2.146243e+01
<GCONST> 5.036584e+01
<STATE> 4
<MEAN> 12
 5.381474e+00 1.009031e+01 -2.749960e+00 -3.191305e+00 3.667670e+00 3.457029e+00 4.560900e+00 -2.256054e+00 8.245366e+00 -2.165616e+00 -8.158290e+00 -6.215240e+00
<VARIANCE> 12
 1.641822e+00 6.535099e+00 6.967044e+00 6.829354e+00 7.175174e+00 8.129374e+00 1.188001e+01 7.095842e+00 6.049439e+00 4.689234e+00 1.645265e+01 1.266147e+01
<GCONST> 4.547470e+01
<STATE> 5
<MEAN> 12
 2.954172e+00 6.579824e+00 -6.370366e+00 6.054156e+00 5.253654e+00 1.218123e+00 3.726378e+00 5.087107e+00 4.173704e+00 -6.010759e+00 -1.189080e+01 1.819145e+00
<VARIANCE> 12
 1.641822e+00 6.535099e+00 6.967044e+00 6.829354e+00 7.175174e+00 6.904915e+00 6.082962e+00 8.314088e+00 3.327300e+01 4.689234e+00 1.069432e+01 2.621116e+01
<GCONST> 4.680215e+01
<STATE> 6
<MEAN> 12
 4.578344e-02 1.376379e+00 -1.311668e+00 4.814439e+00 -2.405379e+00 -7.931267e-01 2.121006e+00 4.112879e+00 -3.365361e+00 -1.845567e+00 1.053768e+00 8.457590e-01
<VARIANCE> 12
 2.994300e+00 6.535099e+00 3.250383e+01 7.276675e+00 2.174391e+01 1.966247e+01 1.252405e+01 1.204494e+01 9.752267e+00 5.783796e+00 1.318504e+01 1.395821e+01
<GCONST> 5.081650e+01
<STATE> 7
<MEAN> 12
 -4.344648e+00 -6.846424e-01 -3.459655e+00 -3.500134e-01 -6.895129e+00 3.727954e+00 7.699497e+00 -5.885444e+00 -8.442956e+00 -4.958861e+00 7.645901e+00 1.286976e-01
<VARIANCE> 12
 1.641822e+00 6.535099e+00 6.967044e+00 6.829354e+00 2.613239e+01 7.106003e+00 2.748857e+01 5.484188e+01 3.063234e+01 1.019587e+01 2.232409e+01 1.815913e+01
<GCONST> 5.258117e+01
<STATE> 8
<MEAN> 12
 -6.254913e-01 -1.511271e+00 -6.584941e+00 -5.076489e-01 2.548197e+00 -5.131073e+00 1.383464e+00 7.611101e+00 6.476001e-01 1.129247e+00 -5.182555e+00 5.341650e+00
<VARIANCE> 12
 5.088282e+00 6.535099e+00 1.960297e+01 6.829354e+00 7.175174e+00 2.686690e+01 8.243713e+00 8.037144e+00 1.872702e+01 2.021744e+01 8.142855e+00 7.878632e+00
<GCONST> 5.000842e+01
<STATE> 9
<MEAN> 12
 -2.242228e+00 -4.905981e+00 3.716703e+00 -5.936791e-01 -4.890124e+00 -1.757076e+00 1.741522e+00 -7.936761e-02 5.196120e-02 -5.356834e-01 -4.179076e+00 6.986955e+00
<VARIANCE> 12
 3.079737e+00 6.535099e+00 1.337784e+01 6.985148e+00 4.168268e+01 6.635644e+00 6.082962e+00 1.205810e+01 2.808973e+01 1.682413e+01 7.078539e+00 8.649974e+00
<GCONST> 4.978455e+01
<STATE> 10
<MEAN> 12
 -3.572750e+00 -4.011301e+00 3.381662e+00 3.579234e-01 -1.529434e+01 1.539464e+01 4.070904e+00 -4.375858e+00 -6.656745e-01 -7.863875e+00 6.337502e+00 -1.594910e+00
<VARIANCE> 12
 1.641822e+00 6.535099e+00 6.967044e+00 6.829354e+00 1.378694e+01 2.704524e+01 2.923657e+01 2.159230e+01 6.049439e+00 6.941505e+00 1.061577e+01 9.698630e+00
<GCONST> 4.903074e+01
<STATE> 11
<MEAN> 12
 -3.736610e+00 -1.251797e+01 5.843395e+00 1.280332e+00 -1.605098e+00 8.074000e+00 -5.356547e+00 3.122982e+00 -7.731130e+00 2.186878e+00 7.974665e+00 -6.639280e+00
<VARIANCE> 12
 1.641822e+00 6.535099e+00 6.967044e+00 6.829354e+00 2.581279e+01 4.054987e+01 6.082962e+00 1.676592e+01 6.049439e+00 5.138225e+01 3.543877e+01 4.200938e+00
<GCONST> 5.061055e+01
<STATE> 12
<MEAN> 12
 -9.909283e-01 -7.105012e+00 1.335889e+01 1.314131e+01 9.758309e+00 -5.437652e-01 9.913152e-01 9.492785e-01 -2.467240e+00 5.798626e+00 -1.368762e+00 -4.893075e+00
<VARIANCE> 12
 1.641822e+00 2.233769e+01 8.552786e+00 1.237849e+01 1.006845e+01 6.635644e+00 2.173149e+01 1.141297e+01 1.482591e+01 8.810771e+00 1.886072e+01 8.405343e+00
<GCONST> 4.997250e+01
<TRANSP> 13
 0.000000e+00 1.000000e+00 0.000000e+00 0.000000e+00 0.000000e+00 0.000000e+00 0.000000e+00 0.000000e+00 0.000000e+00 0.000000e+00 0.000000e+00 0.000000e+00 0.000000e+00
 0.000000e+00 9.006312e-01 9.936876e-02 0.000000e+00 0.000000e+00 0.000000e+00 0.000000e+00 0.000000e+00 0.000000e+00 0.000000e+00 0.000000e+00 0.000000e+00 0.000000e+00
 0.000000e+00 0.000000e+00 8.875429e-01 1.124571e-01 0.000000e+00 0.000000e+00 0.000000e+00 0.000000e+00 0.000000e+00 0.000000e+00 0.000000e+00 0.000000e+00 0.000000e+00
 0.000000e+00 0.000000e+00 0.000000e+00 7.979844e-01 2.020156e-01 0.000000e+00 0.000000e+00 0.000000e+00 0.000000e+00 0.000000e+00 0.000000e+00 0.000000e+00 0.000000e+00
 0.000000e+00 0.000000e+00 0.000000e+00 0.000000e+00 7.021509e-01 2.978491e-01 0.000000e+00 0.000000e+00 0.000000e+00 0.000000e+00 0.000000e+00 0.000000e+00 0.000000e+00
 0.000000e+00 0.000000e+00 0.000000e+00 0.000000e+00 0.000000e+00 8.619545e-01 1.380455e-01 0.000000e+00 0.000000e+00 0.000000e+00 0.000000e+00 0.000000e+00 0.000000e+00
 0.000000e+00 0.000000e+00 0.000000e+00 0.000000e+00 0.000000e+00 0.000000e+00 8.742468e-01 1.257532e-01 0.000000e+00 0.000000e+00 0.000000e+00 0.000000e+00 0.000000e+00
 0.000000e+00 0.000000e+00 0.000000e+00 0.000000e+00 0.000000e+00 0.000000e+00 0.000000e+00 9.391181e-01 6.088192e-02 0.000000e+00 0.000000e+00 0.000000e+00 0.000000e+00
 0.000000e+00 0.000000e+00 0.000000e+00 0.000000e+00 0.000000e+00 0.000000e+00 0.000000e+00 0.000000e+00 7.572938e-01 2.427062e-01 0.000000e+00 0.000000e+00 0.000000e+00
 0.000000e+00 0.000000e+00 0.000000e+00 0.000000e+00 0.000000e+00 0.000000e+00 0.000000e+00 0.000000e+00 0.000000e+00 7.572035e-01 2.427966e-01 0.000000e+00 0.000000e+00
 0.000000e+00 0.000000e+00 0.000000e+00 0.000000e+00 0.000000e+00 0.000000e+00 0.000000e+00 0.000000e+00 0.000000e+00 0.000000e+00 8.387197e-01 1.612803e-01 0.000000e+00
 0.000000e+00 0.000000e+00 0.000000e+00 0.000000e+00 0.000000e+00 0.000000e+00 0.000000e+00 0.000000e+00 0.000000e+00 0.000000e+00 0.000000e+00 8.847409e-01 1.152591e-01
 0.000000e+00 0.000000e+00 0.000000e+00 0.000000e+00 0.000000e+00 0.000000e+00 0.000000e+00 0.000000e+00 0.000000e+00 0.000000e+00 0.000000e+00 0.000000e+00 0.000000e+00
<ENDHMM>
~o
<STREAMINFO> 1 12
<VECSIZE> 12<NULLD><MFCC_Z><DIAGC>
~h "T1375864910"
<BEGINHMM>
<NUMSTATES> 7
<STATE> 2
<MEAN> 12
 -2.053551e+00 1.886249e+01 -2.289257e-02 -1.357175e+01 -8.999359e+00 -7.162347e+00 -7.424192e+00 3.438996e+00 1.091304e+00 6.316199e-01 3.342944e+00 -1.610306e+00
<VARIANCE> 12
 5.128463e+00 2.189202e+01 2.504477e+00 1.083387e+01 6.555470e+00 5.944123e+00 4.077159e+00 9.638243e+00 2.640291e+00 8.433386e+00 6.024663e+00 3.832282e+01
<GCONST> 4.595505e+01
<STATE> 3
<MEAN> 12
 -2.169796e+00 5.835002e+00 2.120627e+00 -8.379874e-01 -2.554998e+00 -1.187992e+00 -2.044390e+00 6.569366e+00 5.391750e-01 6.771678e-01 1.573595e+00 -3.364904e-01
<VARIANCE> 12
 5.646554e+00 2.189202e+01 7.323758e+00 1.211009e+01 9.811394e+00 4.540936e+01 2.216327e+01 1.031811e+01 4.522961e+01 2.746157e+01 4.664548e+01 9.435035e+00
<GCONST> 5.610000e+01
<STATE> 4
<MEAN> 12
 -7.563986e+00 -3.193083e+00 2.286456e+00 2.811347e+00 5.368255e+00 6.748302e-01 2.628035e+00 -5.723116e+00 2.664721e-01 1.110673e+01 -1.893124e+00 1.160895e+00
<VARIANCE> 12
 5.128463e+00 2.189202e+01 1.019086e+01 1.413081e+01 1.881277e+01 1.715600e+01 8.462166e+00 1.514670e+01 1.785390e+01 1.704663e+01 1.467147e+01 1.660274e+01
<GCONST> 5.358922e+01
<STATE> 5
<MEAN> 12
 2.821816e+00 -1.189399e+01 -4.044207e+00 1.355891e+00 6.907681e+00 -1.641906e+00 1.325437e+00 -1.489885e+00 -1.923067e+00 -6.752004e+00 -1.103554e+00 -1.709151e+00
<VARIANCE> 12
 5.128463e+00 2.189202e+01 1.947437e+00 1.083387e+01 1.614115e+01 5.944123e+00 4.077159e+00 4.571522e+00 7.825622e+00 9.626844e+00 1.510415e+01 2.576161e+01
<GCONST> 4.759948e+01
<STATE> 6
<MEAN> 12
 7.531752e+00 -9.414610e+00 -6.707503e-01 8.724998e+00 4.411129e-01 7.131023e+00 4.450560e+00 -1.109759e+00 -2.902293e-01 -6.018352e+00 -1.495295e+00 1.619473e+00
<VARIANCE> 12
 6.842062e+00 3.797788e+01 6.308660e+00 1.083387e+01 7.239058e+00 8.533081e+00 5.933142e+00 2.405236e+01 5.267297e+00 8.958120e+00 5.129507e+00 1.461271e+01
<GCONST> 4.909443e+01
<TRANSP> 7
 0.000000e+00 1.000000e+00 0.000000e+00 0.000000e+00 0.000000e+00 0.000000e+00 0.000000e+00
 0.000000e+00 9.000526e-01 9.994739e-02 0.000000e+00 0.000000e+00 0.000000e+00 0.000000e+00
 0.000000e+00 0.000000e+00 8.570885e-01 1.429115e-01 0.000000e+00 0.000000e+00 0.000000e+00
 0.000000e+00 0.000000e+00 0.000000e+00 8.985139e-01 1.014861e-01 0.000000e+00 0.000000e+00
 0.000000e+00 0.000000e+00 0.000000e+00 0.000000e+00 8.611673e-01 1.388327e-01 0.000000e+00
 0.000000e+00 0.000000e+00 0.000000e+00 0.000000e+00 0.000000e+00 9.162543e-01 8.374564e-02
 0.000000e+00 0.000000e+00 0.000000e+00 0.000000e+00 0.000000e+00 0.000000e+00 0.000000e+00
<ENDHMM>
~o
<STREAMINFO> 1 12
<VECSIZE> 12<NULLD><MFCC_Z><DIAGC>
~h "T1375864876"
<BEGINHMM>
<NUMSTATES> 9
<STATE> 2
<MEAN> 12
 -5.604286e+00 7.004887e+00 1.131198e+01 -8.273975e+00 -9.936625e+00 -9.930720e-01 4.547618e-03 5.391549e+00 -1.385753e+00 -5.030182e+00 2.566151e+00 -3.290546e+00
<VARIANCE> 12
 4.425170e+00 2.988389e+01 3.549143e+01 6.664393e+01 2.581071e+01 2.511159e+01 7.553133e+01 3.333847e+01 8.428969e+00 2.950686e+01 5.601319e+00 2.407675e+01
<GCONST> 5.943374e+01
<STATE> 3
<MEAN> 12
 -8.233328e-01 -2.395502e-01 -5.939545e+00 2.156784e+00 2.533798e+00 -1.502999e+01 2.455471e+00 5.788498e+00 4.429253e+00 -2.434359e+00 -6.280733e+00 -2.095810e+00
<VARIANCE> 12
 4.425170e+00 7.264778e+00 1.008048e+01 5.517059e+00 8.057134e+00 7.707641e+00 3.053430e+01 7.844776e+00 3.209137e+01 1.495632e+01 6.282809e+00 2.487767e+00
<GCONST> 4.807371e+01
<STATE> 4
<MEAN> 12
 4.408464e+00 2.009221e+00 -9.626252e+00 5.328299e-02 1.865979e+00 -3.111915e+00 -3.440952e+00 -3.241848e+00 -1.375157e+00 7.285923e+00 -1.030567e-01 -2.784861e+00
<VARIANCE> 12
 4.425170e+00 7.264778e+00 1.526097e+01 5.517059e+00 6.306401e+00 1.340504e+01 8.883098e+00 6.760785e+00 1.506483e+01 4.502815e+00 1.035956e+01 3.985116e+00
<GCONST> 4.642805e+01
<STATE> 5
<MEAN> 12
 -9.187237e-01 -6.114908e+00 9.074239e-01 2.177967e+00 3.680993e+00 5.828416e+00 4.032258e+00 8.087096e-01 3.497135e+00 2.962249e+00 9.374952e-01 2.308212e+00
<VARIANCE> 12
 5.436691e+00 2.403654e+01 2.156279e+01 1.172021e+01 1.056592e+01 1.071353e+01 1.185770e+01 1.361214e+01 1.752871e+01 1.250361e+01 1.545822e+01 9.023335e+00
<GCONST> 5.260044e+01
<STATE> 6
<MEAN> 12
 -1.032151e+01 -1.325999e+01 4.554176e+00 9.366449e+00 5.069751e+00 3.719064e+00 4.032226e+00 9.023397e+00 5.873477e+00 6.902081e-01 -1.375931e+00 1.341577e+00
<VARIANCE> 12
 4.425170e+00 7.264778e+00 1.008048e+01 8.880420e+00 1.023182e+01 1.121615e+01 1.291614e+01 2.164211e+01 1.012709e+01 4.762350e+00 1.604228e+01 1.476608e+01
<GCONST> 4.973882e+01
<STATE> 7
<MEAN> 12
 5.164055e+00 4.569849e+00 -5.292593e+00 -3.700706e+00 -1.843590e+00 1.552854e+00 -1.755401e+00 -7.541546e+00 -6.612114e+00 -3.703893e+00 -1.088822e+00 2.522110e+00
<VARIANCE> 12
 4.425170e+00 9.425637e+00 3.011120e+01 8.125841e+00 9.478939e+00 1.830560e+01 5.769773e+00 1.464323e+01 4.252491e+00 1.385678e+01 1.373552e+01 1.610341e+01
<GCONST> 5.035340e+01
<STATE> 8
<MEAN> 12
 2.769534e+00 2.749290e+00 6.246743e+00 7.167495e-01 -6.672115e-01 2.641482e+00 -2.721758e+00 -3.133364e+00 -4.217784e-01 -1.814666e+00 2.834841e+00 8.580946e-01
<VARIANCE> 12
 1.003521e+01 7.264778e+00 1.008048e+01 8.277882e+00 8.677328e+00 1.638480e+01 2.263705e+01 1.592606e+01 8.097860e+00 1.308847e+01 1.227130e+01 8.103717e+00
<GCONST> 5.087538e+01
<TRANSP> 9
 0.000000e+00 1.000000e+00 0.000000e+00 0.000000e+00 0.000000e+00 0.000000e+00 0.000000e+00 0.000000e+00 0.000000e+00
 0.000000e+00 8.571385e-01 1.428615e-01 0.000000e+00 0.000000e+00 0.000000e+00 0.000000e+00 0.000000e+00 0.000000e+00
 0.000000e+00 0.000000e+00 7.995533e-01 2.004467e-01 0.000000e+00 0.000000e+00 0.000000e+00 0.000000e+00 0.000000e+00
 0.000000e+00 0.000000e+00 0.000000e+00 8.920640e-01 1.079360e-01 0.000000e+00 0.000000e+00 0.000000e+00 0.000000e+00
 0.000000e+00 0.000000e+00 0.000000e+00 0.000000e+00 8.862181e-01 1.137819e-01 0.000000e+00 0.000000e+00 0.000000e+00
 0.000000e+00 0.000000e+00 0.000000e+00 0.000000e+00 0.000000e+00 8.325377e-01 1.674623e-01 0.000000e+00 0.000000e+00
 0.000000e+00 0.000000e+00 0.000000e+00 0.000000e+00 0.000000e+00 0.000000e+00 8.930473e-01 1.069527e-01 0.000000e+00
 0.000000e+00 0.000000e+00 0.000000e+00 0.000000e+00 0.000000e+00 0.000000e+00 0.000000e+00 8.842116e-01 1.157884e-01
 0.000000e+00 0.000000e+00 0.000000e+00 0.000000e+00 0.000000e+00 0.000000e+00 0.000000e+00 0.000000e+00 0.000000e+00
<ENDHMM>
