~o
<STREAMINFO> 1 12
<VECSIZE> 12<NULLD><MFCC_Z><DIAGC>
~h "s093"
<BEGINHMM>
<NUMSTATES> 13
<STATE> 2
<MEAN> 12
 1.378806e-07 2.298010e-07 -2.039484e-07 1.838408e-07 7.813235e-07 -6.549330e-07 2.068209e-07 -2.412911e-07 -2.987414e-07 1.292631e-07 -9.192041e-08 4.596021e-08
<VARIANCE> 12
 2.579753e+01 8.551432e+01 3.174365e+01 2.009219e+02 1.122993e+02 5.217591e+01 3.152080e+01 3.368649e+01 4.028524e+01 2.264770e+01 5.439664e+01 3.413496e+01
<GCONST> 6.850030e+01
<STATE> 3
<MEAN> 12
 1.378806e-07 2.298010e-07 -2.039484e-07 1.838408e-07 7.813235e-07 -6.549330e-07 2.068209e-07 -2.412911e-07 -2.987414e-07 1.292631e-07 -9.192041e-08 4.596021e-08
<VARIANCE> 12
 2.579753e+01 8.551432e+01 3.174365e+01 2.009219e+02 1.122993e+02 5.217591e+01 3.152080e+01 3.368649e+01 4.028524e+01 2.264770e+01 5.439664e+01 3.413496e+01
<GCONST> 6.850030e+01
<STATE> 4
<MEAN> 12
 1.378806e-07 2.298010e-07 -2.039484e-07 1.838408e-07 7.813235e-07 -6.549330e-07 2.068209e-07 -2.412911e-07 -2.987414e-07 1.292631e-07 -9.192041e-08 4.596021e-08
<VARIANCE> 12
 2.579753e+01 8.551432e+01 3.174365e+01 2.009219e+02 1.122993e+02 5.217591e+01 3.152080e+01 3.368649e+01 4.028524e+01 2.264770e+01 5.439664e+01 3.413496e+01
<GCONST> 6.850030e+01
<STATE> 5
<MEAN> 12
 1.378806e-07 2.298010e-07 -2.039484e-07 1.838408e-07 7.813235e-07 -6.549330e-07 2.068209e-07 -2.412911e-07 -2.987414e-07 1.292631e-07 -9.192041e-08 4.596021e-08
<VARIANCE> 12
 2.579753e+01 8.551432e+01 3.174365e+01 2.009219e+02 1.122993e+02 5.217591e+01 3.152080e+01 3.368649e+01 4.028524e+01 2.264770e+01 5.439664e+01 3.413496e+01
<GCONST> 6.850030e+01
<STATE> 6
<MEAN> 12
 1.378806e-07 2.298010e-07 -2.039484e-07 1.838408e-07 7.813235e-07 -6.549330e-07 2.068209e-07 -2.412911e-07 -2.987414e-07 1.292631e-07 -9.192041e-08 4.596021e-08
<VARIANCE> 12
 2.579753e+01 8.551432e+01 3.174365e+01 2.009219e+02 1.122993e+02 5.217591e+01 3.152080e+01 3.368649e+01 4.028524e+01 2.264770e+01 5.439664e+01 3.413496e+01
<GCONST> 6.850030e+01
<STATE> 7
<MEAN> 12
 1.378806e-07 2.298010e-07 -2.039484e-07 1.838408e-07 7.813235e-07 -6.549330e-07 2.068209e-07 -2.412911e-07 -2.987414e-07 1.292631e-07 -9.192041e-08 4.596021e-08
<VARIANCE> 12
 2.579753e+01 8.551432e+01 3.174365e+01 2.009219e+02 1.122993e+02 5.217591e+01 3.152080e+01 3.368649e+01 4.028524e+01 2.264770e+01 5.439664e+01 3.413496e+01
<GCONST> 6.850030e+01
<STATE> 8
<MEAN> 12
 1.378806e-07 2.298010e-07 -2.039484e-07 1.838408e-07 7.813235e-07 -6.549330e-07 2.068209e-07 -2.412911e-07 -2.987414e-07 1.292631e-07 -9.192041e-08 4.596021e-08
<VARIANCE> 12
 2.579753e+01 8.551432e+01 3.174365e+01 2.009219e+02 1.122993e+02 5.217591e+01 3.152080e+01 3.368649e+01 4.028524e+01 2.264770e+01 5.439664e+01 3.413496e+01
<GCONST> 6.850030e+01
<STATE> 9
<MEAN> 12
 1.378806e-07 2.298010e-07 -2.039484e-07 1.838408e-07 7.813235e-07 -6.549330e-07 2.068209e-07 -2.412911e-07 -2.987414e-07 1.292631e-07 -9.192041e-08 4.596021e-08
<VARIANCE> 12
 2.579753e+01 8.551432e+01 3.174365e+01 2.009219e+02 1.122993e+02 5.217591e+01 3.152080e+01 3.368649e+01 4.028524e+01 2.264770e+01 5.439664e+01 3.413496e+01
<GCONST> 6.850030e+01
<STATE> 10
<MEAN> 12
 1.378806e-07 2.298010e-07 -2.039484e-07 1.838408e-07 7.813235e-07 -6.549330e-07 2.068209e-07 -2.412911e-07 -2.987414e-07 1.292631e-07 -9.192041e-08 4.596021e-08
<VARIANCE> 12
 2.579753e+01 8.551432e+01 3.174365e+01 2.009219e+02 1.122993e+02 5.217591e+01 3.152080e+01 3.368649e+01 4.028524e+01 2.264770e+01 5.439664e+01 3.413496e+01
<GCONST> 6.850030e+01
<STATE> 11
<MEAN> 12
 1.378806e-07 2.298010e-07 -2.039484e-07 1.838408e-07 7.813235e-07 -6.549330e-07 2.068209e-07 -2.412911e-07 -2.987414e-07 1.292631e-07 -9.192041e-08 4.596021e-08
<VARIANCE> 12
 2.579753e+01 8.551432e+01 3.174365e+01 2.009219e+02 1.122993e+02 5.217591e+01 3.152080e+01 3.368649e+01 4.028524e+01 2.264770e+01 5.439664e+01 3.413496e+01
<GCONST> 6.850030e+01
<STATE> 12
<MEAN> 12
 1.378806e-07 2.298010e-07 -2.039484e-07 1.838408e-07 7.813235e-07 -6.549330e-07 2.068209e-07 -2.412911e-07 -2.987414e-07 1.292631e-07 -9.192041e-08 4.596021e-08
<VARIANCE> 12
 2.579753e+01 8.551432e+01 3.174365e+01 2.009219e+02 1.122993e+02 5.217591e+01 3.152080e+01 3.368649e+01 4.028524e+01 2.264770e+01 5.439664e+01 3.413496e+01
<GCONST> 6.850030e+01
<TRANSP> 13
 0.000000e+00 1.000000e+00 0.000000e+00 0.000000e+00 0.000000e+00 0.000000e+00 0.000000e+00 0.000000e+00 0.000000e+00 0.000000e+00 0.000000e+00 0.000000e+00 0.000000e+00
 0.000000e+00 9.000000e-01 9.999999e-02 0.000000e+00 0.000000e+00 0.000000e+00 0.000000e+00 0.000000e+00 0.000000e+00 0.000000e+00 0.000000e+00 0.000000e+00 0.000000e+00
 0.000000e+00 0.000000e+00 9.000000e-01 9.999999e-02 0.000000e+00 0.000000e+00 0.000000e+00 0.000000e+00 0.000000e+00 0.000000e+00 0.000000e+00 0.000000e+00 0.000000e+00
 0.000000e+00 0.000000e+00 0.000000e+00 9.000000e-01 9.999999e-02 0.000000e+00 0.000000e+00 0.000000e+00 0.000000e+00 0.000000e+00 0.000000e+00 0.000000e+00 0.000000e+00
 0.000000e+00 0.000000e+00 0.000000e+00 0.000000e+00 9.000000e-01 9.999999e-02 0.000000e+00 0.000000e+00 0.000000e+00 0.000000e+00 0.000000e+00 0.000000e+00 0.000000e+00
 0.000000e+00 0.000000e+00 0.000000e+00 0.000000e+00 0.000000e+00 9.000000e-01 9.999999e-02 0.000000e+00 0.000000e+00 0.000000e+00 0.000000e+00 0.000000e+00 0.000000e+00
 0.000000e+00 0.000000e+00 0.000000e+00 0.000000e+00 0.000000e+00 0.000000e+00 9.000000e-01 9.999999e-02 0.000000e+00 0.000000e+00 0.000000e+00 0.000000e+00 0.000000e+00
 0.000000e+00 0.000000e+00 0.000000e+00 0.000000e+00 0.000000e+00 0.000000e+00 0.000000e+00 9.000000e-01 9.999999e-02 0.000000e+00 0.000000e+00 0.000000e+00 0.000000e+00
 0.000000e+00 0.000000e+00 0.000000e+00 0.000000e+00 0.000000e+00 0.000000e+00 0.000000e+00 0.000000e+00 9.000000e-01 9.999999e-02 0.000000e+00 0.000000e+00 0.000000e+00
 0.000000e+00 0.000000e+00 0.000000e+00 0.000000e+00 0.000000e+00 0.000000e+00 0.000000e+00 0.000000e+00 0.000000e+00 9.000000e-01 9.999999e-02 0.000000e+00 0.000000e+00
 0.000000e+00 0.000000e+00 0.000000e+00 0.000000e+00 0.000000e+00 0.000000e+00 0.000000e+00 0.000000e+00 0.000000e+00 0.000000e+00 9.000000e-01 9.999999e-02 0.000000e+00
 0.000000e+00 0.000000e+00 0.000000e+00 0.000000e+00 0.000000e+00 0.000000e+00 0.000000e+00 0.000000e+00 0.000000e+00 0.000000e+00 0.000000e+00 9.000000e-01 9.999999e-02
 0.000000e+00 0.000000e+00 0.000000e+00 0.000000e+00 0.000000e+00 0.000000e+00 0.000000e+00 0.000000e+00 0.000000e+00 0.000000e+00 0.000000e+00 0.000000e+00 0.000000e+00
<ENDHMM>
