~o
<STREAMINFO> 1 12
<VECSIZE> 12<NULLD><MFCC_Z><DIAGC>
~h "s068"
<BEGINHMM>
<NUMSTATES> 7
<STATE> 2
<MEAN> 12
 7.702044e+00 -1.169886e+01 -2.314257e+00 4.656431e+00 3.554464e+00 2.095071e+00 8.897461e+00 -7.022509e+00 3.758958e+00 -1.066309e+00 -3.047355e+00 1.028298e+01
<VARIANCE> 12
 6.465485e+00 1.601970e+01 1.124800e+01 3.468758e+00 1.599056e+01 2.230060e+01 1.445499e+01 1.241426e+01 2.050549e+01 9.063038e+00 1.151728e+01 1.580071e+01
<GCONST> 5.185411e+01
<STATE> 3
<MEAN> 12
 4.612174e+00 -9.304466e+00 -5.986890e+00 5.960215e+00 7.647243e+00 -1.109476e+01 -2.935159e+00 -3.787546e+00 1.036119e+01 3.570554e+00 -9.979226e-01 -1.201361e-02
<VARIANCE> 12
 7.350731e+00 1.601970e+01 1.206840e+01 1.206387e+01 5.766837e+00 3.864275e+01 8.750534e+00 4.863289e+01 1.262683e+01 1.032083e+01 8.636571e+00 1.332839e+01
<GCONST> 5.287974e+01
<STATE> 4
<MEAN> 12
 -4.718745e+00 1.772629e+00 4.127259e+00 -5.562169e+00 5.951017e+00 -1.051321e+01 -7.533457e+00 2.417001e+00 2.694974e+00 -1.390603e+00 8.171776e+00 -6.416779e-01
<VARIANCE> 12
 6.465485e+00 1.984486e+01 2.425079e+00 9.045373e+00 7.658261e+00 1.473755e+01 8.750534e+00 1.910349e+01 6.912955e+00 1.955543e+00 2.459160e+01 1.332839e+01
<GCONST> 4.823860e+01
<STATE> 5
<MEAN> 12
 -6.757333e+00 9.902915e+00 1.169227e+00 -3.990455e+00 -6.857044e+00 3.413093e+00 -6.498804e+00 5.584007e+00 -4.152574e+00 -2.140368e+00 -7.901089e-01 -1.172308e+01
<VARIANCE> 12
 6.465485e+00 1.601970e+01 2.584579e+00 3.776654e+00 7.350414e+00 6.305325e+00 8.750534e+00 7.442576e+00 1.504027e+01 7.408126e+00 5.310568e+01 1.608043e+01
<GCONST> 4.844890e+01
<STATE> 6
<MEAN> 12
 -3.936224e+00 9.520879e+00 2.456967e+00 -2.307601e+00 -2.848144e+00 8.839076e-01 -2.492801e+00 4.958189e+00 -5.740990e+00 3.665524e+00 2.517910e+00 -2.649806e+00
<VARIANCE> 12
 6.465485e+00 1.601970e+01 4.663872e+00 6.310468e+00 1.839436e+01 1.134785e+01 2.034603e+01 2.322061e+01 3.877414e+01 6.385290e+00 1.196321e+01 1.802615e+01
<GCONST> 5.246128e+01
<TRANSP> 7
 0.000000e+00 1.000000e+00 0.000000e+00 0.000000e+00 0.000000e+00 0.000000e+00 0.000000e+00
 0.000000e+00 9.329006e-01 6.709939e-02 0.000000e+00 0.000000e+00 0.000000e+00 0.000000e+00
 0.000000e+00 0.000000e+00 6.635451e-01 3.364549e-01 0.000000e+00 0.000000e+00 0.000000e+00
 0.000000e+00 0.000000e+00 0.000000e+00 7.562515e-01 2.437485e-01 0.000000e+00 0.000000e+00
 0.000000e+00 0.000000e+00 0.000000e+00 0.000000e+00 9.069669e-01 9.303305e-02 0.000000e+00
 0.000000e+00 0.000000e+00 0.000000e+00 0.000000e+00 0.000000e+00 8.921613e-01 1.078387e-01
 0.000000e+00 0.000000e+00 0.000000e+00 0.000000e+00 0.000000e+00 0.000000e+00 0.000000e+00
<ENDHMM>
