~o
<STREAMINFO> 1 12
<VECSIZE> 12<NULLD><MFCC_Z><DIAGC>
~h "s040"
<BEGINHMM>
<NUMSTATES> 9
<STATE> 2
<MEAN> 12
 -9.906103e+00 1.085279e+01 4.867656e+00 -3.092925e+00 3.100809e+00 5.477933e+00 -1.718169e+00 5.651378e+00 9.279037e+00 1.228729e-01 5.331541e+00 -1.968875e+00
<VARIANCE> 12
 3.322865e+01 7.726781e+00 8.856871e+00 9.332742e+01 5.849264e+01 2.044251e+01 7.552378e+01 5.799401e+01 1.147547e+01 2.924454e+01 5.424319e+01 1.667890e+01
<GCONST> 6.241477e+01
<STATE> 3
<MEAN> 12
 -1.983292e+00 -3.653645e+00 5.914041e-01 -5.044412e+00 -4.997745e+00 4.363952e+00 3.683743e+00 2.874364e-02 -8.379464e+00 4.393796e+00 -2.384176e+00 6.204324e+00
<VARIANCE> 12
 5.646717e+00 1.375085e+01 2.038494e+01 2.105110e+01 3.973053e+00 2.517138e+01 4.049396e+01 1.539436e+01 3.603548e+01 2.190734e+01 6.281070e+00 7.018843e+00
<GCONST> 5.396631e+01
<STATE> 4
<MEAN> 12
 2.123472e+00 1.588016e+00 -4.060475e-01 -5.413188e+00 -1.448119e-02 -1.574819e+00 2.061572e+00 3.958483e-01 -3.558766e+00 1.029551e+00 1.293929e+00 -2.203066e+00
<VARIANCE> 12
 1.123316e+01 1.921310e+01 8.914501e+00 1.147042e+01 1.457675e+01 2.811180e+01 1.069666e+01 2.005748e+01 1.777825e+01 1.574670e+01 5.915923e+01 2.759503e+01
<GCONST> 5.647306e+01
<STATE> 5
<MEAN> 12
 -4.136990e+00 6.878246e+00 5.581558e+00 -6.119011e+00 -9.310911e-01 4.459863e+00 -3.358157e+00 -1.880100e+00 -1.249423e-01 -3.939801e-01 1.266600e+00 -5.120930e+00
<VARIANCE> 12
 7.767389e+00 2.903184e+01 1.396485e+01 2.001600e+01 3.023998e+01 1.538204e+01 1.867007e+01 1.090652e+01 5.319871e+01 1.249346e+01 3.343955e+01 2.430002e+01
<GCONST> 5.776403e+01
<STATE> 6
<MEAN> 12
 -3.943338e-01 -9.161893e+00 -2.442730e+00 3.841151e+00 1.851305e+00 -3.192406e+00 2.704428e+00 3.808642e+00 -1.243208e+01 4.740413e+00 5.663338e-01 5.878707e+00
<VARIANCE> 12
 5.435763e+00 7.726781e+00 8.190884e+00 9.612925e+00 4.550633e+00 8.750185e+00 3.953171e+00 3.786280e+00 1.147547e+01 9.853285e+00 5.545061e+00 5.184634e+00
<GCONST> 4.463521e+01
<STATE> 7
<MEAN> 12
 2.985762e+00 -7.967726e+00 -7.014331e+00 9.333614e+00 -2.057672e+00 -4.844388e+00 -1.105792e+00 4.146594e-01 8.369640e-01 -4.604245e+00 -3.254699e+00 4.907352e+00
<VARIANCE> 12
 5.435763e+00 7.726781e+00 4.191661e+00 9.612925e+00 3.842435e+00 5.277327e+00 3.953171e+00 3.786280e+00 5.370052e+01 9.355421e+00 1.227794e+01 1.559851e+01
<GCONST> 4.667821e+01
<STATE> 8
<MEAN> 12
 7.379411e+00 -2.665031e+00 -2.359350e+00 8.785770e+00 3.529818e+00 -4.568527e+00 -8.575528e-01 -3.866499e+00 8.788562e+00 -2.640228e+00 -1.856445e+00 -2.206371e+00
<VARIANCE> 12
 7.520891e+00 7.726781e+00 1.493197e+01 9.612925e+00 1.252901e+01 1.498819e+01 4.942214e+00 1.326397e+01 1.701774e+01 5.784300e+01 2.646145e+01 1.230877e+01
<GCONST> 5.317968e+01
<TRANSP> 9
 0.000000e+00 1.000000e+00 0.000000e+00 0.000000e+00 0.000000e+00 0.000000e+00 0.000000e+00 0.000000e+00 0.000000e+00
 0.000000e+00 8.335989e-01 1.664012e-01 0.000000e+00 0.000000e+00 0.000000e+00 0.000000e+00 0.000000e+00 0.000000e+00
 0.000000e+00 0.000000e+00 8.658906e-01 1.341095e-01 0.000000e+00 0.000000e+00 0.000000e+00 0.000000e+00 0.000000e+00
 0.000000e+00 0.000000e+00 0.000000e+00 8.996884e-01 1.003116e-01 0.000000e+00 0.000000e+00 0.000000e+00 0.000000e+00
 0.000000e+00 0.000000e+00 0.000000e+00 0.000000e+00 8.954471e-01 1.045529e-01 0.000000e+00 0.000000e+00 0.000000e+00
 0.000000e+00 0.000000e+00 0.000000e+00 0.000000e+00 0.000000e+00 7.491543e-01 2.508457e-01 0.000000e+00 0.000000e+00
 0.000000e+00 0.000000e+00 0.000000e+00 0.000000e+00 0.000000e+00 0.000000e+00 8.594506e-01 1.405494e-01 0.000000e+00
 0.000000e+00 0.000000e+00 0.000000e+00 0.000000e+00 0.000000e+00 0.000000e+00 0.000000e+00 8.989788e-01 1.010212e-01
 0.000000e+00 0.000000e+00 0.000000e+00 0.000000e+00 0.000000e+00 0.000000e+00 0.000000e+00 0.000000e+00 0.000000e+00
<ENDHMM>
