~o
<STREAMINFO> 1 39
<VECSIZE> 39<NULLD><MFCC_E_D_A_Z><DIAGC>
~h "s000"
<BEGINHMM>
<NUMSTATES> 6
<STATE> 2
<MEAN> 39
 3.540870e-08 -1.324285e-06 -6.137508e-08 -3.729716e-07 -3.776928e-08 -1.321925e-07 -8.025972e-07 -1.699618e-07 -8.262030e-08 1.888464e-08 -5.665392e-08 -5.665392e-08 6.817583e-01 1.362059e-03 -9.321906e-02 -5.596267e-02 1.371485e-01 2.056534e-01 1.759652e-01 8.867443e-02 -6.786577e-02 2.471718e-02 -8.515126e-02 1.546504e-01 2.191783e-03 -3.748521e-03 1.395551e-02 5.361809e-03 -9.813521e-05 2.580971e-03 2.058005e-02 -1.708542e-02 1.736269e-02 -1.554349e-02 8.965639e-03 1.062529e-03 -1.112208e-03 1.744359e-02 -5.743378e-05
<VARIANCE> 39
 1.512198e+01 9.396395e+01 2.908945e+01 3.716953e+01 4.863181e+01 5.062870e+01 7.671664e+01 5.649564e+01 3.292985e+01 4.730989e+01 3.353781e+01 2.846856e+01 2.671069e-02 1.436016e+00 2.201260e+00 2.162500e+00 2.678458e+00 2.618784e+00 3.875140e+00 3.700712e+00 3.806265e+00 3.513062e+00 3.063678e+00 3.900432e+00 2.696164e+00 1.695105e-03 2.412287e-01 2.732974e-01 2.960321e-01 4.667335e-01 4.156378e-01 7.253993e-01 6.406733e-01 7.148821e-01 6.328515e-01 5.319925e-01 8.110386e-01 5.803422e-01 2.728674e-04
<GCONST> 1.021869e+02
<STATE> 3
<MEAN> 39
 3.540870e-08 -1.324285e-06 -6.137508e-08 -3.729716e-07 -3.776928e-08 -1.321925e-07 -8.025972e-07 -1.699618e-07 -8.262030e-08 1.888464e-08 -5.665392e-08 -5.665392e-08 6.817583e-01 1.362059e-03 -9.321906e-02 -5.596267e-02 1.371485e-01 2.056534e-01 1.759652e-01 8.867443e-02 -6.786577e-02 2.471718e-02 -8.515126e-02 1.546504e-01 2.191783e-03 -3.748521e-03 1.395551e-02 5.361809e-03 -9.813521e-05 2.580971e-03 2.058005e-02 -1.708542e-02 1.736269e-02 -1.554349e-02 8.965639e-03 1.062529e-03 -1.112208e-03 1.744359e-02 -5.743378e-05
<VARIANCE> 39
 1.512198e+01 9.396395e+01 2.908945e+01 3.716953e+01 4.863181e+01 5.062870e+01 7.671664e+01 5.649564e+01 3.292985e+01 4.730989e+01 3.353781e+01 2.846856e+01 2.671069e-02 1.436016e+00 2.201260e+00 2.162500e+00 2.678458e+00 2.618784e+00 3.875140e+00 3.700712e+00 3.806265e+00 3.513062e+00 3.063678e+00 3.900432e+00 2.696164e+00 1.695105e-03 2.412287e-01 2.732974e-01 2.960321e-01 4.667335e-01 4.156378e-01 7.253993e-01 6.406733e-01 7.148821e-01 6.328515e-01 5.319925e-01 8.110386e-01 5.803422e-01 2.728674e-04
<GCONST> 1.021869e+02
<STATE> 4
<MEAN> 39
 3.540870e-08 -1.324285e-06 -6.137508e-08 -3.729716e-07 -3.776928e-08 -1.321925e-07 -8.025972e-07 -1.699618e-07 -8.262030e-08 1.888464e-08 -5.665392e-08 -5.665392e-08 6.817583e-01 1.362059e-03 -9.321906e-02 -5.596267e-02 1.371485e-01 2.056534e-01 1.759652e-01 8.867443e-02 -6.786577e-02 2.471718e-02 -8.515126e-02 1.546504e-01 2.191783e-03 -3.748521e-03 1.395551e-02 5.361809e-03 -9.813521e-05 2.580971e-03 2.058005e-02 -1.708542e-02 1.736269e-02 -1.554349e-02 8.965639e-03 1.062529e-03 -1.112208e-03 1.744359e-02 -5.743378e-05
<VARIANCE> 39
 1.512198e+01 9.396395e+01 2.908945e+01 3.716953e+01 4.863181e+01 5.062870e+01 7.671664e+01 5.649564e+01 3.292985e+01 4.730989e+01 3.353781e+01 2.846856e+01 2.671069e-02 1.436016e+00 2.201260e+00 2.162500e+00 2.678458e+00 2.618784e+00 3.875140e+00 3.700712e+00 3.806265e+00 3.513062e+00 3.063678e+00 3.900432e+00 2.696164e+00 1.695105e-03 2.412287e-01 2.732974e-01 2.960321e-01 4.667335e-01 4.156378e-01 7.253993e-01 6.406733e-01 7.148821e-01 6.328515e-01 5.319925e-01 8.110386e-01 5.803422e-01 2.728674e-04
<GCONST> 1.021869e+02
<STATE> 5
<MEAN> 39
 3.540870e-08 -1.324285e-06 -6.137508e-08 -3.729716e-07 -3.776928e-08 -1.321925e-07 -8.025972e-07 -1.699618e-07 -8.262030e-08 1.888464e-08 -5.665392e-08 -5.665392e-08 6.817583e-01 1.362059e-03 -9.321906e-02 -5.596267e-02 1.371485e-01 2.056534e-01 1.759652e-01 8.867443e-02 -6.786577e-02 2.471718e-02 -8.515126e-02 1.546504e-01 2.191783e-03 -3.748521e-03 1.395551e-02 5.361809e-03 -9.813521e-05 2.580971e-03 2.058005e-02 -1.708542e-02 1.736269e-02 -1.554349e-02 8.965639e-03 1.062529e-03 -1.112208e-03 1.744359e-02 -5.743378e-05
<VARIANCE> 39
 1.512198e+01 9.396395e+01 2.908945e+01 3.716953e+01 4.863181e+01 5.062870e+01 7.671664e+01 5.649564e+01 3.292985e+01 4.730989e+01 3.353781e+01 2.846856e+01 2.671069e-02 1.436016e+00 2.201260e+00 2.162500e+00 2.678458e+00 2.618784e+00 3.875140e+00 3.700712e+00 3.806265e+00 3.513062e+00 3.063678e+00 3.900432e+00 2.696164e+00 1.695105e-03 2.412287e-01 2.732974e-01 2.960321e-01 4.667335e-01 4.156378e-01 7.253993e-01 6.406733e-01 7.148821e-01 6.328515e-01 5.319925e-01 8.110386e-01 5.803422e-01 2.728674e-04
<GCONST> 1.021869e+02
<TRANSP> 6
 0.000000e+00 1.000000e+00 0.000000e+00 0.000000e+00 0.000000e+00 0.000000e+00
 0.000000e+00 9.000000e-01 9.999999e-02 0.000000e+00 0.000000e+00 0.000000e+00
 0.000000e+00 0.000000e+00 9.000000e-01 9.999999e-02 0.000000e+00 0.000000e+00
 0.000000e+00 0.000000e+00 0.000000e+00 9.000000e-01 9.999999e-02 0.000000e+00
 0.000000e+00 0.000000e+00 0.000000e+00 0.000000e+00 9.000000e-01 9.999999e-02
 0.000000e+00 0.000000e+00 0.000000e+00 0.000000e+00 0.000000e+00 0.000000e+00
<ENDHMM>
