~o
<STREAMINFO> 1 12
<VECSIZE> 12<NULLD><MFCC_Z><DIAGC>
~h "T13771660825"
<BEGINHMM>
<NUMSTATES> 5
<STATE> 2
<MEAN> 12
 1.230547e-07 -1.288229e-07 -1.845821e-07 4.306916e-07 -6.152737e-08 3.076369e-08 -4.268462e-07 1.845821e-07 1.615094e-07 3.999279e-07 -1.538184e-08 -1.230547e-07
<VARIANCE> 12
 1.928955e+01 1.968371e+01 3.538836e+01 3.247768e+01 6.756615e+01 9.961435e+01 9.240113e+01 4.914737e+01 8.139402e+01 6.798163e+01 1.372266e+01 3.891757e+01
<GCONST> 6.717523e+01
<STATE> 3
<MEAN> 12
 1.230547e-07 -1.288229e-07 -1.845821e-07 4.306916e-07 -6.152737e-08 3.076369e-08 -4.268462e-07 1.845821e-07 1.615094e-07 3.999279e-07 -1.538184e-08 -1.230547e-07
<VARIANCE> 12
 1.928955e+01 1.968371e+01 3.538836e+01 3.247768e+01 6.756615e+01 9.961435e+01 9.240113e+01 4.914737e+01 8.139402e+01 6.798163e+01 1.372266e+01 3.891757e+01
<GCONST> 6.717523e+01
<STATE> 4
<MEAN> 12
 1.230547e-07 -1.288229e-07 -1.845821e-07 4.306916e-07 -6.152737e-08 3.076369e-08 -4.268462e-07 1.845821e-07 1.615094e-07 3.999279e-07 -1.538184e-08 -1.230547e-07
<VARIANCE> 12
 1.928955e+01 1.968371e+01 3.538836e+01 3.247768e+01 6.756615e+01 9.961435e+01 9.240113e+01 4.914737e+01 8.139402e+01 6.798163e+01 1.372266e+01 3.891757e+01
<GCONST> 6.717523e+01
<TRANSP> 5
 0.000000e+00 1.000000e+00 0.000000e+00 0.000000e+00 0.000000e+00
 0.000000e+00 9.000000e-01 9.999999e-02 0.000000e+00 0.000000e+00
 0.000000e+00 0.000000e+00 9.000000e-01 9.999999e-02 0.000000e+00
 0.000000e+00 0.000000e+00 0.000000e+00 9.000000e-01 9.999999e-02
 0.000000e+00 0.000000e+00 0.000000e+00 0.000000e+00 0.000000e+00
<ENDHMM>
