~o
<STREAMINFO> 1 12
<VECSIZE> 12<NULLD><MFCC_Z><DIAGC>
~h "s010"
<BEGINHMM>
<NUMSTATES> 11
<STATE> 2
<MEAN> 12
 -2.942193e+00 -2.694586e+00 -5.142625e+00 -1.057123e+00 4.285040e-01 4.123538e-01 7.683097e-01 -4.929780e+00 -4.632563e+00 -1.283894e+01 1.481611e+00 -6.234429e-01
<VARIANCE> 12
 7.699697e+00 2.452303e+01 7.085711e+00 7.886612e+00 5.838898e+01 9.010973e+01 5.380169e+01 1.298350e+01 1.450108e+01 2.814042e+01 1.283581e+01 6.620987e+01
<GCONST> 5.919220e+01
<STATE> 3
<MEAN> 12
 -3.974922e+00 -1.053544e+01 -1.101873e+00 1.715907e+00 7.560911e+00 -7.716119e+00 -4.653494e+00 2.689875e-01 -7.035366e+00 2.318986e+00 1.628833e+00 -4.788395e+00
<VARIANCE> 12
 5.013245e+00 9.469024e+00 4.000367e+00 9.201937e+00 1.481159e+01 3.290167e+01 3.075242e+01 1.127831e+01 1.291409e+01 2.424041e+01 2.822799e+01 7.226172e+00
<GCONST> 5.262259e+01
<STATE> 4
<MEAN> 12
 2.492213e+00 -6.662209e+00 1.634469e+00 6.349497e+00 9.463448e+00 7.521908e+00 3.629032e-01 5.565767e-01 4.363234e+00 2.268055e+00 3.063366e+00 -5.439414e+00
<VARIANCE> 12
 9.387426e+00 9.469024e+00 4.000367e+00 2.798285e+01 1.518031e+01 3.481810e+01 3.383240e+01 1.604779e+01 2.402964e+01 1.383244e+01 1.814356e+01 1.926784e+01
<GCONST> 5.549009e+01
<STATE> 5
<MEAN> 12
 -3.673784e+00 -2.999740e+00 3.368043e+00 9.226834e-01 6.464459e+00 1.071708e+01 -8.226826e+00 2.845212e+00 6.548962e+00 -9.285582e-01 2.033802e+00 -7.236210e-01
<VARIANCE> 12
 1.604132e+01 2.179508e+01 5.328875e+00 1.895587e+01 1.481159e+01 1.231930e+01 5.339756e+01 2.290067e+01 1.919132e+01 1.522153e+01 1.249736e+01 2.012738e+01
<GCONST> 5.604691e+01
<STATE> 6
<MEAN> 12
 2.794416e+00 7.595253e+00 1.206551e+01 -4.676415e+00 -7.631429e+00 3.704691e+00 -6.143357e+00 2.123106e+00 8.550263e+00 -3.662677e-01 -1.976721e+00 -2.671486e+00
<VARIANCE> 12
 7.900923e+00 9.469024e+00 8.753569e+00 5.259043e+00 4.210151e+01 1.231930e+01 3.171569e+01 1.287715e+01 9.315030e+00 2.172038e+01 1.010282e+01 1.248783e+01
<GCONST> 5.260991e+01
<STATE> 7
<MEAN> 12
 3.552241e+00 1.130894e+01 4.519240e+00 9.154550e-01 -9.989253e+00 -7.145890e+00 1.967773e+00 4.807430e+00 1.181833e+00 1.623717e+00 -3.145215e+00 1.202650e+00
<VARIANCE> 12
 2.062418e+00 9.469024e+00 2.056619e+01 2.190487e+01 1.481159e+01 2.140658e+01 1.863534e+01 1.174860e+01 3.111342e+01 2.220557e+01 1.820013e+01 1.277641e+01
<GCONST> 5.427170e+01
<STATE> 8
<MEAN> 12
 1.625329e+00 8.466777e+00 -3.178357e+00 -3.412834e+00 -1.420282e+01 -8.211617e+00 1.051674e+00 9.707360e-01 2.915588e-02 1.915179e+00 -4.801273e-01 4.567441e+00
<VARIANCE> 12
 4.577650e+00 9.469024e+00 6.771585e+00 1.041364e+01 2.829428e+01 1.231930e+01 5.639167e+01 2.553762e+01 1.758219e+01 1.072534e+01 3.862202e+01 5.600724e+00
<GCONST> 5.382211e+01
<STATE> 9
<MEAN> 12
 1.048133e+00 1.804045e+00 -5.797340e+00 -3.336591e+00 -2.280616e+00 1.320645e-01 8.727335e+00 -3.131330e+00 -1.016628e+00 -2.972555e+00 -7.852088e+00 1.081094e+01
<VARIANCE> 12
 4.296244e+00 9.469024e+00 4.000367e+00 7.015700e+00 4.594162e+01 1.559721e+01 8.783478e+00 1.482017e+01 1.383480e+01 5.204339e+00 9.122126e+00 8.977534e+00
<GCONST> 4.922027e+01
<STATE> 10
<MEAN> 12
 4.535984e-01 -9.059876e-02 -1.263574e+00 -3.511208e-01 6.585211e+00 1.014117e+01 5.320212e+00 -3.606107e+00 1.704191e-02 1.724580e+00 1.647959e+00 7.466108e-01
<VARIANCE> 12
 3.537151e+00 9.469024e+00 7.505017e+00 5.345404e+00 1.481159e+01 1.231930e+01 3.526031e+01 1.180761e+01 1.592674e+01 8.196854e+00 1.671851e+01 1.753915e+01
<GCONST> 5.104847e+01
<TRANSP> 11
 0.000000e+00 1.000000e+00 0.000000e+00 0.000000e+00 0.000000e+00 0.000000e+00 0.000000e+00 0.000000e+00 0.000000e+00 0.000000e+00 0.000000e+00
 0.000000e+00 8.232765e-01 1.767235e-01 0.000000e+00 0.000000e+00 0.000000e+00 0.000000e+00 0.000000e+00 0.000000e+00 0.000000e+00 0.000000e+00
 0.000000e+00 0.000000e+00 9.194350e-01 8.056506e-02 0.000000e+00 0.000000e+00 0.000000e+00 0.000000e+00 0.000000e+00 0.000000e+00 0.000000e+00
 0.000000e+00 0.000000e+00 0.000000e+00 8.761493e-01 1.238507e-01 0.000000e+00 0.000000e+00 0.000000e+00 0.000000e+00 0.000000e+00 0.000000e+00
 0.000000e+00 0.000000e+00 0.000000e+00 0.000000e+00 8.183402e-01 1.816598e-01 0.000000e+00 0.000000e+00 0.000000e+00 0.000000e+00 0.000000e+00
 0.000000e+00 0.000000e+00 0.000000e+00 0.000000e+00 0.000000e+00 7.781630e-01 2.218370e-01 0.000000e+00 0.000000e+00 0.000000e+00 0.000000e+00
 0.000000e+00 0.000000e+00 0.000000e+00 0.000000e+00 0.000000e+00 0.000000e+00 8.654518e-01 1.345482e-01 0.000000e+00 0.000000e+00 0.000000e+00
 0.000000e+00 0.000000e+00 0.000000e+00 0.000000e+00 0.000000e+00 0.000000e+00 0.000000e+00 9.049367e-01 9.506325e-02 0.000000e+00 0.000000e+00
 0.000000e+00 0.000000e+00 0.000000e+00 0.000000e+00 0.000000e+00 0.000000e+00 0.000000e+00 0.000000e+00 8.163648e-01 1.836351e-01 0.000000e+00
 0.000000e+00 0.000000e+00 0.000000e+00 0.000000e+00 0.000000e+00 0.000000e+00 0.000000e+00 0.000000e+00 0.000000e+00 8.941249e-01 1.058750e-01
 0.000000e+00 0.000000e+00 0.000000e+00 0.000000e+00 0.000000e+00 0.000000e+00 0.000000e+00 0.000000e+00 0.000000e+00 0.000000e+00 0.000000e+00
<ENDHMM>
