~o
<STREAMINFO> 1 12
<VECSIZE> 12<NULLD><MFCC_Z><DIAGC>
~h "s072"
<BEGINHMM>
<NUMSTATES> 11
<STATE> 2
<MEAN> 12
 -1.623659e+01 5.525799e+00 8.023268e+00 2.970105e+00 2.123871e+01 5.724345e+00 -1.647776e+00 4.245932e+00 8.904530e+00 3.590716e+00 6.191766e+00 7.965372e+00
<VARIANCE> 12
 9.088732e+00 8.333515e+00 5.355152e+00 7.881725e+00 1.380984e+01 1.629261e+01 6.804539e+00 2.109734e+01 2.356832e+01 1.910097e+01 2.953149e+01 1.860736e+01
<GCONST> 5.292594e+01
<STATE> 3
<MEAN> 12
 -1.431889e+00 -1.366220e+00 1.295063e+00 -3.686431e+00 -3.130195e-01 -6.696452e+00 -4.003833e+00 -6.496078e+00 -2.330798e+00 -4.335010e+00 -5.911675e+00 1.578666e+00
<VARIANCE> 12
 9.088732e+00 1.085306e+01 5.355152e+00 7.881725e+00 1.380984e+01 1.164424e+01 5.537149e+00 2.109734e+01 1.117356e+01 1.612362e+01 4.064967e+00 4.770645e+00
<GCONST> 4.838815e+01
<STATE> 4
<MEAN> 12
 -1.172893e+00 -7.421701e+00 -1.909626e+00 8.745387e-01 -5.213431e+00 6.521535e-01 4.283290e-01 -1.385973e+01 4.514516e+00 -3.119735e+00 1.239058e+00 7.355632e-01
<VARIANCE> 12
 1.435782e+01 1.356758e+01 5.355152e+00 1.851328e+01 1.485743e+01 1.164424e+01 6.158719e+00 2.109734e+01 4.157435e+01 3.339433e+01 8.454963e+00 1.683170e+01
<GCONST> 5.413726e+01
<STATE> 5
<MEAN> 12
 -5.945266e-01 -1.134052e+00 2.133016e-01 3.888406e+00 -3.110363e+00 5.667425e+00 -2.385353e+00 -1.091416e-01 2.778346e+00 1.218228e-01 -1.447768e+00 -2.481595e+00
<VARIANCE> 12
 1.100883e+01 8.333515e+00 1.080553e+01 7.881725e+00 2.491030e+01 8.411804e+01 1.514400e+01 2.639519e+01 1.233287e+01 3.474388e+01 2.159730e+01 1.307083e+01
<GCONST> 5.635962e+01
<STATE> 6
<MEAN> 12
 1.856404e-01 -4.612494e+00 -6.133607e+00 4.655408e+00 -5.086985e+00 -1.204572e+01 5.559059e+00 7.392748e+00 -1.026424e+01 -1.318872e+00 7.998697e-02 -5.396097e-01
<VARIANCE> 12
 9.088732e+00 8.333515e+00 5.355152e+00 7.881725e+00 1.380984e+01 1.164424e+01 2.723246e+01 2.109734e+01 1.875316e+01 7.864368e+00 1.285870e+01 9.699215e+00
<GCONST> 5.137797e+01
<STATE> 7
<MEAN> 12
 4.185422e+00 2.122927e+00 -3.165715e-01 4.160336e+00 -3.398839e+00 -6.697443e+00 8.005429e+00 6.200989e+00 -8.111061e+00 6.100807e+00 -2.112781e-01 -5.700400e+00
<VARIANCE> 12
 9.088732e+00 8.333515e+00 6.733362e+00 7.881725e+00 1.380984e+01 1.265353e+01 3.123168e+01 2.109734e+01 1.117356e+01 7.864368e+00 2.969522e+01 5.585258e+00
<GCONST> 5.159438e+01
<STATE> 8
<MEAN> 12
 2.507223e+00 1.010742e+01 6.809967e+00 -1.170153e+01 1.515064e+00 4.613245e+00 -1.277300e+00 1.539188e+01 -2.476569e+00 -5.343602e+00 -2.052625e+00 -2.233944e+00
<VARIANCE> 12
 9.088732e+00 8.333515e+00 5.355152e+00 1.230645e+01 1.380984e+01 1.164424e+01 5.001893e+00 2.109734e+01 1.117356e+01 7.864368e+00 5.865438e+00 1.611294e+01
<GCONST> 4.933378e+01
<STATE> 9
<MEAN> 12
 4.960678e+00 6.320896e+00 8.402219e-01 -5.750278e+00 3.058698e+00 2.534474e+00 -5.058563e+00 3.620809e+00 -3.951622e+00 1.243210e+01 -3.715298e+00 -1.281433e+00
<VARIANCE> 12
 9.088732e+00 8.705133e+00 9.063922e+00 7.881725e+00 1.380984e+01 1.164424e+01 1.305082e+01 2.109734e+01 1.117356e+01 2.368418e+01 9.738625e+00 4.770645e+00
<GCONST> 5.080945e+01
<STATE> 10
<MEAN> 12
 8.463029e+00 1.091820e+00 -3.710609e+00 3.774359e-01 5.741187e-02 1.037282e+00 -3.378441e+00 -5.930807e+00 2.392450e+00 1.797346e+00 -1.088190e+00 8.259744e-01
<VARIANCE> 12
 9.088732e+00 8.333515e+00 1.539125e+01 3.051177e+01 1.380984e+01 4.247270e+01 5.911204e+00 2.109734e+01 1.670928e+01 2.050380e+01 7.422801e+00 1.534014e+01
<GCONST> 5.430560e+01
<TRANSP> 11
 0.000000e+00 1.000000e+00 0.000000e+00 0.000000e+00 0.000000e+00 0.000000e+00 0.000000e+00 0.000000e+00 0.000000e+00 0.000000e+00 0.000000e+00
 0.000000e+00 8.571429e-01 1.428571e-01 0.000000e+00 0.000000e+00 0.000000e+00 0.000000e+00 0.000000e+00 0.000000e+00 0.000000e+00 0.000000e+00
 0.000000e+00 0.000000e+00 2.922386e-01 7.077615e-01 0.000000e+00 0.000000e+00 0.000000e+00 0.000000e+00 0.000000e+00 0.000000e+00 0.000000e+00
 0.000000e+00 0.000000e+00 0.000000e+00 9.376387e-01 6.236135e-02 0.000000e+00 0.000000e+00 0.000000e+00 0.000000e+00 0.000000e+00 0.000000e+00
 0.000000e+00 0.000000e+00 0.000000e+00 0.000000e+00 8.773304e-01 1.226696e-01 0.000000e+00 0.000000e+00 0.000000e+00 0.000000e+00 0.000000e+00
 0.000000e+00 0.000000e+00 0.000000e+00 0.000000e+00 0.000000e+00 8.976917e-01 1.023084e-01 0.000000e+00 0.000000e+00 0.000000e+00 0.000000e+00
 0.000000e+00 0.000000e+00 0.000000e+00 0.000000e+00 0.000000e+00 0.000000e+00 7.833154e-01 2.166846e-01 0.000000e+00 0.000000e+00 0.000000e+00
 0.000000e+00 0.000000e+00 0.000000e+00 0.000000e+00 0.000000e+00 0.000000e+00 0.000000e+00 8.910296e-01 1.089704e-01 0.000000e+00 0.000000e+00
 0.000000e+00 0.000000e+00 0.000000e+00 0.000000e+00 0.000000e+00 0.000000e+00 0.000000e+00 0.000000e+00 7.389003e-01 2.610997e-01 0.000000e+00
 0.000000e+00 0.000000e+00 0.000000e+00 0.000000e+00 0.000000e+00 0.000000e+00 0.000000e+00 0.000000e+00 0.000000e+00 8.889310e-01 1.110690e-01
 0.000000e+00 0.000000e+00 0.000000e+00 0.000000e+00 0.000000e+00 0.000000e+00 0.000000e+00 0.000000e+00 0.000000e+00 0.000000e+00 0.000000e+00
<ENDHMM>
