~o
<STREAMINFO> 1 12
<VECSIZE> 12<NULLD><MFCC_Z><DIAGC>
~h "s051"
<BEGINHMM>
<NUMSTATES> 10
<STATE> 2
<MEAN> 12
 -2.384186e-07 -4.927317e-07 2.940496e-07 -1.430512e-07 -2.702077e-07 -1.907349e-07 -2.225240e-07 -3.258387e-07 -3.973643e-09 -3.814697e-07 9.536743e-08 -3.178915e-08
<VARIANCE> 12
 3.815128e+01 1.055415e+02 8.697627e+01 9.768781e+01 5.207671e+01 6.643233e+01 4.760405e+01 3.608950e+01 3.651093e+01 5.274696e+01 6.852075e+01 6.157503e+01
<GCONST> 7.091093e+01
<STATE> 3
<MEAN> 12
 -2.384186e-07 -4.927317e-07 2.940496e-07 -1.430512e-07 -2.702077e-07 -1.907349e-07 -2.225240e-07 -3.258387e-07 -3.973643e-09 -3.814697e-07 9.536743e-08 -3.178915e-08
<VARIANCE> 12
 3.815128e+01 1.055415e+02 8.697627e+01 9.768781e+01 5.207671e+01 6.643233e+01 4.760405e+01 3.608950e+01 3.651093e+01 5.274696e+01 6.852075e+01 6.157503e+01
<GCONST> 7.091093e+01
<STATE> 4
<MEAN> 12
 -2.384186e-07 -4.927317e-07 2.940496e-07 -1.430512e-07 -2.702077e-07 -1.907349e-07 -2.225240e-07 -3.258387e-07 -3.973643e-09 -3.814697e-07 9.536743e-08 -3.178915e-08
<VARIANCE> 12
 3.815128e+01 1.055415e+02 8.697627e+01 9.768781e+01 5.207671e+01 6.643233e+01 4.760405e+01 3.608950e+01 3.651093e+01 5.274696e+01 6.852075e+01 6.157503e+01
<GCONST> 7.091093e+01
<STATE> 5
<MEAN> 12
 -2.384186e-07 -4.927317e-07 2.940496e-07 -1.430512e-07 -2.702077e-07 -1.907349e-07 -2.225240e-07 -3.258387e-07 -3.973643e-09 -3.814697e-07 9.536743e-08 -3.178915e-08
<VARIANCE> 12
 3.815128e+01 1.055415e+02 8.697627e+01 9.768781e+01 5.207671e+01 6.643233e+01 4.760405e+01 3.608950e+01 3.651093e+01 5.274696e+01 6.852075e+01 6.157503e+01
<GCONST> 7.091093e+01
<STATE> 6
<MEAN> 12
 -2.384186e-07 -4.927317e-07 2.940496e-07 -1.430512e-07 -2.702077e-07 -1.907349e-07 -2.225240e-07 -3.258387e-07 -3.973643e-09 -3.814697e-07 9.536743e-08 -3.178915e-08
<VARIANCE> 12
 3.815128e+01 1.055415e+02 8.697627e+01 9.768781e+01 5.207671e+01 6.643233e+01 4.760405e+01 3.608950e+01 3.651093e+01 5.274696e+01 6.852075e+01 6.157503e+01
<GCONST> 7.091093e+01
<STATE> 7
<MEAN> 12
 -2.384186e-07 -4.927317e-07 2.940496e-07 -1.430512e-07 -2.702077e-07 -1.907349e-07 -2.225240e-07 -3.258387e-07 -3.973643e-09 -3.814697e-07 9.536743e-08 -3.178915e-08
<VARIANCE> 12
 3.815128e+01 1.055415e+02 8.697627e+01 9.768781e+01 5.207671e+01 6.643233e+01 4.760405e+01 3.608950e+01 3.651093e+01 5.274696e+01 6.852075e+01 6.157503e+01
<GCONST> 7.091093e+01
<STATE> 8
<MEAN> 12
 -2.384186e-07 -4.927317e-07 2.940496e-07 -1.430512e-07 -2.702077e-07 -1.907349e-07 -2.225240e-07 -3.258387e-07 -3.973643e-09 -3.814697e-07 9.536743e-08 -3.178915e-08
<VARIANCE> 12
 3.815128e+01 1.055415e+02 8.697627e+01 9.768781e+01 5.207671e+01 6.643233e+01 4.760405e+01 3.608950e+01 3.651093e+01 5.274696e+01 6.852075e+01 6.157503e+01
<GCONST> 7.091093e+01
<STATE> 9
<MEAN> 12
 -2.384186e-07 -4.927317e-07 2.940496e-07 -1.430512e-07 -2.702077e-07 -1.907349e-07 -2.225240e-07 -3.258387e-07 -3.973643e-09 -3.814697e-07 9.536743e-08 -3.178915e-08
<VARIANCE> 12
 3.815128e+01 1.055415e+02 8.697627e+01 9.768781e+01 5.207671e+01 6.643233e+01 4.760405e+01 3.608950e+01 3.651093e+01 5.274696e+01 6.852075e+01 6.157503e+01
<GCONST> 7.091093e+01
<TRANSP> 10
 0.000000e+00 1.000000e+00 0.000000e+00 0.000000e+00 0.000000e+00 0.000000e+00 0.000000e+00 0.000000e+00 0.000000e+00 0.000000e+00
 0.000000e+00 9.000000e-01 9.999999e-02 0.000000e+00 0.000000e+00 0.000000e+00 0.000000e+00 0.000000e+00 0.000000e+00 0.000000e+00
 0.000000e+00 0.000000e+00 9.000000e-01 9.999999e-02 0.000000e+00 0.000000e+00 0.000000e+00 0.000000e+00 0.000000e+00 0.000000e+00
 0.000000e+00 0.000000e+00 0.000000e+00 9.000000e-01 9.999999e-02 0.000000e+00 0.000000e+00 0.000000e+00 0.000000e+00 0.000000e+00
 0.000000e+00 0.000000e+00 0.000000e+00 0.000000e+00 9.000000e-01 9.999999e-02 0.000000e+00 0.000000e+00 0.000000e+00 0.000000e+00
 0.000000e+00 0.000000e+00 0.000000e+00 0.000000e+00 0.000000e+00 9.000000e-01 9.999999e-02 0.000000e+00 0.000000e+00 0.000000e+00
 0.000000e+00 0.000000e+00 0.000000e+00 0.000000e+00 0.000000e+00 0.000000e+00 9.000000e-01 9.999999e-02 0.000000e+00 0.000000e+00
 0.000000e+00 0.000000e+00 0.000000e+00 0.000000e+00 0.000000e+00 0.000000e+00 0.000000e+00 9.000000e-01 9.999999e-02 0.000000e+00
 0.000000e+00 0.000000e+00 0.000000e+00 0.000000e+00 0.000000e+00 0.000000e+00 0.000000e+00 0.000000e+00 9.000000e-01 9.999999e-02
 0.000000e+00 0.000000e+00 0.000000e+00 0.000000e+00 0.000000e+00 0.000000e+00 0.000000e+00 0.000000e+00 0.000000e+00 0.000000e+00
<ENDHMM>
