~o
<STREAMINFO> 1 12
<VECSIZE> 12<NULLD><MFCC_Z><DIAGC>
~h "T13771896494"
<BEGINHMM>
<NUMSTATES> 8
<STATE> 2
<MEAN> 12
 -4.104493e+00 -1.023997e+01 4.573070e+00 4.848094e-01 1.090069e+01 6.991704e+00 2.876294e+00 -9.146144e-01 -1.050800e+01 2.733227e+00 -4.140657e-01 -2.182585e+00
<VARIANCE> 12
 3.994287e+00 4.985609e+00 1.032640e+01 7.736569e+00 8.384000e+00 3.317260e+01 7.727342e+00 7.557111e+00 2.062770e+01 2.189936e+01 9.424794e+00 1.200877e+01
<GCONST> 4.996398e+01
<STATE> 3
<MEAN> 12
 -4.657857e+00 -1.886629e+00 -5.734421e-01 -5.789325e+00 2.915349e+00 1.283321e+01 3.431051e+00 9.502542e+00 5.149601e+00 -3.044490e+00 -3.868983e+00 -8.597600e-01
<VARIANCE> 12
 3.355964e+00 1.306226e+01 5.757825e+00 6.082411e+00 2.890379e+01 3.581806e+01 1.268199e+01 1.339963e+01 2.291337e+01 1.255517e+01 5.106632e+00 5.071667e+00
<GCONST> 5.038485e+01
<STATE> 4
<MEAN> 12
 -1.534406e+00 2.476744e+00 3.286993e+00 4.037360e+00 -1.287151e+00 -9.342780e-01 1.695417e+00 3.636796e+00 7.674619e+00 1.158091e+00 -9.980713e-01 -1.527358e+00
<VARIANCE> 12
 3.179972e+00 4.985609e+00 7.592409e+00 2.571574e+01 1.253440e+01 1.445440e+01 1.284161e+01 3.273744e+01 1.974261e+01 1.540013e+01 6.830811e+00 6.639397e+00
<GCONST> 5.086451e+01
<STATE> 5
<MEAN> 12
 -1.791177e+00 4.653637e+00 2.166208e+00 2.870765e+00 -4.913734e+00 -6.957461e-01 -2.287944e+00 -2.945324e+00 -1.781765e+00 -4.716130e+00 5.731668e-01 2.648481e-01
<VARIANCE> 12
 1.115111e+01 4.985609e+00 2.371426e+01 2.016088e+01 5.298448e+01 4.209554e+01 7.110549e+00 2.079375e+01 3.891245e+01 2.306552e+01 1.730378e+00 3.920850e+00
<GCONST> 5.366291e+01
<STATE> 6
<MEAN> 12
 5.603960e+00 2.578918e+00 -7.638243e+00 -3.912911e+00 -6.607715e+00 -8.644272e+00 -3.965601e+00 -3.896920e+00 -2.324414e+00 3.582136e-01 2.493036e+00 3.437779e+00
<VARIANCE> 12
 3.767956e+00 4.985609e+00 1.097258e+01 1.329196e+01 1.564747e+01 2.340590e+01 5.880283e+00 8.148715e+00 2.096132e+01 1.291046e+01 3.776629e+00 1.205548e+01
<GCONST> 4.916200e+01
<STATE> 7
<MEAN> 12
 2.075683e+00 4.672845e+00 3.301844e+00 5.304151e+00 -5.983998e-01 -3.566653e+00 -2.262986e-01 -2.570146e+00 5.452838e+00 5.814758e-02 3.134995e-01 -1.002523e+00
<VARIANCE> 12
 1.149092e+01 4.985609e+00 4.978759e+00 1.249792e+01 9.711689e+00 1.180579e+01 7.132048e+00 5.028771e+00 9.152459e+00 4.962798e+00 1.487468e+01 4.457378e+00
<GCONST> 4.656529e+01
<TRANSP> 8
 0.000000e+00 1.000000e+00 0.000000e+00 0.000000e+00 0.000000e+00 0.000000e+00 0.000000e+00 0.000000e+00
 0.000000e+00 8.939222e-01 1.060778e-01 0.000000e+00 0.000000e+00 0.000000e+00 0.000000e+00 0.000000e+00
 0.000000e+00 0.000000e+00 8.490516e-01 1.509485e-01 0.000000e+00 0.000000e+00 0.000000e+00 0.000000e+00
 0.000000e+00 0.000000e+00 0.000000e+00 8.741038e-01 1.258962e-01 0.000000e+00 0.000000e+00 0.000000e+00
 0.000000e+00 0.000000e+00 0.000000e+00 0.000000e+00 7.633870e-01 2.366131e-01 0.000000e+00 0.000000e+00
 0.000000e+00 0.000000e+00 0.000000e+00 0.000000e+00 0.000000e+00 9.235942e-01 7.640580e-02 0.000000e+00
 0.000000e+00 0.000000e+00 0.000000e+00 0.000000e+00 0.000000e+00 0.000000e+00 8.699746e-01 1.300254e-01
 0.000000e+00 0.000000e+00 0.000000e+00 0.000000e+00 0.000000e+00 0.000000e+00 0.000000e+00 0.000000e+00
<ENDHMM>
