~o
<STREAMINFO> 1 12
<VECSIZE> 12<NULLD><MFCC_Z><DIAGC>
~h "s009"
<BEGINHMM>
<NUMSTATES> 11
<STATE> 2
<MEAN> 12
 -8.426934e+00 1.181570e+00 2.911191e+00 4.180796e+00 -6.105018e+00 -2.324992e+00 3.604298e+00 -6.356863e+00 4.321281e+00 -9.763774e-01 9.210693e+00 -4.828473e+00
<VARIANCE> 12
 4.316529e+01 2.700936e+01 2.344000e+01 1.372657e+01 1.161199e+02 1.680767e+01 1.207163e+01 3.715523e+01 4.425365e+01 1.768371e+01 1.878978e+01 2.637580e+01
<GCONST> 6.144028e+01
<STATE> 3
<MEAN> 12
 -2.177903e+00 -9.750280e+00 -8.260065e+00 6.268011e+00 6.182205e+00 -1.030027e+01 -5.318460e+00 -7.679170e-01 -1.183670e+01 -1.840970e+00 4.053707e+00 -2.087175e+00
<VARIANCE> 12
 5.751440e+00 5.020936e+00 2.344000e+01 1.323522e+01 2.292169e+01 2.953054e+01 7.910278e+00 1.726032e+01 8.866917e+00 1.152273e+01 6.260030e+01 2.585490e+01
<GCONST> 5.460492e+01
<STATE> 4
<MEAN> 12
 1.288284e+00 1.533511e+00 -1.220595e+01 -2.768840e+00 -1.634055e+00 -6.146591e+00 -3.672971e+00 -1.828012e+00 2.903405e+00 -3.222717e+00 -6.849896e+00 2.916520e-01
<VARIANCE> 12
 5.751440e+00 4.194610e+01 2.344000e+01 1.768545e+01 1.170426e+01 1.680767e+01 5.425549e+00 7.865162e+00 2.076653e+01 6.537713e+01 1.409905e+01 4.111196e+00
<GCONST> 5.387624e+01
<STATE> 5
<MEAN> 12
 3.202193e+00 3.368508e+00 -1.051010e+01 1.581148e+00 1.543612e+00 -1.367453e+01 -7.844268e-01 8.347646e-01 2.532157e-02 -2.030246e+00 -2.348892e+00 9.984940e-01
<VARIANCE> 12
 6.492489e+00 1.188212e+01 4.275640e+01 1.775173e+01 3.261321e+01 1.680767e+01 2.046645e+01 5.074521e+01 1.828034e+01 3.079401e+01 8.195655e+00 3.815434e+01
<GCONST> 5.836275e+01
<STATE> 6
<MEAN> 12
 6.839480e+00 4.656708e+00 -1.084423e+01 -2.761411e+00 1.090911e+01 -1.324004e+00 5.689952e-01 -1.423927e+00 9.298888e-01 3.659714e+00 1.039155e+00 6.080003e+00
<VARIANCE> 12
 5.751440e+00 5.020936e+00 2.807178e+01 6.686679e+00 1.170426e+01 1.870999e+01 1.054733e+01 1.080254e+01 8.057178e+00 6.493105e+00 7.070723e+00 1.167043e+01
<GCONST> 4.914746e+01
<STATE> 7
<MEAN> 12
 3.094367e+00 1.068371e+00 8.792024e+00 9.660592e-01 4.137672e+00 2.597640e+00 1.804218e+00 6.140361e+00 7.580788e+00 2.383407e+00 -6.013550e+00 6.027280e+00
<VARIANCE> 12
 1.314911e+01 5.020936e+00 3.583440e+01 5.851022e+00 1.170426e+01 4.776308e+01 3.271111e+00 3.992803e+00 1.253439e+01 7.300190e+00 5.156342e+01 1.803983e+01
<GCONST> 5.183762e+01
<STATE> 8
<MEAN> 12
 -1.146041e+01 3.529741e+00 1.748768e+01 5.955729e-01 5.444859e+00 1.031938e+01 -4.386148e-01 3.943027e+00 1.365776e+00 6.849585e+00 4.306942e+00 -2.678569e+00
<VARIANCE> 12
 1.565112e+01 5.697376e+00 2.344000e+01 9.766134e+00 1.170426e+01 1.680767e+01 2.865591e+01 1.495287e+01 1.591902e+01 3.397468e+01 1.775813e+01 5.241540e+00
<GCONST> 5.414707e+01
<STATE> 9
<MEAN> 12
 1.605494e+00 -3.051484e+00 1.550938e+01 -5.942809e+00 -1.548222e+01 6.219745e+00 3.934190e-01 1.881891e+00 1.655114e+00 8.543975e-01 -1.684933e-01 -3.275951e+00
<VARIANCE> 12
 5.751440e+00 9.215434e+00 2.344000e+01 9.438248e+00 1.170426e+01 1.680767e+01 8.844567e+00 7.218639e+00 5.355112e+00 5.318260e+00 5.947241e+00 1.628520e+01
<GCONST> 4.878471e+01
<STATE> 10
<MEAN> 12
 2.281995e+00 -5.782624e+00 9.961824e+00 1.873466e+00 -4.188813e+00 1.731772e+01 5.301228e+00 3.665352e-01 -4.621476e+00 -3.405843e+00 -6.667204e-01 -1.252677e-01
<VARIANCE> 12
 5.751440e+00 5.020936e+00 2.344000e+01 4.666991e+00 1.170426e+01 1.680767e+01 8.195655e+00 9.840238e+00 7.412090e+00 1.136449e+01 2.795958e+01 1.015771e+01
<GCONST> 4.986702e+01
<TRANSP> 11
 0.000000e+00 1.000000e+00 0.000000e+00 0.000000e+00 0.000000e+00 0.000000e+00 0.000000e+00 0.000000e+00 0.000000e+00 0.000000e+00 0.000000e+00
 0.000000e+00 8.334844e-01 1.665156e-01 0.000000e+00 0.000000e+00 0.000000e+00 0.000000e+00 0.000000e+00 0.000000e+00 0.000000e+00 0.000000e+00
 0.000000e+00 0.000000e+00 8.337380e-01 1.662619e-01 0.000000e+00 0.000000e+00 0.000000e+00 0.000000e+00 0.000000e+00 0.000000e+00 0.000000e+00
 0.000000e+00 0.000000e+00 0.000000e+00 9.087370e-01 9.126303e-02 0.000000e+00 0.000000e+00 0.000000e+00 0.000000e+00 0.000000e+00 0.000000e+00
 0.000000e+00 0.000000e+00 0.000000e+00 0.000000e+00 9.034200e-01 9.657994e-02 0.000000e+00 0.000000e+00 0.000000e+00 0.000000e+00 0.000000e+00
 0.000000e+00 0.000000e+00 0.000000e+00 0.000000e+00 0.000000e+00 8.966818e-01 1.033183e-01 0.000000e+00 0.000000e+00 0.000000e+00 0.000000e+00
 0.000000e+00 0.000000e+00 0.000000e+00 0.000000e+00 0.000000e+00 0.000000e+00 6.594881e-01 3.405119e-01 0.000000e+00 0.000000e+00 0.000000e+00
 0.000000e+00 0.000000e+00 0.000000e+00 0.000000e+00 0.000000e+00 0.000000e+00 0.000000e+00 8.758488e-01 1.241512e-01 0.000000e+00 0.000000e+00
 0.000000e+00 0.000000e+00 0.000000e+00 0.000000e+00 0.000000e+00 0.000000e+00 0.000000e+00 0.000000e+00 8.730952e-01 1.269049e-01 0.000000e+00
 0.000000e+00 0.000000e+00 0.000000e+00 0.000000e+00 0.000000e+00 0.000000e+00 0.000000e+00 0.000000e+00 0.000000e+00 8.903304e-01 1.096696e-01
 0.000000e+00 0.000000e+00 0.000000e+00 0.000000e+00 0.000000e+00 0.000000e+00 0.000000e+00 0.000000e+00 0.000000e+00 0.000000e+00 0.000000e+00
<ENDHMM>
