~o
<STREAMINFO> 1 12
<VECSIZE> 12<NULLD><MFCC_Z><DIAGC>
~h "s099"
<BEGINHMM>
<NUMSTATES> 9
<STATE> 2
<MEAN> 12
 -2.639634e-07 -2.384186e-07 -5.108970e-08 -1.021794e-07 -2.128737e-07 1.702990e-08 8.514950e-09 3.746578e-07 4.257475e-08 -1.192093e-07 8.514949e-08 -1.702990e-07
<VARIANCE> 12
 6.482914e+01 2.852472e+01 1.341291e+01 6.479215e+01 9.193190e+01 6.033566e+01 3.786150e+01 1.025091e+02 1.360060e+01 2.421191e+01 1.341357e+01 2.732438e+01
<GCONST> 6.493031e+01
<STATE> 3
<MEAN> 12
 -2.639634e-07 -2.384186e-07 -5.108970e-08 -1.021794e-07 -2.128737e-07 1.702990e-08 8.514950e-09 3.746578e-07 4.257475e-08 -1.192093e-07 8.514949e-08 -1.702990e-07
<VARIANCE> 12
 6.482914e+01 2.852472e+01 1.341291e+01 6.479215e+01 9.193190e+01 6.033566e+01 3.786150e+01 1.025091e+02 1.360060e+01 2.421191e+01 1.341357e+01 2.732438e+01
<GCONST> 6.493031e+01
<STATE> 4
<MEAN> 12
 -2.639634e-07 -2.384186e-07 -5.108970e-08 -1.021794e-07 -2.128737e-07 1.702990e-08 8.514950e-09 3.746578e-07 4.257475e-08 -1.192093e-07 8.514949e-08 -1.702990e-07
<VARIANCE> 12
 6.482914e+01 2.852472e+01 1.341291e+01 6.479215e+01 9.193190e+01 6.033566e+01 3.786150e+01 1.025091e+02 1.360060e+01 2.421191e+01 1.341357e+01 2.732438e+01
<GCONST> 6.493031e+01
<STATE> 5
<MEAN> 12
 -2.639634e-07 -2.384186e-07 -5.108970e-08 -1.021794e-07 -2.128737e-07 1.702990e-08 8.514950e-09 3.746578e-07 4.257475e-08 -1.192093e-07 8.514949e-08 -1.702990e-07
<VARIANCE> 12
 6.482914e+01 2.852472e+01 1.341291e+01 6.479215e+01 9.193190e+01 6.033566e+01 3.786150e+01 1.025091e+02 1.360060e+01 2.421191e+01 1.341357e+01 2.732438e+01
<GCONST> 6.493031e+01
<STATE> 6
<MEAN> 12
 -2.639634e-07 -2.384186e-07 -5.108970e-08 -1.021794e-07 -2.128737e-07 1.702990e-08 8.514950e-09 3.746578e-07 4.257475e-08 -1.192093e-07 8.514949e-08 -1.702990e-07
<VARIANCE> 12
 6.482914e+01 2.852472e+01 1.341291e+01 6.479215e+01 9.193190e+01 6.033566e+01 3.786150e+01 1.025091e+02 1.360060e+01 2.421191e+01 1.341357e+01 2.732438e+01
<GCONST> 6.493031e+01
<STATE> 7
<MEAN> 12
 -2.639634e-07 -2.384186e-07 -5.108970e-08 -1.021794e-07 -2.128737e-07 1.702990e-08 8.514950e-09 3.746578e-07 4.257475e-08 -1.192093e-07 8.514949e-08 -1.702990e-07
<VARIANCE> 12
 6.482914e+01 2.852472e+01 1.341291e+01 6.479215e+01 9.193190e+01 6.033566e+01 3.786150e+01 1.025091e+02 1.360060e+01 2.421191e+01 1.341357e+01 2.732438e+01
<GCONST> 6.493031e+01
<STATE> 8
<MEAN> 12
 -2.639634e-07 -2.384186e-07 -5.108970e-08 -1.021794e-07 -2.128737e-07 1.702990e-08 8.514950e-09 3.746578e-07 4.257475e-08 -1.192093e-07 8.514949e-08 -1.702990e-07
<VARIANCE> 12
 6.482914e+01 2.852472e+01 1.341291e+01 6.479215e+01 9.193190e+01 6.033566e+01 3.786150e+01 1.025091e+02 1.360060e+01 2.421191e+01 1.341357e+01 2.732438e+01
<GCONST> 6.493031e+01
<TRANSP> 9
 0.000000e+00 1.000000e+00 0.000000e+00 0.000000e+00 0.000000e+00 0.000000e+00 0.000000e+00 0.000000e+00 0.000000e+00
 0.000000e+00 9.000000e-01 9.999999e-02 0.000000e+00 0.000000e+00 0.000000e+00 0.000000e+00 0.000000e+00 0.000000e+00
 0.000000e+00 0.000000e+00 9.000000e-01 9.999999e-02 0.000000e+00 0.000000e+00 0.000000e+00 0.000000e+00 0.000000e+00
 0.000000e+00 0.000000e+00 0.000000e+00 9.000000e-01 9.999999e-02 0.000000e+00 0.000000e+00 0.000000e+00 0.000000e+00
 0.000000e+00 0.000000e+00 0.000000e+00 0.000000e+00 9.000000e-01 9.999999e-02 0.000000e+00 0.000000e+00 0.000000e+00
 0.000000e+00 0.000000e+00 0.000000e+00 0.000000e+00 0.000000e+00 9.000000e-01 9.999999e-02 0.000000e+00 0.000000e+00
 0.000000e+00 0.000000e+00 0.000000e+00 0.000000e+00 0.000000e+00 0.000000e+00 9.000000e-01 9.999999e-02 0.000000e+00
 0.000000e+00 0.000000e+00 0.000000e+00 0.000000e+00 0.000000e+00 0.000000e+00 0.000000e+00 9.000000e-01 9.999999e-02
 0.000000e+00 0.000000e+00 0.000000e+00 0.000000e+00 0.000000e+00 0.000000e+00 0.000000e+00 0.000000e+00 0.000000e+00
<ENDHMM>
