~o
<STREAMINFO> 1 12
<VECSIZE> 12<NULLD><MFCC_Z><DIAGC>
~h "s062"
<BEGINHMM>
<NUMSTATES> 11
<STATE> 2
<MEAN> 12
 -5.842642e+00 -1.011999e+00 -1.846387e+00 6.656090e+00 2.993064e+00 -2.495892e+00 5.569859e+00 -6.862811e+00 -3.372616e+00 1.601407e+00 -1.539895e+00 2.202194e+00
<VARIANCE> 12
 8.016158e+01 9.868021e+01 6.943259e+01 4.990359e+01 7.425338e+01 4.483258e+01 8.065446e+01 2.900221e+01 7.084897e+01 4.108670e+01 4.497301e+01 1.652927e+01
<GCONST> 6.963630e+01
<STATE> 3
<MEAN> 12
 1.014126e+00 -6.270959e+00 -7.642922e+00 9.361195e+00 7.439427e-01 -5.700782e+00 -1.229302e+00 -3.470490e+00 -3.113072e+00 7.320873e-01 -2.721026e-01 1.343899e+00
<VARIANCE> 12
 2.724545e+01 4.377001e+01 7.592168e+01 7.066478e+01 4.986029e+01 4.739595e+01 3.825100e+01 5.001132e+01 8.830438e+01 4.277156e+01 4.077246e+01 2.414529e+01
<GCONST> 6.817895e+01
<STATE> 4
<MEAN> 12
 2.310364e+00 -4.363263e+00 -7.262979e+00 6.365390e+00 -1.103556e+00 -5.990422e+00 -3.199033e+00 -3.315462e-02 -9.049144e-01 2.098103e+00 -1.206094e+00 -6.014236e-01
<VARIANCE> 12
 1.809865e+01 3.823627e+01 8.651687e+01 9.416683e+01 3.958474e+01 4.192915e+01 1.560479e+01 6.476061e+01 6.426366e+01 4.847228e+01 3.410369e+01 3.188518e+01
<GCONST> 6.696779e+01
<STATE> 5
<MEAN> 12
 1.250237e+00 -5.214936e-01 -2.613341e+00 7.974980e-01 -3.314431e+00 -4.921959e+00 -3.357385e+00 2.974502e+00 -5.269062e-01 2.331441e+00 -1.188016e+00 -2.511466e+00
<VARIANCE> 12
 1.750230e+01 4.669787e+01 8.556967e+01 8.867278e+01 3.246328e+01 3.778882e+01 1.354701e+01 5.941994e+01 4.211048e+01 4.513753e+01 3.319481e+01 3.095627e+01
<GCONST> 6.598273e+01
<STATE> 6
<MEAN> 12
 -1.854527e-01 2.882869e+00 1.565997e+00 -3.449594e+00 -3.975834e+00 -3.532849e+00 -2.877328e+00 4.269821e+00 -1.392261e-01 8.445811e-01 4.159280e-02 -3.324925e+00
<VARIANCE> 12
 1.170162e+01 4.200942e+01 4.581459e+01 6.634531e+01 2.515897e+01 3.566074e+01 1.513653e+01 3.998755e+01 2.912606e+01 3.500704e+01 3.085080e+01 3.099897e+01
<GCONST> 6.326686e+01
<STATE> 7
<MEAN> 12
 -9.792256e-01 4.288552e+00 3.635053e+00 -6.239552e+00 -2.439056e+00 -1.341725e+00 -2.323019e+00 3.711573e+00 1.128095e+00 -1.076171e+00 1.005963e+00 -2.552380e+00
<VARIANCE> 12
 7.254616e+00 3.350134e+01 1.582226e+01 5.791895e+01 2.943839e+01 4.838453e+01 1.805220e+01 2.964225e+01 1.986887e+01 2.424313e+01 2.350560e+01 4.054009e+01
<GCONST> 6.094898e+01
<STATE> 8
<MEAN> 12
 -7.640488e-01 3.128014e+00 4.355160e+00 -7.704984e+00 7.139987e-01 2.851634e+00 -1.025957e+00 1.971157e+00 2.373709e+00 -2.509855e+00 9.078300e-01 1.143033e-01
<VARIANCE> 12
 8.233828e+00 3.124697e+01 9.930487e+00 5.103371e+01 3.416623e+01 7.253867e+01 2.643925e+01 2.857382e+01 1.358818e+01 2.005899e+01 1.742139e+01 4.813324e+01
<GCONST> 6.061504e+01
<STATE> 9
<MEAN> 12
 7.802402e-01 1.122827e+00 4.724504e+00 -5.957955e+00 3.294669e+00 8.495443e+00 2.173231e+00 -5.574464e-01 2.690685e+00 -2.728111e+00 9.137335e-01 2.835140e+00
<VARIANCE> 12
 1.044014e+01 2.038467e+01 9.930487e+00 4.918959e+01 2.358555e+01 6.449615e+01 3.527046e+01 2.589398e+01 1.405651e+01 2.189532e+01 1.883040e+01 3.121592e+01
<GCONST> 5.985632e+01
<STATE> 10
<MEAN> 12
 2.416278e+00 7.455843e-01 5.085129e+00 1.719384e-01 3.087091e+00 1.263668e+01 6.269133e+00 -2.003215e+00 1.864164e+00 -1.293446e+00 1.336993e+00 2.494623e+00
<VARIANCE> 12
 5.339496e+00 7.651796e+00 9.930487e+00 4.741296e+01 1.260763e+01 2.574765e+01 2.554192e+01 1.772300e+01 1.733665e+01 1.739891e+01 3.149345e+01 1.301566e+01
<GCONST> 5.554210e+01
<TRANSP> 11
 0.000000e+00 1.000000e+00 0.000000e+00 0.000000e+00 0.000000e+00 0.000000e+00 0.000000e+00 0.000000e+00 0.000000e+00 0.000000e+00 0.000000e+00
 0.000000e+00 8.656716e-01 1.343284e-01 0.000000e+00 0.000000e+00 0.000000e+00 0.000000e+00 0.000000e+00 0.000000e+00 0.000000e+00 0.000000e+00
 0.000000e+00 0.000000e+00 8.656716e-01 1.343284e-01 0.000000e+00 0.000000e+00 0.000000e+00 0.000000e+00 0.000000e+00 0.000000e+00 0.000000e+00
 0.000000e+00 0.000000e+00 0.000000e+00 8.656716e-01 1.343284e-01 0.000000e+00 0.000000e+00 0.000000e+00 0.000000e+00 0.000000e+00 0.000000e+00
 0.000000e+00 0.000000e+00 0.000000e+00 0.000000e+00 8.656716e-01 1.343284e-01 0.000000e+00 0.000000e+00 0.000000e+00 0.000000e+00 0.000000e+00
 0.000000e+00 0.000000e+00 0.000000e+00 0.000000e+00 0.000000e+00 8.656716e-01 1.343284e-01 0.000000e+00 0.000000e+00 0.000000e+00 0.000000e+00
 0.000000e+00 0.000000e+00 0.000000e+00 0.000000e+00 0.000000e+00 0.000000e+00 8.656716e-01 1.343284e-01 0.000000e+00 0.000000e+00 0.000000e+00
 0.000000e+00 0.000000e+00 0.000000e+00 0.000000e+00 0.000000e+00 0.000000e+00 0.000000e+00 8.656717e-01 1.343284e-01 0.000000e+00 0.000000e+00
 0.000000e+00 0.000000e+00 0.000000e+00 0.000000e+00 0.000000e+00 0.000000e+00 0.000000e+00 0.000000e+00 8.656716e-01 1.343284e-01 0.000000e+00
 0.000000e+00 0.000000e+00 0.000000e+00 0.000000e+00 0.000000e+00 0.000000e+00 0.000000e+00 0.000000e+00 0.000000e+00 8.656717e-01 1.343284e-01
 0.000000e+00 0.000000e+00 0.000000e+00 0.000000e+00 0.000000e+00 0.000000e+00 0.000000e+00 0.000000e+00 0.000000e+00 0.000000e+00 0.000000e+00
<ENDHMM>
