~o
<STREAMINFO> 1 12
<VECSIZE> 12<NULLD><MFCC_Z><DIAGC>
~h "s053"
<BEGINHMM>
<NUMSTATES> 10
<STATE> 2
<MEAN> 12
 3.200635e-01 -3.223047e+00 -7.066256e+00 8.323348e+00 9.200746e+00 -1.570203e+00 1.893417e+00 -8.659242e-01 -9.569105e-01 1.881665e+00 -3.457142e+00 5.523964e+00
<VARIANCE> 12
 9.822560e+00 2.966499e+01 7.040964e+01 1.121417e+02 3.865072e+01 4.948674e+01 2.527084e+01 3.317799e+01 2.750443e+01 6.679620e+01 1.674135e+01 3.266615e+01
<GCONST> 6.481129e+01
<STATE> 3
<MEAN> 12
 3.671592e-01 2.492178e+00 -6.312444e+00 -2.831170e+00 2.886795e+00 -3.847921e+00 -2.335275e+00 3.724937e+00 -3.540627e+00 -8.153075e-03 -2.950839e+00 3.226954e+00
<VARIANCE> 12
 9.786768e+00 5.670232e+01 8.235415e+01 1.274881e+02 4.937604e+01 2.208365e+01 5.420702e+01 4.874917e+01 4.683212e+01 3.031148e+01 2.943796e+01 6.156726e+01
<GCONST> 6.726673e+01
<STATE> 4
<MEAN> 12
 -8.933948e-01 6.592550e+00 2.470236e-01 -9.334993e+00 -1.441635e+00 -1.211876e+00 -5.853035e+00 6.666803e+00 -4.204848e+00 2.501457e+00 -1.263348e+00 -1.614959e+00
<VARIANCE> 12
 1.290844e+01 6.189389e+01 8.743290e+01 7.808414e+01 4.087310e+01 4.150851e+01 7.279730e+01 3.734024e+01 4.594514e+01 2.351596e+01 3.902037e+01 5.956041e+01
<GCONST> 6.764681e+01
<STATE> 5
<MEAN> 12
 -1.095387e+00 6.011202e+00 5.213746e+00 -9.631391e+00 -2.859047e+00 2.185057e+00 -5.775505e+00 6.020423e+00 -2.717589e+00 3.792908e+00 8.742694e-01 -3.802067e+00
<VARIANCE> 12
 1.218363e+01 8.073549e+01 5.774615e+01 8.441479e+01 4.140754e+01 5.412300e+01 1.048254e+02 4.740051e+01 4.473841e+01 1.574771e+01 3.119160e+01 3.648242e+01
<GCONST> 6.725775e+01
<STATE> 6
<MEAN> 12
 -3.816235e-01 1.329139e+00 6.207480e+00 -5.298809e+00 -1.846962e+00 4.121341e+00 -1.553147e+00 1.909382e+00 -1.150675e+00 3.508795e+00 1.444671e+00 -2.878841e+00
<VARIANCE> 12
 1.058609e+01 9.250874e+01 4.026107e+01 1.147103e+02 4.989729e+01 4.747888e+01 1.259877e+02 8.206348e+01 4.465182e+01 1.961935e+01 2.113734e+01 2.799874e+01
<GCONST> 6.755171e+01
<STATE> 7
<MEAN> 12
 3.086083e-01 -3.296157e+00 3.793285e+00 4.711812e-01 -9.856178e-01 2.994622e+00 3.199834e+00 -3.825679e+00 1.030327e+00 1.147799e+00 4.946107e-01 -7.180982e-01
<VARIANCE> 12
 9.162724e+00 5.629442e+01 3.499442e+01 9.721980e+01 4.592531e+01 4.031532e+01 8.262536e+01 8.460486e+01 4.781057e+01 4.367176e+01 2.019624e+01 2.229767e+01
<GCONST> 6.656242e+01
<STATE> 8
<MEAN> 12
 8.545800e-01 -4.855829e+00 3.409741e-01 6.059593e+00 -2.099519e+00 -3.014919e-01 5.147877e+00 -7.448521e+00 4.855367e+00 -3.925475e+00 6.808751e-01 5.353947e-01
<VARIANCE> 12
 8.147669e+00 2.019696e+01 2.150963e+01 6.564781e+01 3.383061e+01 3.200570e+01 3.222620e+01 4.771776e+01 4.531194e+01 6.423576e+01 2.636428e+01 1.315523e+01
<GCONST> 6.256092e+01
<STATE> 9
<MEAN> 12
 5.199473e-01 -5.050038e+00 -2.423755e+00 1.224243e+01 -2.854683e+00 -2.369436e+00 5.275773e+00 -6.181334e+00 6.685006e+00 -8.898970e+00 4.177044e+00 -2.724426e-01
<VARIANCE> 12
 5.247463e+00 1.406883e+01 1.447437e+01 4.024274e+01 1.856751e+01 1.549324e+01 1.632032e+01 2.482862e+01 4.033097e+01 3.120540e+01 2.868944e+01 8.637148e+00
<GCONST> 5.704008e+01
<TRANSP> 10
 0.000000e+00 1.000000e+00 0.000000e+00 0.000000e+00 0.000000e+00 0.000000e+00 0.000000e+00 0.000000e+00 0.000000e+00 0.000000e+00
 0.000000e+00 8.769231e-01 1.230769e-01 0.000000e+00 0.000000e+00 0.000000e+00 0.000000e+00 0.000000e+00 0.000000e+00 0.000000e+00
 0.000000e+00 0.000000e+00 8.769231e-01 1.230769e-01 0.000000e+00 0.000000e+00 0.000000e+00 0.000000e+00 0.000000e+00 0.000000e+00
 0.000000e+00 0.000000e+00 0.000000e+00 8.769231e-01 1.230769e-01 0.000000e+00 0.000000e+00 0.000000e+00 0.000000e+00 0.000000e+00
 0.000000e+00 0.000000e+00 0.000000e+00 0.000000e+00 8.769231e-01 1.230769e-01 0.000000e+00 0.000000e+00 0.000000e+00 0.000000e+00
 0.000000e+00 0.000000e+00 0.000000e+00 0.000000e+00 0.000000e+00 8.769230e-01 1.230769e-01 0.000000e+00 0.000000e+00 0.000000e+00
 0.000000e+00 0.000000e+00 0.000000e+00 0.000000e+00 0.000000e+00 0.000000e+00 8.769230e-01 1.230769e-01 0.000000e+00 0.000000e+00
 0.000000e+00 0.000000e+00 0.000000e+00 0.000000e+00 0.000000e+00 0.000000e+00 0.000000e+00 8.769231e-01 1.230769e-01 0.000000e+00
 0.000000e+00 0.000000e+00 0.000000e+00 0.000000e+00 0.000000e+00 0.000000e+00 0.000000e+00 0.000000e+00 8.769231e-01 1.230769e-01
 0.000000e+00 0.000000e+00 0.000000e+00 0.000000e+00 0.000000e+00 0.000000e+00 0.000000e+00 0.000000e+00 0.000000e+00 0.000000e+00
<ENDHMM>
