~o
<STREAMINFO> 1 12
<VECSIZE> 12<NULLD><MFCC_Z><DIAGC>
~h "s097"
<BEGINHMM>
<NUMSTATES> 14
<STATE> 2
<MEAN> 12
 -1.542752e+01 1.610988e+00 6.560620e+00 -1.952850e+00 4.619500e+00 1.493803e+01 3.254163e+00 5.623825e+00 3.260647e+00 6.610464e+00 2.998565e+00 1.334860e+00
<VARIANCE> 12
 9.151039e+00 1.522518e+01 1.644352e+01 2.244822e+01 2.834649e+01 4.423750e+01 2.817583e+01 1.280344e+01 5.482790e+01 2.568629e+01 2.400011e+01 1.875345e+01
<GCONST> 5.928433e+01
<STATE> 3
<MEAN> 12
 -2.690732e+00 9.068561e-01 9.721626e+00 -1.089453e+01 -1.121451e+01 1.276119e+00 -4.747891e-02 -5.322042e+00 5.047780e-01 6.449815e+00 -1.941245e+00 -5.857282e+00
<VARIANCE> 12
 2.341305e+01 3.783835e+01 1.644352e+01 2.244822e+01 3.694065e+01 2.119473e+01 1.090254e+01 2.842105e+01 2.670172e+01 1.177732e+01 3.377502e+01 1.691053e+01
<GCONST> 5.925004e+01
<STATE> 4
<MEAN> 12
 -6.384004e-01 -5.058495e+00 3.562737e+00 -3.936212e+00 -9.125347e+00 4.223365e+00 -4.894512e+00 -5.779546e+00 -1.434367e+00 -6.415390e+00 2.036148e+00 -1.213944e+01
<VARIANCE> 12
 1.315648e+01 4.754243e+01 1.644352e+01 2.244822e+01 2.342668e+01 9.337496e+00 7.101096e+00 1.130299e+01 9.226171e+00 5.113272e+01 3.240385e+01 1.604783e+01
<GCONST> 5.658776e+01
<STATE> 5
<MEAN> 12
 -9.358148e-01 -1.205627e+01 -4.015080e+00 3.628738e+00 -2.135260e+00 1.352937e+00 -2.897147e+00 -5.256755e+00 -7.969914e+00 -1.130475e+01 9.573709e+00 -3.811728e+00
<VARIANCE> 12
 5.836782e+00 1.364899e+01 1.644352e+01 2.244822e+01 4.362017e+01 1.854996e+01 8.954783e+00 9.086475e+00 2.126004e+01 3.293797e+01 1.601065e+01 2.210461e+01
<GCONST> 5.585897e+01
<STATE> 6
<MEAN> 12
 2.826836e-01 -9.210717e+00 -8.068273e+00 4.358856e+00 3.655977e+00 -4.620461e+00 -1.551121e+00 -5.826668e+00 -3.487388e+00 -4.866834e+00 -2.132360e+00 4.257202e+00
<VARIANCE> 12
 5.836782e+00 1.544182e+01 1.644352e+01 2.244822e+01 1.598887e+01 1.024129e+01 2.698815e+01 1.770999e+01 3.382985e+01 1.558222e+01 3.717567e+01 1.014353e+01
<GCONST> 5.593474e+01
<STATE> 7
<MEAN> 12
 1.671608e+00 1.376506e-01 1.466287e-01 -1.005069e+01 -1.539178e+00 -7.857801e+00 -5.532229e+00 3.660213e+00 -4.296406e+00 3.712839e-02 -7.794054e+00 -1.973304e+00
<VARIANCE> 12
 1.152699e+01 3.879177e+01 2.490581e+01 2.244822e+01 2.979614e+01 1.772021e+01 3.017735e+01 3.556739e+01 3.470721e+01 1.538599e+01 3.473579e+01 2.877714e+01
<GCONST> 6.091910e+01
<STATE> 8
<MEAN> 12
 -2.756708e+00 1.324947e+01 3.387607e+00 -1.360863e+01 -2.209473e+00 -3.564495e+00 -9.581779e+00 3.791527e+00 1.048231e+00 1.050763e+00 3.156392e+00 -8.318696e+00
<VARIANCE> 12
 5.836782e+00 2.209862e+01 1.644352e+01 2.244822e+01 1.408339e+01 1.391238e+01 1.606546e+01 1.028873e+01 7.205027e+00 3.913029e+01 3.564999e+01 1.014353e+01
<GCONST> 5.474312e+01
<STATE> 9
<MEAN> 12
 6.481412e-01 9.378173e+00 1.051123e+01 -1.497266e+00 -9.271576e-02 6.059099e+00 3.854453e+00 7.805460e+00 1.337440e+00 1.103808e+01 2.777579e-01 -3.587650e+00
<VARIANCE> 12
 5.836782e+00 6.353168e+01 1.750121e+01 9.272038e+01 1.408339e+01 2.185138e+01 4.319118e+01 2.802676e+01 3.018088e+01 1.488780e+01 1.531375e+01 2.150663e+01
<GCONST> 6.009502e+01
<STATE> 10
<MEAN> 12
 5.303439e-01 -3.702512e+00 6.400942e+00 1.471736e+01 -4.141085e+00 2.081759e+00 5.145453e+00 3.878744e+00 -1.813202e+00 5.655255e+00 3.215937e+00 2.270859e+00
<VARIANCE> 12
 5.836782e+00 1.364899e+01 1.644352e+01 2.244822e+01 1.408339e+01 2.459758e+01 1.595364e+01 9.304436e+00 1.966160e+01 2.677076e+01 2.538103e+01 1.014353e+01
<GCONST> 5.500815e+01
<STATE> 11
<MEAN> 12
 6.732226e+00 -8.049560e-02 -1.779017e+00 1.237432e+01 4.110678e+00 -1.108283e+00 3.031214e+00 7.471170e+00 5.534448e+00 -1.941183e+00 -2.562227e+00 4.603979e+00
<VARIANCE> 12
 7.281822e+00 1.364899e+01 1.644352e+01 2.244822e+01 2.042619e+01 9.337496e+00 7.101096e+00 9.086475e+00 6.112791e+00 1.177732e+01 2.524973e+01 1.014353e+01
<GCONST> 5.180482e+01
<STATE> 12
<MEAN> 12
 4.805805e+00 6.118433e-01 -1.114977e+01 1.062863e+01 1.056842e+01 -4.112449e+00 4.538849e+00 1.589966e+00 3.257994e+00 -7.940094e+00 4.570573e-01 7.479185e+00
<VARIANCE> 12
 5.836782e+00 1.364899e+01 2.159052e+01 2.244822e+01 1.416676e+01 9.337496e+00 7.101096e+00 1.919392e+01 7.993389e+00 1.177732e+01 1.737981e+01 1.014353e+01
<GCONST> 5.213255e+01
<STATE> 13
<MEAN> 12
 3.523853e+00 -4.871690e+00 -1.173292e+01 1.006622e+01 7.445299e+00 2.599603e+00 3.323883e+00 -2.875785e+00 -1.294434e+00 -6.036312e+00 3.099906e+00 9.143832e+00
<VARIANCE> 12
 5.836782e+00 1.364899e+01 2.795186e+01 2.244822e+01 2.005071e+01 6.603912e+01 7.101096e+00 1.499435e+01 6.112791e+00 1.687436e+01 7.518613e+00 1.014353e+01
<GCONST> 5.370089e+01
<TRANSP> 14
 0.000000e+00 1.000000e+00 0.000000e+00 0.000000e+00 0.000000e+00 0.000000e+00 0.000000e+00 0.000000e+00 0.000000e+00 0.000000e+00 0.000000e+00 0.000000e+00 0.000000e+00 0.000000e+00
 0.000000e+00 7.701159e-01 2.298841e-01 0.000000e+00 0.000000e+00 0.000000e+00 0.000000e+00 0.000000e+00 0.000000e+00 0.000000e+00 0.000000e+00 0.000000e+00 0.000000e+00 0.000000e+00
 0.000000e+00 0.000000e+00 9.401343e-01 5.986574e-02 0.000000e+00 0.000000e+00 0.000000e+00 0.000000e+00 0.000000e+00 0.000000e+00 0.000000e+00 0.000000e+00 0.000000e+00 0.000000e+00
 0.000000e+00 0.000000e+00 0.000000e+00 5.619514e-01 4.380486e-01 0.000000e+00 0.000000e+00 0.000000e+00 0.000000e+00 0.000000e+00 0.000000e+00 0.000000e+00 0.000000e+00 0.000000e+00
 0.000000e+00 0.000000e+00 0.000000e+00 0.000000e+00 6.565001e-01 3.435000e-01 0.000000e+00 0.000000e+00 0.000000e+00 0.000000e+00 0.000000e+00 0.000000e+00 0.000000e+00 0.000000e+00
 0.000000e+00 0.000000e+00 0.000000e+00 0.000000e+00 0.000000e+00 9.168558e-01 8.314426e-02 0.000000e+00 0.000000e+00 0.000000e+00 0.000000e+00 0.000000e+00 0.000000e+00 0.000000e+00
 0.000000e+00 0.000000e+00 0.000000e+00 0.000000e+00 0.000000e+00 0.000000e+00 8.151543e-01 1.848457e-01 0.000000e+00 0.000000e+00 0.000000e+00 0.000000e+00 0.000000e+00 0.000000e+00
 0.000000e+00 0.000000e+00 0.000000e+00 0.000000e+00 0.000000e+00 0.000000e+00 0.000000e+00 8.846488e-01 1.153512e-01 0.000000e+00 0.000000e+00 0.000000e+00 0.000000e+00 0.000000e+00
 0.000000e+00 0.000000e+00 0.000000e+00 0.000000e+00 0.000000e+00 0.000000e+00 0.000000e+00 0.000000e+00 8.657003e-01 1.342997e-01 0.000000e+00 0.000000e+00 0.000000e+00 0.000000e+00
 0.000000e+00 0.000000e+00 0.000000e+00 0.000000e+00 0.000000e+00 0.000000e+00 0.000000e+00 0.000000e+00 0.000000e+00 6.985925e-01 3.014076e-01 0.000000e+00 0.000000e+00 0.000000e+00
 0.000000e+00 0.000000e+00 0.000000e+00 0.000000e+00 0.000000e+00 0.000000e+00 0.000000e+00 0.000000e+00 0.000000e+00 0.000000e+00 8.502632e-01 1.497368e-01 0.000000e+00 0.000000e+00
 0.000000e+00 0.000000e+00 0.000000e+00 0.000000e+00 0.000000e+00 0.000000e+00 0.000000e+00 0.000000e+00 0.000000e+00 0.000000e+00 0.000000e+00 8.931822e-01 1.068178e-01 0.000000e+00
 0.000000e+00 0.000000e+00 0.000000e+00 0.000000e+00 0.000000e+00 0.000000e+00 0.000000e+00 0.000000e+00 0.000000e+00 0.000000e+00 0.000000e+00 0.000000e+00 8.868980e-01 1.131020e-01
 0.000000e+00 0.000000e+00 0.000000e+00 0.000000e+00 0.000000e+00 0.000000e+00 0.000000e+00 0.000000e+00 0.000000e+00 0.000000e+00 0.000000e+00 0.000000e+00 0.000000e+00 0.000000e+00
<ENDHMM>
