~o
<STREAMINFO> 1 12
<VECSIZE> 12<NULLD><MFCC_Z><DIAGC>
~h "s086"
<BEGINHMM>
<NUMSTATES> 11
<STATE> 2
<MEAN> 12
 -4.431828e+00 4.096866e+00 5.129539e+00 -1.396079e+01 -6.335735e+00 5.258155e+00 -2.404041e+00 1.435041e+00 -6.678653e+00 -6.202591e-02 -4.355681e+00 -3.974833e+00
<VARIANCE> 12
 5.650086e+00 3.038264e+01 1.621442e+01 6.188371e+01 1.061821e+01 3.002175e+01 3.203939e+01 2.081198e+01 4.084345e+01 3.653933e+01 2.646568e+01 2.941188e+01
<GCONST> 6.034359e+01
<STATE> 3
<MEAN> 12
 -3.179546e+00 5.500808e-01 2.739322e+00 -8.495387e+00 -4.936806e+00 6.407836e+00 1.459519e+00 -1.900422e+00 -8.782512e+00 2.451943e+00 -1.806502e+00 -3.744432e-01
<VARIANCE> 12
 8.025672e+00 8.076907e+00 3.234192e+01 5.947789e+01 1.337962e+01 3.560419e+01 2.489078e+01 1.774065e+01 4.685161e+01 3.238409e+01 2.774871e+01 3.063644e+01
<GCONST> 6.011473e+01
<STATE> 4
<MEAN> 12
 -1.664101e+00 6.897849e-02 6.423959e-01 -4.563922e+00 -3.183918e+00 4.419657e+00 1.902003e+00 -3.161436e+00 -5.238772e+00 6.073883e-01 2.798924e-01 1.156737e+00
<VARIANCE> 12
 1.208290e+01 7.388820e+00 5.105911e+01 5.236608e+01 1.415534e+01 5.239825e+01 2.926171e+01 2.183666e+01 8.810287e+01 3.446169e+01 2.828050e+01 2.274490e+01
<GCONST> 6.199123e+01
<STATE> 5
<MEAN> 12
 1.091786e-01 3.056495e-01 -1.004433e+00 -1.345034e+00 -1.326762e+00 1.129793e+00 7.756733e-01 -2.093272e+00 -2.345772e-01 -1.534474e+00 1.171102e+00 9.155435e-01
<VARIANCE> 12
 1.592507e+01 9.151515e+00 5.724986e+01 3.801270e+01 2.348490e+01 5.533382e+01 3.454567e+01 4.450381e+01 9.436838e+01 2.862097e+01 3.327729e+01 2.696057e+01
<GCONST> 6.392988e+01
<STATE> 6
<MEAN> 12
 1.579611e+00 6.167467e-01 -1.615027e+00 6.550178e-01 9.269613e-01 -1.703106e+00 -9.016028e-01 3.555298e-01 3.603428e+00 -2.153474e+00 9.980265e-01 2.418415e-01
<VARIANCE> 12
 1.425762e+01 9.587686e+00 5.835946e+01 1.959234e+01 3.807200e+01 4.619770e+01 3.378418e+01 6.474229e+01 6.067133e+01 2.224768e+01 3.566318e+01 3.115563e+01
<GCONST> 6.339770e+01
<STATE> 7
<MEAN> 12
 2.077462e+00 5.431279e-01 -2.342362e+00 1.989358e+00 2.941303e+00 -3.618716e+00 -2.295679e+00 1.876101e+00 5.424190e+00 -1.757237e+00 -4.052262e-02 1.361881e-01
<VARIANCE> 12
 1.014903e+01 1.124965e+01 5.423574e+01 1.959234e+01 4.425797e+01 3.556504e+01 3.202186e+01 6.278842e+01 3.172610e+01 2.123856e+01 3.419570e+01 2.931968e+01
<GCONST> 6.215162e+01
<STATE> 8
<MEAN> 12
 1.737599e+00 -1.996666e-01 -2.884604e+00 4.247856e+00 3.755880e+00 -4.554532e+00 -2.526996e+00 1.313007e+00 5.273574e+00 -8.393105e-01 -4.580133e-01 8.084686e-01
<VARIANCE> 12
 7.300773e+00 1.832349e+01 4.275265e+01 2.277463e+01 3.962981e+01 2.364043e+01 4.093892e+01 4.997840e+01 2.691096e+01 2.341893e+01 3.228994e+01 2.238166e+01
<GCONST> 6.132706e+01
<STATE> 9
<MEAN> 12
 1.487734e+00 -2.108318e+00 -1.428841e+00 8.368984e+00 4.108410e+00 -4.286316e+00 8.194336e-02 9.439100e-01 3.469426e+00 5.124484e-01 1.234641e+00 7.963986e-01
<VARIANCE> 12
 6.545186e+00 2.437025e+01 3.406311e+01 3.586208e+01 2.781330e+01 1.709312e+01 6.410535e+01 4.083939e+01 3.373059e+01 2.232802e+01 3.150832e+01 1.620092e+01
<GCONST> 6.112845e+01
<STATE> 10
<MEAN> 12
 2.283920e+00 -3.873363e+00 7.641717e-01 1.310384e+01 4.050633e+00 -3.052709e+00 3.909071e+00 1.231695e+00 3.164135e+00 2.774694e+00 2.976929e+00 2.940086e-01
<VARIANCE> 12
 6.172684e+00 1.318897e+01 1.826309e+01 2.618301e+01 1.472293e+01 1.286175e+01 4.915205e+01 4.381961e+01 2.761866e+01 2.012751e+01 1.623200e+01 1.478895e+01
<GCONST> 5.734414e+01
<TRANSP> 11
 0.000000e+00 1.000000e+00 0.000000e+00 0.000000e+00 0.000000e+00 0.000000e+00 0.000000e+00 0.000000e+00 0.000000e+00 0.000000e+00 0.000000e+00
 0.000000e+00 8.695652e-01 1.304348e-01 0.000000e+00 0.000000e+00 0.000000e+00 0.000000e+00 0.000000e+00 0.000000e+00 0.000000e+00 0.000000e+00
 0.000000e+00 0.000000e+00 8.695652e-01 1.304348e-01 0.000000e+00 0.000000e+00 0.000000e+00 0.000000e+00 0.000000e+00 0.000000e+00 0.000000e+00
 0.000000e+00 0.000000e+00 0.000000e+00 8.695652e-01 1.304348e-01 0.000000e+00 0.000000e+00 0.000000e+00 0.000000e+00 0.000000e+00 0.000000e+00
 0.000000e+00 0.000000e+00 0.000000e+00 0.000000e+00 8.695652e-01 1.304348e-01 0.000000e+00 0.000000e+00 0.000000e+00 0.000000e+00 0.000000e+00
 0.000000e+00 0.000000e+00 0.000000e+00 0.000000e+00 0.000000e+00 8.695652e-01 1.304348e-01 0.000000e+00 0.000000e+00 0.000000e+00 0.000000e+00
 0.000000e+00 0.000000e+00 0.000000e+00 0.000000e+00 0.000000e+00 0.000000e+00 8.695652e-01 1.304348e-01 0.000000e+00 0.000000e+00 0.000000e+00
 0.000000e+00 0.000000e+00 0.000000e+00 0.000000e+00 0.000000e+00 0.000000e+00 0.000000e+00 8.695652e-01 1.304348e-01 0.000000e+00 0.000000e+00
 0.000000e+00 0.000000e+00 0.000000e+00 0.000000e+00 0.000000e+00 0.000000e+00 0.000000e+00 0.000000e+00 8.695652e-01 1.304348e-01 0.000000e+00
 0.000000e+00 0.000000e+00 0.000000e+00 0.000000e+00 0.000000e+00 0.000000e+00 0.000000e+00 0.000000e+00 0.000000e+00 8.695652e-01 1.304348e-01
 0.000000e+00 0.000000e+00 0.000000e+00 0.000000e+00 0.000000e+00 0.000000e+00 0.000000e+00 0.000000e+00 0.000000e+00 0.000000e+00 0.000000e+00
<ENDHMM>
