~o
<STREAMINFO> 1 12
<VECSIZE> 12<NULLD><MFCC_Z><DIAGC>
~h "T13771896494"
<BEGINHMM>
<NUMSTATES> 8
<STATE> 2
<MEAN> 12
 -1.070451e-07 -4.817028e-07 -2.432843e-08 4.476431e-07 8.514949e-08 -3.697921e-07 1.070451e-07 3.503293e-07 1.070451e-07 -3.162695e-08 3.114039e-07 -2.919411e-08
<VARIANCE> 12
 2.119982e+01 3.323739e+01 3.319172e+01 3.016529e+01 5.589333e+01 7.870527e+01 1.689541e+01 3.352514e+01 6.101639e+01 1.948486e+01 1.102571e+01 1.304524e+01
<GCONST> 6.229911e+01
<STATE> 3
<MEAN> 12
 -1.070451e-07 -4.817028e-07 -2.432843e-08 4.476431e-07 8.514949e-08 -3.697921e-07 1.070451e-07 3.503293e-07 1.070451e-07 -3.162695e-08 3.114039e-07 -2.919411e-08
<VARIANCE> 12
 2.119982e+01 3.323739e+01 3.319172e+01 3.016529e+01 5.589333e+01 7.870527e+01 1.689541e+01 3.352514e+01 6.101639e+01 1.948486e+01 1.102571e+01 1.304524e+01
<GCONST> 6.229911e+01
<STATE> 4
<MEAN> 12
 -1.070451e-07 -4.817028e-07 -2.432843e-08 4.476431e-07 8.514949e-08 -3.697921e-07 1.070451e-07 3.503293e-07 1.070451e-07 -3.162695e-08 3.114039e-07 -2.919411e-08
<VARIANCE> 12
 2.119982e+01 3.323739e+01 3.319172e+01 3.016529e+01 5.589333e+01 7.870527e+01 1.689541e+01 3.352514e+01 6.101639e+01 1.948486e+01 1.102571e+01 1.304524e+01
<GCONST> 6.229911e+01
<STATE> 5
<MEAN> 12
 -1.070451e-07 -4.817028e-07 -2.432843e-08 4.476431e-07 8.514949e-08 -3.697921e-07 1.070451e-07 3.503293e-07 1.070451e-07 -3.162695e-08 3.114039e-07 -2.919411e-08
<VARIANCE> 12
 2.119982e+01 3.323739e+01 3.319172e+01 3.016529e+01 5.589333e+01 7.870527e+01 1.689541e+01 3.352514e+01 6.101639e+01 1.948486e+01 1.102571e+01 1.304524e+01
<GCONST> 6.229911e+01
<STATE> 6
<MEAN> 12
 -1.070451e-07 -4.817028e-07 -2.432843e-08 4.476431e-07 8.514949e-08 -3.697921e-07 1.070451e-07 3.503293e-07 1.070451e-07 -3.162695e-08 3.114039e-07 -2.919411e-08
<VARIANCE> 12
 2.119982e+01 3.323739e+01 3.319172e+01 3.016529e+01 5.589333e+01 7.870527e+01 1.689541e+01 3.352514e+01 6.101639e+01 1.948486e+01 1.102571e+01 1.304524e+01
<GCONST> 6.229911e+01
<STATE> 7
<MEAN> 12
 -1.070451e-07 -4.817028e-07 -2.432843e-08 4.476431e-07 8.514949e-08 -3.697921e-07 1.070451e-07 3.503293e-07 1.070451e-07 -3.162695e-08 3.114039e-07 -2.919411e-08
<VARIANCE> 12
 2.119982e+01 3.323739e+01 3.319172e+01 3.016529e+01 5.589333e+01 7.870527e+01 1.689541e+01 3.352514e+01 6.101639e+01 1.948486e+01 1.102571e+01 1.304524e+01
<GCONST> 6.229911e+01
<TRANSP> 8
 0.000000e+00 1.000000e+00 0.000000e+00 0.000000e+00 0.000000e+00 0.000000e+00 0.000000e+00 0.000000e+00
 0.000000e+00 9.000000e-01 9.999999e-02 0.000000e+00 0.000000e+00 0.000000e+00 0.000000e+00 0.000000e+00
 0.000000e+00 0.000000e+00 9.000000e-01 9.999999e-02 0.000000e+00 0.000000e+00 0.000000e+00 0.000000e+00
 0.000000e+00 0.000000e+00 0.000000e+00 9.000000e-01 9.999999e-02 0.000000e+00 0.000000e+00 0.000000e+00
 0.000000e+00 0.000000e+00 0.000000e+00 0.000000e+00 9.000000e-01 9.999999e-02 0.000000e+00 0.000000e+00
 0.000000e+00 0.000000e+00 0.000000e+00 0.000000e+00 0.000000e+00 9.000000e-01 9.999999e-02 0.000000e+00
 0.000000e+00 0.000000e+00 0.000000e+00 0.000000e+00 0.000000e+00 0.000000e+00 9.000000e-01 9.999999e-02
 0.000000e+00 0.000000e+00 0.000000e+00 0.000000e+00 0.000000e+00 0.000000e+00 0.000000e+00 0.000000e+00
<ENDHMM>
