~o
<STREAMINFO> 1 12
<VECSIZE> 12<NULLD><MFCC_Z><DIAGC>
~h "T1375864630"
<BEGINHMM>
<NUMSTATES> 7
<STATE> 2
<MEAN> 12
 2.384186e-07 1.036602e-07 3.317128e-07 1.243923e-07 4.561051e-07 5.183012e-08 -4.146410e-08 -2.073205e-08 5.183013e-09 1.036602e-07 2.125035e-07 -1.036602e-07
<VARIANCE> 12
 3.697388e+01 2.734099e+01 6.999577e+01 5.345428e+01 6.062180e+01 1.416493e+01 5.792564e+01 2.075656e+01 1.890658e+01 2.825132e+01 3.060908e+01 3.748967e+01
<GCONST> 6.437386e+01
<STATE> 3
<MEAN> 12
 2.384186e-07 1.036602e-07 3.317128e-07 1.243923e-07 4.561051e-07 5.183012e-08 -4.146410e-08 -2.073205e-08 5.183013e-09 1.036602e-07 2.125035e-07 -1.036602e-07
<VARIANCE> 12
 3.697388e+01 2.734099e+01 6.999577e+01 5.345428e+01 6.062180e+01 1.416493e+01 5.792564e+01 2.075656e+01 1.890658e+01 2.825132e+01 3.060908e+01 3.748967e+01
<GCONST> 6.437386e+01
<STATE> 4
<MEAN> 12
 2.384186e-07 1.036602e-07 3.317128e-07 1.243923e-07 4.561051e-07 5.183012e-08 -4.146410e-08 -2.073205e-08 5.183013e-09 1.036602e-07 2.125035e-07 -1.036602e-07
<VARIANCE> 12
 3.697388e+01 2.734099e+01 6.999577e+01 5.345428e+01 6.062180e+01 1.416493e+01 5.792564e+01 2.075656e+01 1.890658e+01 2.825132e+01 3.060908e+01 3.748967e+01
<GCONST> 6.437386e+01
<STATE> 5
<MEAN> 12
 2.384186e-07 1.036602e-07 3.317128e-07 1.243923e-07 4.561051e-07 5.183012e-08 -4.146410e-08 -2.073205e-08 5.183013e-09 1.036602e-07 2.125035e-07 -1.036602e-07
<VARIANCE> 12
 3.697388e+01 2.734099e+01 6.999577e+01 5.345428e+01 6.062180e+01 1.416493e+01 5.792564e+01 2.075656e+01 1.890658e+01 2.825132e+01 3.060908e+01 3.748967e+01
<GCONST> 6.437386e+01
<STATE> 6
<MEAN> 12
 2.384186e-07 1.036602e-07 3.317128e-07 1.243923e-07 4.561051e-07 5.183012e-08 -4.146410e-08 -2.073205e-08 5.183013e-09 1.036602e-07 2.125035e-07 -1.036602e-07
<VARIANCE> 12
 3.697388e+01 2.734099e+01 6.999577e+01 5.345428e+01 6.062180e+01 1.416493e+01 5.792564e+01 2.075656e+01 1.890658e+01 2.825132e+01 3.060908e+01 3.748967e+01
<GCONST> 6.437386e+01
<TRANSP> 7
 0.000000e+00 1.000000e+00 0.000000e+00 0.000000e+00 0.000000e+00 0.000000e+00 0.000000e+00
 0.000000e+00 9.000000e-01 9.999999e-02 0.000000e+00 0.000000e+00 0.000000e+00 0.000000e+00
 0.000000e+00 0.000000e+00 9.000000e-01 9.999999e-02 0.000000e+00 0.000000e+00 0.000000e+00
 0.000000e+00 0.000000e+00 0.000000e+00 9.000000e-01 9.999999e-02 0.000000e+00 0.000000e+00
 0.000000e+00 0.000000e+00 0.000000e+00 0.000000e+00 9.000000e-01 9.999999e-02 0.000000e+00
 0.000000e+00 0.000000e+00 0.000000e+00 0.000000e+00 0.000000e+00 9.000000e-01 9.999999e-02
 0.000000e+00 0.000000e+00 0.000000e+00 0.000000e+00 0.000000e+00 0.000000e+00 0.000000e+00
<ENDHMM>
