~o
<STREAMINFO> 1 12
<VECSIZE> 12<NULLD><MFCC_Z><DIAGC>
~h "s070"
<BEGINHMM>
<NUMSTATES> 7
<STATE> 2
<MEAN> 12
 6.811960e-08 -1.362392e-07 -5.449568e-07 -3.008615e-07 1.078560e-07 1.816523e-07 -2.270653e-07 1.021794e-07 -1.149518e-07 6.811960e-08 -2.497719e-07 -9.082613e-08
<VARIANCE> 12
 6.607527e+00 1.485184e+01 4.078354e+01 4.266574e+01 3.283541e+01 3.918199e+01 3.725191e+01 3.195522e+01 2.537456e+01 2.945366e+01 3.519590e+01 4.839833e+01
<GCONST> 6.240126e+01
<STATE> 3
<MEAN> 12
 6.811960e-08 -1.362392e-07 -5.449568e-07 -3.008615e-07 1.078560e-07 1.816523e-07 -2.270653e-07 1.021794e-07 -1.149518e-07 6.811960e-08 -2.497719e-07 -9.082613e-08
<VARIANCE> 12
 6.607527e+00 1.485184e+01 4.078354e+01 4.266574e+01 3.283541e+01 3.918199e+01 3.725191e+01 3.195522e+01 2.537456e+01 2.945366e+01 3.519590e+01 4.839833e+01
<GCONST> 6.240126e+01
<STATE> 4
<MEAN> 12
 6.811960e-08 -1.362392e-07 -5.449568e-07 -3.008615e-07 1.078560e-07 1.816523e-07 -2.270653e-07 1.021794e-07 -1.149518e-07 6.811960e-08 -2.497719e-07 -9.082613e-08
<VARIANCE> 12
 6.607527e+00 1.485184e+01 4.078354e+01 4.266574e+01 3.283541e+01 3.918199e+01 3.725191e+01 3.195522e+01 2.537456e+01 2.945366e+01 3.519590e+01 4.839833e+01
<GCONST> 6.240126e+01
<STATE> 5
<MEAN> 12
 6.811960e-08 -1.362392e-07 -5.449568e-07 -3.008615e-07 1.078560e-07 1.816523e-07 -2.270653e-07 1.021794e-07 -1.149518e-07 6.811960e-08 -2.497719e-07 -9.082613e-08
<VARIANCE> 12
 6.607527e+00 1.485184e+01 4.078354e+01 4.266574e+01 3.283541e+01 3.918199e+01 3.725191e+01 3.195522e+01 2.537456e+01 2.945366e+01 3.519590e+01 4.839833e+01
<GCONST> 6.240126e+01
<STATE> 6
<MEAN> 12
 6.811960e-08 -1.362392e-07 -5.449568e-07 -3.008615e-07 1.078560e-07 1.816523e-07 -2.270653e-07 1.021794e-07 -1.149518e-07 6.811960e-08 -2.497719e-07 -9.082613e-08
<VARIANCE> 12
 6.607527e+00 1.485184e+01 4.078354e+01 4.266574e+01 3.283541e+01 3.918199e+01 3.725191e+01 3.195522e+01 2.537456e+01 2.945366e+01 3.519590e+01 4.839833e+01
<GCONST> 6.240126e+01
<TRANSP> 7
 0.000000e+00 1.000000e+00 0.000000e+00 0.000000e+00 0.000000e+00 0.000000e+00 0.000000e+00
 0.000000e+00 9.000000e-01 9.999999e-02 0.000000e+00 0.000000e+00 0.000000e+00 0.000000e+00
 0.000000e+00 0.000000e+00 9.000000e-01 9.999999e-02 0.000000e+00 0.000000e+00 0.000000e+00
 0.000000e+00 0.000000e+00 0.000000e+00 9.000000e-01 9.999999e-02 0.000000e+00 0.000000e+00
 0.000000e+00 0.000000e+00 0.000000e+00 0.000000e+00 9.000000e-01 9.999999e-02 0.000000e+00
 0.000000e+00 0.000000e+00 0.000000e+00 0.000000e+00 0.000000e+00 9.000000e-01 9.999999e-02
 0.000000e+00 0.000000e+00 0.000000e+00 0.000000e+00 0.000000e+00 0.000000e+00 0.000000e+00
<ENDHMM>
