~o
<STREAMINFO> 1 12
<VECSIZE> 12<NULLD><MFCC_Z><DIAGC>
~h "s088"
<BEGINHMM>
<NUMSTATES> 10
<STATE> 2
<MEAN> 12
 1.390775e-07 -7.947286e-09 1.589457e-07 9.218851e-07 3.258387e-07 3.655751e-07 3.417333e-07 3.178915e-08 1.192093e-07 -2.861023e-07 -2.384186e-08 3.377597e-08
<VARIANCE> 12
 1.100070e+01 3.104482e+01 8.186832e+01 1.664025e+02 4.723651e+01 4.164227e+01 4.058864e+01 5.613548e+01 2.435278e+01 8.678288e+01 5.114042e+01 5.046517e+01
<GCONST> 6.823489e+01
<STATE> 3
<MEAN> 12
 1.390775e-07 -7.947286e-09 1.589457e-07 9.218851e-07 3.258387e-07 3.655751e-07 3.417333e-07 3.178915e-08 1.192093e-07 -2.861023e-07 -2.384186e-08 3.377597e-08
<VARIANCE> 12
 1.100070e+01 3.104482e+01 8.186832e+01 1.664025e+02 4.723651e+01 4.164227e+01 4.058864e+01 5.613548e+01 2.435278e+01 8.678288e+01 5.114042e+01 5.046517e+01
<GCONST> 6.823489e+01
<STATE> 4
<MEAN> 12
 1.390775e-07 -7.947286e-09 1.589457e-07 9.218851e-07 3.258387e-07 3.655751e-07 3.417333e-07 3.178915e-08 1.192093e-07 -2.861023e-07 -2.384186e-08 3.377597e-08
<VARIANCE> 12
 1.100070e+01 3.104482e+01 8.186832e+01 1.664025e+02 4.723651e+01 4.164227e+01 4.058864e+01 5.613548e+01 2.435278e+01 8.678288e+01 5.114042e+01 5.046517e+01
<GCONST> 6.823489e+01
<STATE> 5
<MEAN> 12
 1.390775e-07 -7.947286e-09 1.589457e-07 9.218851e-07 3.258387e-07 3.655751e-07 3.417333e-07 3.178915e-08 1.192093e-07 -2.861023e-07 -2.384186e-08 3.377597e-08
<VARIANCE> 12
 1.100070e+01 3.104482e+01 8.186832e+01 1.664025e+02 4.723651e+01 4.164227e+01 4.058864e+01 5.613548e+01 2.435278e+01 8.678288e+01 5.114042e+01 5.046517e+01
<GCONST> 6.823489e+01
<STATE> 6
<MEAN> 12
 1.390775e-07 -7.947286e-09 1.589457e-07 9.218851e-07 3.258387e-07 3.655751e-07 3.417333e-07 3.178915e-08 1.192093e-07 -2.861023e-07 -2.384186e-08 3.377597e-08
<VARIANCE> 12
 1.100070e+01 3.104482e+01 8.186832e+01 1.664025e+02 4.723651e+01 4.164227e+01 4.058864e+01 5.613548e+01 2.435278e+01 8.678288e+01 5.114042e+01 5.046517e+01
<GCONST> 6.823489e+01
<STATE> 7
<MEAN> 12
 1.390775e-07 -7.947286e-09 1.589457e-07 9.218851e-07 3.258387e-07 3.655751e-07 3.417333e-07 3.178915e-08 1.192093e-07 -2.861023e-07 -2.384186e-08 3.377597e-08
<VARIANCE> 12
 1.100070e+01 3.104482e+01 8.186832e+01 1.664025e+02 4.723651e+01 4.164227e+01 4.058864e+01 5.613548e+01 2.435278e+01 8.678288e+01 5.114042e+01 5.046517e+01
<GCONST> 6.823489e+01
<STATE> 8
<MEAN> 12
 1.390775e-07 -7.947286e-09 1.589457e-07 9.218851e-07 3.258387e-07 3.655751e-07 3.417333e-07 3.178915e-08 1.192093e-07 -2.861023e-07 -2.384186e-08 3.377597e-08
<VARIANCE> 12
 1.100070e+01 3.104482e+01 8.186832e+01 1.664025e+02 4.723651e+01 4.164227e+01 4.058864e+01 5.613548e+01 2.435278e+01 8.678288e+01 5.114042e+01 5.046517e+01
<GCONST> 6.823489e+01
<STATE> 9
<MEAN> 12
 1.390775e-07 -7.947286e-09 1.589457e-07 9.218851e-07 3.258387e-07 3.655751e-07 3.417333e-07 3.178915e-08 1.192093e-07 -2.861023e-07 -2.384186e-08 3.377597e-08
<VARIANCE> 12
 1.100070e+01 3.104482e+01 8.186832e+01 1.664025e+02 4.723651e+01 4.164227e+01 4.058864e+01 5.613548e+01 2.435278e+01 8.678288e+01 5.114042e+01 5.046517e+01
<GCONST> 6.823489e+01
<TRANSP> 10
 0.000000e+00 1.000000e+00 0.000000e+00 0.000000e+00 0.000000e+00 0.000000e+00 0.000000e+00 0.000000e+00 0.000000e+00 0.000000e+00
 0.000000e+00 9.000000e-01 9.999999e-02 0.000000e+00 0.000000e+00 0.000000e+00 0.000000e+00 0.000000e+00 0.000000e+00 0.000000e+00
 0.000000e+00 0.000000e+00 9.000000e-01 9.999999e-02 0.000000e+00 0.000000e+00 0.000000e+00 0.000000e+00 0.000000e+00 0.000000e+00
 0.000000e+00 0.000000e+00 0.000000e+00 9.000000e-01 9.999999e-02 0.000000e+00 0.000000e+00 0.000000e+00 0.000000e+00 0.000000e+00
 0.000000e+00 0.000000e+00 0.000000e+00 0.000000e+00 9.000000e-01 9.999999e-02 0.000000e+00 0.000000e+00 0.000000e+00 0.000000e+00
 0.000000e+00 0.000000e+00 0.000000e+00 0.000000e+00 0.000000e+00 9.000000e-01 9.999999e-02 0.000000e+00 0.000000e+00 0.000000e+00
 0.000000e+00 0.000000e+00 0.000000e+00 0.000000e+00 0.000000e+00 0.000000e+00 9.000000e-01 9.999999e-02 0.000000e+00 0.000000e+00
 0.000000e+00 0.000000e+00 0.000000e+00 0.000000e+00 0.000000e+00 0.000000e+00 0.000000e+00 9.000000e-01 9.999999e-02 0.000000e+00
 0.000000e+00 0.000000e+00 0.000000e+00 0.000000e+00 0.000000e+00 0.000000e+00 0.000000e+00 0.000000e+00 9.000000e-01 9.999999e-02
 0.000000e+00 0.000000e+00 0.000000e+00 0.000000e+00 0.000000e+00 0.000000e+00 0.000000e+00 0.000000e+00 0.000000e+00 0.000000e+00
<ENDHMM>
