~o
<STREAMINFO> 1 12
<VECSIZE> 12<NULLD><MFCC_Z><DIAGC>
~h "s071"
<BEGINHMM>
<NUMSTATES> 7
<STATE> 2
<MEAN> 12
 -4.652637e+00 4.050671e+00 2.803671e+00 -1.102234e+01 -5.375121e+00 2.973426e+00 -6.408764e+00 3.244718e+00 2.522616e+00 -9.224788e-01 -5.694503e+00 -2.864791e+00
<VARIANCE> 12
 7.140365e+00 1.120344e+01 5.365236e+00 1.953391e+01 1.441336e+01 1.355118e+01 2.058305e+01 2.151291e+01 2.966492e+01 1.864170e+01 3.309380e+01 4.728621e+00
<GCONST> 5.382470e+01
<STATE> 3
<MEAN> 12
 1.663281e+00 3.210412e+00 3.543695e+00 -7.306927e+00 -6.799639e+00 -3.545197e+00 -1.915181e+00 1.113119e+00 -5.021497e-01 1.422449e+00 8.963093e+00 -6.704815e+00
<VARIANCE> 12
 2.931273e+00 6.405803e+00 2.254787e+01 1.953391e+01 2.532133e+01 3.621318e+01 5.677036e+01 1.863194e+01 1.215615e+01 1.237382e+01 2.973649e+01 2.190244e+01
<GCONST> 5.635231e+01
<STATE> 4
<MEAN> 12
 1.529644e+00 3.349645e+00 -6.248870e+00 -1.437918e+00 -4.157837e+00 -3.425536e+00 7.374886e+00 4.372880e+00 -3.273848e+00 -5.744232e-03 -1.396417e+00 4.152637e+00
<VARIANCE> 12
 2.931273e+00 6.405803e+00 9.334329e+00 1.953391e+01 1.441336e+01 1.091210e+01 9.823885e+00 2.291105e+01 4.513984e+00 9.945999e+00 1.949308e+01 2.576421e+01
<GCONST> 5.069088e+01
<STATE> 5
<MEAN> 12
 3.143383e+00 -1.285680e+00 -4.597788e+00 9.383959e+00 1.139281e+00 1.215162e+00 5.000890e+00 -1.810367e+00 -2.762591e+00 -8.421216e+00 8.469150e-01 3.148148e+00
<VARIANCE> 12
 8.195586e+00 6.405803e+00 1.231706e+01 3.171854e+01 1.441336e+01 4.964845e+00 3.146814e+01 1.470329e+01 1.389295e+01 2.075400e+01 9.842967e+00 4.728621e+00
<GCONST> 5.189531e+01
<STATE> 6
<MEAN> 12
 8.714507e-01 -8.548497e+00 3.453417e+00 1.068783e+01 1.323831e+01 -4.922113e-01 -8.792048e-01 -6.439367e+00 2.187771e+00 8.910175e+00 2.365980e+00 1.576831e+00
<VARIANCE> 12
 5.816957e+00 1.445177e+01 7.682767e+00 1.953391e+01 3.351932e+01 1.594675e+01 9.823885e+00 1.996556e+01 1.430348e+01 2.122862e+01 1.170410e+01 5.575671e+00
<GCONST> 5.295166e+01
<TRANSP> 7
 0.000000e+00 1.000000e+00 0.000000e+00 0.000000e+00 0.000000e+00 0.000000e+00 0.000000e+00
 0.000000e+00 9.234095e-01 7.659049e-02 0.000000e+00 0.000000e+00 0.000000e+00 0.000000e+00
 0.000000e+00 0.000000e+00 8.309549e-01 1.690451e-01 0.000000e+00 0.000000e+00 0.000000e+00
 0.000000e+00 0.000000e+00 0.000000e+00 8.634500e-01 1.365500e-01 0.000000e+00 0.000000e+00
 0.000000e+00 0.000000e+00 0.000000e+00 0.000000e+00 8.991776e-01 1.008225e-01 0.000000e+00
 0.000000e+00 0.000000e+00 0.000000e+00 0.000000e+00 0.000000e+00 8.978155e-01 1.021845e-01
 0.000000e+00 0.000000e+00 0.000000e+00 0.000000e+00 0.000000e+00 0.000000e+00 0.000000e+00
<ENDHMM>
