~o
<STREAMINFO> 1 12
<VECSIZE> 12<NULLD><MFCC_Z><DIAGC>
~h "s081"
<BEGINHMM>
<NUMSTATES> 7
<STATE> 2
<MEAN> 12
 7.130496e-01 -5.219731e+00 -1.005963e+01 6.376179e+00 -3.914723e+00 -3.692076e+00 -4.665230e-01 -3.349875e+00 -1.874967e+00 -4.353771e+00 -2.297607e-01 -1.379248e+00
<VARIANCE> 12
 2.361186e+01 2.453825e+01 5.294670e+01 1.777317e+01 4.279912e+01 2.731526e+01 1.535149e+01 1.795897e+01 7.340935e+01 1.600868e+01 2.185879e+01 1.200325e+01
<GCONST> 6.058570e+01
<STATE> 3
<MEAN> 12
 3.769636e+00 -1.225462e+00 -8.122958e+00 5.403862e+00 -2.277739e-01 -1.338336e+00 7.377507e-01 -3.757817e+00 2.901056e+00 -1.182599e+00 1.629348e+00 7.818873e-01
<VARIANCE> 12
 2.730228e+01 1.800682e+01 1.198172e+02 3.375686e+01 2.345838e+01 4.938492e+01 2.219621e+01 3.580797e+01 5.197346e+01 2.703524e+01 2.230039e+01 2.200943e+01
<GCONST> 6.373432e+01
<STATE> 4
<MEAN> 12
 1.532541e+00 2.663397e-01 1.160914e+00 1.606551e+00 1.659850e+00 2.344333e+00 8.997756e-01 -1.742543e+00 8.397617e-01 1.342964e+00 1.247748e+00 2.404222e+00
<VARIANCE> 12
 3.890940e+01 1.345368e+01 1.538461e+02 8.329995e+01 2.269742e+01 6.952020e+01 2.919741e+01 7.693482e+01 6.999641e+01 2.266620e+01 2.138840e+01 3.445147e+01
<GCONST> 6.682604e+01
<STATE> 5
<MEAN> 12
 -2.521971e+00 2.281906e+00 7.851153e+00 -5.108922e+00 1.813397e+00 3.114448e+00 -1.142104e+00 2.785597e+00 -1.820727e+00 1.909610e+00 -7.319505e-01 6.861526e-01
<VARIANCE> 12
 2.663543e+01 1.791217e+01 7.272340e+01 1.008369e+02 2.009299e+01 6.399220e+01 3.410621e+01 9.046721e+01 4.963422e+01 1.454313e+01 1.811901e+01 4.645290e+01
<GCONST> 6.563322e+01
<STATE> 6
<MEAN> 12
 -3.493248e+00 3.896942e+00 9.170540e+00 -8.277685e+00 6.692107e-01 -4.283392e-01 -2.890148e-02 6.064655e+00 -4.509167e-02 2.283833e+00 -1.915375e+00 -2.493015e+00
<VARIANCE> 12
 9.716989e+00 1.533209e+01 2.929777e+01 4.222387e+01 2.138719e+01 3.530269e+01 4.042957e+01 6.377367e+01 6.129627e+01 2.056472e+01 2.928036e+01 2.892436e+01
<GCONST> 6.254141e+01
<TRANSP> 7
 0.000000e+00 1.000000e+00 0.000000e+00 0.000000e+00 0.000000e+00 0.000000e+00 0.000000e+00
 0.000000e+00 8.936170e-01 1.063830e-01 0.000000e+00 0.000000e+00 0.000000e+00 0.000000e+00
 0.000000e+00 0.000000e+00 8.936170e-01 1.063830e-01 0.000000e+00 0.000000e+00 0.000000e+00
 0.000000e+00 0.000000e+00 0.000000e+00 8.936170e-01 1.063830e-01 0.000000e+00 0.000000e+00
 0.000000e+00 0.000000e+00 0.000000e+00 0.000000e+00 8.936170e-01 1.063830e-01 0.000000e+00
 0.000000e+00 0.000000e+00 0.000000e+00 0.000000e+00 0.000000e+00 8.936170e-01 1.063830e-01
 0.000000e+00 0.000000e+00 0.000000e+00 0.000000e+00 0.000000e+00 0.000000e+00 0.000000e+00
<ENDHMM>
