~o
<STREAMINFO> 1 12
<VECSIZE> 12<NULLD><MFCC_Z><DIAGC>
~h "s073"
<BEGINHMM>
<NUMSTATES> 9
<STATE> 2
<MEAN> 12
 9.696705e-01 -1.858779e+00 -7.923129e+00 1.334007e+00 4.487387e+00 -8.767228e+00 4.614816e+00 1.014465e+01 -5.193075e-01 -1.556587e+00 2.041341e+00 8.497045e-01
<VARIANCE> 12
 1.141934e+01 1.481511e+01 4.812302e+01 1.487666e+01 3.418853e+01 3.919814e+01 2.882070e+01 2.430292e+01 1.765528e+01 6.182413e+01 2.165296e+01 5.022779e+01
<GCONST> 6.149829e+01
<STATE> 3
<MEAN> 12
 2.068492e+00 -4.069111e-01 -3.940235e+00 -9.464903e-01 4.957244e+00 -4.024513e+00 1.456432e+00 6.630940e+00 -2.267473e-01 4.437310e+00 4.153785e-01 4.218071e+00
<VARIANCE> 12
 2.445670e+01 1.470199e+01 8.275794e+01 1.958585e+01 3.774124e+01 5.244943e+01 2.496621e+01 3.346766e+01 2.536722e+01 4.798113e+01 2.602258e+01 4.722076e+01
<GCONST> 6.386691e+01
<STATE> 4
<MEAN> 12
 -2.439320e-01 5.155774e-01 1.598572e+00 -1.331385e+00 7.696511e-01 -4.074528e-01 6.641639e-01 3.006421e+00 7.073295e-01 4.575051e+00 7.140029e-01 2.234379e+00
<VARIANCE> 12
 4.213065e+01 1.313253e+01 5.580312e+01 2.741218e+01 5.880349e+01 6.304881e+01 2.753202e+01 3.980459e+01 2.899163e+01 3.881691e+01 3.804258e+01 4.867035e+01
<GCONST> 6.547029e+01
<STATE> 5
<MEAN> 12
 -2.604402e+00 1.253255e-01 2.881983e+00 -2.133181e+00 -3.298383e+00 1.925679e+00 5.961939e-01 -1.298865e+00 2.096165e+00 1.595477e+00 4.947755e-01 -1.041763e+00
<VARIANCE> 12
 3.795884e+01 1.367144e+01 2.813547e+01 3.176964e+01 4.460607e+01 6.032644e+01 3.037588e+01 5.332548e+01 3.455080e+01 3.843965e+01 4.358091e+01 3.965896e+01
<GCONST> 6.503604e+01
<STATE> 6
<MEAN> 12
 -1.897342e+00 3.946632e-01 1.794853e+00 -2.352143e+00 -4.762484e+00 1.839879e+00 -3.782255e-01 -5.647771e+00 2.854911e+00 -1.034827e+00 -9.467723e-01 -2.937405e+00
<VARIANCE> 12
 3.041034e+01 1.124483e+01 1.678353e+01 3.070840e+01 2.119736e+01 5.549046e+01 3.363110e+01 4.374668e+01 4.431509e+01 2.613620e+01 3.528006e+01 2.372392e+01
<GCONST> 6.228255e+01
<STATE> 7
<MEAN> 12
 6.842670e-01 1.124679e+00 1.779534e+00 2.100728e-01 -3.475769e+00 2.150091e+00 -2.609123e+00 -7.328607e+00 9.890572e-01 -2.533396e+00 -1.624774e+00 -2.914174e+00
<VARIANCE> 12
 1.966179e+01 6.908850e+00 1.011863e+01 3.250171e+01 1.601416e+01 5.137818e+01 2.977419e+01 2.230877e+01 5.821416e+01 1.736101e+01 2.329584e+01 1.643054e+01
<GCONST> 5.883876e+01
<STATE> 8
<MEAN> 12
 1.023139e+00 1.054756e-01 3.808577e+00 5.219098e+00 1.322288e+00 7.283575e+00 -4.344184e+00 -5.506816e+00 -5.901394e+00 -5.482989e+00 -1.093881e+00 -4.088278e-01
<VARIANCE> 12
 8.727990e+00 6.026696e+00 8.823047e+00 2.745388e+01 3.758564e+01 5.067023e+01 1.422806e+01 1.541559e+01 7.030700e+01 2.708963e+01 1.676266e+01 1.488882e+01
<GCONST> 5.752148e+01
<TRANSP> 9
 0.000000e+00 1.000000e+00 0.000000e+00 0.000000e+00 0.000000e+00 0.000000e+00 0.000000e+00 0.000000e+00 0.000000e+00
 0.000000e+00 8.750001e-01 1.250000e-01 0.000000e+00 0.000000e+00 0.000000e+00 0.000000e+00 0.000000e+00 0.000000e+00
 0.000000e+00 0.000000e+00 8.750001e-01 1.250000e-01 0.000000e+00 0.000000e+00 0.000000e+00 0.000000e+00 0.000000e+00
 0.000000e+00 0.000000e+00 0.000000e+00 8.750000e-01 1.250000e-01 0.000000e+00 0.000000e+00 0.000000e+00 0.000000e+00
 0.000000e+00 0.000000e+00 0.000000e+00 0.000000e+00 8.750001e-01 1.250000e-01 0.000000e+00 0.000000e+00 0.000000e+00
 0.000000e+00 0.000000e+00 0.000000e+00 0.000000e+00 0.000000e+00 8.750001e-01 1.250000e-01 0.000000e+00 0.000000e+00
 0.000000e+00 0.000000e+00 0.000000e+00 0.000000e+00 0.000000e+00 0.000000e+00 8.750000e-01 1.250000e-01 0.000000e+00
 0.000000e+00 0.000000e+00 0.000000e+00 0.000000e+00 0.000000e+00 0.000000e+00 0.000000e+00 8.750001e-01 1.250000e-01
 0.000000e+00 0.000000e+00 0.000000e+00 0.000000e+00 0.000000e+00 0.000000e+00 0.000000e+00 0.000000e+00 0.000000e+00
<ENDHMM>
