~o
<STREAMINFO> 1 12
<VECSIZE> 12<NULLD><MFCC_Z><DIAGC>
~h "s076"
<BEGINHMM>
<NUMSTATES> 6
<STATE> 2
<MEAN> 12
 2.326035e-08 -5.815087e-09 -4.652070e-07 6.978104e-08 0.000000e+00 -3.721656e-07 1.075791e-07 1.395621e-07 -2.209733e-07 1.744526e-07 -5.815087e-08 -3.489052e-08
<VARIANCE> 12
 1.360579e+01 9.035197e+00 1.320658e+02 3.343555e+01 2.573808e+01 1.197066e+02 3.854156e+01 2.125211e+01 5.868154e+01 3.423206e+01 2.607539e+01 1.838603e+01
<GCONST> 6.377814e+01
<STATE> 3
<MEAN> 12
 2.326035e-08 -5.815087e-09 -4.652070e-07 6.978104e-08 0.000000e+00 -3.721656e-07 1.075791e-07 1.395621e-07 -2.209733e-07 1.744526e-07 -5.815087e-08 -3.489052e-08
<VARIANCE> 12
 1.360579e+01 9.035197e+00 1.320658e+02 3.343555e+01 2.573808e+01 1.197066e+02 3.854156e+01 2.125211e+01 5.868154e+01 3.423206e+01 2.607539e+01 1.838603e+01
<GCONST> 6.377814e+01
<STATE> 4
<MEAN> 12
 2.326035e-08 -5.815087e-09 -4.652070e-07 6.978104e-08 0.000000e+00 -3.721656e-07 1.075791e-07 1.395621e-07 -2.209733e-07 1.744526e-07 -5.815087e-08 -3.489052e-08
<VARIANCE> 12
 1.360579e+01 9.035197e+00 1.320658e+02 3.343555e+01 2.573808e+01 1.197066e+02 3.854156e+01 2.125211e+01 5.868154e+01 3.423206e+01 2.607539e+01 1.838603e+01
<GCONST> 6.377814e+01
<STATE> 5
<MEAN> 12
 2.326035e-08 -5.815087e-09 -4.652070e-07 6.978104e-08 0.000000e+00 -3.721656e-07 1.075791e-07 1.395621e-07 -2.209733e-07 1.744526e-07 -5.815087e-08 -3.489052e-08
<VARIANCE> 12
 1.360579e+01 9.035197e+00 1.320658e+02 3.343555e+01 2.573808e+01 1.197066e+02 3.854156e+01 2.125211e+01 5.868154e+01 3.423206e+01 2.607539e+01 1.838603e+01
<GCONST> 6.377814e+01
<TRANSP> 6
 0.000000e+00 1.000000e+00 0.000000e+00 0.000000e+00 0.000000e+00 0.000000e+00
 0.000000e+00 9.000000e-01 9.999999e-02 0.000000e+00 0.000000e+00 0.000000e+00
 0.000000e+00 0.000000e+00 9.000000e-01 9.999999e-02 0.000000e+00 0.000000e+00
 0.000000e+00 0.000000e+00 0.000000e+00 9.000000e-01 9.999999e-02 0.000000e+00
 0.000000e+00 0.000000e+00 0.000000e+00 0.000000e+00 9.000000e-01 9.999999e-02
 0.000000e+00 0.000000e+00 0.000000e+00 0.000000e+00 0.000000e+00 0.000000e+00
<ENDHMM>
