~o
<STREAMINFO> 1 12
<VECSIZE> 12<NULLD><MFCC_Z><DIAGC>
~h "s077"
<BEGINHMM>
<NUMSTATES> 7
<STATE> 2
<MEAN> 12
 3.460131e+00 -1.630026e+00 -1.037532e+01 1.363192e+01 4.138187e+00 -1.433210e+01 1.958737e+00 8.077532e+00 3.575800e+00 -4.052709e+00 -2.152120e+00 -1.146328e-01
<VARIANCE> 12
 7.119451e+00 1.285519e+01 1.133881e+01 1.757139e+01 6.103705e+00 1.551285e+01 1.766986e+01 1.896927e+01 3.885050e+01 1.320637e+01 1.139979e+01 8.241735e+00
<GCONST> 5.301408e+01
<STATE> 3
<MEAN> 12
 1.239224e+00 -2.479662e+00 1.148802e+00 -1.351821e+00 -5.582346e+00 -6.758286e-01 6.374524e+00 -3.770471e+00 -6.836157e+00 2.861739e+00 -2.440221e+00 -4.742641e-01
<VARIANCE> 12
 1.069201e+01 1.285519e+01 2.351872e+01 1.427210e+01 1.612884e+01 2.264498e+01 1.765553e+01 1.896927e+01 2.724756e+01 1.154534e+01 2.082702e+01 6.692152e+00
<GCONST> 5.519672e+01
<STATE> 4
<MEAN> 12
 -1.784067e+00 1.439235e+01 3.540612e+00 -1.563595e+00 -5.910957e+00 -5.395169e-01 -4.024384e+00 4.418188e+00 2.512346e+00 -2.367954e+00 1.433972e+01 -7.698437e+00
<VARIANCE> 12
 2.864062e+00 1.285519e+01 7.360169e+00 1.427210e+01 6.103705e+00 1.551285e+01 1.509235e+01 4.742070e+01 3.960107e+01 3.826397e+00 1.460257e+01 6.645862e+00
<GCONST> 5.103468e+01
<STATE> 5
<MEAN> 12
 -4.489080e+00 4.389400e+00 2.919594e+00 -1.111403e+01 1.311498e+00 5.071852e+00 -3.249365e+00 8.927876e+00 5.644138e+00 -1.088655e+00 1.514714e+00 -6.296995e-01
<VARIANCE> 12
 2.864062e+00 3.380605e+01 7.360169e+00 1.427210e+01 6.103705e+00 1.551285e+01 6.580514e+00 3.203926e+01 9.743725e+00 3.560764e+00 2.891406e+01 4.286440e+01
<GCONST> 5.185240e+01
<STATE> 6
<MEAN> 12
 2.544338e-01 -8.352777e+00 3.332249e+00 -1.015573e+00 4.807367e+00 9.500588e+00 -3.186906e+00 -1.254058e+01 -1.936485e+00 2.866883e+00 -5.761051e+00 5.848900e+00
<VARIANCE> 12
 1.272092e+01 1.285519e+01 7.360169e+00 1.427210e+01 1.216534e+01 1.551285e+01 2.321680e+01 3.544165e+01 2.494009e+01 1.285011e+01 1.291549e+01 2.025743e+01
<GCONST> 5.509571e+01
<TRANSP> 7
 0.000000e+00 1.000000e+00 0.000000e+00 0.000000e+00 0.000000e+00 0.000000e+00 0.000000e+00
 0.000000e+00 8.923840e-01 1.076160e-01 0.000000e+00 0.000000e+00 0.000000e+00 0.000000e+00
 0.000000e+00 0.000000e+00 9.088987e-01 9.110129e-02 0.000000e+00 0.000000e+00 0.000000e+00
 0.000000e+00 0.000000e+00 0.000000e+00 8.521406e-01 1.478594e-01 0.000000e+00 0.000000e+00
 0.000000e+00 0.000000e+00 0.000000e+00 0.000000e+00 8.768404e-01 1.231597e-01 0.000000e+00
 0.000000e+00 0.000000e+00 0.000000e+00 0.000000e+00 0.000000e+00 9.078187e-01 9.218131e-02
 0.000000e+00 0.000000e+00 0.000000e+00 0.000000e+00 0.000000e+00 0.000000e+00 0.000000e+00
<ENDHMM>
