~o
<STREAMINFO> 1 12
<VECSIZE> 12<NULLD><MFCC_Z><DIAGC>
~h "s007"
<BEGINHMM>
<NUMSTATES> 13
<STATE> 2
<MEAN> 12
 -3.858205e+00 7.066429e+00 1.071006e+01 -1.486819e+01 -1.324591e+01 2.536256e+00 -2.752556e+00 -2.327096e+00 8.818170e+00 7.545650e+00 -1.573695e+00 -7.964649e+00
<VARIANCE> 12
 2.992172e+00 1.023906e+01 1.315637e+01 1.603119e+01 1.307421e+01 5.558159e+00 5.699555e+01 2.132680e+01 2.267859e+01 8.446745e+01 6.500795e+01 4.337717e+01
<GCONST> 5.771925e+01
<STATE> 3
<MEAN> 12
 -3.431751e+00 -2.008872e-01 6.214611e+00 -8.134916e+00 -1.468491e+01 -2.515408e+00 1.084144e+01 -1.159900e+01 6.411988e+00 1.063684e+01 -1.178265e+01 -1.321865e+01
<VARIANCE> 12
 2.992172e+00 6.107776e+00 1.315637e+01 1.603119e+01 1.307421e+01 9.788524e+00 6.764258e+00 1.015323e+01 4.322239e+01 1.741295e+01 2.174984e+01 1.081300e+01
<GCONST> 5.147675e+01
<STATE> 4
<MEAN> 12
 -5.128984e+00 -9.855810e+00 2.366242e+00 1.837298e+00 -9.373245e-01 4.932518e-01 1.026848e+01 -1.633141e+01 -8.548877e+00 2.708168e+00 2.686063e+00 -7.610209e+00
<VARIANCE> 12
 2.992172e+00 6.107776e+00 1.315637e+01 3.351159e+01 1.307421e+01 2.135765e+01 8.951545e+00 1.015323e+01 2.115815e+01 9.520230e+00 2.026821e+01 8.779299e+00
<GCONST> 5.167744e+01
<STATE> 5
<MEAN> 12
 -1.702521e+00 -9.472175e+00 -7.888216e+00 1.478078e+01 5.396463e+00 -5.113766e+00 2.053599e+00 -3.621087e+00 -3.170125e+00 -6.453362e+00 7.455021e+00 4.210953e+00
<VARIANCE> 12
 2.992172e+00 8.531856e+00 1.560297e+01 1.603119e+01 1.307421e+01 1.136584e+01 1.187214e+01 2.278794e+01 1.103454e+01 3.381082e+01 1.996754e+01 2.969464e+01
<GCONST> 5.372490e+01
<STATE> 6
<MEAN> 12
 2.399934e+00 5.730893e-01 -1.026503e+01 5.389410e+00 3.861493e+00 -3.947098e+00 -2.632719e+00 2.050447e+00 3.806146e+00 1.767908e+00 7.998902e-01 2.659682e+00
<VARIANCE> 12
 2.992172e+00 7.376478e+00 1.315637e+01 2.399952e+01 1.307421e+01 1.076256e+01 1.346152e+01 5.274106e+01 1.544146e+01 1.578385e+01 1.428011e+01 8.779299e+00
<GCONST> 5.274301e+01
<STATE> 7
<MEAN> 12
 -1.731740e+00 -6.948118e-01 9.717465e-01 -3.032935e+00 -5.992722e+00 -2.373651e+00 1.558594e+00 6.980153e+00 -7.347636e+00 -1.154450e+00 -3.004236e+00 -5.905488e+00
<VARIANCE> 12
 5.919689e+00 6.107776e+00 1.315637e+01 4.128633e+01 2.123483e+01 2.265087e+01 6.764258e+00 1.347300e+01 8.117633e+00 9.520230e+00 3.441716e+01 2.576478e+01
<GCONST> 5.376301e+01
<STATE> 8
<MEAN> 12
 -3.404027e+00 5.861237e+00 1.179550e+01 -1.017434e+01 -6.532252e+00 8.123531e+00 -4.973706e+00 5.243434e+00 -6.554226e+00 2.919755e-01 -1.072925e+00 3.572235e+00
<VARIANCE> 12
 1.543299e+01 6.107776e+00 1.315637e+01 1.603119e+01 1.307421e+01 7.334576e+00 1.861556e+01 1.015323e+01 8.117633e+00 1.414263e+01 1.157786e+01 1.829767e+01
<GCONST> 5.185616e+01
<STATE> 9
<MEAN> 12
 4.791156e+00 4.738252e+00 5.343735e+00 -5.227492e-01 -4.013703e-01 8.465807e-01 -9.097743e+00 6.450082e+00 3.987075e+00 3.990263e+00 3.620600e+00 5.430704e+00
<VARIANCE> 12
 2.992172e+00 6.107776e+00 1.488587e+01 1.603119e+01 1.307421e+01 9.100793e+00 9.557852e+00 1.015323e+01 8.117633e+00 1.494749e+01 6.285905e+00 3.140468e+01
<GCONST> 4.987304e+01
<STATE> 10
<MEAN> 12
 7.087628e+00 5.234564e+00 -6.921813e+00 3.159892e+00 1.014728e+01 -3.193547e+00 -5.090724e+00 8.537004e+00 7.358903e+00 4.796684e+00 -1.924225e+00 -3.230027e+00
<VARIANCE> 12
 2.992172e+00 6.107776e+00 1.315637e+01 1.603119e+01 1.307421e+01 5.773823e+00 1.618713e+01 2.057343e+01 8.117633e+00 9.520230e+00 6.222921e+00 8.779299e+00
<GCONST> 4.879182e+01
<STATE> 11
<MEAN> 12
 4.629813e+00 -3.171472e+00 -1.268306e+01 4.343640e+00 1.177211e+01 -3.221649e+00 4.491140e+00 5.655426e+00 4.843406e+00 -1.096469e+01 1.110052e+00 8.867075e+00
<VARIANCE> 12
 2.992172e+00 6.107776e+00 1.315637e+01 1.603119e+01 1.307421e+01 5.920148e+00 6.764258e+00 1.026049e+01 2.116330e+01 1.033333e+01 1.937572e+01 1.772499e+01
<GCONST> 5.012713e+01
<STATE> 12
<MEAN> 12
 3.101273e+00 -6.581993e+00 -5.751663e+00 1.273261e+01 1.014897e+01 -6.512591e-01 2.679281e+00 -4.495557e+00 -5.391506e+00 -9.323619e+00 2.627837e+00 6.310421e+00
<VARIANCE> 12
 2.992172e+00 6.107776e+00 2.256348e+01 1.603119e+01 1.307421e+01 3.175219e+01 6.764258e+00 2.306778e+01 8.117633e+00 1.828337e+01 2.569821e+01 8.779299e+00
<GCONST> 5.234850e+01
<TRANSP> 13
 0.000000e+00 1.000000e+00 0.000000e+00 0.000000e+00 0.000000e+00 0.000000e+00 0.000000e+00 0.000000e+00 0.000000e+00 0.000000e+00 0.000000e+00 0.000000e+00 0.000000e+00
 0.000000e+00 8.945729e-01 1.054271e-01 0.000000e+00 0.000000e+00 0.000000e+00 0.000000e+00 0.000000e+00 0.000000e+00 0.000000e+00 0.000000e+00 0.000000e+00 0.000000e+00
 0.000000e+00 0.000000e+00 8.028083e-01 1.971917e-01 0.000000e+00 0.000000e+00 0.000000e+00 0.000000e+00 0.000000e+00 0.000000e+00 0.000000e+00 0.000000e+00 0.000000e+00
 0.000000e+00 0.000000e+00 0.000000e+00 8.176649e-01 1.823351e-01 0.000000e+00 0.000000e+00 0.000000e+00 0.000000e+00 0.000000e+00 0.000000e+00 0.000000e+00 0.000000e+00
 0.000000e+00 0.000000e+00 0.000000e+00 0.000000e+00 8.584707e-01 1.415292e-01 0.000000e+00 0.000000e+00 0.000000e+00 0.000000e+00 0.000000e+00 0.000000e+00 0.000000e+00
 0.000000e+00 0.000000e+00 0.000000e+00 0.000000e+00 0.000000e+00 8.842816e-01 1.157185e-01 0.000000e+00 0.000000e+00 0.000000e+00 0.000000e+00 0.000000e+00 0.000000e+00
 0.000000e+00 0.000000e+00 0.000000e+00 0.000000e+00 0.000000e+00 0.000000e+00 7.648111e-01 2.351890e-01 0.000000e+00 0.000000e+00 0.000000e+00 0.000000e+00 0.000000e+00
 0.000000e+00 0.000000e+00 0.000000e+00 0.000000e+00 0.000000e+00 0.000000e+00 0.000000e+00 9.292793e-01 7.072075e-02 0.000000e+00 0.000000e+00 0.000000e+00 0.000000e+00
 0.000000e+00 0.000000e+00 0.000000e+00 0.000000e+00 0.000000e+00 0.000000e+00 0.000000e+00 0.000000e+00 6.548497e-01 3.451503e-01 0.000000e+00 0.000000e+00 0.000000e+00
 0.000000e+00 0.000000e+00 0.000000e+00 0.000000e+00 0.000000e+00 0.000000e+00 0.000000e+00 0.000000e+00 0.000000e+00 8.742357e-01 1.257643e-01 0.000000e+00 0.000000e+00
 0.000000e+00 0.000000e+00 0.000000e+00 0.000000e+00 0.000000e+00 0.000000e+00 0.000000e+00 0.000000e+00 0.000000e+00 0.000000e+00 8.305818e-01 1.694181e-01 0.000000e+00
 0.000000e+00 0.000000e+00 0.000000e+00 0.000000e+00 0.000000e+00 0.000000e+00 0.000000e+00 0.000000e+00 0.000000e+00 0.000000e+00 0.000000e+00 9.010741e-01 9.892598e-02
 0.000000e+00 0.000000e+00 0.000000e+00 0.000000e+00 0.000000e+00 0.000000e+00 0.000000e+00 0.000000e+00 0.000000e+00 0.000000e+00 0.000000e+00 0.000000e+00 0.000000e+00
<ENDHMM>
