~o
<STREAMINFO> 1 12
<VECSIZE> 12<NULLD><MFCC_Z><DIAGC>
~h "s087"
<BEGINHMM>
<NUMSTATES> 9
<STATE> 2
<MEAN> 12
 -5.183943e+00 4.729411e+00 8.052671e-01 -1.783692e-01 -5.730406e+00 2.730039e+00 -4.532814e+00 4.747365e+00 1.054929e+01 -9.714560e+00 5.343434e+00 -1.087321e+00
<VARIANCE> 12
 5.180924e+00 1.796462e+01 1.177044e+01 4.782374e+01 4.046711e+01 8.112356e+00 1.640629e+01 2.964766e+01 3.109690e+01 1.243106e+01 1.510582e+01 1.307625e+01
<GCONST> 5.614514e+01
<STATE> 3
<MEAN> 12
 -3.920646e+00 -5.144297e-01 -2.217099e+00 -4.985776e+00 9.699397e+00 3.495907e+00 -2.373208e+00 -1.976369e-02 -1.415898e+01 -1.192265e+00 5.856005e+00 -9.715570e-02
<VARIANCE> 12
 5.180924e+00 1.734453e+01 8.146787e+00 1.699848e+01 3.148966e+01 5.630705e+00 1.059924e+01 3.354899e+01 6.028254e+01 1.102443e+01 6.703222e+00 3.792547e+00
<GCONST> 5.227000e+01
<STATE> 4
<MEAN> 12
 4.655015e+00 -2.826877e+00 -1.541417e+00 1.865927e+00 -3.081557e-01 -3.874288e+00 1.063310e+00 -3.691550e+00 2.402424e+00 5.226726e+00 -1.778136e+00 1.595569e+00
<VARIANCE> 12
 5.180924e+00 4.613842e+00 1.091283e+01 1.699848e+01 2.367157e+01 1.510289e+01 2.020177e+01 1.929597e+01 1.977184e+01 2.076112e+01 8.136034e+00 7.150404e+00
<GCONST> 5.237727e+01
<STATE> 5
<MEAN> 12
 -5.031361e+00 5.371821e+00 8.743454e-01 -9.907271e+00 1.950251e+00 -3.174985e+00 3.562002e-01 1.110988e+01 -3.662194e+00 6.721745e-01 3.252762e+00 1.783718e+00
<VARIANCE> 12
 5.180924e+00 4.613842e+00 2.751205e+01 1.699848e+01 1.050390e+01 5.630705e+00 1.701895e+01 1.376233e+01 2.221710e+01 2.133831e+01 6.703222e+00 5.687966e+00
<GCONST> 5.071487e+01
<STATE> 6
<MEAN> 12
 2.916318e+00 -1.935069e+00 -4.667954e+00 -4.572505e+00 5.341435e+00 -3.589753e+00 1.203803e+00 -4.459527e+00 7.989836e-02 1.026231e+01 -6.528696e-01 -3.614403e-01
<VARIANCE> 12
 5.180924e+00 4.613842e+00 6.204673e+00 1.699848e+01 1.440910e+01 5.630705e+00 3.559765e+00 1.376233e+01 8.191038e+01 1.102443e+01 6.703222e+00 4.947181e+00
<GCONST> 4.848186e+01
<STATE> 7
<MEAN> 12
 7.774310e+00 -2.755495e+00 -6.602082e-01 4.179686e+00 -2.888146e+00 -1.689449e+00 3.615457e-01 -8.937551e+00 1.488164e+00 3.755241e+00 -6.288434e+00 -5.073054e+00
<VARIANCE> 12
 5.180924e+00 4.613842e+00 3.944453e+00 1.699848e+01 1.956860e+01 5.630705e+00 5.184407e+00 1.376233e+01 4.183955e+01 3.994997e+01 2.170582e+01 2.257650e+00
<GCONST> 4.971713e+01
<STATE> 8
<MEAN> 12
 2.402727e+00 -5.478082e+00 4.955550e+00 1.655788e+01 -5.831409e+00 7.998077e+00 3.007810e+00 -7.702628e+00 1.842239e+00 -6.859160e+00 -7.298729e+00 -6.252836e-02
<VARIANCE> 12
 5.180924e+00 4.613842e+00 8.251885e+00 2.123705e+01 4.083039e+01 2.639634e+01 5.251107e+00 1.376233e+01 1.674137e+01 1.657898e+01 2.059365e+01 1.300226e+01
<GCONST> 5.287391e+01
<TRANSP> 9
 0.000000e+00 1.000000e+00 0.000000e+00 0.000000e+00 0.000000e+00 0.000000e+00 0.000000e+00 0.000000e+00 0.000000e+00
 0.000000e+00 8.754472e-01 1.245528e-01 0.000000e+00 0.000000e+00 0.000000e+00 0.000000e+00 0.000000e+00 0.000000e+00
 0.000000e+00 0.000000e+00 8.387626e-01 1.612374e-01 0.000000e+00 0.000000e+00 0.000000e+00 0.000000e+00 0.000000e+00
 0.000000e+00 0.000000e+00 0.000000e+00 9.071931e-01 9.280686e-02 0.000000e+00 0.000000e+00 0.000000e+00 0.000000e+00
 0.000000e+00 0.000000e+00 0.000000e+00 0.000000e+00 9.229767e-01 7.702338e-02 0.000000e+00 0.000000e+00 0.000000e+00
 0.000000e+00 0.000000e+00 0.000000e+00 0.000000e+00 0.000000e+00 8.256045e-01 1.743955e-01 0.000000e+00 0.000000e+00
 0.000000e+00 0.000000e+00 0.000000e+00 0.000000e+00 0.000000e+00 0.000000e+00 8.213899e-01 1.786101e-01 0.000000e+00
 0.000000e+00 0.000000e+00 0.000000e+00 0.000000e+00 0.000000e+00 0.000000e+00 0.000000e+00 8.847691e-01 1.152309e-01
 0.000000e+00 0.000000e+00 0.000000e+00 0.000000e+00 0.000000e+00 0.000000e+00 0.000000e+00 0.000000e+00 0.000000e+00
<ENDHMM>
