~o
<STREAMINFO> 1 12
<VECSIZE> 12<NULLD><MFCC_Z><DIAGC>
~h "s083"
<BEGINHMM>
<NUMSTATES> 9
<STATE> 2
<MEAN> 12
 3.233474e+00 -7.736652e+00 -3.229155e+00 1.448026e+01 -3.243983e-01 -8.354430e+00 1.022657e+01 -2.791227e-01 -4.756051e+00 -2.834737e+00 -3.678950e+00 1.051829e+01
<VARIANCE> 12
 1.991956e+01 4.489141e+01 1.693128e+01 1.616480e+01 6.274037e+01 7.584682e+00 2.988187e+01 2.475594e+01 2.113271e+01 8.552187e+00 6.981825e+00 1.667018e+01
<GCONST> 5.718787e+01
<STATE> 3
<MEAN> 12
 1.088395e+00 -1.279111e+01 -3.834966e+00 1.139296e+01 7.876879e+00 -4.106400e-01 1.308272e+01 -8.743789e+00 -1.191898e+00 6.042413e+00 -1.808354e+00 2.416114e+00
<VARIANCE> 12
 1.478789e+01 1.151772e+01 6.113272e+00 1.616480e+01 1.649618e+01 3.521885e+01 2.406618e+01 1.186888e+01 1.244655e+01 2.117529e+01 2.128792e+01 6.767088e+00
<GCONST> 5.434945e+01
<STATE> 4
<MEAN> 12
 -7.011181e+00 -2.179366e+00 -3.772455e+00 7.682120e+00 6.592561e+00 4.367040e+00 7.243029e+00 -3.956525e+00 3.144297e+00 -1.997167e+00 3.858462e+00 -3.532264e-01
<VARIANCE> 12
 3.350558e+00 3.189600e+01 9.163705e+00 1.616480e+01 9.022738e+00 7.584682e+00 1.906981e+01 5.927172e+00 1.378225e+01 3.115648e+01 2.593282e+01 4.471972e+01
<GCONST> 5.379608e+01
<STATE> 5
<MEAN> 12
 -1.279958e+00 4.605517e+00 9.213194e-01 -4.167649e+00 -3.187036e+00 -4.461082e+00 -3.358366e+00 1.241500e+00 3.369928e+00 -5.208465e+00 -9.824317e+00 -7.950722e+00
<VARIANCE> 12
 1.814995e+01 1.416346e+01 6.113272e+00 3.724973e+01 8.105051e+00 1.572828e+01 1.520245e+01 1.193879e+01 5.413117e+00 1.172268e+01 8.811549e+00 6.767088e+00
<GCONST> 5.131965e+01
<STATE> 6
<MEAN> 12
 -4.821374e+00 3.945494e+00 -2.559680e+00 -8.588759e+00 -1.736989e+00 -4.363394e+00 -7.190603e+00 3.098962e+00 3.076299e+00 6.221423e+00 -2.334241e+00 -7.236228e+00
<VARIANCE> 12
 7.903366e+00 1.151772e+01 8.072123e+00 1.616480e+01 9.067362e+00 1.343712e+01 1.659880e+01 9.120564e+00 1.489604e+01 7.726239e+01 2.676240e+01 8.926952e+00
<GCONST> 5.378390e+01
<STATE> 7
<MEAN> 12
 2.184120e+00 7.151006e+00 -2.295597e+00 -1.310555e+01 -1.001564e+00 3.150934e+00 -9.888191e+00 8.349339e+00 -9.677188e+00 -1.437288e+00 7.517565e+00 3.731520e+00
<VARIANCE> 12
 3.350558e+00 1.151772e+01 1.432782e+01 1.616480e+01 7.458990e+00 1.595437e+01 1.520245e+01 1.154554e+01 1.186623e+01 2.991146e+01 7.211102e+00 9.682897e+00
<GCONST> 5.121741e+01
<STATE> 8
<MEAN> 12
 3.721667e+00 8.159842e+00 1.150758e+01 -4.454031e+00 -6.349589e+00 9.688364e+00 -7.396461e+00 1.457384e+00 4.540862e+00 -6.655874e+00 6.229239e+00 3.696128e-01
<VARIANCE> 12
 3.350558e+00 1.151772e+01 1.168116e+01 1.616480e+01 1.044699e+01 9.964941e+00 1.794563e+01 1.114168e+01 1.753366e+01 1.296663e+01 2.309544e+01 8.456392e+00
<GCONST> 5.159284e+01
<TRANSP> 9
 0.000000e+00 1.000000e+00 0.000000e+00 0.000000e+00 0.000000e+00 0.000000e+00 0.000000e+00 0.000000e+00 0.000000e+00
 0.000000e+00 8.580209e-01 1.419791e-01 0.000000e+00 0.000000e+00 0.000000e+00 0.000000e+00 0.000000e+00 0.000000e+00
 0.000000e+00 0.000000e+00 9.116652e-01 8.833481e-02 0.000000e+00 0.000000e+00 0.000000e+00 0.000000e+00 0.000000e+00
 0.000000e+00 0.000000e+00 0.000000e+00 7.396755e-01 2.603245e-01 0.000000e+00 0.000000e+00 0.000000e+00 0.000000e+00
 0.000000e+00 0.000000e+00 0.000000e+00 0.000000e+00 8.351853e-01 1.648147e-01 0.000000e+00 0.000000e+00 0.000000e+00
 0.000000e+00 0.000000e+00 0.000000e+00 0.000000e+00 0.000000e+00 9.115250e-01 8.847504e-02 0.000000e+00 0.000000e+00
 0.000000e+00 0.000000e+00 0.000000e+00 0.000000e+00 0.000000e+00 0.000000e+00 8.570001e-01 1.430000e-01 0.000000e+00
 0.000000e+00 0.000000e+00 0.000000e+00 0.000000e+00 0.000000e+00 0.000000e+00 0.000000e+00 9.041386e-01 9.586133e-02
 0.000000e+00 0.000000e+00 0.000000e+00 0.000000e+00 0.000000e+00 0.000000e+00 0.000000e+00 0.000000e+00 0.000000e+00
<ENDHMM>
