~o
<STREAMINFO> 1 12
<VECSIZE> 12<NULLD><MFCC_Z><DIAGC>
~h "s049"
<BEGINHMM>
<NUMSTATES> 11
<STATE> 2
<MEAN> 12
 -7.931180e+00 6.120634e-01 -1.968779e+00 6.501585e+00 6.383848e+00 2.579373e+00 -1.103958e+00 3.297915e+00 7.168276e+00 7.804512e-01 3.419875e+00 -5.779778e-01
<VARIANCE> 12
 6.179222e+01 4.362223e+01 2.988594e+01 3.803429e+01 1.881684e+01 7.428427e+01 3.419723e+01 1.188169e+01 7.297604e+01 2.563005e+01 2.925766e+01 9.887609e+00
<GCONST> 6.344086e+01
<STATE> 3
<MEAN> 12
 -6.873732e-01 -3.371004e+00 -5.322093e+00 7.057740e+00 5.005910e+00 -3.723974e+00 -5.087659e+00 2.526556e+00 6.946778e-01 -1.969620e+00 6.146086e-01 -1.221114e+00
<VARIANCE> 12
 5.668565e+01 2.418620e+01 6.192265e+01 5.281766e+01 4.064688e+01 8.932815e+01 2.428098e+01 1.134096e+01 3.656447e+01 3.340904e+01 4.659284e+01 1.009219e+01
<GCONST> 6.444702e+01
<STATE> 4
<MEAN> 12
 2.322529e+00 -2.371954e+00 -5.674386e+00 2.591853e+00 1.569499e+00 -6.077034e+00 -5.965472e+00 2.512945e+00 -7.954319e-01 -3.242510e+00 -2.358716e+00 -1.550087e+00
<VARIANCE> 12
 2.766596e+01 2.141704e+01 8.602595e+01 6.276555e+01 7.666669e+01 6.425771e+01 2.128000e+01 1.635436e+01 2.291915e+01 3.663374e+01 4.960920e+01 1.401603e+01
<GCONST> 6.466492e+01
<STATE> 5
<MEAN> 12
 1.940088e+00 -4.026978e-01 -1.904011e+00 -1.731432e+00 -3.599083e+00 -5.033226e+00 -3.774284e+00 1.802346e+00 -6.886942e-01 -2.762132e+00 -3.369165e+00 -2.481770e+00
<VARIANCE> 12
 2.401400e+01 1.699308e+01 9.590505e+01 4.285299e+01 9.338697e+01 6.456866e+01 4.596151e+01 2.581080e+01 3.013587e+01 3.831561e+01 4.428132e+01 1.895513e+01
<GCONST> 6.595439e+01
<STATE> 6
<MEAN> 12
 9.044245e-01 3.267286e-01 1.798485e+00 -3.885874e+00 -7.418422e+00 -3.872663e+00 3.637817e-01 1.806159e-01 -4.971364e-01 -1.091591e+00 -2.057291e+00 -3.076680e+00
<VARIANCE> 12
 2.058825e+01 1.357318e+01 6.446493e+01 2.592857e+01 8.289405e+01 7.869440e+01 7.366030e+01 3.697693e+01 3.853871e+01 3.970841e+01 4.399199e+01 2.365433e+01
<GCONST> 6.608249e+01
<STATE> 7
<MEAN> 12
 3.324361e-01 -1.377068e-01 2.566011e+00 -4.245728e+00 -7.460966e+00 -2.853675e+00 4.249297e+00 -2.145884e+00 -7.512650e-01 8.826350e-01 -1.286726e-02 -2.111120e+00
<VARIANCE> 12
 1.372244e+01 1.314429e+01 3.843400e+01 2.119873e+01 7.922254e+01 1.065458e+02 7.522800e+01 4.695766e+01 3.956984e+01 4.206168e+01 3.901426e+01 3.352800e+01
<GCONST> 6.575655e+01
<STATE> 8
<MEAN> 12
 2.054110e-01 -2.511730e-01 1.917607e+00 -3.578716e+00 -3.609336e+00 4.957839e-01 5.269365e+00 -4.221334e+00 -1.367308e+00 2.584608e+00 1.307742e+00 8.704025e-01
<VARIANCE> 12
 8.329836e+00 1.334843e+01 2.867047e+01 1.782380e+01 8.144063e+01 1.295982e+02 6.029913e+01 4.923988e+01 3.345152e+01 4.154160e+01 2.852550e+01 4.356342e+01
<GCONST> 6.462432e+01
<STATE> 9
<MEAN> 12
 7.946296e-01 1.297856e+00 2.965922e+00 -2.371702e+00 2.035417e+00 6.358883e+00 3.581516e+00 -3.747117e+00 -1.930953e+00 2.708870e+00 1.623793e+00 4.274194e+00
<VARIANCE> 12
 5.865100e+00 1.438096e+01 2.470772e+01 1.491473e+01 6.381316e+01 1.023386e+02 3.845735e+01 4.755223e+01 2.817087e+01 3.259164e+01 1.954375e+01 3.537507e+01
<GCONST> 6.205555e+01
<STATE> 10
<MEAN> 12
 2.118898e+00 4.298054e+00 5.621520e+00 -3.377982e-01 7.093007e+00 1.212674e+01 2.467411e+00 -2.059145e-01 -1.832023e+00 2.109302e+00 8.321139e-01 5.874078e+00
<VARIANCE> 12
 5.016846e+00 1.080575e+01 1.442384e+01 1.608182e+01 3.115060e+01 4.506561e+01 1.372719e+01 3.216838e+01 2.277375e+01 2.096814e+01 1.139608e+01 1.883852e+01
<GCONST> 5.636908e+01
<TRANSP> 11
 0.000000e+00 1.000000e+00 0.000000e+00 0.000000e+00 0.000000e+00 0.000000e+00 0.000000e+00 0.000000e+00 0.000000e+00 0.000000e+00 0.000000e+00
 0.000000e+00 8.732394e-01 1.267606e-01 0.000000e+00 0.000000e+00 0.000000e+00 0.000000e+00 0.000000e+00 0.000000e+00 0.000000e+00 0.000000e+00
 0.000000e+00 0.000000e+00 8.732395e-01 1.267606e-01 0.000000e+00 0.000000e+00 0.000000e+00 0.000000e+00 0.000000e+00 0.000000e+00 0.000000e+00
 0.000000e+00 0.000000e+00 0.000000e+00 8.732395e-01 1.267605e-01 0.000000e+00 0.000000e+00 0.000000e+00 0.000000e+00 0.000000e+00 0.000000e+00
 0.000000e+00 0.000000e+00 0.000000e+00 0.000000e+00 8.732395e-01 1.267606e-01 0.000000e+00 0.000000e+00 0.000000e+00 0.000000e+00 0.000000e+00
 0.000000e+00 0.000000e+00 0.000000e+00 0.000000e+00 0.000000e+00 8.732394e-01 1.267606e-01 0.000000e+00 0.000000e+00 0.000000e+00 0.000000e+00
 0.000000e+00 0.000000e+00 0.000000e+00 0.000000e+00 0.000000e+00 0.000000e+00 8.732395e-01 1.267605e-01 0.000000e+00 0.000000e+00 0.000000e+00
 0.000000e+00 0.000000e+00 0.000000e+00 0.000000e+00 0.000000e+00 0.000000e+00 0.000000e+00 8.732394e-01 1.267606e-01 0.000000e+00 0.000000e+00
 0.000000e+00 0.000000e+00 0.000000e+00 0.000000e+00 0.000000e+00 0.000000e+00 0.000000e+00 0.000000e+00 8.732394e-01 1.267606e-01 0.000000e+00
 0.000000e+00 0.000000e+00 0.000000e+00 0.000000e+00 0.000000e+00 0.000000e+00 0.000000e+00 0.000000e+00 0.000000e+00 8.732395e-01 1.267606e-01
 0.000000e+00 0.000000e+00 0.000000e+00 0.000000e+00 0.000000e+00 0.000000e+00 0.000000e+00 0.000000e+00 0.000000e+00 0.000000e+00 0.000000e+00
<ENDHMM>
