~o
<STREAMINFO> 1 12
<VECSIZE> 12<NULLD><MFCC_Z><DIAGC>
~h "s061"
<BEGINHMM>
<NUMSTATES> 8
<STATE> 2
<MEAN> 12
 -1.482357e+00 -6.525962e+00 -1.196915e+01 4.863976e+00 -2.578768e+00 -1.239001e+00 1.828308e-01 3.686009e-01 -3.164726e-02 -8.063644e+00 -1.004250e+01 1.073035e+00
<VARIANCE> 12
 1.069651e+01 5.127060e+00 2.049855e+01 1.505171e+01 4.843504e+01 4.375232e+01 1.023626e+01 2.185037e+01 8.590291e+00 8.036813e+01 9.510241e+00 3.881649e+01
<GCONST> 5.730820e+01
<STATE> 3
<MEAN> 12
 3.304397e+00 3.082003e-01 -3.863514e+00 -1.076843e+00 3.138280e+00 -3.169922e-01 1.340609e+00 -6.982408e+00 -2.491651e-01 7.454772e+00 -4.311298e-01 1.255486e+00
<VARIANCE> 12
 5.513429e+00 5.820098e+00 2.997728e+01 1.851926e+01 2.184761e+01 2.211393e+01 2.971434e+01 1.897444e+01 1.308848e+01 1.397547e+01 3.337492e+01 2.090094e+01
<GCONST> 5.611393e+01
<STATE> 4
<MEAN> 12
 5.108682e+00 2.165990e+00 4.052052e+00 5.293359e+00 5.056728e+00 -4.463504e+00 -1.856618e+00 3.995336e+00 4.469578e+00 6.951386e+00 3.778706e+00 -4.911362e+00
<VARIANCE> 12
 5.513429e+00 5.127060e+00 1.348992e+01 1.505171e+01 5.464518e+00 1.659649e+01 5.240551e+01 4.984845e+01 2.184463e+01 1.411003e+01 2.157041e+01 7.240270e+00
<GCONST> 5.386697e+01
<STATE> 5
<MEAN> 12
 -6.944485e+00 7.567764e+00 1.169171e+01 -1.489810e+01 -1.321488e+00 8.209069e-01 -9.766357e+00 1.359957e+01 3.659641e+00 2.265911e-01 5.864172e+00 -5.926516e+00
<VARIANCE> 12
 1.348547e+01 1.017807e+01 1.348992e+01 2.064510e+01 5.177236e+00 1.016608e+01 1.256782e+01 2.122341e+01 6.839269e+00 1.216783e+01 4.240636e+01 8.724615e+00
<GCONST> 5.249029e+01
<STATE> 6
<MEAN> 12
 -7.342578e+00 -1.383463e+00 5.807859e+00 -5.672314e+00 -5.670242e-01 9.093444e+00 4.090710e+00 1.176775e+00 -7.782153e+00 -3.749181e-01 -4.442013e+00 4.060043e+00
<VARIANCE> 12
 5.513429e+00 1.601579e+01 1.348992e+01 3.228872e+01 5.177236e+00 1.683652e+01 2.041378e+01 1.695036e+01 4.518819e+01 1.357510e+01 9.510241e+00 7.240270e+00
<GCONST> 5.357737e+01
<STATE> 7
<MEAN> 12
 1.131251e+00 -3.201344e+00 -3.096489e+00 6.036407e+00 -3.816782e+00 1.397562e+00 6.060155e+00 -7.643987e+00 -3.739887e+00 -6.728517e+00 1.192716e-01 5.273179e+00
<VARIANCE> 12
 1.118945e+01 6.318436e+00 1.348992e+01 1.505171e+01 6.694891e+00 1.235470e+01 9.792098e+00 2.305037e+01 3.635682e+01 1.216783e+01 1.890668e+01 2.066346e+01
<GCONST> 5.352110e+01
<TRANSP> 8
 0.000000e+00 1.000000e+00 0.000000e+00 0.000000e+00 0.000000e+00 0.000000e+00 0.000000e+00 0.000000e+00
 0.000000e+00 8.601161e-01 1.398839e-01 0.000000e+00 0.000000e+00 0.000000e+00 0.000000e+00 0.000000e+00
 0.000000e+00 0.000000e+00 9.003448e-01 9.965524e-02 0.000000e+00 0.000000e+00 0.000000e+00 0.000000e+00
 0.000000e+00 0.000000e+00 0.000000e+00 8.975177e-01 1.024823e-01 0.000000e+00 0.000000e+00 0.000000e+00
 0.000000e+00 0.000000e+00 0.000000e+00 0.000000e+00 8.884792e-01 1.115208e-01 0.000000e+00 0.000000e+00
 0.000000e+00 0.000000e+00 0.000000e+00 0.000000e+00 0.000000e+00 7.010371e-01 2.989630e-01 0.000000e+00
 0.000000e+00 0.000000e+00 0.000000e+00 0.000000e+00 0.000000e+00 0.000000e+00 9.215502e-01 7.844983e-02
 0.000000e+00 0.000000e+00 0.000000e+00 0.000000e+00 0.000000e+00 0.000000e+00 0.000000e+00 0.000000e+00
<ENDHMM>
