~o
<STREAMINFO> 1 12
<VECSIZE> 12<NULLD><MFCC_Z><DIAGC>
~h "T1375423470"
<BEGINHMM>
<NUMSTATES> 9
<STATE> 2
<MEAN> 12
 -1.138056e+01 -2.598570e+00 9.863203e+00 6.329804e+00 -5.276163e+00 2.709449e+00 5.887192e+00 -4.536220e-01 6.385365e-01 3.120858e+00 4.756207e+00 -2.789109e-02
<VARIANCE> 12
 1.428544e+01 9.448659e+00 5.397078e+00 2.337054e+01 1.313138e+01 1.044998e+01 7.288218e+00 2.430970e+01 1.669976e+01 2.454807e+01 1.397495e+01 5.508409e+00
<GCONST> 5.225529e+01
<STATE> 3
<MEAN> 12
 3.618515e+00 -3.889003e+00 3.418348e+00 2.152531e+00 4.556496e+00 -8.846750e-01 2.274777e+00 2.216169e+00 -2.905641e+00 -2.659769e+00 -4.149475e+00 3.748766e+00
<VARIANCE> 12
 4.848289e+00 5.151093e+00 6.140748e+00 5.878459e+00 4.844912e+00 7.663716e+00 3.557605e+00 4.168874e+00 5.152056e+00 1.516844e+01 1.206230e+01 4.385566e+00
<GCONST> 4.349678e+01
<STATE> 4
<MEAN> 12
 5.209931e+00 5.774444e-03 -3.003025e+00 -2.334242e+00 2.307805e+00 1.338808e+00 5.679219e-01 2.842290e-01 -1.410923e+00 -1.419531e+00 -3.681169e+00 1.616552e-01
<VARIANCE> 12
 4.848289e+00 2.459760e+00 6.625268e+00 1.795278e+01 1.776709e+01 9.340125e+00 7.818374e+00 8.371137e+00 2.456366e+01 1.552748e+01 3.261165e+00 9.069689e+00
<GCONST> 4.793569e+01
<STATE> 5
<MEAN> 12
 3.180746e+00 3.321905e+00 -3.704470e+00 -7.637179e+00 -5.770230e+00 -3.799830e+00 1.141493e-01 -1.109455e+00 1.485086e+00 8.512319e-01 9.851051e-01 -1.118165e+00
<VARIANCE> 12
 4.848289e+00 1.208463e+01 1.681939e+01 1.403052e+01 1.420534e+01 8.379773e+00 2.035780e+01 1.528408e+01 1.481394e+01 1.517614e+01 1.674692e+01 5.114954e+00
<GCONST> 5.197424e+01
<STATE> 6
<MEAN> 12
 4.362157e+00 -3.303582e+00 -5.670168e+00 1.897096e+00 3.341078e+00 -2.931065e+00 -2.644745e+00 -4.160830e-01 2.300835e-01 -2.592555e+00 -2.106053e+00 -1.254732e-03
<VARIANCE> 12
 4.848289e+00 2.746392e+00 5.397078e+00 1.227523e+01 4.844912e+00 1.223176e+01 7.611715e+00 4.029115e+00 1.090686e+01 6.602220e+00 4.254026e+00 5.233256e+00
<GCONST> 4.372178e+01
<STATE> 7
<MEAN> 12
 2.151718e-01 -2.143506e+00 -4.348960e+00 2.484320e+00 4.184590e+00 1.103990e+00 -3.104728e+00 9.099260e-01 7.025033e-01 5.087872e-01 -7.987186e-01 -3.142856e-01
<VARIANCE> 12
 4.922296e+00 7.731070e+00 6.793353e+00 8.492043e+00 4.844912e+00 3.669233e+00 8.750985e+00 1.183827e+01 9.210210e+00 1.257829e+01 1.175518e+01 9.720542e+00
<GCONST> 4.675786e+01
<STATE> 8
<MEAN> 12
 -4.827318e+00 3.287482e+00 4.647572e+00 4.714540e+00 3.888494e+00 5.273502e+00 -2.833116e+00 -3.463028e-01 -8.425360e-01 -2.556109e-01 1.680417e+00 -9.324610e-01
<VARIANCE> 12
 4.848289e+00 3.213051e+00 9.067494e+00 5.878459e+00 1.436451e+01 8.436334e+00 1.139958e+01 1.134200e+01 1.282314e+01 1.066527e+01 1.186824e+01 8.293175e+00
<GCONST> 4.794331e+01
<TRANSP> 9
 0.000000e+00 1.000000e+00 0.000000e+00 0.000000e+00 0.000000e+00 0.000000e+00 0.000000e+00 0.000000e+00 0.000000e+00
 0.000000e+00 8.625420e-01 1.374580e-01 0.000000e+00 0.000000e+00 0.000000e+00 0.000000e+00 0.000000e+00 0.000000e+00
 0.000000e+00 0.000000e+00 8.689207e-01 1.310793e-01 0.000000e+00 0.000000e+00 0.000000e+00 0.000000e+00 0.000000e+00
 0.000000e+00 0.000000e+00 0.000000e+00 7.820489e-01 2.179511e-01 0.000000e+00 0.000000e+00 0.000000e+00 0.000000e+00
 0.000000e+00 0.000000e+00 0.000000e+00 0.000000e+00 9.384003e-01 6.159971e-02 0.000000e+00 0.000000e+00 0.000000e+00
 0.000000e+00 0.000000e+00 0.000000e+00 0.000000e+00 0.000000e+00 7.836382e-01 2.163618e-01 0.000000e+00 0.000000e+00
 0.000000e+00 0.000000e+00 0.000000e+00 0.000000e+00 0.000000e+00 0.000000e+00 8.871904e-01 1.128097e-01 0.000000e+00
 0.000000e+00 0.000000e+00 0.000000e+00 0.000000e+00 0.000000e+00 0.000000e+00 0.000000e+00 8.862042e-01 1.137958e-01
 0.000000e+00 0.000000e+00 0.000000e+00 0.000000e+00 0.000000e+00 0.000000e+00 0.000000e+00 0.000000e+00 0.000000e+00
<ENDHMM>
