~o
<STREAMINFO> 1 12
<VECSIZE> 12<NULLD><MFCC_Z><DIAGC>
~h "s097"
<BEGINHMM>
<NUMSTATES> 14
<STATE> 2
<MEAN> 12
 -1.626294e+01 9.451282e-01 6.598934e+00 -1.750606e+00 5.666330e+00 1.645095e+01 3.965682e+00 6.489295e+00 4.382946e+00 7.155006e+00 3.470179e+00 1.477939e+00
<VARIANCE> 12
 4.377586e+00 1.093333e+01 1.233264e+01 1.683616e+01 1.673188e+01 1.902995e+01 2.420667e+01 6.814857e+00 4.396827e+01 2.418624e+01 2.325879e+01 1.952637e+01
<GCONST> 5.521538e+01
<STATE> 3
<MEAN> 12
 -2.901840e+00 1.288360e+00 9.662554e+00 -1.086186e+01 -1.112475e+01 1.186120e+00 -1.034156e-01 -5.120973e+00 4.099956e-01 6.455299e+00 -1.867575e+00 -5.535313e+00
<VARIANCE> 12
 2.388226e+01 3.954519e+01 1.233264e+01 1.683616e+01 3.698345e+01 2.120678e+01 1.092838e+01 2.896450e+01 2.777968e+01 1.118562e+01 3.353111e+01 1.548950e+01
<GCONST> 5.865467e+01
<STATE> 4
<MEAN> 12
 4.663382e-01 -6.298785e+00 4.045689e+00 -3.687753e+00 -9.621439e+00 4.191526e+00 -5.363154e+00 -7.163521e+00 -1.863733e+00 -6.526417e+00 4.575464e-01 -1.398586e+01
<VARIANCE> 12
 4.377586e+00 1.946353e+01 1.233264e+01 1.683616e+01 2.192817e+01 7.003122e+00 5.325822e+00 6.814857e+00 7.325660e+00 3.322314e+01 2.540556e+01 7.607646e+00
<GCONST> 5.121989e+01
<STATE> 5
<MEAN> 12
 -1.214782e+00 -1.232167e+01 -4.383966e+00 3.595645e+00 -2.138519e+00 1.692116e+00 -3.486002e+00 -4.793738e+00 -8.731664e+00 -1.260775e+01 1.103929e+01 -3.934305e+00
<VARIANCE> 12
 4.377586e+00 1.023674e+01 1.233264e+01 1.683616e+01 2.931556e+01 1.453178e+01 5.417261e+00 6.814857e+00 1.844101e+01 1.959276e+01 5.638960e+00 9.638889e+00
<GCONST> 5.074117e+01
<STATE> 6
<MEAN> 12
 2.090367e-01 -9.114101e+00 -8.445651e+00 4.893423e+00 4.181583e+00 -4.453511e+00 -1.649204e+00 -6.746241e+00 -2.677863e+00 -4.612360e+00 -2.443371e+00 4.614707e+00
<VARIANCE> 12
 4.377586e+00 1.538931e+01 1.233264e+01 1.683616e+01 1.535568e+01 7.003122e+00 2.779411e+01 8.597860e+00 3.287064e+01 1.329320e+01 2.969676e+01 7.607646e+00
<GCONST> 5.325468e+01
<STATE> 7
<MEAN> 12
 3.619918e+00 -2.887855e+00 4.295198e-01 -9.050404e+00 -2.202259e+00 -8.161552e+00 -3.887168e+00 5.539008e+00 -7.649352e+00 1.110940e+00 -1.075520e+01 -6.353635e-02
<VARIANCE> 12
 4.377586e+00 1.023674e+01 2.223054e+01 1.683616e+01 3.011987e+01 2.502975e+01 3.319286e+01 2.423956e+01 1.151493e+01 8.832993e+00 5.638960e+00 1.372814e+01
<GCONST> 5.406886e+01
<STATE> 8
<MEAN> 12
 -3.260040e+00 1.381279e+01 2.984565e+00 -1.436696e+01 -2.284721e+00 -4.047328e+00 -9.778860e+00 3.566443e+00 1.739868e+00 7.086961e-01 3.864947e+00 -8.601146e+00
<VARIANCE> 12
 4.377586e+00 1.023674e+01 1.233264e+01 1.683616e+01 1.056254e+01 1.403311e+01 1.107827e+01 7.054055e+00 4.584593e+00 4.148644e+01 2.315751e+01 7.607646e+00
<GCONST> 5.096964e+01
<STATE> 9
<MEAN> 12
 9.614540e-01 1.015192e+01 1.214928e+01 -2.072127e+00 7.048191e-01 7.413478e+00 5.188648e+00 8.764127e+00 1.986682e+00 1.193489e+01 -6.194202e-01 -4.083270e+00
<VARIANCE> 12
 4.377586e+00 5.357179e+01 1.233264e+01 5.502977e+01 1.056254e+01 1.840156e+01 3.569559e+01 2.676732e+01 3.163401e+01 9.476588e+00 1.428364e+01 2.097220e+01
<GCONST> 5.756950e+01
<STATE> 10
<MEAN> 12
 5.705587e-01 -4.330923e+00 5.689816e+00 1.585703e+01 -4.533143e+00 8.980697e-01 4.403102e+00 3.866833e+00 -2.067433e+00 4.938080e+00 3.493487e+00 2.609653e+00
<VARIANCE> 12
 4.377586e+00 1.023674e+01 1.233264e+01 1.683616e+01 1.056254e+01 1.448405e+01 1.079470e+01 9.824361e+00 1.653877e+01 2.672810e+01 2.167163e+01 7.607646e+00
<GCONST> 5.208365e+01
<STATE> 11
<MEAN> 12
 7.391087e+00 7.773539e-01 -2.930953e+00 1.172120e+01 5.458300e+00 -1.180329e+00 3.246462e+00 7.640585e+00 6.136691e+00 -2.548139e+00 -3.670752e+00 4.390037e+00
<VARIANCE> 12
 4.377586e+00 1.023674e+01 1.300843e+01 1.683616e+01 1.056254e+01 7.824760e+00 5.325822e+00 6.814857e+00 4.584593e+00 1.069513e+01 2.052141e+01 8.690714e+00
<GCONST> 4.832862e+01
<STATE> 12
<MEAN> 12
 4.509793e+00 6.295689e-01 -1.120334e+01 1.114969e+01 1.116160e+01 -4.425572e+00 5.116158e+00 2.727436e-01 2.967153e+00 -8.002102e+00 1.579593e+00 7.962528e+00
<VARIANCE> 12
 4.377586e+00 1.023674e+01 1.303462e+01 1.683616e+01 1.471036e+01 7.003122e+00 5.325822e+00 1.524770e+01 5.752207e+00 8.832993e+00 1.184033e+01 7.607646e+00
<GCONST> 4.870879e+01
<STATE> 13
<MEAN> 12
 3.465589e+00 -5.006984e+00 -1.235649e+01 9.622455e+00 7.388589e+00 2.578940e+00 2.963237e+00 -2.335166e+00 -1.437235e+00 -6.374864e+00 2.925803e+00 9.317062e+00
<VARIANCE> 12
 4.377586e+00 1.023674e+01 3.309008e+01 1.683616e+01 1.874300e+01 6.479279e+01 5.742416e+00 1.916156e+01 4.584593e+00 1.877271e+01 5.638960e+00 7.607646e+00
<GCONST> 5.219653e+01
<TRANSP> 14
 0.000000e+00 1.000000e+00 0.000000e+00 0.000000e+00 0.000000e+00 0.000000e+00 0.000000e+00 0.000000e+00 0.000000e+00 0.000000e+00 0.000000e+00 0.000000e+00 0.000000e+00 0.000000e+00
 0.000000e+00 7.500086e-01 2.499914e-01 0.000000e+00 0.000000e+00 0.000000e+00 0.000000e+00 0.000000e+00 0.000000e+00 0.000000e+00 0.000000e+00 0.000000e+00 0.000000e+00 0.000000e+00
 0.000000e+00 0.000000e+00 9.411522e-01 5.884786e-02 0.000000e+00 0.000000e+00 0.000000e+00 0.000000e+00 0.000000e+00 0.000000e+00 0.000000e+00 0.000000e+00 0.000000e+00 0.000000e+00
 0.000000e+00 0.000000e+00 0.000000e+00 5.742104e-01 4.257896e-01 0.000000e+00 0.000000e+00 0.000000e+00 0.000000e+00 0.000000e+00 0.000000e+00 0.000000e+00 0.000000e+00 0.000000e+00
 0.000000e+00 0.000000e+00 0.000000e+00 0.000000e+00 6.838842e-01 3.161158e-01 0.000000e+00 0.000000e+00 0.000000e+00 0.000000e+00 0.000000e+00 0.000000e+00 0.000000e+00 0.000000e+00
 0.000000e+00 0.000000e+00 0.000000e+00 0.000000e+00 0.000000e+00 9.140548e-01 8.594523e-02 0.000000e+00 0.000000e+00 0.000000e+00 0.000000e+00 0.000000e+00 0.000000e+00 0.000000e+00
 0.000000e+00 0.000000e+00 0.000000e+00 0.000000e+00 0.000000e+00 0.000000e+00 7.943439e-01 2.056561e-01 0.000000e+00 0.000000e+00 0.000000e+00 0.000000e+00 0.000000e+00 0.000000e+00
 0.000000e+00 0.000000e+00 0.000000e+00 0.000000e+00 0.000000e+00 0.000000e+00 0.000000e+00 8.988172e-01 1.011828e-01 0.000000e+00 0.000000e+00 0.000000e+00 0.000000e+00 0.000000e+00
 0.000000e+00 0.000000e+00 0.000000e+00 0.000000e+00 0.000000e+00 0.000000e+00 0.000000e+00 0.000000e+00 8.442537e-01 1.557464e-01 0.000000e+00 0.000000e+00 0.000000e+00 0.000000e+00
 0.000000e+00 0.000000e+00 0.000000e+00 0.000000e+00 0.000000e+00 0.000000e+00 0.000000e+00 0.000000e+00 0.000000e+00 7.750514e-01 2.249487e-01 0.000000e+00 0.000000e+00 0.000000e+00
 0.000000e+00 0.000000e+00 0.000000e+00 0.000000e+00 0.000000e+00 0.000000e+00 0.000000e+00 0.000000e+00 0.000000e+00 0.000000e+00 8.601721e-01 1.398279e-01 0.000000e+00 0.000000e+00
 0.000000e+00 0.000000e+00 0.000000e+00 0.000000e+00 0.000000e+00 0.000000e+00 0.000000e+00 0.000000e+00 0.000000e+00 0.000000e+00 0.000000e+00 8.768882e-01 1.231118e-01 0.000000e+00
 0.000000e+00 0.000000e+00 0.000000e+00 0.000000e+00 0.000000e+00 0.000000e+00 0.000000e+00 0.000000e+00 0.000000e+00 0.000000e+00 0.000000e+00 0.000000e+00 8.885610e-01 1.114391e-01
 0.000000e+00 0.000000e+00 0.000000e+00 0.000000e+00 0.000000e+00 0.000000e+00 0.000000e+00 0.000000e+00 0.000000e+00 0.000000e+00 0.000000e+00 0.000000e+00 0.000000e+00 0.000000e+00
<ENDHMM>
