~o
<STREAMINFO> 1 12
<VECSIZE> 12<NULLD><MFCC_Z><DIAGC>
~h "T13771897016"
<BEGINHMM>
<NUMSTATES> 8
<STATE> 2
<MEAN> 12
 -1.079631e-07 2.384186e-07 4.498464e-08 -2.699078e-07 1.439508e-07 -1.619447e-07 -7.197542e-08 -8.996928e-09 2.429171e-07 8.097235e-08 -2.159263e-07 1.349539e-07
<VARIANCE> 12
 3.165859e+01 8.929029e+01 9.014687e+00 5.809544e+01 4.512337e+01 3.788885e+01 3.261855e+01 1.771733e+01 2.496140e+01 3.786295e+01 1.872067e+01 1.513959e+01
<GCONST> 6.256410e+01
<STATE> 3
<MEAN> 12
 -1.079631e-07 2.384186e-07 4.498464e-08 -2.699078e-07 1.439508e-07 -1.619447e-07 -7.197542e-08 -8.996928e-09 2.429171e-07 8.097235e-08 -2.159263e-07 1.349539e-07
<VARIANCE> 12
 3.165859e+01 8.929029e+01 9.014687e+00 5.809544e+01 4.512337e+01 3.788885e+01 3.261855e+01 1.771733e+01 2.496140e+01 3.786295e+01 1.872067e+01 1.513959e+01
<GCONST> 6.256410e+01
<STATE> 4
<MEAN> 12
 -1.079631e-07 2.384186e-07 4.498464e-08 -2.699078e-07 1.439508e-07 -1.619447e-07 -7.197542e-08 -8.996928e-09 2.429171e-07 8.097235e-08 -2.159263e-07 1.349539e-07
<VARIANCE> 12
 3.165859e+01 8.929029e+01 9.014687e+00 5.809544e+01 4.512337e+01 3.788885e+01 3.261855e+01 1.771733e+01 2.496140e+01 3.786295e+01 1.872067e+01 1.513959e+01
<GCONST> 6.256410e+01
<STATE> 5
<MEAN> 12
 -1.079631e-07 2.384186e-07 4.498464e-08 -2.699078e-07 1.439508e-07 -1.619447e-07 -7.197542e-08 -8.996928e-09 2.429171e-07 8.097235e-08 -2.159263e-07 1.349539e-07
<VARIANCE> 12
 3.165859e+01 8.929029e+01 9.014687e+00 5.809544e+01 4.512337e+01 3.788885e+01 3.261855e+01 1.771733e+01 2.496140e+01 3.786295e+01 1.872067e+01 1.513959e+01
<GCONST> 6.256410e+01
<STATE> 6
<MEAN> 12
 -1.079631e-07 2.384186e-07 4.498464e-08 -2.699078e-07 1.439508e-07 -1.619447e-07 -7.197542e-08 -8.996928e-09 2.429171e-07 8.097235e-08 -2.159263e-07 1.349539e-07
<VARIANCE> 12
 3.165859e+01 8.929029e+01 9.014687e+00 5.809544e+01 4.512337e+01 3.788885e+01 3.261855e+01 1.771733e+01 2.496140e+01 3.786295e+01 1.872067e+01 1.513959e+01
<GCONST> 6.256410e+01
<STATE> 7
<MEAN> 12
 -1.079631e-07 2.384186e-07 4.498464e-08 -2.699078e-07 1.439508e-07 -1.619447e-07 -7.197542e-08 -8.996928e-09 2.429171e-07 8.097235e-08 -2.159263e-07 1.349539e-07
<VARIANCE> 12
 3.165859e+01 8.929029e+01 9.014687e+00 5.809544e+01 4.512337e+01 3.788885e+01 3.261855e+01 1.771733e+01 2.496140e+01 3.786295e+01 1.872067e+01 1.513959e+01
<GCONST> 6.256410e+01
<TRANSP> 8
 0.000000e+00 1.000000e+00 0.000000e+00 0.000000e+00 0.000000e+00 0.000000e+00 0.000000e+00 0.000000e+00
 0.000000e+00 9.000000e-01 9.999999e-02 0.000000e+00 0.000000e+00 0.000000e+00 0.000000e+00 0.000000e+00
 0.000000e+00 0.000000e+00 9.000000e-01 9.999999e-02 0.000000e+00 0.000000e+00 0.000000e+00 0.000000e+00
 0.000000e+00 0.000000e+00 0.000000e+00 9.000000e-01 9.999999e-02 0.000000e+00 0.000000e+00 0.000000e+00
 0.000000e+00 0.000000e+00 0.000000e+00 0.000000e+00 9.000000e-01 9.999999e-02 0.000000e+00 0.000000e+00
 0.000000e+00 0.000000e+00 0.000000e+00 0.000000e+00 0.000000e+00 9.000000e-01 9.999999e-02 0.000000e+00
 0.000000e+00 0.000000e+00 0.000000e+00 0.000000e+00 0.000000e+00 0.000000e+00 9.000000e-01 9.999999e-02
 0.000000e+00 0.000000e+00 0.000000e+00 0.000000e+00 0.000000e+00 0.000000e+00 0.000000e+00 0.000000e+00
<ENDHMM>
