~o
<STREAMINFO> 1 12
<VECSIZE> 12<NULLD><MFCC_Z><DIAGC>
~h "s058"
<BEGINHMM>
<NUMSTATES> 11
<STATE> 2
<MEAN> 12
 -9.286125e-02 7.609521e+00 -1.765227e+00 -5.992342e+00 1.298793e+00 -9.593093e+00 7.633101e+00 1.225195e-01 3.519679e+00 3.498384e+00 -1.335182e+00 2.241570e+00
<VARIANCE> 12
 7.738783e+00 4.619057e+01 8.052671e+01 3.767151e+01 1.019196e+02 1.755204e+01 1.360142e+01 3.182432e+01 1.780920e+01 6.309994e+01 3.734506e+01 1.547549e+01
<GCONST> 6.289468e+01
<STATE> 3
<MEAN> 12
 -2.853030e-02 4.189449e+00 -7.891207e+00 -1.469914e+00 5.421988e+00 -7.658013e+00 5.067610e+00 -1.554701e+00 5.094157e+00 -1.156214e+00 -3.901125e-01 3.569814e+00
<VARIANCE> 12
 9.331899e+00 2.000376e+01 2.535273e+01 1.481252e+01 5.551007e+01 1.755204e+01 1.474118e+01 2.328302e+01 2.736481e+01 2.284699e+01 2.769977e+01 2.766626e+01
<GCONST> 5.901206e+01
<STATE> 4
<MEAN> 12
 -3.316070e-01 4.262028e+00 -6.756342e+00 -7.934199e-02 2.483941e+00 -6.459078e+00 3.543890e+00 -1.259138e+00 3.679052e+00 -5.535432e-02 -2.760081e+00 3.286127e+00
<VARIANCE> 12
 1.322716e+01 2.007502e+01 2.905803e+01 8.349146e+00 4.534888e+01 1.755204e+01 1.418919e+01 2.735876e+01 3.726747e+01 1.672037e+01 2.511147e+01 3.839436e+01
<GCONST> 5.907479e+01
<STATE> 5
<MEAN> 12
 -1.195730e+00 2.929536e+00 -3.126786e+00 9.283040e-01 5.818381e-01 -5.552801e+00 2.598664e+00 -1.551902e+00 6.948014e-01 1.643713e+00 -4.162990e+00 1.574594e+00
<VARIANCE> 12
 1.464450e+01 2.606711e+01 3.434052e+01 1.299358e+01 2.636457e+01 1.755204e+01 2.265136e+01 4.024635e+01 4.080968e+01 1.497519e+01 3.311975e+01 4.118306e+01
<GCONST> 6.068594e+01
<STATE> 6
<MEAN> 12
 -1.209538e+00 8.951811e-02 5.433987e-01 1.606713e+00 1.065336e+00 -4.118562e+00 4.231590e-01 -6.566268e-01 -1.719414e+00 2.312285e+00 -3.425436e+00 -3.751657e-01
<VARIANCE> 12
 1.301077e+01 3.395037e+01 2.670002e+01 1.825025e+01 2.423180e+01 3.093674e+01 3.973935e+01 6.391324e+01 4.204300e+01 1.551278e+01 6.817625e+01 3.304233e+01
<GCONST> 6.299377e+01
<STATE> 7
<MEAN> 12
 -6.120424e-01 -3.347884e+00 3.292170e+00 1.293831e+00 1.653148e+00 -6.520057e-01 -3.149848e+00 2.059943e+00 -3.333142e+00 1.724954e+00 1.294081e-01 -1.336856e+00
<VARIANCE> 12
 1.061015e+01 3.691032e+01 1.571688e+01 2.136829e+01 3.687305e+01 7.168130e+01 4.900867e+01 7.972944e+01 4.492040e+01 2.374310e+01 1.127081e+02 2.487633e+01
<GCONST> 6.490273e+01
<STATE> 8
<MEAN> 12
 1.403928e-01 -6.219711e+00 4.958248e+00 5.249447e-01 -4.605929e-01 5.464900e+00 -6.244589e+00 3.488935e+00 -3.676358e+00 -5.448974e-01 4.345288e+00 -2.129621e+00
<VARIANCE> 12
 1.033760e+01 2.713853e+01 8.909079e+00 1.779664e+01 6.230746e+01 1.030957e+02 3.669951e+01 7.220988e+01 4.053090e+01 3.677526e+01 1.074697e+02 2.270892e+01
<GCONST> 6.451428e+01
<STATE> 9
<MEAN> 12
 1.252777e+00 -6.586705e+00 5.456520e+00 5.352721e-01 -5.055217e+00 1.241122e+01 -6.386218e+00 1.305747e+00 -2.606423e+00 -3.687731e+00 5.100223e+00 -3.440493e+00
<VARIANCE> 12
 1.094806e+01 1.878269e+01 7.488363e+00 1.260351e+01 6.004298e+01 8.115110e+01 2.534368e+01 5.792663e+01 2.719346e+01 3.370177e+01 6.872948e+01 2.211808e+01
<GCONST> 6.185813e+01
<STATE> 10
<MEAN> 12
 2.077134e+00 -2.925597e+00 5.289330e+00 2.652533e+00 -6.989374e+00 1.615744e+01 -3.485580e+00 -1.954985e+00 -1.652360e+00 -3.735066e+00 2.498581e+00 -3.390072e+00
<VARIANCE> 12
 6.277986e+00 2.325999e+01 7.488363e+00 1.648579e+01 2.513603e+01 3.337461e+01 1.845926e+01 2.506745e+01 1.248927e+01 2.567073e+01 2.922588e+01 1.790810e+01
<GCONST> 5.675392e+01
<TRANSP> 11
 0.000000e+00 1.000000e+00 0.000000e+00 0.000000e+00 0.000000e+00 0.000000e+00 0.000000e+00 0.000000e+00 0.000000e+00 0.000000e+00 0.000000e+00
 0.000000e+00 8.636364e-01 1.363637e-01 0.000000e+00 0.000000e+00 0.000000e+00 0.000000e+00 0.000000e+00 0.000000e+00 0.000000e+00 0.000000e+00
 0.000000e+00 0.000000e+00 8.636363e-01 1.363636e-01 0.000000e+00 0.000000e+00 0.000000e+00 0.000000e+00 0.000000e+00 0.000000e+00 0.000000e+00
 0.000000e+00 0.000000e+00 0.000000e+00 8.636364e-01 1.363637e-01 0.000000e+00 0.000000e+00 0.000000e+00 0.000000e+00 0.000000e+00 0.000000e+00
 0.000000e+00 0.000000e+00 0.000000e+00 0.000000e+00 8.636364e-01 1.363636e-01 0.000000e+00 0.000000e+00 0.000000e+00 0.000000e+00 0.000000e+00
 0.000000e+00 0.000000e+00 0.000000e+00 0.000000e+00 0.000000e+00 8.636364e-01 1.363636e-01 0.000000e+00 0.000000e+00 0.000000e+00 0.000000e+00
 0.000000e+00 0.000000e+00 0.000000e+00 0.000000e+00 0.000000e+00 0.000000e+00 8.636364e-01 1.363636e-01 0.000000e+00 0.000000e+00 0.000000e+00
 0.000000e+00 0.000000e+00 0.000000e+00 0.000000e+00 0.000000e+00 0.000000e+00 0.000000e+00 8.636363e-01 1.363636e-01 0.000000e+00 0.000000e+00
 0.000000e+00 0.000000e+00 0.000000e+00 0.000000e+00 0.000000e+00 0.000000e+00 0.000000e+00 0.000000e+00 8.636364e-01 1.363636e-01 0.000000e+00
 0.000000e+00 0.000000e+00 0.000000e+00 0.000000e+00 0.000000e+00 0.000000e+00 0.000000e+00 0.000000e+00 0.000000e+00 8.636364e-01 1.363637e-01
 0.000000e+00 0.000000e+00 0.000000e+00 0.000000e+00 0.000000e+00 0.000000e+00 0.000000e+00 0.000000e+00 0.000000e+00 0.000000e+00 0.000000e+00
<ENDHMM>
