~o
<STREAMINFO> 1 12
<VECSIZE> 12<NULLD><MFCC_Z><DIAGC>
~h "s086"
<BEGINHMM>
<NUMSTATES> 11
<STATE> 2
<MEAN> 12
 -5.900042e+00 7.110411e+00 6.880714e+00 -2.074197e+01 -7.447976e+00 5.781605e+00 -6.616563e+00 4.150135e+00 -2.779945e+00 -4.779049e+00 -8.289591e+00 -7.458447e+00
<VARIANCE> 12
 3.020006e+00 2.456388e+01 9.307086e+00 1.959234e+01 7.987759e+00 3.317268e+01 8.458336e+00 1.198088e+01 1.886627e+01 5.922174e+00 2.072756e+01 5.856621e+00
<GCONST> 5.128019e+01
<STATE> 3
<MEAN> 12
 -3.473718e+00 3.899872e-01 4.983017e+00 -9.632200e+00 -4.969235e+00 8.555967e+00 1.868740e+00 -2.542720e+00 -1.144534e+01 5.105645e+00 -1.713663e+00 1.034935e+00
<VARIANCE> 12
 4.021296e+00 3.757062e+00 1.643514e+01 2.021339e+01 1.032475e+01 2.571639e+01 1.409874e+01 1.247192e+01 1.538507e+01 1.425274e+01 6.687557e+00 2.406360e+01
<GCONST> 5.179807e+01
<STATE> 4
<MEAN> 12
 -3.233309e+00 -3.571904e+00 -2.101634e+00 -7.799277e-01 -4.665247e+00 3.751763e+00 9.517365e+00 -5.322529e+00 -1.364885e+01 1.762807e+00 7.321050e+00 -1.437312e+00
<VARIANCE> 12
 3.020006e+00 3.757062e+00 9.307086e+00 1.959234e+01 7.987759e+00 1.074149e+01 8.458336e+00 8.775241e+00 1.538507e+01 9.534138e+00 6.687557e+00 7.265357e+00
<GCONST> 4.732008e+01
<STATE> 5
<MEAN> 12
 -5.026119e-01 -1.410057e+00 -1.048712e+01 4.169567e+00 -8.687960e-01 -1.323314e+00 2.003223e+00 -4.837934e+00 3.572310e+00 -7.807591e+00 7.907101e-01 2.300718e+00
<VARIANCE> 12
 3.020006e+00 3.757062e+00 9.307086e+00 1.959234e+01 7.987759e+00 1.028145e+01 1.929762e+01 8.775241e+00 3.003445e+01 5.922174e+00 9.569702e+00 1.685589e+01
<GCONST> 4.949385e+01
<STATE> 6
<MEAN> 12
 2.045591e+00 2.535866e+00 -3.106966e-01 1.546499e+00 -1.851055e+00 -1.172398e+00 -7.945653e-01 -3.545330e+00 5.527992e+00 -3.405482e+00 1.799035e+00 2.037939e+00
<VARIANCE> 12
 1.719851e+01 9.174821e+00 6.011784e+01 1.959234e+01 9.339296e+00 4.619466e+01 2.470226e+01 2.757374e+01 3.311401e+01 2.023847e+01 4.773689e+01 3.401455e+01
<GCONST> 6.067814e+01
<STATE> 7
<MEAN> 12
 4.529452e+00 -9.396692e-03 4.196837e-01 -8.283297e-02 7.385882e+00 -5.691705e+00 -4.796155e+00 1.184241e+01 8.754320e+00 2.201723e-01 9.708619e-02 -5.374206e+00
<VARIANCE> 12
 3.020006e+00 3.757062e+00 4.254708e+01 1.959234e+01 4.798505e+01 2.134311e+01 1.851920e+01 1.797465e+01 1.538507e+01 9.637597e+00 3.149594e+01 1.199043e+01
<GCONST> 5.488160e+01
<STATE> 8
<MEAN> 12
 1.560479e+00 1.629564e+00 -6.147384e+00 3.545447e+00 2.378745e+00 -5.112690e+00 -5.313457e+00 -2.116989e+00 6.502669e+00 -1.289462e+00 -3.850862e+00 3.622248e+00
<VARIANCE> 12
 3.020006e+00 1.280270e+01 2.078829e+01 1.959234e+01 3.586758e+01 1.100948e+01 3.114049e+01 2.257100e+01 1.538507e+01 3.505647e+01 1.141296e+01 5.403710e+00
<GCONST> 5.466493e+01
<STATE> 9
<MEAN> 12
 -3.362355e+00 -6.247344e+00 -6.320861e+00 1.037824e+01 5.000947e+00 -6.889971e+00 4.941515e-01 8.028257e-01 4.269226e+00 -4.296762e-01 5.382547e+00 2.047330e+00
<VARIANCE> 12
 3.020006e+00 3.757062e+00 9.307086e+00 1.959234e+01 7.987759e+00 1.028145e+01 8.458336e+00 8.775241e+00 1.538507e+01 5.922174e+00 6.687557e+00 5.403710e+00
<GCONST> 4.650410e+01
<STATE> 10
<MEAN> 12
 2.474153e+00 -5.609538e+00 2.656558e+00 1.488092e+01 5.471289e+00 -2.926873e+00 6.894565e+00 2.492171e+00 2.964968e-01 2.539908e+00 4.761107e+00 -7.823574e-01
<VARIANCE> 12
 4.830768e+00 3.872152e+00 9.307086e+00 1.959234e+01 8.451860e+00 1.522028e+01 2.168842e+01 3.815403e+01 2.821576e+01 1.517285e+01 8.673966e+00 1.246157e+01
<GCONST> 5.250706e+01
<TRANSP> 11
 0.000000e+00 1.000000e+00 0.000000e+00 0.000000e+00 0.000000e+00 0.000000e+00 0.000000e+00 0.000000e+00 0.000000e+00 0.000000e+00 0.000000e+00
 0.000000e+00 8.006095e-01 1.993905e-01 0.000000e+00 0.000000e+00 0.000000e+00 0.000000e+00 0.000000e+00 0.000000e+00 0.000000e+00 0.000000e+00
 0.000000e+00 0.000000e+00 9.291292e-01 7.087078e-02 0.000000e+00 0.000000e+00 0.000000e+00 0.000000e+00 0.000000e+00 0.000000e+00 0.000000e+00
 0.000000e+00 0.000000e+00 0.000000e+00 7.418795e-01 2.581206e-01 0.000000e+00 0.000000e+00 0.000000e+00 0.000000e+00 0.000000e+00 0.000000e+00
 0.000000e+00 0.000000e+00 0.000000e+00 0.000000e+00 7.262279e-01 2.737722e-01 0.000000e+00 0.000000e+00 0.000000e+00 0.000000e+00 0.000000e+00
 0.000000e+00 0.000000e+00 0.000000e+00 0.000000e+00 0.000000e+00 9.092278e-01 9.077209e-02 0.000000e+00 0.000000e+00 0.000000e+00 0.000000e+00
 0.000000e+00 0.000000e+00 0.000000e+00 0.000000e+00 0.000000e+00 0.000000e+00 8.691335e-01 1.308665e-01 0.000000e+00 0.000000e+00 0.000000e+00
 0.000000e+00 0.000000e+00 0.000000e+00 0.000000e+00 0.000000e+00 0.000000e+00 0.000000e+00 9.140028e-01 8.599717e-02 0.000000e+00 0.000000e+00
 0.000000e+00 0.000000e+00 0.000000e+00 0.000000e+00 0.000000e+00 0.000000e+00 0.000000e+00 0.000000e+00 5.202954e-01 4.797047e-01 0.000000e+00
 0.000000e+00 0.000000e+00 0.000000e+00 0.000000e+00 0.000000e+00 0.000000e+00 0.000000e+00 0.000000e+00 0.000000e+00 8.997676e-01 1.002324e-01
 0.000000e+00 0.000000e+00 0.000000e+00 0.000000e+00 0.000000e+00 0.000000e+00 0.000000e+00 0.000000e+00 0.000000e+00 0.000000e+00 0.000000e+00
<ENDHMM>
