~o
<STREAMINFO> 1 12
<VECSIZE> 12<NULLD><MFCC_Z><DIAGC>
~h "T13771896898"
<BEGINHMM>
<NUMSTATES> 9
<STATE> 2
<MEAN> 12
 -3.033800e+00 4.973849e+00 6.698440e+00 -3.954751e+00 -7.951904e+00 -2.710030e+00 -1.259089e+00 5.117381e+00 -7.726863e+00 -3.350662e+00 4.120242e+00 -4.182553e+00
<VARIANCE> 12
 3.517655e+00 1.613155e+01 1.562470e+01 4.933237e+01 4.150761e+01 4.439613e+00 6.580378e+01 7.400684e+01 1.573877e+01 9.845763e+00 2.529961e+01 9.343728e+00
<GCONST> 5.695647e+01
<STATE> 3
<MEAN> 12
 9.402561e-01 -2.161260e+00 -8.199375e+00 -3.373521e+00 -2.016279e+00 -1.008905e+01 2.323181e+00 8.654163e+00 1.779028e+00 -6.626855e+00 -4.892015e+00 2.703596e-01
<VARIANCE> 12
 3.517655e+00 4.580639e+00 1.045541e+01 5.327555e+00 1.160539e+01 9.672700e+00 6.825543e+00 5.977523e+01 2.252528e+01 1.111329e+01 1.280979e+01 6.868074e+00
<GCONST> 4.958609e+01
<STATE> 4
<MEAN> 12
 2.326712e+00 -5.838099e-01 -3.092919e+00 -3.998154e-01 9.900630e-01 -2.386738e+00 -4.447870e+00 -5.745976e+00 1.134914e+00 2.197385e+00 -2.250116e+00 -2.343524e+00
<VARIANCE> 12
 7.314694e+00 4.580639e+00 2.915453e+01 8.019526e+00 4.569287e+00 6.899029e+00 6.607045e+00 1.886622e+01 1.068827e+01 5.092539e+00 2.158647e+01 3.334297e+00
<GCONST> 4.757024e+01
<STATE> 5
<MEAN> 12
 -5.825563e+00 -7.572014e+00 3.927351e+00 5.718688e+00 4.112710e+00 3.029148e+00 -1.261785e+00 4.419996e+00 3.301694e+00 3.947891e+00 3.893488e-01 3.417622e+00
<VARIANCE> 12
 1.432843e+01 1.624948e+01 1.124764e+01 1.586821e+01 1.869314e+01 1.264185e+01 3.180314e+01 2.862402e+01 9.545220e+00 1.138244e+01 1.651935e+01 1.496234e+01
<GCONST> 5.516647e+01
<STATE> 6
<MEAN> 12
 -3.695007e+00 -4.819540e+00 2.992679e+00 4.228369e+00 4.544239e+00 2.257567e+00 -2.167179e+00 -2.361238e+00 -1.494585e+00 -1.215274e+00 -1.253579e+00 -7.491035e-01
<VARIANCE> 12
 3.597236e+01 2.278800e+01 2.639207e+01 4.229997e+01 2.527228e+01 4.439613e+00 1.438215e+01 6.230106e+01 2.567934e+01 3.564135e+01 6.850389e+00 1.807654e+01
<GCONST> 5.893771e+01
<STATE> 7
<MEAN> 12
 5.158391e+00 4.769463e+00 -8.232773e+00 -5.851011e+00 -2.812367e+00 3.265005e+00 2.501147e+00 -8.717544e+00 -5.287299e+00 -3.422745e+00 4.528437e+00 1.021336e+00
<VARIANCE> 12
 3.517655e+00 4.580639e+00 1.430935e+01 8.415915e+00 4.569287e+00 4.439613e+00 1.820691e+01 1.029723e+01 1.464579e+01 1.489146e+01 2.457422e+01 1.663085e+01
<GCONST> 4.926670e+01
<STATE> 8
<MEAN> 12
 2.047491e+00 4.157712e+00 7.645002e+00 4.477341e+00 3.792949e+00 5.472791e+00 4.455886e+00 3.233880e-01 6.104443e+00 4.757051e+00 -1.884640e+00 1.234633e+00
<VARIANCE> 12
 1.333232e+01 4.580639e+00 8.232552e+00 9.756357e+00 4.897102e+00 5.359121e+00 7.900438e+00 1.657976e+01 6.067232e+00 4.000696e+00 1.211591e+01 1.173199e+01
<GCONST> 4.684132e+01
<TRANSP> 9
 0.000000e+00 1.000000e+00 0.000000e+00 0.000000e+00 0.000000e+00 0.000000e+00 0.000000e+00 0.000000e+00 0.000000e+00
 0.000000e+00 8.613023e-01 1.386977e-01 0.000000e+00 0.000000e+00 0.000000e+00 0.000000e+00 0.000000e+00 0.000000e+00
 0.000000e+00 0.000000e+00 8.485433e-01 1.514568e-01 0.000000e+00 0.000000e+00 0.000000e+00 0.000000e+00 0.000000e+00
 0.000000e+00 0.000000e+00 0.000000e+00 9.019917e-01 9.800833e-02 0.000000e+00 0.000000e+00 0.000000e+00 0.000000e+00
 0.000000e+00 0.000000e+00 0.000000e+00 0.000000e+00 9.032512e-01 9.674883e-02 0.000000e+00 0.000000e+00 0.000000e+00
 0.000000e+00 0.000000e+00 0.000000e+00 0.000000e+00 0.000000e+00 6.333378e-01 3.666622e-01 0.000000e+00 0.000000e+00
 0.000000e+00 0.000000e+00 0.000000e+00 0.000000e+00 0.000000e+00 0.000000e+00 8.871649e-01 1.128351e-01 0.000000e+00
 0.000000e+00 0.000000e+00 0.000000e+00 0.000000e+00 0.000000e+00 0.000000e+00 0.000000e+00 8.759071e-01 1.240929e-01
 0.000000e+00 0.000000e+00 0.000000e+00 0.000000e+00 0.000000e+00 0.000000e+00 0.000000e+00 0.000000e+00 0.000000e+00
<ENDHMM>
