~o
<STREAMINFO> 1 12
<VECSIZE> 12<NULLD><MFCC_Z><DIAGC>
~h "s017"
<BEGINHMM>
<NUMSTATES> 8
<STATE> 2
<MEAN> 12
 -1.497919e+00 1.304339e+01 2.665338e+00 -5.205171e+00 -6.837284e+00 -6.375019e+00 -8.294514e+00 3.187314e+00 5.125556e+00 -2.251811e+00 2.429264e-01 -7.483310e-01
<VARIANCE> 12
 9.639383e+00 1.229742e+01 2.400446e+01 4.712025e+01 1.618206e+01 1.914631e+01 3.466866e+01 2.504618e+01 2.050442e+01 4.694858e+01 5.840252e+01 7.378602e+00
<GCONST> 5.929892e+01
<STATE> 3
<MEAN> 12
 2.790941e+00 1.723893e+00 7.011712e+00 -8.677736e+00 -1.480962e+01 -1.018218e+01 -8.270966e+00 1.203202e+01 4.707390e+00 5.474375e+00 1.550349e+00 -9.512258e+00
<VARIANCE> 12
 9.203542e+00 3.103435e+01 1.493142e+01 3.106166e+01 2.173087e+01 2.349574e+01 7.374727e+01 1.414703e+01 1.893655e+01 1.245103e+01 6.904252e+00 3.096509e+01
<GCONST> 5.786225e+01
<STATE> 4
<MEAN> 12
 6.791558e+00 -7.405558e+00 -1.086532e+01 6.472748e+00 -3.951184e+00 -1.640125e+01 -6.478395e-01 1.117925e+01 5.377773e+00 -4.888972e+00 -1.405971e+00 -3.464291e+00
<VARIANCE> 12
 2.164621e+00 1.229742e+01 7.255046e+00 1.091763e+01 1.591399e+01 1.914631e+01 2.003551e+01 1.414703e+01 4.148530e+01 3.897201e+01 1.687736e+01 2.605521e+01
<GCONST> 5.454893e+01
<STATE> 5
<MEAN> 12
 3.539743e-02 -1.226112e+01 -1.251067e+01 6.916837e+00 -6.440327e+00 -1.945687e+00 1.241147e+01 4.484695e+00 -1.246793e+01 9.970128e-01 5.717173e+00 3.530611e+00
<VARIANCE> 12
 3.395459e+00 1.229742e+01 7.255046e+00 8.756304e+00 1.591399e+01 7.373389e+01 1.205787e+01 8.007247e+01 2.419901e+01 2.797391e+01 9.907376e+00 6.345661e+00
<GCONST> 5.453677e+01
<STATE> 6
<MEAN> 12
 -3.261028e+00 -8.079136e+00 9.733235e-01 5.472070e+00 7.995601e+00 1.297323e+01 3.401337e+00 -1.284200e+01 -4.317457e+00 4.845442e-01 -1.038859e+00 7.681624e+00
<VARIANCE> 12
 2.164621e+00 1.229742e+01 1.729320e+01 1.466831e+01 1.998750e+01 1.914631e+01 1.268077e+01 1.414703e+01 1.961544e+01 3.232169e+01 8.030402e+00 1.983446e+01
<GCONST> 5.353168e+01
<STATE> 7
<MEAN> 12
 -1.089092e-01 7.208020e-01 1.416245e+00 -3.443605e-01 1.191686e+01 8.493652e+00 6.843036e+00 -4.368776e+00 -2.740698e+00 9.212151e-01 -1.170009e+00 -8.740955e-01
<VARIANCE> 12
 3.746265e+00 1.229742e+01 1.285071e+01 3.301789e+01 1.650091e+01 2.394488e+01 3.474696e+01 1.414703e+01 1.257464e+01 2.736898e+01 1.321837e+01 6.345661e+00
<GCONST> 5.438236e+01
<TRANSP> 8
 0.000000e+00 1.000000e+00 0.000000e+00 0.000000e+00 0.000000e+00 0.000000e+00 0.000000e+00 0.000000e+00
 0.000000e+00 9.151552e-01 8.484482e-02 0.000000e+00 0.000000e+00 0.000000e+00 0.000000e+00 0.000000e+00
 0.000000e+00 0.000000e+00 8.424742e-01 1.575259e-01 0.000000e+00 0.000000e+00 0.000000e+00 0.000000e+00
 0.000000e+00 0.000000e+00 0.000000e+00 8.185590e-01 1.814410e-01 0.000000e+00 0.000000e+00 0.000000e+00
 0.000000e+00 0.000000e+00 0.000000e+00 0.000000e+00 7.036894e-01 2.963106e-01 0.000000e+00 0.000000e+00
 0.000000e+00 0.000000e+00 0.000000e+00 0.000000e+00 0.000000e+00 9.105007e-01 8.949926e-02 0.000000e+00
 0.000000e+00 0.000000e+00 0.000000e+00 0.000000e+00 0.000000e+00 0.000000e+00 9.074594e-01 9.254064e-02
 0.000000e+00 0.000000e+00 0.000000e+00 0.000000e+00 0.000000e+00 0.000000e+00 0.000000e+00 0.000000e+00
<ENDHMM>
