~o
<STREAMINFO> 1 12
<VECSIZE> 12<NULLD><MFCC_Z><DIAGC>
~h "T13771660825"
<BEGINHMM>
<NUMSTATES> 5
<STATE> 2
<MEAN> 12
 -2.503020e+00 -4.855339e-01 1.884481e+00 -1.206839e-01 2.279790e+00 5.957612e+00 9.579282e+00 3.942819e+00 -7.484141e+00 -9.295065e+00 -1.937770e-01 -6.508998e+00
<VARIANCE> 12
 5.839793e+00 3.718457e+01 2.609806e+01 7.080326e+01 5.814089e+01 1.494215e+01 6.126398e+01 3.518602e+01 5.103345e+01 1.862431e+01 1.041471e+01 1.605527e+01
<GCONST> 6.137598e+01
<STATE> 3
<MEAN> 12
 3.596815e+00 -9.929751e-01 -6.082924e+00 1.235362e+00 5.266156e+00 -1.749215e+00 -6.304385e+00 2.952882e-01 3.942379e+00 2.227915e+00 2.090670e+00 3.609511e+00
<VARIANCE> 12
 6.860657e+00 1.349839e+01 2.381765e+01 1.820194e+01 1.013492e+01 4.618030e+01 1.386017e+01 2.758408e+01 3.273971e+01 4.168027e+01 1.075586e+01 1.844529e+01
<GCONST> 5.725853e+01
<STATE> 4
<MEAN> 12
 -7.418123e-01 1.145668e+00 3.132745e+00 -8.457528e-01 -5.839869e+00 -3.430043e+00 -2.851810e+00 -3.378263e+00 2.977979e+00 5.733860e+00 -1.439696e+00 2.452024e+00
<VARIANCE> 12
 2.409719e+01 8.153186e+00 1.076587e+01 1.082697e+01 6.047783e+01 1.673681e+02 6.761430e+01 5.284854e+01 7.726828e+01 2.175851e+01 1.319425e+01 2.298502e+01
<GCONST> 6.263909e+01
<TRANSP> 5
 0.000000e+00 1.000000e+00 0.000000e+00 0.000000e+00 0.000000e+00
 0.000000e+00 8.966358e-01 1.033642e-01 0.000000e+00 0.000000e+00
 0.000000e+00 0.000000e+00 8.916290e-01 1.083710e-01 0.000000e+00
 0.000000e+00 0.000000e+00 0.000000e+00 9.173411e-01 8.265895e-02
 0.000000e+00 0.000000e+00 0.000000e+00 0.000000e+00 0.000000e+00
<ENDHMM>
