~o
<STREAMINFO> 1 12
<VECSIZE> 12<NULLD><MFCC_Z><DIAGC>
~h "s001"
<BEGINHMM>
<NUMSTATES> 8
<STATE> 2
<MEAN> 12
 3.228495e+00 2.342979e+00 2.972528e-01 6.938874e-01 -5.864766e+00 3.052150e+00 1.211814e+01 3.219809e+00 -2.741981e+00 4.007182e+00 -1.966381e-01 1.788200e+00
<VARIANCE> 12
 1.438324e+01 3.941980e+01 2.073405e+01 1.977597e+01 3.199925e+01 1.676987e+01 1.085490e+01 4.842399e+01 8.135047e+00 8.550374e+00 2.401338e+01 4.680470e+00
<GCONST> 5.592518e+01
<STATE> 3
<MEAN> 12
 -5.757246e+00 -2.778056e+00 -1.774458e+00 -1.126622e+00 1.525608e-01 3.178667e+00 -3.013196e+00 -6.478526e+00 1.362917e+00 5.842649e-01 -1.014726e+00 2.893238e+00
<VARIANCE> 12
 2.979120e+00 1.819534e+01 6.417160e+00 4.035215e+01 1.073244e+01 1.780775e+01 2.248817e+01 5.014190e+00 4.527075e+00 2.098756e+01 1.401915e+01 4.680470e+00
<GCONST> 5.031993e+01
<STATE> 4
<MEAN> 12
 -1.647368e+00 1.323214e+01 -6.851404e+00 -1.330357e+01 -4.027007e+00 1.284028e+00 -7.981368e+00 2.085149e+00 3.277862e+00 -7.930069e+00 2.117235e+00 -6.610430e+00
<VARIANCE> 12
 2.979120e+00 1.735937e+01 1.354082e+01 1.977597e+01 6.968792e+00 1.212604e+01 2.045456e+01 1.357122e+01 1.238422e+01 1.480500e+01 1.051615e+01 1.163085e+01
<GCONST> 5.167138e+01
<STATE> 5
<MEAN> 12
 -1.841883e+00 2.276896e+00 1.912766e+00 -6.262472e+00 -1.648330e+00 1.680621e+01 -3.699421e+00 1.192164e-01 2.376578e+00 -4.646326e+00 5.568857e+00 6.124227e+00
<VARIANCE> 12
 2.979120e+00 1.735937e+01 1.183301e+01 1.977597e+01 1.006565e+01 8.886416e+00 1.085490e+01 5.014190e+00 2.835647e+00 8.349808e+00 4.715823e+00 4.680470e+00
<GCONST> 4.620502e+01
<STATE> 6
<MEAN> 12
 2.542326e+00 -4.068177e+00 8.658830e+00 5.454296e+00 2.803155e+00 2.798784e+00 5.508141e-01 3.695183e+00 -2.836856e+00 7.122011e+00 -2.139563e+00 2.082839e+00
<VARIANCE> 12
 2.979120e+00 1.735937e+01 6.417160e+00 1.977597e+01 5.751759e+00 1.851109e+01 1.085490e+01 5.014190e+00 6.643833e+00 1.339163e+01 1.750899e+01 6.645027e+00
<GCONST> 4.875339e+01
<STATE> 7
<MEAN> 12
 2.566899e+00 -9.261324e+00 3.472124e+00 1.022531e+01 5.110204e+00 -7.164110e+00 3.120852e+00 -6.753333e-01 -1.623881e+00 2.696669e+00 -1.092573e+00 1.549806e+00
<VARIANCE> 12
 3.737570e+00 1.735937e+01 6.417160e+00 1.977597e+01 7.952651e+00 1.131884e+01 1.085490e+01 9.542989e+00 8.843004e+00 1.940441e+01 2.711658e+01 1.111412e+01
<GCONST> 5.106442e+01
<TRANSP> 8
 0.000000e+00 1.000000e+00 0.000000e+00 0.000000e+00 0.000000e+00 0.000000e+00 0.000000e+00 0.000000e+00
 0.000000e+00 8.583139e-01 1.416862e-01 0.000000e+00 0.000000e+00 0.000000e+00 0.000000e+00 0.000000e+00
 0.000000e+00 0.000000e+00 8.881199e-01 1.118801e-01 0.000000e+00 0.000000e+00 0.000000e+00 0.000000e+00
 0.000000e+00 0.000000e+00 0.000000e+00 9.231008e-01 7.689921e-02 0.000000e+00 0.000000e+00 0.000000e+00
 0.000000e+00 0.000000e+00 0.000000e+00 0.000000e+00 5.001241e-01 4.998759e-01 0.000000e+00 0.000000e+00
 0.000000e+00 0.000000e+00 0.000000e+00 0.000000e+00 0.000000e+00 8.014197e-01 1.985803e-01 0.000000e+00
 0.000000e+00 0.000000e+00 0.000000e+00 0.000000e+00 0.000000e+00 0.000000e+00 9.373580e-01 6.264201e-02
 0.000000e+00 0.000000e+00 0.000000e+00 0.000000e+00 0.000000e+00 0.000000e+00 0.000000e+00 0.000000e+00
<ENDHMM>
