~o
<STREAMINFO> 1 12
<VECSIZE> 12<NULLD><MFCC_Z><DIAGC>
~h "s050"
<BEGINHMM>
<NUMSTATES> 12
<STATE> 2
<MEAN> 12
 6.004139e-01 5.672822e+00 8.731732e+00 -3.163393e+00 -6.182586e+00 2.269033e+00 -8.844286e-01 -1.447075e+00 2.770106e+00 1.473134e-01 2.186012e+00 1.766617e+00
<VARIANCE> 12
 7.615718e+00 1.043726e+01 1.293918e+01 5.385108e+01 1.356537e+01 1.105893e+01 1.093015e+01 1.619845e+01 3.178207e+01 3.797357e+01 7.054298e+01 1.306799e+01
<GCONST> 5.708599e+01
<STATE> 3
<MEAN> 12
 -2.552661e+00 1.185676e+01 1.700218e+00 -3.007816e+00 -8.050479e-01 -3.252754e+00 1.728186e+00 -5.565095e-02 1.514740e+00 -1.289913e+00 5.280376e+00 -6.873985e+00
<VARIANCE> 12
 4.882039e+00 1.043726e+01 8.955056e+00 1.222887e+01 8.250254e+00 4.717148e+00 3.997091e+01 8.517894e+00 1.245297e+01 7.618985e+00 1.706991e+01 3.743180e+00
<GCONST> 4.888311e+01
<STATE> 4
<MEAN> 12
 -9.722046e+00 3.656319e+00 1.970322e+00 5.728186e+00 8.616483e+00 2.942942e+00 8.802941e+00 8.079917e-01 9.146147e-01 -3.858673e+00 -3.985803e-01 -6.426870e-01
<VARIANCE> 12
 2.805883e+01 2.581971e+01 8.955056e+00 3.667478e+01 4.970187e+01 8.548276e+00 1.595201e+01 1.629478e+01 9.686085e+00 5.227785e+00 5.169322e+01 1.080099e+01
<GCONST> 5.629612e+01
<STATE> 5
<MEAN> 12
 -2.683614e+00 -1.513966e+01 -4.946927e+00 3.236617e+00 3.257043e+00 -1.472882e-01 7.320338e+00 -1.980326e+00 -1.117184e+01 4.304705e+00 -4.785563e+00 -3.563058e+00
<VARIANCE> 12
 4.882039e+00 1.043726e+01 3.452134e+01 1.532105e+01 2.079320e+01 1.829120e+01 9.188202e+00 8.064984e+00 5.259787e+01 4.496510e+01 1.883873e+01 8.489071e+00
<GCONST> 5.534603e+01
<STATE> 6
<MEAN> 12
 5.455573e-01 -1.200586e+01 -1.680206e+01 1.287790e+01 6.021312e+00 -9.070762e+00 2.901375e+00 6.852230e+00 1.112152e+00 -6.246645e+00 -1.319935e+01 -1.520739e+00
<VARIANCE> 12
 4.882039e+00 1.043726e+01 8.955056e+00 1.222887e+01 6.272663e+00 1.723115e+01 3.363315e+01 8.064984e+00 2.371790e+01 1.285737e+01 2.393882e+01 3.743180e+00
<GCONST> 5.118304e+01
<STATE> 7
<MEAN> 12
 3.294441e+00 -9.343455e+00 -6.896865e+00 4.439612e+00 -2.600708e+00 -8.117396e+00 -1.318321e+00 1.362452e+01 -9.363280e+00 4.328327e+00 5.849081e+00 -2.034680e+00
<VARIANCE> 12
 4.882039e+00 1.043726e+01 2.711862e+01 1.548165e+01 6.272663e+00 5.329140e+00 5.200751e+01 8.329498e+00 5.906484e+00 1.490213e+01 3.765060e+01 3.743180e+00
<GCONST> 5.103177e+01
<STATE> 8
<MEAN> 12
 3.617035e-01 -1.790446e+00 9.129642e+00 -1.139316e+01 -5.895255e+00 3.631654e+00 -1.404643e+01 7.080446e+00 5.266750e+00 -4.572034e+00 6.795401e+00 -1.567226e+00
<VARIANCE> 12
 4.882039e+00 1.537459e+01 8.955056e+00 2.353965e+01 9.510782e+00 1.667164e+01 9.188202e+00 8.064984e+00 2.298994e+01 6.738389e+00 9.834622e+00 1.095660e+01
<GCONST> 5.081802e+01
<STATE> 9
<MEAN> 12
 -1.938842e+00 6.598299e+00 2.803520e+00 -1.482019e+01 -2.941283e-02 3.097119e+00 -3.788659e+00 1.309270e+00 4.218082e+00 -1.198983e+00 -6.627644e-01 3.800832e+00
<VARIANCE> 12
 4.882039e+00 1.043726e+01 8.955056e+00 1.222887e+01 7.133225e+00 1.726113e+01 1.700475e+01 1.457738e+01 2.481409e+01 5.129619e+00 9.230312e+00 2.377794e+01
<GCONST> 5.124537e+01
<STATE> 10
<MEAN> 12
 7.300112e+00 1.718908e+00 -3.939667e+00 -1.325484e+00 2.529989e+00 -1.054182e+00 -1.633762e+00 -1.067496e+01 -5.132911e-01 4.883756e+00 -5.819238e+00 6.220218e+00
<VARIANCE> 12
 6.640206e+00 1.043726e+01 8.955056e+00 2.728251e+01 6.272663e+00 1.789215e+01 9.188202e+00 8.064984e+00 1.083496e+01 1.859695e+01 9.230312e+00 1.507488e+01
<GCONST> 5.105882e+01
<STATE> 11
<MEAN> 12
 6.587264e+00 -9.585074e-01 8.093738e-01 7.263233e+00 -5.696819e+00 4.729798e+00 1.776028e+00 -8.222473e+00 -1.731787e+00 6.702201e+00 2.582152e+00 4.621770e+00
<VARIANCE> 12
 4.882039e+00 1.043726e+01 8.955056e+00 1.222887e+01 1.496040e+01 1.054345e+01 1.698989e+01 2.539598e+01 5.906484e+00 1.077780e+01 2.999084e+01 3.787376e+00
<GCONST> 5.069572e+01
<TRANSP> 12
 0.000000e+00 1.000000e+00 0.000000e+00 0.000000e+00 0.000000e+00 0.000000e+00 0.000000e+00 0.000000e+00 0.000000e+00 0.000000e+00 0.000000e+00 0.000000e+00
 0.000000e+00 8.561827e-01 1.438173e-01 0.000000e+00 0.000000e+00 0.000000e+00 0.000000e+00 0.000000e+00 0.000000e+00 0.000000e+00 0.000000e+00 0.000000e+00
 0.000000e+00 0.000000e+00 8.894507e-01 1.105493e-01 0.000000e+00 0.000000e+00 0.000000e+00 0.000000e+00 0.000000e+00 0.000000e+00 0.000000e+00 0.000000e+00
 0.000000e+00 0.000000e+00 0.000000e+00 8.968570e-01 1.031430e-01 0.000000e+00 0.000000e+00 0.000000e+00 0.000000e+00 0.000000e+00 0.000000e+00 0.000000e+00
 0.000000e+00 0.000000e+00 0.000000e+00 0.000000e+00 8.222100e-01 1.777900e-01 0.000000e+00 0.000000e+00 0.000000e+00 0.000000e+00 0.000000e+00 0.000000e+00
 0.000000e+00 0.000000e+00 0.000000e+00 0.000000e+00 0.000000e+00 8.506055e-01 1.493945e-01 0.000000e+00 0.000000e+00 0.000000e+00 0.000000e+00 0.000000e+00
 0.000000e+00 0.000000e+00 0.000000e+00 0.000000e+00 0.000000e+00 0.000000e+00 7.491834e-01 2.508166e-01 0.000000e+00 0.000000e+00 0.000000e+00 0.000000e+00
 0.000000e+00 0.000000e+00 0.000000e+00 0.000000e+00 0.000000e+00 0.000000e+00 0.000000e+00 8.945346e-01 1.054654e-01 0.000000e+00 0.000000e+00 0.000000e+00
 0.000000e+00 0.000000e+00 0.000000e+00 0.000000e+00 0.000000e+00 0.000000e+00 0.000000e+00 0.000000e+00 7.858105e-01 2.141894e-01 0.000000e+00 0.000000e+00
 0.000000e+00 0.000000e+00 0.000000e+00 0.000000e+00 0.000000e+00 0.000000e+00 0.000000e+00 0.000000e+00 0.000000e+00 8.833118e-01 1.166882e-01 0.000000e+00
 0.000000e+00 0.000000e+00 0.000000e+00 0.000000e+00 0.000000e+00 0.000000e+00 0.000000e+00 0.000000e+00 0.000000e+00 0.000000e+00 8.792278e-01 1.207722e-01
 0.000000e+00 0.000000e+00 0.000000e+00 0.000000e+00 0.000000e+00 0.000000e+00 0.000000e+00 0.000000e+00 0.000000e+00 0.000000e+00 0.000000e+00 0.000000e+00
<ENDHMM>
