~o
<STREAMINFO> 1 12
<VECSIZE> 12<NULLD><MFCC_Z><DIAGC>
~h "s023"
<BEGINHMM>
<NUMSTATES> 13
<STATE> 2
<MEAN> 12
 -1.599517e-07 3.561189e-07 -1.327901e-07 -2.293647e-07 4.104421e-07 -6.035913e-08 1.750415e-07 -2.082390e-07 3.410291e-07 4.225139e-08 9.657462e-08 -2.716161e-08
<VARIANCE> 12
 1.625906e+01 1.094096e+02 2.420737e+01 5.975764e+01 3.560232e+01 6.181877e+01 3.708760e+01 8.227853e+01 7.647980e+01 3.092253e+01 3.487411e+01 3.919234e+01
<GCONST> 6.752398e+01
<STATE> 3
<MEAN> 12
 -1.599517e-07 3.561189e-07 -1.327901e-07 -2.293647e-07 4.104421e-07 -6.035913e-08 1.750415e-07 -2.082390e-07 3.410291e-07 4.225139e-08 9.657462e-08 -2.716161e-08
<VARIANCE> 12
 1.625906e+01 1.094096e+02 2.420737e+01 5.975764e+01 3.560232e+01 6.181877e+01 3.708760e+01 8.227853e+01 7.647980e+01 3.092253e+01 3.487411e+01 3.919234e+01
<GCONST> 6.752398e+01
<STATE> 4
<MEAN> 12
 -1.599517e-07 3.561189e-07 -1.327901e-07 -2.293647e-07 4.104421e-07 -6.035913e-08 1.750415e-07 -2.082390e-07 3.410291e-07 4.225139e-08 9.657462e-08 -2.716161e-08
<VARIANCE> 12
 1.625906e+01 1.094096e+02 2.420737e+01 5.975764e+01 3.560232e+01 6.181877e+01 3.708760e+01 8.227853e+01 7.647980e+01 3.092253e+01 3.487411e+01 3.919234e+01
<GCONST> 6.752398e+01
<STATE> 5
<MEAN> 12
 -1.599517e-07 3.561189e-07 -1.327901e-07 -2.293647e-07 4.104421e-07 -6.035913e-08 1.750415e-07 -2.082390e-07 3.410291e-07 4.225139e-08 9.657462e-08 -2.716161e-08
<VARIANCE> 12
 1.625906e+01 1.094096e+02 2.420737e+01 5.975764e+01 3.560232e+01 6.181877e+01 3.708760e+01 8.227853e+01 7.647980e+01 3.092253e+01 3.487411e+01 3.919234e+01
<GCONST> 6.752398e+01
<STATE> 6
<MEAN> 12
 -1.599517e-07 3.561189e-07 -1.327901e-07 -2.293647e-07 4.104421e-07 -6.035913e-08 1.750415e-07 -2.082390e-07 3.410291e-07 4.225139e-08 9.657462e-08 -2.716161e-08
<VARIANCE> 12
 1.625906e+01 1.094096e+02 2.420737e+01 5.975764e+01 3.560232e+01 6.181877e+01 3.708760e+01 8.227853e+01 7.647980e+01 3.092253e+01 3.487411e+01 3.919234e+01
<GCONST> 6.752398e+01
<STATE> 7
<MEAN> 12
 -1.599517e-07 3.561189e-07 -1.327901e-07 -2.293647e-07 4.104421e-07 -6.035913e-08 1.750415e-07 -2.082390e-07 3.410291e-07 4.225139e-08 9.657462e-08 -2.716161e-08
<VARIANCE> 12
 1.625906e+01 1.094096e+02 2.420737e+01 5.975764e+01 3.560232e+01 6.181877e+01 3.708760e+01 8.227853e+01 7.647980e+01 3.092253e+01 3.487411e+01 3.919234e+01
<GCONST> 6.752398e+01
<STATE> 8
<MEAN> 12
 -1.599517e-07 3.561189e-07 -1.327901e-07 -2.293647e-07 4.104421e-07 -6.035913e-08 1.750415e-07 -2.082390e-07 3.410291e-07 4.225139e-08 9.657462e-08 -2.716161e-08
<VARIANCE> 12
 1.625906e+01 1.094096e+02 2.420737e+01 5.975764e+01 3.560232e+01 6.181877e+01 3.708760e+01 8.227853e+01 7.647980e+01 3.092253e+01 3.487411e+01 3.919234e+01
<GCONST> 6.752398e+01
<STATE> 9
<MEAN> 12
 -1.599517e-07 3.561189e-07 -1.327901e-07 -2.293647e-07 4.104421e-07 -6.035913e-08 1.750415e-07 -2.082390e-07 3.410291e-07 4.225139e-08 9.657462e-08 -2.716161e-08
<VARIANCE> 12
 1.625906e+01 1.094096e+02 2.420737e+01 5.975764e+01 3.560232e+01 6.181877e+01 3.708760e+01 8.227853e+01 7.647980e+01 3.092253e+01 3.487411e+01 3.919234e+01
<GCONST> 6.752398e+01
<STATE> 10
<MEAN> 12
 -1.599517e-07 3.561189e-07 -1.327901e-07 -2.293647e-07 4.104421e-07 -6.035913e-08 1.750415e-07 -2.082390e-07 3.410291e-07 4.225139e-08 9.657462e-08 -2.716161e-08
<VARIANCE> 12
 1.625906e+01 1.094096e+02 2.420737e+01 5.975764e+01 3.560232e+01 6.181877e+01 3.708760e+01 8.227853e+01 7.647980e+01 3.092253e+01 3.487411e+01 3.919234e+01
<GCONST> 6.752398e+01
<STATE> 11
<MEAN> 12
 -1.599517e-07 3.561189e-07 -1.327901e-07 -2.293647e-07 4.104421e-07 -6.035913e-08 1.750415e-07 -2.082390e-07 3.410291e-07 4.225139e-08 9.657462e-08 -2.716161e-08
<VARIANCE> 12
 1.625906e+01 1.094096e+02 2.420737e+01 5.975764e+01 3.560232e+01 6.181877e+01 3.708760e+01 8.227853e+01 7.647980e+01 3.092253e+01 3.487411e+01 3.919234e+01
<GCONST> 6.752398e+01
<STATE> 12
<MEAN> 12
 -1.599517e-07 3.561189e-07 -1.327901e-07 -2.293647e-07 4.104421e-07 -6.035913e-08 1.750415e-07 -2.082390e-07 3.410291e-07 4.225139e-08 9.657462e-08 -2.716161e-08
<VARIANCE> 12
 1.625906e+01 1.094096e+02 2.420737e+01 5.975764e+01 3.560232e+01 6.181877e+01 3.708760e+01 8.227853e+01 7.647980e+01 3.092253e+01 3.487411e+01 3.919234e+01
<GCONST> 6.752398e+01
<TRANSP> 13
 0.000000e+00 1.000000e+00 0.000000e+00 0.000000e+00 0.000000e+00 0.000000e+00 0.000000e+00 0.000000e+00 0.000000e+00 0.000000e+00 0.000000e+00 0.000000e+00 0.000000e+00
 0.000000e+00 9.000000e-01 9.999999e-02 0.000000e+00 0.000000e+00 0.000000e+00 0.000000e+00 0.000000e+00 0.000000e+00 0.000000e+00 0.000000e+00 0.000000e+00 0.000000e+00
 0.000000e+00 0.000000e+00 9.000000e-01 9.999999e-02 0.000000e+00 0.000000e+00 0.000000e+00 0.000000e+00 0.000000e+00 0.000000e+00 0.000000e+00 0.000000e+00 0.000000e+00
 0.000000e+00 0.000000e+00 0.000000e+00 9.000000e-01 9.999999e-02 0.000000e+00 0.000000e+00 0.000000e+00 0.000000e+00 0.000000e+00 0.000000e+00 0.000000e+00 0.000000e+00
 0.000000e+00 0.000000e+00 0.000000e+00 0.000000e+00 9.000000e-01 9.999999e-02 0.000000e+00 0.000000e+00 0.000000e+00 0.000000e+00 0.000000e+00 0.000000e+00 0.000000e+00
 0.000000e+00 0.000000e+00 0.000000e+00 0.000000e+00 0.000000e+00 9.000000e-01 9.999999e-02 0.000000e+00 0.000000e+00 0.000000e+00 0.000000e+00 0.000000e+00 0.000000e+00
 0.000000e+00 0.000000e+00 0.000000e+00 0.000000e+00 0.000000e+00 0.000000e+00 9.000000e-01 9.999999e-02 0.000000e+00 0.000000e+00 0.000000e+00 0.000000e+00 0.000000e+00
 0.000000e+00 0.000000e+00 0.000000e+00 0.000000e+00 0.000000e+00 0.000000e+00 0.000000e+00 9.000000e-01 9.999999e-02 0.000000e+00 0.000000e+00 0.000000e+00 0.000000e+00
 0.000000e+00 0.000000e+00 0.000000e+00 0.000000e+00 0.000000e+00 0.000000e+00 0.000000e+00 0.000000e+00 9.000000e-01 9.999999e-02 0.000000e+00 0.000000e+00 0.000000e+00
 0.000000e+00 0.000000e+00 0.000000e+00 0.000000e+00 0.000000e+00 0.000000e+00 0.000000e+00 0.000000e+00 0.000000e+00 9.000000e-01 9.999999e-02 0.000000e+00 0.000000e+00
 0.000000e+00 0.000000e+00 0.000000e+00 0.000000e+00 0.000000e+00 0.000000e+00 0.000000e+00 0.000000e+00 0.000000e+00 0.000000e+00 9.000000e-01 9.999999e-02 0.000000e+00
 0.000000e+00 0.000000e+00 0.000000e+00 0.000000e+00 0.000000e+00 0.000000e+00 0.000000e+00 0.000000e+00 0.000000e+00 0.000000e+00 0.000000e+00 9.000000e-01 9.999999e-02
 0.000000e+00 0.000000e+00 0.000000e+00 0.000000e+00 0.000000e+00 0.000000e+00 0.000000e+00 0.000000e+00 0.000000e+00 0.000000e+00 0.000000e+00 0.000000e+00 0.000000e+00
<ENDHMM>
