~o
<STREAMINFO> 1 12
<VECSIZE> 12<NULLD><MFCC_Z><DIAGC>
~h "T13771896898"
<BEGINHMM>
<NUMSTATES> 9
<STATE> 2
<MEAN> 12
 -1.670438e+00 3.124730e+00 2.771383e+00 -2.914769e+00 -4.741510e+00 -4.206004e+00 -1.515474e+00 4.042390e+00 -4.589808e+00 -3.606317e+00 9.825301e-01 -2.560174e+00
<VARIANCE> 12
 7.021692e+00 2.284736e+01 6.153402e+01 4.099982e+01 4.025485e+01 1.681840e+01 4.868385e+01 8.792661e+01 3.558230e+01 1.434691e+01 3.841402e+01 1.162164e+01
<GCONST> 6.218175e+01
<STATE> 3
<MEAN> 12
 2.543397e-01 -6.407797e-01 -2.991517e+00 -2.614718e+00 -2.822984e+00 -4.900958e+00 -2.436454e-01 3.653477e+00 -6.518499e-01 -2.220016e+00 -9.342310e-01 -1.486554e+00
<VARIANCE> 12
 1.055840e+01 1.402839e+01 4.390303e+01 1.634254e+01 3.329973e+01 2.560994e+01 3.059740e+01 8.426539e+01 3.207281e+01 2.665249e+01 3.039787e+01 1.335640e+01
<GCONST> 6.098896e+01
<STATE> 4
<MEAN> 12
 -8.456052e-02 -2.392657e+00 -2.336846e+00 1.229666e-01 4.896296e-01 -2.308293e+00 -1.527041e+00 -6.012852e-04 1.219525e+00 4.793590e-01 -1.617481e+00 -3.810634e-01
<VARIANCE> 12
 1.895206e+01 1.535114e+01 3.950736e+01 2.064187e+01 1.966624e+01 2.998002e+01 2.294825e+01 6.713665e+01 1.941547e+01 2.434512e+01 2.353687e+01 1.545088e+01
<GCONST> 6.020548e+01
<STATE> 5
<MEAN> 12
 -1.449791e+00 -3.300236e+00 -3.248013e-01 1.787646e+00 1.929186e+00 5.706802e-01 -1.664826e+00 -9.041342e-01 1.055630e+00 1.559634e+00 -6.326722e-01 7.564900e-01
<VARIANCE> 12
 2.852122e+01 2.743774e+01 4.065140e+01 3.050203e+01 1.811923e+01 2.118119e+01 2.440851e+01 5.722517e+01 2.066372e+01 2.181305e+01 2.259486e+01 1.844171e+01
<GCONST> 6.117515e+01
<STATE> 6
<MEAN> 12
 -7.574121e-01 -1.911185e+00 -6.396801e-01 1.085599e+00 1.614480e+00 2.371320e+00 -4.562053e-01 -2.088855e+00 -2.362490e-01 6.562667e-01 8.360988e-01 1.332175e+00
<VARIANCE> 12
 3.708193e+01 4.181574e+01 4.957600e+01 4.279305e+01 2.286369e+01 1.141676e+01 2.774965e+01 5.869041e+01 2.968623e+01 2.656550e+01 2.311006e+01 1.799853e+01
<GCONST> 6.272179e+01
<STATE> 7
<MEAN> 12
 1.942554e+00 1.673014e+00 -5.504336e-01 -7.267724e-02 9.040934e-01 3.532344e+00 1.708071e+00 -3.371785e+00 -1.634183e-01 3.326318e-01 1.829549e+00 1.164627e+00
<VARIANCE> 12
 3.051765e+01 3.549302e+01 5.940936e+01 4.024592e+01 1.998812e+01 6.491168e+00 2.496769e+01 4.696301e+01 3.643126e+01 2.569737e+01 2.514480e+01 1.531406e+01
<GCONST> 6.154939e+01
<STATE> 8
<MEAN> 12
 1.765224e+00 3.447137e+00 4.072092e+00 2.606057e+00 2.627198e+00 4.940991e+00 3.699019e+00 -1.330520e+00 3.366224e+00 2.798542e+00 -4.637913e-01 1.174451e+00
<VARIANCE> 12
 1.907698e+01 1.166481e+01 5.011457e+01 3.057572e+01 1.430278e+01 5.805380e+00 1.331427e+01 3.032023e+01 3.045092e+01 1.830886e+01 2.736369e+01 1.296106e+01
<GCONST> 5.740866e+01
<TRANSP> 9
 0.000000e+00 1.000000e+00 0.000000e+00 0.000000e+00 0.000000e+00 0.000000e+00 0.000000e+00 0.000000e+00 0.000000e+00
 0.000000e+00 8.703704e-01 1.296296e-01 0.000000e+00 0.000000e+00 0.000000e+00 0.000000e+00 0.000000e+00 0.000000e+00
 0.000000e+00 0.000000e+00 8.703703e-01 1.296296e-01 0.000000e+00 0.000000e+00 0.000000e+00 0.000000e+00 0.000000e+00
 0.000000e+00 0.000000e+00 0.000000e+00 8.703704e-01 1.296296e-01 0.000000e+00 0.000000e+00 0.000000e+00 0.000000e+00
 0.000000e+00 0.000000e+00 0.000000e+00 0.000000e+00 8.703704e-01 1.296296e-01 0.000000e+00 0.000000e+00 0.000000e+00
 0.000000e+00 0.000000e+00 0.000000e+00 0.000000e+00 0.000000e+00 8.703704e-01 1.296296e-01 0.000000e+00 0.000000e+00
 0.000000e+00 0.000000e+00 0.000000e+00 0.000000e+00 0.000000e+00 0.000000e+00 8.703704e-01 1.296297e-01 0.000000e+00
 0.000000e+00 0.000000e+00 0.000000e+00 0.000000e+00 0.000000e+00 0.000000e+00 0.000000e+00 8.703704e-01 1.296296e-01
 0.000000e+00 0.000000e+00 0.000000e+00 0.000000e+00 0.000000e+00 0.000000e+00 0.000000e+00 0.000000e+00 0.000000e+00
<ENDHMM>
