~o
<STREAMINFO> 1 12
<VECSIZE> 12<NULLD><MFCC_Z><DIAGC>
~h "s046"
<BEGINHMM>
<NUMSTATES> 8
<STATE> 2
<MEAN> 12
 -2.584518e+00 -1.633114e+00 6.164914e+00 6.746646e+00 -1.638404e+00 2.818341e+00 -1.309184e+00 -3.416837e+00 4.590909e+00 -7.448960e+00 5.410186e+00 -2.319367e+00
<VARIANCE> 12
 1.425500e+01 7.585960e+01 5.023190e+01 7.771956e+01 7.939768e+01 6.590665e+01 9.485049e+01 3.909025e+01 6.104467e+01 2.969032e+01 2.699429e+01 2.022017e+01
<GCONST> 6.789590e+01
<STATE> 3
<MEAN> 12
 -1.941178e+00 -6.658646e+00 -2.635011e-01 4.037688e+00 3.634083e+00 -2.415998e+00 3.872503e+00 -4.184474e+00 7.054953e-01 -4.978350e+00 1.144305e+00 7.078221e-01
<VARIANCE> 12
 1.988314e+01 5.158156e+01 4.567402e+01 8.650282e+01 4.641161e+01 7.936120e+01 3.058875e+01 3.784250e+01 3.776182e+01 3.899321e+01 4.113846e+01 2.156726e+01
<GCONST> 6.661770e+01
<STATE> 4
<MEAN> 12
 3.423909e-01 -3.933677e+00 -2.492762e+00 -1.147787e+00 3.102917e+00 -5.459057e+00 1.345138e+00 -2.334206e+00 -5.710736e-02 -8.877487e-01 -2.672318e+00 6.376189e-01
<VARIANCE> 12
 2.077581e+01 6.280978e+01 3.340554e+01 1.008333e+02 2.610571e+01 5.282331e+01 3.898466e+01 4.168113e+01 2.245129e+01 4.121118e+01 5.175536e+01 3.108363e+01
<GCONST> 6.618620e+01
<STATE> 5
<MEAN> 12
 7.651182e-01 2.048071e+00 -3.065600e+00 -6.035346e+00 3.587457e-01 -3.605050e+00 -1.824094e+00 8.202477e-01 -1.761706e+00 2.845974e+00 -3.233108e+00 -7.284822e-01
<VARIANCE> 12
 1.731413e+01 6.895982e+01 3.538996e+01 6.256269e+01 2.264634e+01 5.421593e+01 3.055421e+01 3.804255e+01 3.136660e+01 3.001162e+01 5.899559e+01 4.114705e+01
<GCONST> 6.565530e+01
<STATE> 6
<MEAN> 12
 1.072806e+00 6.070643e+00 -2.670900e+00 -5.170476e+00 -2.344892e+00 1.252336e+00 -2.266537e+00 3.450011e+00 -3.282794e+00 5.066850e+00 -8.321921e-01 -2.431276e-01
<VARIANCE> 12
 1.324760e+01 3.664280e+01 4.017736e+01 4.979815e+01 1.822042e+01 5.089077e+01 2.016949e+01 2.206752e+01 3.584402e+01 2.039153e+01 4.851957e+01 3.783963e+01
<GCONST> 6.288096e+01
<STATE> 7
<MEAN> 12
 2.345393e+00 4.106727e+00 2.327836e+00 1.569268e+00 -3.112449e+00 7.409357e+00 1.821194e-01 5.665269e+00 -1.947687e-01 5.402233e+00 1.831287e-01 1.945561e+00
<VARIANCE> 12
 6.410503e+00 2.730383e+01 4.721709e+01 5.450388e+01 1.582677e+01 3.512425e+01 2.146294e+01 1.230303e+01 3.806709e+01 1.887777e+01 1.945936e+01 2.152803e+01
<GCONST> 5.958430e+01
<TRANSP> 8
 0.000000e+00 1.000000e+00 0.000000e+00 0.000000e+00 0.000000e+00 0.000000e+00 0.000000e+00 0.000000e+00
 0.000000e+00 8.823529e-01 1.176471e-01 0.000000e+00 0.000000e+00 0.000000e+00 0.000000e+00 0.000000e+00
 0.000000e+00 0.000000e+00 8.823529e-01 1.176471e-01 0.000000e+00 0.000000e+00 0.000000e+00 0.000000e+00
 0.000000e+00 0.000000e+00 0.000000e+00 8.823529e-01 1.176470e-01 0.000000e+00 0.000000e+00 0.000000e+00
 0.000000e+00 0.000000e+00 0.000000e+00 0.000000e+00 8.823529e-01 1.176470e-01 0.000000e+00 0.000000e+00
 0.000000e+00 0.000000e+00 0.000000e+00 0.000000e+00 0.000000e+00 8.823529e-01 1.176471e-01 0.000000e+00
 0.000000e+00 0.000000e+00 0.000000e+00 0.000000e+00 0.000000e+00 0.000000e+00 8.823529e-01 1.176471e-01
 0.000000e+00 0.000000e+00 0.000000e+00 0.000000e+00 0.000000e+00 0.000000e+00 0.000000e+00 0.000000e+00
<ENDHMM>
