~o
<STREAMINFO> 1 12
<VECSIZE> 12<NULLD><MFCC_Z><DIAGC>
~h "s063"
<BEGINHMM>
<NUMSTATES> 13
<STATE> 2
<MEAN> 12
 -3.562066e+00 -8.324718e+00 8.633403e-01 8.965162e+00 9.992344e+00 8.077630e+00 4.391157e+00 8.294896e-01 7.722402e-01 -4.729809e+00 8.237980e+00 2.719161e+00
<VARIANCE> 12
 1.482195e+01 3.800624e+01 1.817411e+01 6.528817e+01 5.621286e+01 4.811984e+01 4.072005e+01 3.479198e+01 2.107815e+01 2.032857e+01 3.313402e+01 3.039800e+01
<GCONST> 6.360134e+01
<STATE> 3
<MEAN> 12
 -1.935454e+00 -1.979409e+00 3.936110e+00 1.640004e+00 3.211507e+00 4.695309e+00 -1.376621e+00 3.703822e+00 2.794004e+00 -2.963205e+00 5.567944e+00 -2.722631e-01
<VARIANCE> 12
 2.275826e+01 8.461955e+01 2.063861e+01 1.447641e+02 8.565617e+01 6.863895e+01 6.557204e+01 3.821571e+01 2.010621e+01 2.531513e+01 2.509765e+01 5.054789e+01
<GCONST> 6.750362e+01
<STATE> 4
<MEAN> 12
 -1.991043e+00 4.515349e+00 4.951056e+00 -6.754978e+00 -1.802174e+00 1.980879e+00 -5.967206e+00 6.518537e+00 4.117751e+00 -8.216231e-01 5.584085e+00 -2.907741e+00
<VARIANCE> 12
 1.936250e+01 7.622465e+01 1.933328e+01 1.132578e+02 5.342406e+01 4.282861e+01 4.778914e+01 2.923086e+01 1.238063e+01 3.202737e+01 3.178495e+01 4.682950e+01
<GCONST> 6.530876e+01
<STATE> 5
<MEAN> 12
 -2.283729e+00 7.857925e+00 4.211767e+00 -1.139487e+01 -3.526526e+00 8.859667e-01 -6.980644e+00 6.363075e+00 4.289098e+00 1.538562e+00 4.067545e+00 -3.703051e+00
<VARIANCE> 12
 1.679571e+01 4.502929e+01 1.623198e+01 5.366808e+01 2.730735e+01 2.250469e+01 4.164296e+01 3.852018e+01 1.280568e+01 4.235572e+01 4.794810e+01 4.101276e+01
<GCONST> 6.313395e+01
<STATE> 6
<MEAN> 12
 -1.256021e+00 7.685561e+00 2.829309e+00 -1.195735e+01 -3.697609e+00 -5.808282e-02 -4.683278e+00 3.924116e+00 3.676562e+00 3.282735e+00 6.833760e-01 -3.035952e+00
<VARIANCE> 12
 2.046292e+01 3.219938e+01 1.297117e+01 4.094207e+01 2.050278e+01 2.127540e+01 5.782118e+01 5.345317e+01 2.087868e+01 4.820271e+01 6.117815e+01 3.798296e+01
<GCONST> 6.359932e+01
<STATE> 7
<MEAN> 12
 5.380703e-01 5.531184e+00 1.521785e+00 -9.388829e+00 -4.100104e+00 -1.839509e+00 -8.922638e-01 1.174314e+00 2.166556e+00 3.980165e+00 -2.643618e+00 -1.608674e+00
<VARIANCE> 12
 2.095187e+01 3.121164e+01 1.443170e+01 6.035308e+01 2.086628e+01 3.118208e+01 6.020078e+01 4.940060e+01 3.285666e+01 5.320903e+01 5.365954e+01 3.425993e+01
<GCONST> 6.476582e+01
<STATE> 8
<MEAN> 12
 1.716074e+00 2.545966e+00 5.214781e-03 -4.675664e+00 -4.749701e+00 -4.430390e+00 2.226218e+00 -1.345590e-01 1.097087e-01 4.222670e+00 -4.234471e+00 -1.135323e-01
<VARIANCE> 12
 1.482066e+01 3.520687e+01 2.304398e+01 7.927942e+01 2.604031e+01 3.827399e+01 3.967669e+01 3.719309e+01 3.838002e+01 5.725080e+01 3.716423e+01 3.148924e+01
<GCONST> 6.478345e+01
<STATE> 9
<MEAN> 12
 1.824987e+00 -1.080173e+00 -2.337200e+00 1.051447e+00 -4.001130e+00 -6.646987e+00 3.446605e+00 -6.082075e-01 -1.850069e+00 3.665275e+00 -4.278422e+00 1.234773e+00
<VARIANCE> 12
 9.113985e+00 3.999973e+01 3.251297e+01 7.847119e+01 4.354467e+01 3.405519e+01 2.028664e+01 3.822029e+01 3.440459e+01 6.276892e+01 2.425592e+01 3.004096e+01
<GCONST> 6.402155e+01
<STATE> 10
<MEAN> 12
 1.784891e+00 -4.727671e+00 -5.137192e+00 6.729106e+00 -5.785942e-01 -6.591485e+00 3.143771e+00 -2.824129e+00 -3.825221e+00 8.401198e-01 -4.282317e+00 2.229550e+00
<VARIANCE> 12
 6.330646e+00 3.226245e+01 2.901188e+01 5.854311e+01 6.586621e+01 3.662051e+01 1.297380e+01 6.044915e+01 3.133348e+01 7.342240e+01 1.599957e+01 2.476266e+01
<GCONST> 6.298708e+01
<STATE> 11
<MEAN> 12
 2.441734e+00 -6.671366e+00 -6.506223e+00 1.152267e+01 3.855541e+00 -2.407840e+00 2.824717e+00 -7.577917e+00 -6.129808e+00 -3.702544e+00 -4.673653e+00 2.648907e+00
<VARIANCE> 12
 5.271455e+00 1.579354e+01 1.714542e+01 3.162670e+01 5.132146e+01 7.095232e+01 1.462792e+01 6.882933e+01 2.963794e+01 6.068917e+01 1.317781e+01 1.623858e+01
<GCONST> 6.074759e+01
<STATE> 12
<MEAN> 12
 2.722603e+00 -5.353020e+00 -4.338086e+00 1.426384e+01 5.396868e+00 6.334908e+00 3.867888e+00 -1.136903e+01 -6.120956e+00 -5.312658e+00 -4.028491e+00 2.808977e+00
<VARIANCE> 12
 3.711563e+00 1.433707e+01 1.579545e+01 2.969689e+01 1.847939e+01 8.367846e+01 2.213862e+01 3.187872e+01 2.518002e+01 2.795385e+01 1.092131e+01 1.043011e+01
<GCONST> 5.737452e+01
<TRANSP> 13
 0.000000e+00 1.000000e+00 0.000000e+00 0.000000e+00 0.000000e+00 0.000000e+00 0.000000e+00 0.000000e+00 0.000000e+00 0.000000e+00 0.000000e+00 0.000000e+00 0.000000e+00
 0.000000e+00 8.589743e-01 1.410257e-01 0.000000e+00 0.000000e+00 0.000000e+00 0.000000e+00 0.000000e+00 0.000000e+00 0.000000e+00 0.000000e+00 0.000000e+00 0.000000e+00
 0.000000e+00 0.000000e+00 8.589743e-01 1.410257e-01 0.000000e+00 0.000000e+00 0.000000e+00 0.000000e+00 0.000000e+00 0.000000e+00 0.000000e+00 0.000000e+00 0.000000e+00
 0.000000e+00 0.000000e+00 0.000000e+00 8.589745e-01 1.410256e-01 0.000000e+00 0.000000e+00 0.000000e+00 0.000000e+00 0.000000e+00 0.000000e+00 0.000000e+00 0.000000e+00
 0.000000e+00 0.000000e+00 0.000000e+00 0.000000e+00 8.589743e-01 1.410256e-01 0.000000e+00 0.000000e+00 0.000000e+00 0.000000e+00 0.000000e+00 0.000000e+00 0.000000e+00
 0.000000e+00 0.000000e+00 0.000000e+00 0.000000e+00 0.000000e+00 8.589744e-01 1.410256e-01 0.000000e+00 0.000000e+00 0.000000e+00 0.000000e+00 0.000000e+00 0.000000e+00
 0.000000e+00 0.000000e+00 0.000000e+00 0.000000e+00 0.000000e+00 0.000000e+00 8.589744e-01 1.410256e-01 0.000000e+00 0.000000e+00 0.000000e+00 0.000000e+00 0.000000e+00
 0.000000e+00 0.000000e+00 0.000000e+00 0.000000e+00 0.000000e+00 0.000000e+00 0.000000e+00 8.589743e-01 1.410257e-01 0.000000e+00 0.000000e+00 0.000000e+00 0.000000e+00
 0.000000e+00 0.000000e+00 0.000000e+00 0.000000e+00 0.000000e+00 0.000000e+00 0.000000e+00 0.000000e+00 8.589743e-01 1.410256e-01 0.000000e+00 0.000000e+00 0.000000e+00
 0.000000e+00 0.000000e+00 0.000000e+00 0.000000e+00 0.000000e+00 0.000000e+00 0.000000e+00 0.000000e+00 0.000000e+00 8.589744e-01 1.410256e-01 0.000000e+00 0.000000e+00
 0.000000e+00 0.000000e+00 0.000000e+00 0.000000e+00 0.000000e+00 0.000000e+00 0.000000e+00 0.000000e+00 0.000000e+00 0.000000e+00 8.589744e-01 1.410256e-01 0.000000e+00
 0.000000e+00 0.000000e+00 0.000000e+00 0.000000e+00 0.000000e+00 0.000000e+00 0.000000e+00 0.000000e+00 0.000000e+00 0.000000e+00 0.000000e+00 8.589744e-01 1.410256e-01
 0.000000e+00 0.000000e+00 0.000000e+00 0.000000e+00 0.000000e+00 0.000000e+00 0.000000e+00 0.000000e+00 0.000000e+00 0.000000e+00 0.000000e+00 0.000000e+00 0.000000e+00
<ENDHMM>
