~o
<STREAMINFO> 1 12
<VECSIZE> 12<NULLD><MFCC_Z><DIAGC>
~h "s085"
<BEGINHMM>
<NUMSTATES> 10
<STATE> 2
<MEAN> 12
 -1.873065e+01 1.062278e+01 -2.770072e-01 1.107198e+01 9.067422e+00 1.247161e+01 1.300845e+01 -6.452296e-01 1.299536e+01 5.883340e+00 3.303337e+00 4.665413e+00
<VARIANCE> 12
 6.148884e+00 1.476277e+01 1.268773e+01 1.423349e+01 3.277457e+01 2.569915e+01 8.499371e+00 6.815580e+01 8.191282e+00 4.893566e+00 9.476230e+00 7.763181e+00
<GCONST> 5.284620e+01
<STATE> 3
<MEAN> 12
 -2.291041e+00 -1.223331e+01 -5.690073e+00 7.425838e+00 -1.235011e+00 -4.371302e+00 -1.129692e+00 -1.754409e+00 -7.037159e+00 -2.088662e+00 -2.109504e+00 -3.823805e+00
<VARIANCE> 12
 6.148884e+00 2.097640e+01 3.255436e+01 8.042109e+01 3.760464e+01 4.149810e+01 2.810258e+01 4.967989e+01 2.804898e+01 2.164217e+01 7.372068e+00 6.221247e+01
<GCONST> 6.191547e+01
<STATE> 4
<MEAN> 12
 5.595707e+00 -6.507846e+00 -1.487651e+01 1.061351e+01 2.203325e+00 -4.159761e+00 2.931275e+00 -3.873372e+00 4.371964e+00 6.422202e-01 -3.869237e+00 5.997484e-01
<VARIANCE> 12
 6.148884e+00 1.476277e+01 2.000023e+01 1.423349e+01 1.439638e+01 1.890783e+01 1.977072e+01 5.007800e+01 1.835886e+01 2.018987e+01 9.003223e+00 1.750835e+01
<GCONST> 5.569413e+01
<STATE> 5
<MEAN> 12
 9.257241e-01 -5.764536e+00 4.398244e+00 -4.568178e+00 -4.583956e+00 4.262447e+00 5.859487e+00 1.482132e+00 -5.913087e+00 1.036651e+01 -9.939785e+00 2.095736e+00
<VARIANCE> 12
 9.685507e+00 1.476277e+01 1.268773e+01 1.953104e+01 4.596653e+00 1.911386e+01 5.968138e+01 2.976952e+01 4.287762e+01 1.296442e+01 6.881674e+00 1.213963e+01
<GCONST> 5.523405e+01
<STATE> 6
<MEAN> 12
 5.596157e+00 4.393284e+00 3.462776e+00 -6.962817e+00 -5.889527e+00 -3.471480e+00 -3.108020e+00 -4.082024e+00 3.245356e+00 -5.837497e+00 5.409675e+00 2.342481e+00
<VARIANCE> 12
 1.166177e+01 1.476277e+01 1.268773e+01 3.703115e+01 8.816745e+00 1.168815e+01 5.700719e+00 7.775067e+01 1.456491e+01 1.909685e+01 3.759920e+01 2.000151e+01
<GCONST> 5.633561e+01
<STATE> 7
<MEAN> 12
 3.193239e-01 1.505278e+01 1.010086e+01 -1.479483e+00 -1.311718e+00 -3.778942e+00 -6.472038e+00 9.863680e+00 -4.778645e-01 2.961367e+00 6.386370e+00 -6.382000e+00
<VARIANCE> 12
 6.148884e+00 3.033886e+01 1.268773e+01 1.680355e+01 4.596653e+00 9.360067e+00 1.016408e+01 1.153607e+01 8.063651e+00 1.273871e+01 5.576394e+00 1.667573e+01
<GCONST> 5.033608e+01
<STATE> 8
<MEAN> 12
 -2.842037e+00 1.146398e+01 7.891978e+00 -9.662572e+00 1.955646e+00 -6.971930e-01 -3.645066e+00 1.147514e+01 1.309962e-01 2.210926e+00 3.641780e+00 -3.786876e+00
<VARIANCE> 12
 6.148884e+00 1.476277e+01 1.268773e+01 1.423349e+01 4.596653e+00 2.145289e+01 5.700719e+00 1.153607e+01 6.664907e+00 4.893566e+00 5.825720e+00 5.495538e+00
<GCONST> 4.748740e+01
<STATE> 9
<MEAN> 12
 -2.302732e+00 -4.702869e+00 5.848208e+00 -9.292562e+00 3.516867e+00 1.007254e+01 7.080650e-01 -3.116704e+00 -4.191379e+00 -2.164928e+00 -3.715589e+00 5.024802e+00
<VARIANCE> 12
 6.148884e+00 1.476277e+01 1.268773e+01 1.866538e+01 1.192178e+01 1.082651e+01 6.239747e+00 6.060053e+01 7.357357e+00 1.081920e+01 5.394274e+00 7.829365e+00
<GCONST> 5.094606e+01
<TRANSP> 10
 0.000000e+00 1.000000e+00 0.000000e+00 0.000000e+00 0.000000e+00 0.000000e+00 0.000000e+00 0.000000e+00 0.000000e+00 0.000000e+00
 0.000000e+00 7.500000e-01 2.500000e-01 0.000000e+00 0.000000e+00 0.000000e+00 0.000000e+00 0.000000e+00 0.000000e+00 0.000000e+00
 0.000000e+00 0.000000e+00 9.013861e-01 9.861392e-02 0.000000e+00 0.000000e+00 0.000000e+00 0.000000e+00 0.000000e+00 0.000000e+00
 0.000000e+00 0.000000e+00 0.000000e+00 9.156787e-01 8.432127e-02 0.000000e+00 0.000000e+00 0.000000e+00 0.000000e+00 0.000000e+00
 0.000000e+00 0.000000e+00 0.000000e+00 0.000000e+00 7.466378e-01 2.533622e-01 0.000000e+00 0.000000e+00 0.000000e+00 0.000000e+00
 0.000000e+00 0.000000e+00 0.000000e+00 0.000000e+00 0.000000e+00 9.095128e-01 9.048720e-02 0.000000e+00 0.000000e+00 0.000000e+00
 0.000000e+00 0.000000e+00 0.000000e+00 0.000000e+00 0.000000e+00 0.000000e+00 8.798360e-01 1.201639e-01 0.000000e+00 0.000000e+00
 0.000000e+00 0.000000e+00 0.000000e+00 0.000000e+00 0.000000e+00 0.000000e+00 0.000000e+00 7.892474e-01 2.107526e-01 0.000000e+00
 0.000000e+00 0.000000e+00 0.000000e+00 0.000000e+00 0.000000e+00 0.000000e+00 0.000000e+00 0.000000e+00 8.993455e-01 1.006546e-01
 0.000000e+00 0.000000e+00 0.000000e+00 0.000000e+00 0.000000e+00 0.000000e+00 0.000000e+00 0.000000e+00 0.000000e+00 0.000000e+00
<ENDHMM>
