~o
<STREAMINFO> 1 12
<VECSIZE> 12<NULLD><MFCC_Z><DIAGC>
~h "s091"
<BEGINHMM>
<NUMSTATES> 9
<STATE> 2
<MEAN> 12
 1.891111e+00 3.862420e+00 -6.478226e+00 1.241549e-01 -5.381330e+00 -5.580812e+00 -8.176596e+00 7.165478e-01 8.029634e+00 -4.489356e+00 2.373447e+00 -5.037059e+00
<VARIANCE> 12
 3.423109e+00 1.431464e+01 4.641352e+01 2.125600e+01 4.214656e+01 4.455154e+01 3.538343e+01 8.589878e+01 2.860247e+01 7.609186e+01 3.926878e+01 2.065684e+01
<GCONST> 6.278171e+01
<STATE> 3
<MEAN> 12
 6.976712e-01 1.072986e+00 -4.345749e+00 3.008015e+00 -1.147724e+00 -4.341253e+00 -6.814504e+00 -3.304792e+00 3.354640e+00 -2.533209e+00 -6.004433e-01 -5.051920e+00
<VARIANCE> 12
 8.474629e+00 3.815429e+01 6.297549e+01 3.599725e+01 2.085184e+01 5.178418e+01 6.059914e+01 4.912334e+01 5.290324e+01 5.301357e+01 3.927956e+01 1.717883e+01
<GCONST> 6.499596e+01
<STATE> 4
<MEAN> 12
 -8.102044e-01 -2.224128e+00 5.940281e-01 1.854322e+00 2.489559e-01 -4.096771e+00 -9.061885e-01 -2.769357e+00 -1.365854e+00 -1.638363e+00 -1.780972e+00 -3.537185e+00
<VARIANCE> 12
 7.477435e+00 4.659049e+01 4.448181e+01 5.770894e+01 2.683669e+01 7.140421e+01 7.857468e+01 2.753799e+01 4.302501e+01 5.423898e+01 3.009566e+01 2.057453e+01
<GCONST> 6.517966e+01
<STATE> 5
<MEAN> 12
 -1.502430e+00 -2.225687e+00 3.623412e+00 -2.286066e+00 8.246618e-01 1.141552e-01 3.929488e+00 -1.989861e+00 -3.341819e+00 1.670781e+00 -7.438149e-01 -1.165049e+00
<VARIANCE> 12
 3.654334e+00 4.694520e+01 2.246408e+01 7.097709e+01 3.056845e+01 1.144437e+02 5.588489e+01 1.980490e+01 2.990089e+01 5.522169e+01 2.548421e+01 3.342467e+01
<GCONST> 6.389956e+01
<STATE> 6
<MEAN> 12
 -1.378042e+00 -1.379448e-01 4.845487e+00 -4.369996e+00 1.733452e+00 5.412943e+00 5.594260e+00 -6.171234e-01 -3.789558e+00 4.169148e+00 7.152949e-01 2.376925e+00
<VARIANCE> 12
 1.968258e+00 3.695646e+01 2.153950e+01 7.216340e+01 2.756049e+01 1.141282e+02 2.917903e+01 1.969320e+01 2.570735e+01 4.569442e+01 2.377821e+01 3.994889e+01
<GCONST> 6.202280e+01
<STATE> 7
<MEAN> 12
 -6.699321e-01 1.544377e-01 2.856117e+00 -1.452862e+00 2.641125e+00 5.570678e+00 4.854025e+00 2.216999e+00 -3.238682e+00 3.394606e+00 1.613995e+00 5.727197e+00
<VARIANCE> 12
 3.385947e+00 2.151112e+01 4.027013e+01 8.049321e+01 1.846388e+01 9.299989e+01 1.502506e+01 2.374472e+01 2.791119e+01 4.559055e+01 2.679120e+01 2.794326e+01
<GCONST> 6.151899e+01
<STATE> 8
<MEAN> 12
 1.771798e+00 -5.021315e-01 -1.094923e+00 3.122327e+00 1.080826e+00 2.921057e+00 1.519551e+00 5.747625e+00 3.516492e-01 -5.736831e-01 -1.577547e+00 6.687087e+00
<VARIANCE> 12
 9.857924e+00 1.115762e+01 3.393157e+01 4.113145e+01 1.394976e+01 5.406073e+01 2.283875e+01 1.488408e+01 3.127964e+01 3.326737e+01 3.853455e+01 1.406688e+01
<GCONST> 5.969328e+01
<TRANSP> 9
 0.000000e+00 1.000000e+00 0.000000e+00 0.000000e+00 0.000000e+00 0.000000e+00 0.000000e+00 0.000000e+00 0.000000e+00
 0.000000e+00 8.813559e-01 1.186441e-01 0.000000e+00 0.000000e+00 0.000000e+00 0.000000e+00 0.000000e+00 0.000000e+00
 0.000000e+00 0.000000e+00 8.813559e-01 1.186441e-01 0.000000e+00 0.000000e+00 0.000000e+00 0.000000e+00 0.000000e+00
 0.000000e+00 0.000000e+00 0.000000e+00 8.813559e-01 1.186441e-01 0.000000e+00 0.000000e+00 0.000000e+00 0.000000e+00
 0.000000e+00 0.000000e+00 0.000000e+00 0.000000e+00 8.813559e-01 1.186441e-01 0.000000e+00 0.000000e+00 0.000000e+00
 0.000000e+00 0.000000e+00 0.000000e+00 0.000000e+00 0.000000e+00 8.813559e-01 1.186441e-01 0.000000e+00 0.000000e+00
 0.000000e+00 0.000000e+00 0.000000e+00 0.000000e+00 0.000000e+00 0.000000e+00 8.813559e-01 1.186441e-01 0.000000e+00
 0.000000e+00 0.000000e+00 0.000000e+00 0.000000e+00 0.000000e+00 0.000000e+00 0.000000e+00 8.813559e-01 1.186441e-01
 0.000000e+00 0.000000e+00 0.000000e+00 0.000000e+00 0.000000e+00 0.000000e+00 0.000000e+00 0.000000e+00 0.000000e+00
<ENDHMM>
