~o
<STREAMINFO> 1 12
<VECSIZE> 12<NULLD><MFCC_Z><DIAGC>
~h "s028"
<BEGINHMM>
<NUMSTATES> 8
<STATE> 2
<MEAN> 12
 -2.222114e+00 1.586287e+01 -1.514233e+00 -9.450165e+00 -4.413785e+00 -3.017961e+00 -1.016451e+01 6.190448e+00 9.845495e+00 1.843210e+00 8.529623e+00 -7.239031e+00
<VARIANCE> 12
 3.057881e+00 2.786051e+01 6.486619e+00 1.900976e+01 6.397806e+01 1.038517e+01 6.881180e+00 2.311500e+01 2.162565e+01 5.319018e+00 9.517747e+00 2.034171e+01
<GCONST> 5.289334e+01
<STATE> 3
<MEAN> 12
 2.168239e-01 8.572168e+00 1.712928e+00 -1.544097e+01 2.270268e+00 -4.244412e-01 -5.240844e+00 -4.843907e+00 1.487955e+01 3.487353e+00 4.628159e+00 -3.691978e+00
<VARIANCE> 12
 3.707777e+00 2.786051e+01 3.055657e+00 1.859234e+01 6.518568e+00 1.193910e+01 6.881180e+00 6.312117e+00 2.162565e+01 1.640308e+01 4.686091e+01 5.842615e+00
<GCONST> 5.034136e+01
<STATE> 4
<MEAN> 12
 -7.743869e+00 1.206430e+01 6.185315e-01 -5.161714e+00 9.126987e-01 5.791613e+00 6.060783e+00 2.728295e-01 8.210456e+00 6.872567e+00 -7.786189e-01 3.632768e+00
<VARIANCE> 12
 8.677382e+00 2.786051e+01 2.269184e+00 1.859234e+01 1.226349e+01 1.185513e+01 9.550155e+00 1.266369e+01 2.162565e+01 1.367190e+01 9.517747e+00 5.842615e+00
<GCONST> 5.076686e+01
<STATE> 5
<MEAN> 12
 5.750625e-01 -9.804720e+00 3.571761e-01 4.328997e+00 -1.053536e+01 8.259833e+00 2.450094e+00 -2.487348e+00 -4.641876e+00 -7.918443e+00 1.061628e+00 -4.426987e+00
<VARIANCE> 12
 3.057881e+00 2.786051e+01 6.355435e+00 1.859234e+01 1.953047e+01 4.339649e+00 8.993794e+00 1.045450e+01 2.162565e+01 1.407625e+01 2.626951e+01 1.652098e+01
<GCONST> 5.204626e+01
<STATE> 6
<MEAN> 12
 2.479882e+00 -1.741977e+01 -4.697519e-01 1.082844e+01 2.352756e+00 -1.289572e+00 2.284986e+00 3.555244e+00 -1.403487e+01 -2.704783e+00 8.451765e-01 3.582144e+00
<VARIANCE> 12
 3.057881e+00 2.786051e+01 8.074716e-01 1.859234e+01 1.462467e+01 1.671708e+01 6.881180e+00 4.453239e+00 2.162565e+01 8.604922e+00 1.314103e+01 9.851353e+00
<GCONST> 4.821949e+01
<STATE> 7
<MEAN> 12
 5.007054e+00 -1.177466e+01 -2.624080e-02 1.236347e+01 4.652075e+00 -3.549320e+00 5.467628e+00 -3.602194e+00 -1.223923e+01 -3.225605e+00 -1.048989e+01 5.656831e+00
<VARIANCE> 12
 3.057881e+00 2.786051e+01 6.251157e+00 1.859234e+01 6.518568e+00 1.364768e+01 6.973382e+00 1.393949e+01 2.162565e+01 1.199491e+01 1.681367e+01 1.615067e+01
<GCONST> 5.148254e+01
<TRANSP> 8
 0.000000e+00 1.000000e+00 0.000000e+00 0.000000e+00 0.000000e+00 0.000000e+00 0.000000e+00 0.000000e+00
 0.000000e+00 9.043046e-01 9.569544e-02 0.000000e+00 0.000000e+00 0.000000e+00 0.000000e+00 0.000000e+00
 0.000000e+00 0.000000e+00 8.675441e-01 1.324560e-01 0.000000e+00 0.000000e+00 0.000000e+00 0.000000e+00
 0.000000e+00 0.000000e+00 0.000000e+00 8.750079e-01 1.249921e-01 0.000000e+00 0.000000e+00 0.000000e+00
 0.000000e+00 0.000000e+00 0.000000e+00 0.000000e+00 8.033900e-01 1.966101e-01 0.000000e+00 0.000000e+00
 0.000000e+00 0.000000e+00 0.000000e+00 0.000000e+00 0.000000e+00 8.676568e-01 1.323432e-01 0.000000e+00
 0.000000e+00 0.000000e+00 0.000000e+00 0.000000e+00 0.000000e+00 0.000000e+00 9.190786e-01 8.092136e-02
 0.000000e+00 0.000000e+00 0.000000e+00 0.000000e+00 0.000000e+00 0.000000e+00 0.000000e+00 0.000000e+00
<ENDHMM>
