~o
<STREAMINFO> 1 12
<VECSIZE> 12<NULLD><MFCC_Z><DIAGC>
~h "s025"
<BEGINHMM>
<NUMSTATES> 12
<STATE> 2
<MEAN> 12
 -1.219579e+00 4.045585e-01 5.595173e+00 -2.287997e+00 -6.169005e+00 3.510758e+00 1.212014e+00 -1.941889e-01 7.170525e+00 9.374887e+00 2.829296e+00 2.731782e+00
<VARIANCE> 12
 8.178493e+00 1.025035e+01 1.025834e+01 6.496888e+01 3.395385e+00 4.378808e+00 2.154597e+01 3.287173e+01 2.550818e+01 1.360456e+01 1.108324e+01 4.287115e+01
<GCONST> 5.426037e+01
<STATE> 3
<MEAN> 12
 2.426469e+00 -5.999562e+00 -4.094056e+00 4.176613e+00 -3.201684e+00 -8.261627e+00 1.592357e+00 1.454239e+01 -4.324787e+00 1.595211e+00 3.830443e+00 3.383642e+00
<VARIANCE> 12
 3.647359e+00 5.597394e+00 1.189871e+01 1.000794e+01 2.411726e+01 1.056250e+01 7.999722e+00 2.665316e+01 1.173978e+01 1.386908e+01 2.351889e+01 3.817290e+01
<GCONST> 5.264576e+01
<STATE> 4
<MEAN> 12
 -4.309089e+00 1.512095e+00 -2.448521e+00 6.630352e-01 1.107099e+00 -6.586040e+00 3.848559e+00 8.130054e+00 -1.919535e+00 4.211976e+00 2.340533e+00 1.552620e+00
<VARIANCE> 12
 1.137230e+01 5.597394e+00 6.276399e+00 1.000794e+01 1.512372e+01 7.022651e+00 9.361211e+00 1.956873e+01 1.633447e+01 7.280831e+00 1.064236e+01 1.402810e+01
<GCONST> 5.000853e+01
<STATE> 5
<MEAN> 12
 -7.301105e+00 5.734699e+00 -1.962591e+00 3.108566e+00 -1.021188e+00 -9.900260e-01 -1.079681e+00 -6.758408e+00 8.261641e-01 2.727528e+00 5.790303e+00 2.259307e+00
<VARIANCE> 12
 3.647359e+00 5.597394e+00 7.598024e+00 1.000794e+01 1.563249e+01 4.378808e+00 1.411694e+01 2.380574e+01 3.890873e+00 1.393528e+01 6.653875e+00 8.473575e+00
<GCONST> 4.747073e+01
<STATE> 6
<MEAN> 12
 -3.640388e+00 7.188816e+00 -1.420150e+00 -9.672173e-01 -7.028778e-01 -1.094793e+00 -7.222164e+00 1.342547e+00 4.563897e-01 -3.310707e+00 5.554988e-01 -1.023122e+01
<VARIANCE> 12
 6.437448e+00 5.597394e+00 4.133940e+00 2.693140e+01 7.416821e+00 8.419193e+00 2.016407e+01 2.036970e+01 1.081203e+01 1.943328e+01 1.867249e+01 2.308445e+01
<GCONST> 5.191755e+01
<STATE> 7
<MEAN> 12
 -1.249833e+00 4.280616e+00 5.681850e+00 -4.981487e+00 5.269937e+00 2.329900e-01 -2.979104e+00 -2.046384e+00 -1.180044e+00 3.785021e+00 -7.076969e-01 -4.393372e+00
<VARIANCE> 12
 3.647359e+00 5.597394e+00 1.042849e+01 4.547316e+01 9.129912e+00 2.289079e+01 2.292584e+01 4.007302e+01 6.064812e+00 5.343715e+01 7.449779e+00 8.767006e+00
<GCONST> 5.335794e+01
<STATE> 8
<MEAN> 12
 -3.631005e+00 2.471940e+00 7.604353e+00 -1.363292e+01 -1.600558e+00 6.549366e+00 -1.082952e+01 1.026693e+01 2.317945e+00 2.584969e+00 -9.595813e+00 6.653942e-02
<VARIANCE> 12
 3.647359e+00 5.597394e+00 1.185436e+01 1.000794e+01 6.188255e+00 4.378808e+00 2.860253e+01 1.288084e+01 3.890873e+00 6.387919e+00 1.091662e+01 1.580216e+01
<GCONST> 4.741905e+01
<STATE> 9
<MEAN> 12
 3.046949e+00 3.512443e-02 -1.585637e+00 -1.148973e+01 -4.613761e-01 8.082978e+00 3.349818e+00 -1.002601e-01 4.777375e+00 -1.593830e+00 -1.076994e+01 1.218088e+01
<VARIANCE> 12
 6.047606e+00 5.597394e+00 4.133940e+00 1.389467e+01 3.395385e+00 7.005710e+00 7.999722e+00 1.298912e+01 3.890873e+00 6.387919e+00 4.881682e+00 8.473575e+00
<GCONST> 4.437537e+01
<STATE> 10
<MEAN> 12
 7.438330e+00 -5.386617e+00 -7.891866e+00 -6.342253e-01 7.028338e+00 -2.216475e+00 5.865691e+00 -1.071561e+01 1.394904e+00 -9.358011e+00 -3.686045e+00 4.401945e+00
<VARIANCE> 12
 3.647359e+00 5.597394e+00 4.133940e+00 1.000794e+01 3.916471e+00 4.378808e+00 7.999722e+00 1.438178e+01 4.280988e+00 1.596645e+01 1.333495e+01 8.473575e+00
<GCONST> 4.533279e+01
<STATE> 11
<MEAN> 12
 5.514814e+00 -8.986979e+00 2.630953e+00 1.207692e+01 1.418635e+00 4.352931e+00 9.654377e+00 -9.735963e+00 -5.712463e+00 -2.128522e+00 1.771347e+00 4.038187e+00
<VARIANCE> 12
 3.647359e+00 5.597394e+00 4.133940e+00 1.847045e+01 5.584804e+00 1.211980e+01 1.059078e+01 1.288084e+01 2.071789e+01 1.600078e+01 1.199619e+01 1.702224e+01
<GCONST> 4.965959e+01
<TRANSP> 12
 0.000000e+00 1.000000e+00 0.000000e+00 0.000000e+00 0.000000e+00 0.000000e+00 0.000000e+00 0.000000e+00 0.000000e+00 0.000000e+00 0.000000e+00 0.000000e+00
 0.000000e+00 8.750224e-01 1.249776e-01 0.000000e+00 0.000000e+00 0.000000e+00 0.000000e+00 0.000000e+00 0.000000e+00 0.000000e+00 0.000000e+00 0.000000e+00
 0.000000e+00 0.000000e+00 8.802008e-01 1.197992e-01 0.000000e+00 0.000000e+00 0.000000e+00 0.000000e+00 0.000000e+00 0.000000e+00 0.000000e+00 0.000000e+00
 0.000000e+00 0.000000e+00 0.000000e+00 7.330052e-01 2.669948e-01 0.000000e+00 0.000000e+00 0.000000e+00 0.000000e+00 0.000000e+00 0.000000e+00 0.000000e+00
 0.000000e+00 0.000000e+00 0.000000e+00 0.000000e+00 7.968591e-01 2.031409e-01 0.000000e+00 0.000000e+00 0.000000e+00 0.000000e+00 0.000000e+00 0.000000e+00
 0.000000e+00 0.000000e+00 0.000000e+00 0.000000e+00 0.000000e+00 9.345738e-01 6.542622e-02 0.000000e+00 0.000000e+00 0.000000e+00 0.000000e+00 0.000000e+00
 0.000000e+00 0.000000e+00 0.000000e+00 0.000000e+00 0.000000e+00 0.000000e+00 8.082423e-01 1.917577e-01 0.000000e+00 0.000000e+00 0.000000e+00 0.000000e+00
 0.000000e+00 0.000000e+00 0.000000e+00 0.000000e+00 0.000000e+00 0.000000e+00 0.000000e+00 8.183439e-01 1.816561e-01 0.000000e+00 0.000000e+00 0.000000e+00
 0.000000e+00 0.000000e+00 0.000000e+00 0.000000e+00 0.000000e+00 0.000000e+00 0.000000e+00 0.000000e+00 6.643133e-01 3.356868e-01 0.000000e+00 0.000000e+00
 0.000000e+00 0.000000e+00 0.000000e+00 0.000000e+00 0.000000e+00 0.000000e+00 0.000000e+00 0.000000e+00 0.000000e+00 8.750005e-01 1.249995e-01 0.000000e+00
 0.000000e+00 0.000000e+00 0.000000e+00 0.000000e+00 0.000000e+00 0.000000e+00 0.000000e+00 0.000000e+00 0.000000e+00 0.000000e+00 8.999997e-01 1.000003e-01
 0.000000e+00 0.000000e+00 0.000000e+00 0.000000e+00 0.000000e+00 0.000000e+00 0.000000e+00 0.000000e+00 0.000000e+00 0.000000e+00 0.000000e+00 0.000000e+00
<ENDHMM>
