~o
<STREAMINFO> 1 12
<VECSIZE> 12<NULLD><MFCC_Z><DIAGC>
~h "s061"
<BEGINHMM>
<NUMSTATES> 8
<STATE> 2
<MEAN> 12
 2.750984e-08 9.399194e-08 -3.576279e-07 1.118733e-06 -2.200787e-07 7.886153e-07 2.292486e-07 -1.100393e-07 -1.673515e-07 -9.169946e-08 -1.100393e-07 -5.501967e-08
<VARIANCE> 12
 2.756715e+01 2.563530e+01 6.744962e+01 7.525854e+01 2.588618e+01 2.914427e+01 4.896049e+01 8.475178e+01 3.419634e+01 6.083913e+01 4.755120e+01 3.620135e+01
<GCONST> 6.719540e+01
<STATE> 3
<MEAN> 12
 2.750984e-08 9.399194e-08 -3.576279e-07 1.118733e-06 -2.200787e-07 7.886153e-07 2.292486e-07 -1.100393e-07 -1.673515e-07 -9.169946e-08 -1.100393e-07 -5.501967e-08
<VARIANCE> 12
 2.756715e+01 2.563530e+01 6.744962e+01 7.525854e+01 2.588618e+01 2.914427e+01 4.896049e+01 8.475178e+01 3.419634e+01 6.083913e+01 4.755120e+01 3.620135e+01
<GCONST> 6.719540e+01
<STATE> 4
<MEAN> 12
 2.750984e-08 9.399194e-08 -3.576279e-07 1.118733e-06 -2.200787e-07 7.886153e-07 2.292486e-07 -1.100393e-07 -1.673515e-07 -9.169946e-08 -1.100393e-07 -5.501967e-08
<VARIANCE> 12
 2.756715e+01 2.563530e+01 6.744962e+01 7.525854e+01 2.588618e+01 2.914427e+01 4.896049e+01 8.475178e+01 3.419634e+01 6.083913e+01 4.755120e+01 3.620135e+01
<GCONST> 6.719540e+01
<STATE> 5
<MEAN> 12
 2.750984e-08 9.399194e-08 -3.576279e-07 1.118733e-06 -2.200787e-07 7.886153e-07 2.292486e-07 -1.100393e-07 -1.673515e-07 -9.169946e-08 -1.100393e-07 -5.501967e-08
<VARIANCE> 12
 2.756715e+01 2.563530e+01 6.744962e+01 7.525854e+01 2.588618e+01 2.914427e+01 4.896049e+01 8.475178e+01 3.419634e+01 6.083913e+01 4.755120e+01 3.620135e+01
<GCONST> 6.719540e+01
<STATE> 6
<MEAN> 12
 2.750984e-08 9.399194e-08 -3.576279e-07 1.118733e-06 -2.200787e-07 7.886153e-07 2.292486e-07 -1.100393e-07 -1.673515e-07 -9.169946e-08 -1.100393e-07 -5.501967e-08
<VARIANCE> 12
 2.756715e+01 2.563530e+01 6.744962e+01 7.525854e+01 2.588618e+01 2.914427e+01 4.896049e+01 8.475178e+01 3.419634e+01 6.083913e+01 4.755120e+01 3.620135e+01
<GCONST> 6.719540e+01
<STATE> 7
<MEAN> 12
 2.750984e-08 9.399194e-08 -3.576279e-07 1.118733e-06 -2.200787e-07 7.886153e-07 2.292486e-07 -1.100393e-07 -1.673515e-07 -9.169946e-08 -1.100393e-07 -5.501967e-08
<VARIANCE> 12
 2.756715e+01 2.563530e+01 6.744962e+01 7.525854e+01 2.588618e+01 2.914427e+01 4.896049e+01 8.475178e+01 3.419634e+01 6.083913e+01 4.755120e+01 3.620135e+01
<GCONST> 6.719540e+01
<TRANSP> 8
 0.000000e+00 1.000000e+00 0.000000e+00 0.000000e+00 0.000000e+00 0.000000e+00 0.000000e+00 0.000000e+00
 0.000000e+00 9.000000e-01 9.999999e-02 0.000000e+00 0.000000e+00 0.000000e+00 0.000000e+00 0.000000e+00
 0.000000e+00 0.000000e+00 9.000000e-01 9.999999e-02 0.000000e+00 0.000000e+00 0.000000e+00 0.000000e+00
 0.000000e+00 0.000000e+00 0.000000e+00 9.000000e-01 9.999999e-02 0.000000e+00 0.000000e+00 0.000000e+00
 0.000000e+00 0.000000e+00 0.000000e+00 0.000000e+00 9.000000e-01 9.999999e-02 0.000000e+00 0.000000e+00
 0.000000e+00 0.000000e+00 0.000000e+00 0.000000e+00 0.000000e+00 9.000000e-01 9.999999e-02 0.000000e+00
 0.000000e+00 0.000000e+00 0.000000e+00 0.000000e+00 0.000000e+00 0.000000e+00 9.000000e-01 9.999999e-02
 0.000000e+00 0.000000e+00 0.000000e+00 0.000000e+00 0.000000e+00 0.000000e+00 0.000000e+00 0.000000e+00
<ENDHMM>
