~o
<STREAMINFO> 1 12
<VECSIZE> 12<NULLD><MFCC_Z><DIAGC>
~h "s039"
<BEGINHMM>
<NUMSTATES> 12
<STATE> 2
<MEAN> 12
 -8.900960e-08 7.629394e-08 -6.993611e-08 8.010864e-07 5.086263e-07 1.907349e-07 -2.543132e-07 -6.484985e-07 -2.225240e-07 -2.670288e-07 -9.536743e-08 2.543132e-08
<VARIANCE> 12
 4.816644e+01 1.553909e+01 1.446265e+01 7.229066e+01 1.056852e+02 2.787084e+01 4.849671e+01 6.379230e+01 3.588163e+01 3.737473e+01 2.282452e+01 3.570838e+01
<GCONST> 6.555442e+01
<STATE> 3
<MEAN> 12
 -8.900960e-08 7.629394e-08 -6.993611e-08 8.010864e-07 5.086263e-07 1.907349e-07 -2.543132e-07 -6.484985e-07 -2.225240e-07 -2.670288e-07 -9.536743e-08 2.543132e-08
<VARIANCE> 12
 4.816644e+01 1.553909e+01 1.446265e+01 7.229066e+01 1.056852e+02 2.787084e+01 4.849671e+01 6.379230e+01 3.588163e+01 3.737473e+01 2.282452e+01 3.570838e+01
<GCONST> 6.555442e+01
<STATE> 4
<MEAN> 12
 -8.900960e-08 7.629394e-08 -6.993611e-08 8.010864e-07 5.086263e-07 1.907349e-07 -2.543132e-07 -6.484985e-07 -2.225240e-07 -2.670288e-07 -9.536743e-08 2.543132e-08
<VARIANCE> 12
 4.816644e+01 1.553909e+01 1.446265e+01 7.229066e+01 1.056852e+02 2.787084e+01 4.849671e+01 6.379230e+01 3.588163e+01 3.737473e+01 2.282452e+01 3.570838e+01
<GCONST> 6.555442e+01
<STATE> 5
<MEAN> 12
 -8.900960e-08 7.629394e-08 -6.993611e-08 8.010864e-07 5.086263e-07 1.907349e-07 -2.543132e-07 -6.484985e-07 -2.225240e-07 -2.670288e-07 -9.536743e-08 2.543132e-08
<VARIANCE> 12
 4.816644e+01 1.553909e+01 1.446265e+01 7.229066e+01 1.056852e+02 2.787084e+01 4.849671e+01 6.379230e+01 3.588163e+01 3.737473e+01 2.282452e+01 3.570838e+01
<GCONST> 6.555442e+01
<STATE> 6
<MEAN> 12
 -8.900960e-08 7.629394e-08 -6.993611e-08 8.010864e-07 5.086263e-07 1.907349e-07 -2.543132e-07 -6.484985e-07 -2.225240e-07 -2.670288e-07 -9.536743e-08 2.543132e-08
<VARIANCE> 12
 4.816644e+01 1.553909e+01 1.446265e+01 7.229066e+01 1.056852e+02 2.787084e+01 4.849671e+01 6.379230e+01 3.588163e+01 3.737473e+01 2.282452e+01 3.570838e+01
<GCONST> 6.555442e+01
<STATE> 7
<MEAN> 12
 -8.900960e-08 7.629394e-08 -6.993611e-08 8.010864e-07 5.086263e-07 1.907349e-07 -2.543132e-07 -6.484985e-07 -2.225240e-07 -2.670288e-07 -9.536743e-08 2.543132e-08
<VARIANCE> 12
 4.816644e+01 1.553909e+01 1.446265e+01 7.229066e+01 1.056852e+02 2.787084e+01 4.849671e+01 6.379230e+01 3.588163e+01 3.737473e+01 2.282452e+01 3.570838e+01
<GCONST> 6.555442e+01
<STATE> 8
<MEAN> 12
 -8.900960e-08 7.629394e-08 -6.993611e-08 8.010864e-07 5.086263e-07 1.907349e-07 -2.543132e-07 -6.484985e-07 -2.225240e-07 -2.670288e-07 -9.536743e-08 2.543132e-08
<VARIANCE> 12
 4.816644e+01 1.553909e+01 1.446265e+01 7.229066e+01 1.056852e+02 2.787084e+01 4.849671e+01 6.379230e+01 3.588163e+01 3.737473e+01 2.282452e+01 3.570838e+01
<GCONST> 6.555442e+01
<STATE> 9
<MEAN> 12
 -8.900960e-08 7.629394e-08 -6.993611e-08 8.010864e-07 5.086263e-07 1.907349e-07 -2.543132e-07 -6.484985e-07 -2.225240e-07 -2.670288e-07 -9.536743e-08 2.543132e-08
<VARIANCE> 12
 4.816644e+01 1.553909e+01 1.446265e+01 7.229066e+01 1.056852e+02 2.787084e+01 4.849671e+01 6.379230e+01 3.588163e+01 3.737473e+01 2.282452e+01 3.570838e+01
<GCONST> 6.555442e+01
<STATE> 10
<MEAN> 12
 -8.900960e-08 7.629394e-08 -6.993611e-08 8.010864e-07 5.086263e-07 1.907349e-07 -2.543132e-07 -6.484985e-07 -2.225240e-07 -2.670288e-07 -9.536743e-08 2.543132e-08
<VARIANCE> 12
 4.816644e+01 1.553909e+01 1.446265e+01 7.229066e+01 1.056852e+02 2.787084e+01 4.849671e+01 6.379230e+01 3.588163e+01 3.737473e+01 2.282452e+01 3.570838e+01
<GCONST> 6.555442e+01
<STATE> 11
<MEAN> 12
 -8.900960e-08 7.629394e-08 -6.993611e-08 8.010864e-07 5.086263e-07 1.907349e-07 -2.543132e-07 -6.484985e-07 -2.225240e-07 -2.670288e-07 -9.536743e-08 2.543132e-08
<VARIANCE> 12
 4.816644e+01 1.553909e+01 1.446265e+01 7.229066e+01 1.056852e+02 2.787084e+01 4.849671e+01 6.379230e+01 3.588163e+01 3.737473e+01 2.282452e+01 3.570838e+01
<GCONST> 6.555442e+01
<TRANSP> 12
 0.000000e+00 1.000000e+00 0.000000e+00 0.000000e+00 0.000000e+00 0.000000e+00 0.000000e+00 0.000000e+00 0.000000e+00 0.000000e+00 0.000000e+00 0.000000e+00
 0.000000e+00 9.000000e-01 9.999999e-02 0.000000e+00 0.000000e+00 0.000000e+00 0.000000e+00 0.000000e+00 0.000000e+00 0.000000e+00 0.000000e+00 0.000000e+00
 0.000000e+00 0.000000e+00 9.000000e-01 9.999999e-02 0.000000e+00 0.000000e+00 0.000000e+00 0.000000e+00 0.000000e+00 0.000000e+00 0.000000e+00 0.000000e+00
 0.000000e+00 0.000000e+00 0.000000e+00 9.000000e-01 9.999999e-02 0.000000e+00 0.000000e+00 0.000000e+00 0.000000e+00 0.000000e+00 0.000000e+00 0.000000e+00
 0.000000e+00 0.000000e+00 0.000000e+00 0.000000e+00 9.000000e-01 9.999999e-02 0.000000e+00 0.000000e+00 0.000000e+00 0.000000e+00 0.000000e+00 0.000000e+00
 0.000000e+00 0.000000e+00 0.000000e+00 0.000000e+00 0.000000e+00 9.000000e-01 9.999999e-02 0.000000e+00 0.000000e+00 0.000000e+00 0.000000e+00 0.000000e+00
 0.000000e+00 0.000000e+00 0.000000e+00 0.000000e+00 0.000000e+00 0.000000e+00 9.000000e-01 9.999999e-02 0.000000e+00 0.000000e+00 0.000000e+00 0.000000e+00
 0.000000e+00 0.000000e+00 0.000000e+00 0.000000e+00 0.000000e+00 0.000000e+00 0.000000e+00 9.000000e-01 9.999999e-02 0.000000e+00 0.000000e+00 0.000000e+00
 0.000000e+00 0.000000e+00 0.000000e+00 0.000000e+00 0.000000e+00 0.000000e+00 0.000000e+00 0.000000e+00 9.000000e-01 9.999999e-02 0.000000e+00 0.000000e+00
 0.000000e+00 0.000000e+00 0.000000e+00 0.000000e+00 0.000000e+00 0.000000e+00 0.000000e+00 0.000000e+00 0.000000e+00 9.000000e-01 9.999999e-02 0.000000e+00
 0.000000e+00 0.000000e+00 0.000000e+00 0.000000e+00 0.000000e+00 0.000000e+00 0.000000e+00 0.000000e+00 0.000000e+00 0.000000e+00 9.000000e-01 9.999999e-02
 0.000000e+00 0.000000e+00 0.000000e+00 0.000000e+00 0.000000e+00 0.000000e+00 0.000000e+00 0.000000e+00 0.000000e+00 0.000000e+00 0.000000e+00 0.000000e+00
<ENDHMM>
