~o
<STREAMINFO> 1 12
<VECSIZE> 12<NULLD><MFCC_Z><DIAGC>
~h "s065"
<BEGINHMM>
<NUMSTATES> 9
<STATE> 2
<MEAN> 12
 -1.085350e+01 -3.589824e+00 9.275963e+00 1.304871e+01 5.835299e+00 5.173321e+00 8.547546e+00 4.630378e+00 3.733083e-01 -1.881925e-01 9.266292e+00 2.524751e+00
<VARIANCE> 12
 2.446586e+01 6.174715e+00 1.267664e+01 1.241159e+01 8.806904e+00 4.526046e+01 2.474364e+01 1.246413e+01 1.038998e+01 1.527993e+01 1.748344e+01 2.137272e+01
<GCONST> 5.484081e+01
<STATE> 3
<MEAN> 12
 -3.018636e+00 -8.266021e+00 -3.101260e-01 6.695528e+00 8.714126e+00 -4.965092e+00 5.550688e-01 2.787596e+00 6.076379e-03 1.733521e+00 5.136759e+00 4.460276e+00
<VARIANCE> 12
 7.773286e+00 1.273565e+01 1.231634e+01 1.241159e+01 2.004666e+01 8.513263e+00 9.106185e+00 1.108579e+01 7.571719e+00 8.387405e+00 1.748344e+01 8.803574e+00
<GCONST> 5.062106e+01
<STATE> 4
<MEAN> 12
 5.844815e+00 2.908419e+00 -2.468436e+00 -7.026441e+00 -7.485791e-01 -1.828352e-01 3.189508e+00 -4.564776e+00 -2.509955e+00 3.689504e+00 7.927735e+00 7.671062e+00
<VARIANCE> 12
 7.773286e+00 1.417834e+01 8.152051e+00 2.910886e+01 7.314527e+00 9.119006e+00 8.538377e+00 1.439627e+01 8.853110e+00 1.397792e+01 1.748344e+01 3.708665e+01
<GCONST> 5.253077e+01
<STATE> 5
<MEAN> 12
 -1.388925e-01 2.689261e+00 5.143828e-01 -5.014441e+00 -5.349405e+00 -4.726411e+00 -5.776784e-01 6.494036e+00 -6.391321e+00 9.277070e+00 -6.444849e-01 -3.197937e+00
<VARIANCE> 12
 8.543591e+00 9.509866e+00 1.238197e+01 1.241159e+01 1.031912e+01 1.850801e+01 1.070966e+01 2.798353e+01 1.592606e+01 7.195969e+01 1.748344e+01 1.171047e+01
<GCONST> 5.480768e+01
<STATE> 6
<MEAN> 12
 -1.263685e+00 -8.557577e-01 -5.888536e+00 8.190789e-01 -2.861659e+00 -7.049647e+00 -7.466630e+00 7.451241e+00 5.003106e+00 -4.520624e+00 -1.339250e+01 -1.354097e+00
<VARIANCE> 12
 7.773286e+00 5.505579e+00 7.203835e+00 1.241159e+01 8.960728e+00 8.513263e+00 2.394500e+01 2.919520e+01 7.283597e+01 2.858335e+01 3.811700e+01 8.803574e+00
<GCONST> 5.464532e+01
<STATE> 7
<MEAN> 12
 4.254548e+00 4.004194e+00 -5.108489e+00 -7.186639e+00 -4.532712e+00 3.650437e+00 -4.869936e+00 -9.028669e+00 4.748837e+00 -5.570246e+00 -9.031490e+00 -4.507385e+00
<VARIANCE> 12
 7.773286e+00 5.505579e+00 7.203835e+00 1.241159e+01 7.165376e+00 8.513263e+00 1.650778e+01 1.837517e+01 1.406657e+01 2.908237e+01 1.748344e+01 8.803574e+00
<GCONST> 5.118029e+01
<STATE> 8
<MEAN> 12
 4.973933e+00 4.480402e+00 3.163386e+00 -4.188173e+00 -3.601671e+00 6.921234e+00 -3.194374e-01 -6.928358e+00 -2.438941e+00 -1.664027e+00 -1.092059e+00 -7.520242e+00
<VARIANCE> 12
 7.773286e+00 5.505579e+00 2.665705e+01 1.241159e+01 1.555748e+01 1.163116e+01 2.937106e+01 1.706194e+01 4.006158e+01 2.857148e+01 3.610144e+01 2.356828e+01
<GCONST> 5.681682e+01
<TRANSP> 9
 0.000000e+00 1.000000e+00 0.000000e+00 0.000000e+00 0.000000e+00 0.000000e+00 0.000000e+00 0.000000e+00 0.000000e+00
 0.000000e+00 8.815460e-01 1.184541e-01 0.000000e+00 0.000000e+00 0.000000e+00 0.000000e+00 0.000000e+00 0.000000e+00
 0.000000e+00 0.000000e+00 8.836789e-01 1.163210e-01 0.000000e+00 0.000000e+00 0.000000e+00 0.000000e+00 0.000000e+00
 0.000000e+00 0.000000e+00 0.000000e+00 8.933413e-01 1.066587e-01 0.000000e+00 0.000000e+00 0.000000e+00 0.000000e+00
 0.000000e+00 0.000000e+00 0.000000e+00 0.000000e+00 7.962396e-01 2.037605e-01 0.000000e+00 0.000000e+00 0.000000e+00
 0.000000e+00 0.000000e+00 0.000000e+00 0.000000e+00 0.000000e+00 8.960042e-01 1.039958e-01 0.000000e+00 0.000000e+00
 0.000000e+00 0.000000e+00 0.000000e+00 0.000000e+00 0.000000e+00 0.000000e+00 8.319067e-01 1.680932e-01 0.000000e+00
 0.000000e+00 0.000000e+00 0.000000e+00 0.000000e+00 0.000000e+00 0.000000e+00 0.000000e+00 9.011148e-01 9.888522e-02
 0.000000e+00 0.000000e+00 0.000000e+00 0.000000e+00 0.000000e+00 0.000000e+00 0.000000e+00 0.000000e+00 0.000000e+00
<ENDHMM>
