~o
<STREAMINFO> 1 12
<VECSIZE> 12<NULLD><MFCC_Z><DIAGC>
~h "s026"
<BEGINHMM>
<NUMSTATES> 8
<STATE> 2
<MEAN> 12
 5.838822e-08 -5.352254e-08 -1.873289e-07 5.254940e-07 -2.530156e-07 4.865685e-07 -2.335529e-07 -5.060313e-07 -6.811960e-08 2.238215e-07 -2.919411e-08 -2.432843e-08
<VARIANCE> 12
 2.109781e+01 2.062102e+01 8.478262e+01 4.121498e+01 3.534690e+01 9.556556e+01 3.971988e+01 7.034308e+01 5.139780e+01 6.757865e+01 3.086979e+01 4.404186e+01
<GCONST> 6.771696e+01
<STATE> 3
<MEAN> 12
 5.838822e-08 -5.352254e-08 -1.873289e-07 5.254940e-07 -2.530156e-07 4.865685e-07 -2.335529e-07 -5.060313e-07 -6.811960e-08 2.238215e-07 -2.919411e-08 -2.432843e-08
<VARIANCE> 12
 2.109781e+01 2.062102e+01 8.478262e+01 4.121498e+01 3.534690e+01 9.556556e+01 3.971988e+01 7.034308e+01 5.139780e+01 6.757865e+01 3.086979e+01 4.404186e+01
<GCONST> 6.771696e+01
<STATE> 4
<MEAN> 12
 5.838822e-08 -5.352254e-08 -1.873289e-07 5.254940e-07 -2.530156e-07 4.865685e-07 -2.335529e-07 -5.060313e-07 -6.811960e-08 2.238215e-07 -2.919411e-08 -2.432843e-08
<VARIANCE> 12
 2.109781e+01 2.062102e+01 8.478262e+01 4.121498e+01 3.534690e+01 9.556556e+01 3.971988e+01 7.034308e+01 5.139780e+01 6.757865e+01 3.086979e+01 4.404186e+01
<GCONST> 6.771696e+01
<STATE> 5
<MEAN> 12
 5.838822e-08 -5.352254e-08 -1.873289e-07 5.254940e-07 -2.530156e-07 4.865685e-07 -2.335529e-07 -5.060313e-07 -6.811960e-08 2.238215e-07 -2.919411e-08 -2.432843e-08
<VARIANCE> 12
 2.109781e+01 2.062102e+01 8.478262e+01 4.121498e+01 3.534690e+01 9.556556e+01 3.971988e+01 7.034308e+01 5.139780e+01 6.757865e+01 3.086979e+01 4.404186e+01
<GCONST> 6.771696e+01
<STATE> 6
<MEAN> 12
 5.838822e-08 -5.352254e-08 -1.873289e-07 5.254940e-07 -2.530156e-07 4.865685e-07 -2.335529e-07 -5.060313e-07 -6.811960e-08 2.238215e-07 -2.919411e-08 -2.432843e-08
<VARIANCE> 12
 2.109781e+01 2.062102e+01 8.478262e+01 4.121498e+01 3.534690e+01 9.556556e+01 3.971988e+01 7.034308e+01 5.139780e+01 6.757865e+01 3.086979e+01 4.404186e+01
<GCONST> 6.771696e+01
<STATE> 7
<MEAN> 12
 5.838822e-08 -5.352254e-08 -1.873289e-07 5.254940e-07 -2.530156e-07 4.865685e-07 -2.335529e-07 -5.060313e-07 -6.811960e-08 2.238215e-07 -2.919411e-08 -2.432843e-08
<VARIANCE> 12
 2.109781e+01 2.062102e+01 8.478262e+01 4.121498e+01 3.534690e+01 9.556556e+01 3.971988e+01 7.034308e+01 5.139780e+01 6.757865e+01 3.086979e+01 4.404186e+01
<GCONST> 6.771696e+01
<TRANSP> 8
 0.000000e+00 1.000000e+00 0.000000e+00 0.000000e+00 0.000000e+00 0.000000e+00 0.000000e+00 0.000000e+00
 0.000000e+00 9.000000e-01 9.999999e-02 0.000000e+00 0.000000e+00 0.000000e+00 0.000000e+00 0.000000e+00
 0.000000e+00 0.000000e+00 9.000000e-01 9.999999e-02 0.000000e+00 0.000000e+00 0.000000e+00 0.000000e+00
 0.000000e+00 0.000000e+00 0.000000e+00 9.000000e-01 9.999999e-02 0.000000e+00 0.000000e+00 0.000000e+00
 0.000000e+00 0.000000e+00 0.000000e+00 0.000000e+00 9.000000e-01 9.999999e-02 0.000000e+00 0.000000e+00
 0.000000e+00 0.000000e+00 0.000000e+00 0.000000e+00 0.000000e+00 9.000000e-01 9.999999e-02 0.000000e+00
 0.000000e+00 0.000000e+00 0.000000e+00 0.000000e+00 0.000000e+00 0.000000e+00 9.000000e-01 9.999999e-02
 0.000000e+00 0.000000e+00 0.000000e+00 0.000000e+00 0.000000e+00 0.000000e+00 0.000000e+00 0.000000e+00
<ENDHMM>
