~o
<STREAMINFO> 1 12
<VECSIZE> 12<NULLD><MFCC_Z><DIAGC>
~h "T1375423452"
<BEGINHMM>
<NUMSTATES> 11
<STATE> 2
<MEAN> 12
 -9.864266e+00 2.948421e+00 -6.515218e+00 -8.046686e-01 5.883723e+00 9.039277e+00 6.860265e+00 7.604594e+00 1.736805e+00 1.459505e+00 4.430030e+00 -1.990766e-01
<VARIANCE> 12
 6.736713e+00 6.860478e+00 9.065414e+00 1.166295e+01 1.192341e+01 3.452264e+01 2.998260e+01 2.421341e+01 1.425802e+01 1.643944e+01 8.302931e+00 1.136703e+01
<GCONST> 5.316072e+01
<STATE> 3
<MEAN> 12
 -1.128100e+01 4.913438e+00 -4.211384e+00 3.485209e+00 6.420776e+00 5.790363e+00 3.994931e+00 3.312700e+00 -4.202800e+00 -5.440169e+00 1.270736e+00 7.134284e-01
<VARIANCE> 12
 6.736713e+00 6.860478e+00 9.065414e+00 1.166295e+01 1.192341e+01 8.892488e+00 6.621688e+00 9.354917e+00 4.506795e+00 9.768109e+00 8.233946e+00 3.097584e+01
<GCONST> 4.866490e+01
<STATE> 4
<MEAN> 12
 -1.580760e+00 1.061733e+01 1.844216e+00 3.750993e+00 9.037707e+00 6.878060e+00 -3.089436e+00 -5.178618e+00 -6.711275e+00 -8.204402e+00 -1.589478e+00 -9.092464e+00
<VARIANCE> 12
 6.736713e+00 6.860478e+00 9.065414e+00 1.913618e+01 4.779464e+01 8.892488e+00 6.621688e+00 9.354917e+00 1.015147e+01 4.985646e+00 8.233946e+00 2.412334e+00
<GCONST> 4.813534e+01
<STATE> 5
<MEAN> 12
 2.173771e+00 8.086010e+00 9.682154e+00 -1.380119e+01 -1.049578e+01 4.405013e+00 -8.199800e+00 -5.467347e+00 4.384347e+00 -5.116413e+00 -6.394855e+00 1.780276e-01
<VARIANCE> 12
 6.736713e+00 7.134346e+00 9.065414e+00 1.166295e+01 1.192341e+01 8.892488e+00 7.026432e+00 9.354917e+00 1.391683e+01 2.414396e+01 1.007206e+01 2.220336e+01
<GCONST> 5.066433e+01
<STATE> 6
<MEAN> 12
 5.330657e+00 2.831431e+00 1.209329e+01 -9.728474e+00 -1.092021e+01 -7.273973e+00 2.823804e+00 -8.683081e+00 1.333840e+00 5.950627e+00 -1.086471e+01 5.882591e-01
<VARIANCE> 12
 6.736713e+00 6.860478e+00 9.065414e+00 1.166295e+01 1.192341e+01 2.379844e+01 1.321961e+01 9.354917e+00 2.795711e+00 1.073702e+01 8.233946e+00 8.825815e+00
<GCONST> 4.870221e+01
<STATE> 7
<MEAN> 12
 4.022261e+00 -3.290918e+00 1.199817e+00 -2.343382e+00 -1.075525e+01 -6.037334e+00 5.499355e+00 -3.706191e+00 -4.937416e+00 -1.586127e+00 -6.243583e+00 -3.920883e+00
<VARIANCE> 12
 6.736713e+00 2.654911e+01 1.146289e+01 1.166295e+01 3.828418e+01 4.058947e+01 6.621688e+00 1.332520e+01 7.713032e+00 8.374847e+00 8.233946e+00 8.734370e+00
<GCONST> 5.240886e+01
<STATE> 8
<MEAN> 12
 3.689482e-01 -1.122811e+01 -9.164822e-01 8.584372e+00 5.769560e+00 -7.737763e-01 -5.217708e-01 -9.250017e+00 -5.806813e+00 -4.384364e-01 1.287218e+00 -1.372123e+00
<VARIANCE> 12
 6.736713e+00 6.860478e+00 9.065414e+00 1.166295e+01 1.192341e+01 9.220364e+00 6.621688e+00 9.354917e+00 4.737982e+00 1.669372e+01 8.314747e+00 8.211858e+00
<GCONST> 4.796918e+01
<STATE> 9
<MEAN> 12
 6.403631e+00 -8.896377e+00 -6.036455e+00 1.109623e+01 9.077463e+00 -5.638560e+00 -4.563182e+00 4.094305e+00 8.135903e-01 -3.667538e+00 3.738999e+00 3.423313e-01
<VARIANCE> 12
 7.407049e+00 2.388785e+01 9.065414e+00 1.166295e+01 1.307720e+01 1.484463e+01 9.337561e+00 5.018191e+01 1.097952e+01 2.640709e+01 8.233946e+00 1.583752e+01
<GCONST> 5.384973e+01
<STATE> 10
<MEAN> 12
 2.671052e+00 1.040529e-01 -5.334789e+00 6.427567e+00 -1.523626e-01 -2.078312e+00 -6.163950e+00 6.085512e+00 -6.535490e-01 3.528439e+00 1.081227e+01 2.527282e+00
<VARIANCE> 12
 6.736713e+00 6.860478e+00 9.065414e+00 1.298082e+01 2.187021e+01 1.954846e+01 2.006463e+01 9.354917e+00 1.259412e+01 1.530252e+01 8.233946e+00 4.670570e+00
<GCONST> 5.085949e+01
<TRANSP> 11
 0.000000e+00 1.000000e+00 0.000000e+00 0.000000e+00 0.000000e+00 0.000000e+00 0.000000e+00 0.000000e+00 0.000000e+00 0.000000e+00 0.000000e+00
 0.000000e+00 9.269899e-01 7.301003e-02 0.000000e+00 0.000000e+00 0.000000e+00 0.000000e+00 0.000000e+00 0.000000e+00 0.000000e+00 0.000000e+00
 0.000000e+00 0.000000e+00 7.676176e-01 2.323823e-01 0.000000e+00 0.000000e+00 0.000000e+00 0.000000e+00 0.000000e+00 0.000000e+00 0.000000e+00
 0.000000e+00 0.000000e+00 0.000000e+00 1.356793e-01 8.643207e-01 0.000000e+00 0.000000e+00 0.000000e+00 0.000000e+00 0.000000e+00 0.000000e+00
 0.000000e+00 0.000000e+00 0.000000e+00 0.000000e+00 8.638741e-01 1.361259e-01 0.000000e+00 0.000000e+00 0.000000e+00 0.000000e+00 0.000000e+00
 0.000000e+00 0.000000e+00 0.000000e+00 0.000000e+00 0.000000e+00 9.147588e-01 8.524122e-02 0.000000e+00 0.000000e+00 0.000000e+00 0.000000e+00
 0.000000e+00 0.000000e+00 0.000000e+00 0.000000e+00 0.000000e+00 0.000000e+00 7.321908e-01 2.678092e-01 0.000000e+00 0.000000e+00 0.000000e+00
 0.000000e+00 0.000000e+00 0.000000e+00 0.000000e+00 0.000000e+00 0.000000e+00 0.000000e+00 8.117432e-01 1.882568e-01 0.000000e+00 0.000000e+00
 0.000000e+00 0.000000e+00 0.000000e+00 0.000000e+00 0.000000e+00 0.000000e+00 0.000000e+00 0.000000e+00 9.066793e-01 9.332070e-02 0.000000e+00
 0.000000e+00 0.000000e+00 0.000000e+00 0.000000e+00 0.000000e+00 0.000000e+00 0.000000e+00 0.000000e+00 0.000000e+00 8.750599e-01 1.249401e-01
 0.000000e+00 0.000000e+00 0.000000e+00 0.000000e+00 0.000000e+00 0.000000e+00 0.000000e+00 0.000000e+00 0.000000e+00 0.000000e+00 0.000000e+00
<ENDHMM>
