~o
<STREAMINFO> 1 12
<VECSIZE> 12<NULLD><MFCC_Z><DIAGC>
~h "s053"
<BEGINHMM>
<NUMSTATES> 10
<STATE> 2
<MEAN> 12
 9.666879e-01 -3.940836e+00 -1.049445e+01 1.000670e+01 1.019565e+01 -3.108301e+00 3.668776e+00 -3.097879e+00 1.117130e+00 -1.039514e+00 -3.853469e+00 7.748697e+00
<VARIANCE> 12
 5.865792e+00 1.406883e+01 5.781103e+01 4.360320e+01 1.574426e+01 4.191477e+01 1.632032e+01 1.532927e+01 1.130732e+01 5.891140e+01 9.724563e+00 1.833224e+01
<GCONST> 5.799902e+01
<STATE> 3
<MEAN> 12
 3.135213e+00 1.189145e+00 -6.884120e+00 -8.667859e+00 8.886777e-01 -5.624000e+00 -5.400971e+00 1.108908e+01 -1.444466e+01 1.675125e+00 -6.865844e-01 5.866964e+00
<VARIANCE> 12
 2.033056e+00 1.406883e+01 1.447437e+01 2.980101e+01 1.461431e+01 8.941711e+00 3.092356e+01 1.712122e+01 1.130732e+01 1.068793e+01 3.039606e+01 8.238017e+00
<GCONST> 5.293715e+01
<STATE> 4
<MEAN> 12
 -4.305997e+00 1.292750e+01 1.428292e+00 -1.355202e+01 -4.305845e+00 -2.218333e+00 -6.958358e+00 8.453964e+00 -4.773466e+00 4.079830e+00 -4.572250e+00 -8.882816e+00
<VARIANCE> 12
 4.234802e+00 2.196070e+01 1.447437e+01 2.980101e+01 1.096769e+01 8.941711e+00 1.632032e+01 1.532927e+01 1.130732e+01 1.927069e+01 3.648394e+01 1.173384e+01
<GCONST> 5.420528e+01
<STATE> 5
<MEAN> 12
 -2.510854e+00 1.149885e+01 1.219106e+01 -1.728726e+01 -6.251571e+00 3.474693e+00 -1.776428e+01 9.475632e+00 1.571197e+00 4.708278e+00 5.554711e+00 -2.662593e+00
<VARIANCE> 12
 3.111932e+00 2.335593e+01 1.481978e+01 2.980101e+01 2.237862e+01 4.987371e+01 2.050119e+01 1.532927e+01 2.857012e+01 1.068793e+01 8.551107e+00 9.428101e+00
<GCONST> 5.531020e+01
<STATE> 6
<MEAN> 12
 3.013163e+00 2.510276e+00 1.283272e+01 -1.089271e+01 -7.847019e+00 1.461611e+01 -1.607550e+00 3.940636e+00 1.093521e+00 6.521054e+00 2.835603e+00 -7.941447e+00
<VARIANCE> 12
 2.033056e+00 1.406883e+01 1.447437e+01 2.980101e+01 4.188117e+01 8.941711e+00 1.632032e+01 1.532927e+01 4.186052e+01 1.068793e+01 6.401042e+00 8.238017e+00
<GCONST> 5.299137e+01
<STATE> 7
<MEAN> 12
 1.391403e+00 -8.429924e+00 4.630648e+00 7.896059e+00 6.668665e+00 3.954654e+00 1.008134e+01 -7.071880e-01 -6.395403e+00 3.368517e+00 2.566216e+00 -1.055423e+00
<VARIANCE> 12
 4.374804e+00 1.406883e+01 1.447437e+01 2.980101e+01 1.096769e+01 1.047996e+01 1.632032e+01 6.852205e+01 2.532354e+01 1.068793e+01 8.300684e+00 8.238017e+00
<GCONST> 5.383120e+01
<STATE> 8
<MEAN> 12
 -1.657975e+00 -8.109047e+00 -7.043268e-02 1.158452e+00 3.852049e-01 1.675239e+00 7.666777e+00 -1.216775e+01 4.049955e+00 1.616618e+00 -3.842533e+00 3.389952e+00
<VARIANCE> 12
 4.087058e+00 1.406883e+01 1.447437e+01 2.980101e+01 1.386031e+01 8.941711e+00 1.632032e+01 1.532927e+01 1.138565e+01 2.382040e+01 6.401042e+00 8.238017e+00
<GCONST> 5.208328e+01
<STATE> 9
<MEAN> 12
 1.669749e+00 -3.991938e+00 -2.899572e+00 1.332133e+01 -4.640295e+00 -4.164985e+00 4.341641e+00 -6.689975e+00 8.147880e+00 -1.128681e+01 4.163080e+00 -4.202142e-01
<VARIANCE> 12
 5.933960e+00 1.406883e+01 1.447437e+01 2.980101e+01 1.651840e+01 9.248856e+00 1.632032e+01 2.193074e+01 2.989276e+01 1.068793e+01 2.627629e+01 8.238017e+00
<GCONST> 5.459954e+01
<TRANSP> 10
 0.000000e+00 1.000000e+00 0.000000e+00 0.000000e+00 0.000000e+00 0.000000e+00 0.000000e+00 0.000000e+00 0.000000e+00 0.000000e+00
 0.000000e+00 9.166666e-01 8.333347e-02 0.000000e+00 0.000000e+00 0.000000e+00 0.000000e+00 0.000000e+00 0.000000e+00 0.000000e+00
 0.000000e+00 0.000000e+00 7.979663e-01 2.020337e-01 0.000000e+00 0.000000e+00 0.000000e+00 0.000000e+00 0.000000e+00 0.000000e+00
 0.000000e+00 0.000000e+00 0.000000e+00 8.893751e-01 1.106249e-01 0.000000e+00 0.000000e+00 0.000000e+00 0.000000e+00 0.000000e+00
 0.000000e+00 0.000000e+00 0.000000e+00 0.000000e+00 8.646030e-01 1.353970e-01 0.000000e+00 0.000000e+00 0.000000e+00 0.000000e+00
 0.000000e+00 0.000000e+00 0.000000e+00 0.000000e+00 0.000000e+00 7.845460e-01 2.154540e-01 0.000000e+00 0.000000e+00 0.000000e+00
 0.000000e+00 0.000000e+00 0.000000e+00 0.000000e+00 0.000000e+00 0.000000e+00 8.579484e-01 1.420516e-01 0.000000e+00 0.000000e+00
 0.000000e+00 0.000000e+00 0.000000e+00 0.000000e+00 0.000000e+00 0.000000e+00 0.000000e+00 8.755145e-01 1.244855e-01 0.000000e+00
 0.000000e+00 0.000000e+00 0.000000e+00 0.000000e+00 0.000000e+00 0.000000e+00 0.000000e+00 0.000000e+00 9.160439e-01 8.395613e-02
 0.000000e+00 0.000000e+00 0.000000e+00 0.000000e+00 0.000000e+00 0.000000e+00 0.000000e+00 0.000000e+00 0.000000e+00 0.000000e+00
<ENDHMM>
