~o
<STREAMINFO> 1 12
<VECSIZE> 12<NULLD><MFCC_Z><DIAGC>
~h "T1375868502"
<BEGINHMM>
<NUMSTATES> 32
<STATE> 2
<MEAN> 12
 -9.832003e-01 1.595566e+00 -4.879830e-01 -1.127332e+01 -1.435029e+00 2.239288e+00 -5.620908e+00 4.191130e+00 -2.960318e+00 -4.242010e+00 -4.002297e+00 2.703058e+00
<VARIANCE> 12
 1.404548e+01 2.025407e+01 6.852417e+00 2.308298e+01 1.959555e+01 6.542699e+01 6.256888e+00 4.235772e+01 4.859807e+00 1.125667e+01 1.666974e+01 2.095463e+01
<GCONST> 5.536286e+01
<STATE> 3
<MEAN> 12
 1.205567e+00 3.208208e+00 -2.192811e+00 -9.573437e+00 -4.193298e+00 -4.077719e+00 -6.947519e+00 4.300011e-02 -2.705212e+00 -2.066405e+00 -7.873533e-01 1.281228e+00
<VARIANCE> 12
 1.733439e+01 3.668554e+01 1.115120e+01 5.095669e+01 1.674999e+01 7.765187e+01 1.061404e+01 2.200400e+01 1.241429e+01 9.644368e+00 3.746498e+01 5.085522e+01
<GCONST> 5.981377e+01
<STATE> 4
<MEAN> 12
 1.176059e+00 6.190617e+00 -2.686210e+00 -5.588182e+00 -3.957878e+00 -7.080948e+00 -6.860175e+00 3.162172e-01 -1.428614e+00 -1.308639e+00 2.573165e+00 -1.609455e+00
<VARIANCE> 12
 1.675886e+01 3.611505e+01 1.728727e+01 5.704942e+01 2.126925e+01 4.203413e+01 1.723664e+01 1.872414e+01 1.894400e+01 1.346658e+01 3.988196e+01 5.481555e+01
<GCONST> 6.115825e+01
<STATE> 5
<MEAN> 12
 4.813628e-01 6.961427e+00 -2.046407e+00 -3.052090e+00 -2.262244e+00 -6.505580e+00 -5.810349e+00 1.515563e+00 3.001567e-01 -6.852876e-01 3.859276e+00 -2.915542e+00
<VARIANCE> 12
 1.330392e+01 3.313230e+01 2.224262e+01 4.534586e+01 2.678614e+01 3.138231e+01 2.248417e+01 1.741686e+01 1.975363e+01 2.002526e+01 3.614957e+01 3.809657e+01
<GCONST> 6.097192e+01
<STATE> 6
<MEAN> 12
 2.693734e-01 5.761405e+00 -7.991313e-01 -2.642694e+00 -7.859362e-01 -4.717958e+00 -4.567834e+00 2.208633e+00 1.444933e+00 1.418770e-01 3.056949e+00 -2.504445e+00
<VARIANCE> 12
 1.072830e+01 3.439566e+01 2.201733e+01 4.077931e+01 2.564537e+01 3.288514e+01 2.240770e+01 1.666077e+01 1.736568e+01 2.801867e+01 3.705894e+01 2.507996e+01
<GCONST> 6.044713e+01
<STATE> 7
<MEAN> 12
 5.643058e-01 4.087996e+00 3.584041e-01 -3.449136e+00 -2.479169e-01 -2.950120e+00 -3.725191e+00 2.528227e+00 1.589008e+00 1.193025e+00 1.394451e+00 -1.651481e+00
<VARIANCE> 12
 1.086719e+01 3.170327e+01 1.795061e+01 4.009675e+01 2.168401e+01 3.447000e+01 1.940099e+01 2.024045e+01 1.739717e+01 3.557027e+01 3.435801e+01 1.743884e+01
<GCONST> 5.988864e+01
<STATE> 8
<MEAN> 12
 9.859301e-01 2.883542e+00 1.187175e+00 -4.302840e+00 -4.753720e-01 -1.600245e+00 -3.277182e+00 2.830474e+00 9.772136e-01 2.359096e+00 -4.101292e-02 -1.099587e+00
<VARIANCE> 12
 1.208774e+01 2.928490e+01 1.468647e+01 3.904905e+01 1.769893e+01 3.337870e+01 1.743825e+01 2.798412e+01 2.022203e+01 3.987465e+01 2.686338e+01 1.406698e+01
<GCONST> 5.947437e+01
<STATE> 9
<MEAN> 12
 1.222964e+00 2.121777e+00 1.736778e+00 -4.376772e+00 -9.630451e-01 -7.702137e-01 -2.859927e+00 3.092834e+00 1.001763e-01 3.410741e+00 -8.800324e-01 -8.489078e-01
<VARIANCE> 12
 1.345748e+01 3.309547e+01 1.387887e+01 4.240827e+01 1.388225e+01 3.035799e+01 1.770665e+01 3.852943e+01 2.370353e+01 4.010620e+01 2.062077e+01 1.413619e+01
<GCONST> 5.963239e+01
<STATE> 10
<MEAN> 12
 1.193676e+00 1.294128e+00 1.981095e+00 -3.387782e+00 -1.340558e+00 -4.431866e-01 -2.191723e+00 3.037251e+00 -7.128354e-01 4.141897e+00 -1.258127e+00 -6.659276e-01
<VARIANCE> 12
 1.493431e+01 4.221534e+01 1.496351e+01 5.194133e+01 1.109151e+01 2.704186e+01 1.937561e+01 5.002140e+01 2.729333e+01 3.781996e+01 1.845802e+01 1.592309e+01
<GCONST> 6.035948e+01
<STATE> 11
<MEAN> 12
 1.066219e+00 5.892699e-02 1.787906e+00 -1.538369e+00 -1.488979e+00 -5.593125e-01 -1.239302e+00 2.502515e+00 -1.435718e+00 4.464634e+00 -1.386436e+00 -3.955085e-01
<VARIANCE> 12
 1.641419e+01 5.119738e+01 1.727159e+01 6.077700e+01 1.025302e+01 2.454749e+01 2.079460e+01 5.943136e+01 3.111360e+01 3.471504e+01 1.933338e+01 1.790201e+01
<GCONST> 6.122390e+01
<STATE> 12
<MEAN> 12
 1.115964e+00 -1.466675e+00 1.111863e+00 6.848090e-01 -1.426329e+00 -1.007638e+00 -1.313606e-01 1.643857e+00 -2.205001e+00 4.374063e+00 -1.323668e+00 -2.710604e-02
<VARIANCE> 12
 1.783168e+01 5.415571e+01 1.963272e+01 6.076710e+01 1.142284e+01 2.308686e+01 2.084036e+01 6.312296e+01 3.433456e+01 3.160316e+01 2.132905e+01 1.908389e+01
<GCONST> 6.176679e+01
<STATE> 13
<MEAN> 12
 1.497166e+00 -2.867206e+00 1.097597e-01 2.735368e+00 -1.212285e+00 -1.579643e+00 9.840055e-01 8.052995e-01 -3.069622e+00 3.904057e+00 -1.027758e+00 3.440368e-01
<VARIANCE> 12
 1.904298e+01 4.994183e+01 2.014339e+01 5.093600e+01 1.407936e+01 2.244650e+01 1.987469e+01 6.002462e+01 3.559737e+01 2.894474e+01 2.303871e+01 1.912238e+01
<GCONST> 6.171127e+01
<STATE> 14
<MEAN> 12
 2.112896e+00 -3.791267e+00 -9.252688e-01 4.196436e+00 -9.337960e-01 -1.992691e+00 2.018269e+00 2.374765e-01 -3.860964e+00 3.121687e+00 -5.181971e-01 5.952894e-01
<VARIANCE> 12
 1.960773e+01 4.288529e+01 1.790861e+01 3.740899e+01 1.760296e+01 2.296165e+01 1.917395e+01 5.262460e+01 3.472862e+01 2.719560e+01 2.365643e+01 1.832654e+01
<GCONST> 6.113741e+01
<STATE> 15
<MEAN> 12
 2.663343e+00 -4.194822e+00 -1.723029e+00 4.886859e+00 -6.913863e-01 -1.990678e+00 2.939054e+00 -5.510852e-02 -4.268995e+00 2.122453e+00 5.024290e-02 6.631260e-01
<VARIANCE> 12
 1.987821e+01 3.748413e+01 1.413806e+01 2.683510e+01 2.151445e+01 2.562183e+01 1.963970e+01 4.422018e+01 3.397875e+01 2.655873e+01 2.314994e+01 1.724335e+01
<GCONST> 6.048006e+01
<STATE> 16
<MEAN> 12
 2.815924e+00 -4.323631e+00 -2.151060e+00 4.860321e+00 -5.423166e-01 -1.436082e+00 3.722216e+00 -2.430237e-01 -4.039943e+00 1.014439e+00 4.569198e-01 5.838011e-01
<VARIANCE> 12
 2.149725e+01 3.491051e+01 1.080694e+01 2.141943e+01 2.536562e+01 3.071416e+01 2.111429e+01 3.692590e+01 3.627448e+01 2.662947e+01 2.251655e+01 1.622651e+01
<GCONST> 6.021074e+01
<STATE> 17
<MEAN> 12
 2.385460e+00 -4.508032e+00 -2.222938e+00 4.320140e+00 -4.575049e-01 -3.380815e-01 4.318591e+00 -5.165792e-01 -3.141170e+00 -8.462250e-02 5.469486e-01 4.599023e-01
<VARIANCE> 12
 2.539930e+01 3.431571e+01 8.957174e+00 1.947393e+01 2.845748e+01 3.676933e+01 2.271321e+01 3.185710e+01 4.170595e+01 2.642795e+01 2.302618e+01 1.550813e+01
<GCONST> 6.040673e+01
<STATE> 18
<MEAN> 12
 1.432899e+00 -4.924863e+00 -2.030247e+00 3.513784e+00 -3.579152e-01 1.172451e+00 4.671975e+00 -9.997582e-01 -1.788482e+00 -1.051492e+00 3.188617e-01 3.719561e-01
<VARIANCE> 12
 2.989040e+01 3.470731e+01 8.516109e+00 1.864396e+01 2.994870e+01 4.110909e+01 2.359660e+01 2.944294e+01 4.695467e+01 2.506648e+01 2.490515e+01 1.540250e+01
<GCONST> 6.074608e+01
<STATE> 19
<MEAN> 12
 2.375392e-01 -5.463148e+00 -1.669533e+00 2.665557e+00 -2.027010e-01 2.885428e+00 4.778227e+00 -1.739459e+00 -3.349352e-01 -1.788610e+00 -8.325679e-02 3.074700e-01
<VARIANCE> 12
 3.221201e+01 3.568147e+01 9.038631e+00 1.785615e+01 2.941364e+01 4.148148e+01 2.343949e+01 2.913376e+01 4.856338e+01 2.244397e+01 2.713918e+01 1.623998e+01
<GCONST> 6.090073e+01
<STATE> 20
<MEAN> 12
 -8.584419e-01 -5.763375e+00 -1.204252e+00 1.964960e+00 -2.850687e-02 4.558034e+00 4.717472e+00 -2.692424e+00 9.079453e-01 -2.271050e+00 -4.471009e-01 1.733404e-01
<VARIANCE> 12
 3.190888e+01 3.814048e+01 1.024932e+01 1.727446e+01 2.741151e+01 3.754548e+01 2.256261e+01 2.921140e+01 4.576812e+01 1.917155e+01 2.849523e+01 1.821324e+01
<GCONST> 6.079139e+01
<STATE> 21
<MEAN> 12
 -1.661973e+00 -5.425459e+00 -6.645633e-01 1.570659e+00 1.069274e-01 5.951414e+00 4.608023e+00 -3.696806e+00 1.813886e+00 -2.550872e+00 -5.887350e-01 -9.911918e-02
<VARIANCE> 12
 3.142929e+01 4.328274e+01 1.208465e+01 1.756621e+01 2.557134e+01 3.133505e+01 2.183518e+01 2.770081e+01 4.010233e+01 1.603979e+01 2.837324e+01 2.131871e+01
<GCONST> 6.059067e+01
<STATE> 22
<MEAN> 12
 -2.243200e+00 -4.286427e+00 -7.537931e-02 1.573835e+00 2.087331e-01 6.841156e+00 4.508502e+00 -4.498030e+00 2.455205e+00 -2.694093e+00 -4.332471e-01 -4.338727e-01
<VARIANCE> 12
 3.348509e+01 4.888913e+01 1.440512e+01 1.924551e+01 2.591610e+01 2.664833e+01 2.221878e+01 2.416633e+01 3.364861e+01 1.371145e+01 2.680807e+01 2.538181e+01
<GCONST> 6.056047e+01
<STATE> 23
<MEAN> 12
 -2.818537e+00 -2.586811e+00 5.157730e-01 1.920109e+00 3.449602e-01 7.010377e+00 4.360934e+00 -4.862410e+00 2.971431e+00 -2.696909e+00 -5.802349e-02 -6.078864e-01
<VARIANCE> 12
 3.861921e+01 4.892358e+01 1.677491e+01 2.229182e+01 2.993350e+01 2.755666e+01 2.411022e+01 2.012138e+01 2.810213e+01 1.269390e+01 2.421304e+01 3.016768e+01
<GCONST> 6.089291e+01
<STATE> 24
<MEAN> 12
 -3.470846e+00 -8.795460e-01 1.030626e+00 2.381003e+00 5.840150e-01 6.290071e+00 4.021389e+00 -4.688416e+00 3.385715e+00 -2.462430e+00 3.332956e-01 -4.260583e-01
<VARIANCE> 12
 4.463522e+01 4.024812e+01 1.856329e+01 2.660462e+01 3.791434e+01 3.549072e+01 2.717691e+01 1.739944e+01 2.438939e+01 1.320962e+01 2.148756e+01 3.474047e+01
<GCONST> 6.150426e+01
<STATE> 25
<MEAN> 12
 -4.009163e+00 2.980333e-01 1.373316e+00 2.650214e+00 9.910213e-01 4.712118e+00 3.338235e+00 -4.004229e+00 3.544589e+00 -1.891402e+00 5.429211e-01 6.585620e-02
<VARIANCE> 12
 4.821566e+01 2.735044e+01 1.935575e+01 3.241286e+01 4.845834e+01 4.568176e+01 3.054856e+01 1.688167e+01 2.245450e+01 1.469299e+01 1.989961e+01 3.662180e+01
<GCONST> 6.201864e+01
<STATE> 26
<MEAN> 12
 -4.168448e+00 7.937918e-01 1.436786e+00 2.501140e+00 1.691110e+00 2.670477e+00 2.230683e+00 -2.856376e+00 3.282978e+00 -1.058552e+00 5.592277e-01 5.728471e-01
<VARIANCE> 12
 4.747536e+01 1.737156e+01 1.933353e+01 3.892637e+01 5.789052e+01 4.905426e+01 3.275444e+01 1.894024e+01 2.115613e+01 1.557576e+01 2.020468e+01 3.370705e+01
<GCONST> 6.209616e+01
<STATE> 27
<MEAN> 12
 -3.850075e+00 1.009276e+00 1.173851e+00 1.905171e+00 2.772137e+00 8.137524e-01 7.697638e-01 -1.254287e+00 2.674793e+00 -3.391744e-01 5.577686e-01 7.728024e-01
<VARIANCE> 12
 4.274468e+01 1.396116e+01 1.898012e+01 4.265385e+01 6.027447e+01 4.223111e+01 3.187857e+01 2.313172e+01 1.882683e+01 1.518733e+01 2.224274e+01 2.720661e+01
<GCONST> 6.164898e+01
<STATE> 28
<MEAN> 12
 -2.959017e+00 1.677003e+00 8.539681e-01 1.149390e+00 3.976491e+00 -4.444024e-01 -8.033155e-01 6.629285e-01 2.046048e+00 -2.802778e-01 5.469624e-01 5.527738e-01
<VARIANCE> 12
 3.663040e+01 1.675319e+01 1.831546e+01 3.941049e+01 5.098988e+01 3.247136e+01 2.732806e+01 2.617385e+01 1.559065e+01 1.553584e+01 2.516614e+01 2.088260e+01
<GCONST> 6.079466e+01
<STATE> 29
<MEAN> 12
 -1.155809e+00 3.158824e+00 1.152467e+00 8.090399e-01 4.618478e+00 -1.416707e+00 -2.151123e+00 2.328391e+00 1.645502e+00 -1.022713e+00 1.333969e-01 2.341242e-01
<VARIANCE> 12
 3.175553e+01 1.946878e+01 1.729948e+01 3.006117e+01 3.392695e+01 2.871016e+01 2.093349e+01 2.388901e+01 1.373555e+01 1.693199e+01 2.644694e+01 1.779609e+01
<GCONST> 5.943485e+01
<STATE> 30
<MEAN> 12
 1.698205e+00 4.752865e+00 2.255207e+00 1.106279e+00 4.207491e+00 -2.683378e+00 -2.751471e+00 2.709271e+00 1.362022e+00 -1.470147e+00 -7.008092e-01 6.468368e-01
<VARIANCE> 12
 2.458429e+01 1.403301e+01 1.341890e+01 1.964896e+01 1.863920e+01 2.864342e+01 1.510823e+01 1.964073e+01 1.375144e+01 1.734321e+01 2.065844e+01 1.809147e+01
<GCONST> 5.684368e+01
<STATE> 31
<MEAN> 12
 4.053598e+00 4.628978e+00 2.814101e+00 1.788696e+00 3.501966e+00 -3.550291e+00 -3.051103e+00 1.454127e+00 1.450663e+00 -2.833667e-01 -1.394301e+00 2.956654e+00
<VARIANCE> 12
 1.016662e+01 7.271332e+00 5.816113e+00 9.821041e+00 7.333247e+00 1.959546e+01 1.377505e+01 1.728965e+01 1.427598e+01 1.429116e+01 9.792918e+00 1.937064e+01
<GCONST> 5.140706e+01
<TRANSP> 32
 0.000000e+00 1.000000e+00 0.000000e+00 0.000000e+00 0.000000e+00 0.000000e+00 0.000000e+00 0.000000e+00 0.000000e+00 0.000000e+00 0.000000e+00 0.000000e+00 0.000000e+00 0.000000e+00 0.000000e+00 0.000000e+00 0.000000e+00 0.000000e+00 0.000000e+00 0.000000e+00 0.000000e+00 0.000000e+00 0.000000e+00 0.000000e+00 0.000000e+00 0.000000e+00 0.000000e+00 0.000000e+00 0.000000e+00 0.000000e+00 0.000000e+00 0.000000e+00
 0.000000e+00 8.461539e-01 1.538461e-01 0.000000e+00 0.000000e+00 0.000000e+00 0.000000e+00 0.000000e+00 0.000000e+00 0.000000e+00 0.000000e+00 0.000000e+00 0.000000e+00 0.000000e+00 0.000000e+00 0.000000e+00 0.000000e+00 0.000000e+00 0.000000e+00 0.000000e+00 0.000000e+00 0.000000e+00 0.000000e+00 0.000000e+00 0.000000e+00 0.000000e+00 0.000000e+00 0.000000e+00 0.000000e+00 0.000000e+00 0.000000e+00 0.000000e+00
 0.000000e+00 0.000000e+00 8.461539e-01 1.538461e-01 0.000000e+00 0.000000e+00 0.000000e+00 0.000000e+00 0.000000e+00 0.000000e+00 0.000000e+00 0.000000e+00 0.000000e+00 0.000000e+00 0.000000e+00 0.000000e+00 0.000000e+00 0.000000e+00 0.000000e+00 0.000000e+00 0.000000e+00 0.000000e+00 0.000000e+00 0.000000e+00 0.000000e+00 0.000000e+00 0.000000e+00 0.000000e+00 0.000000e+00 0.000000e+00 0.000000e+00 0.000000e+00
 0.000000e+00 0.000000e+00 0.000000e+00 8.461539e-01 1.538461e-01 0.000000e+00 0.000000e+00 0.000000e+00 0.000000e+00 0.000000e+00 0.000000e+00 0.000000e+00 0.000000e+00 0.000000e+00 0.000000e+00 0.000000e+00 0.000000e+00 0.000000e+00 0.000000e+00 0.000000e+00 0.000000e+00 0.000000e+00 0.000000e+00 0.000000e+00 0.000000e+00 0.000000e+00 0.000000e+00 0.000000e+00 0.000000e+00 0.000000e+00 0.000000e+00 0.000000e+00
 0.000000e+00 0.000000e+00 0.000000e+00 0.000000e+00 8.461539e-01 1.538461e-01 0.000000e+00 0.000000e+00 0.000000e+00 0.000000e+00 0.000000e+00 0.000000e+00 0.000000e+00 0.000000e+00 0.000000e+00 0.000000e+00 0.000000e+00 0.000000e+00 0.000000e+00 0.000000e+00 0.000000e+00 0.000000e+00 0.000000e+00 0.000000e+00 0.000000e+00 0.000000e+00 0.000000e+00 0.000000e+00 0.000000e+00 0.000000e+00 0.000000e+00 0.000000e+00
 0.000000e+00 0.000000e+00 0.000000e+00 0.000000e+00 0.000000e+00 8.461538e-01 1.538462e-01 0.000000e+00 0.000000e+00 0.000000e+00 0.000000e+00 0.000000e+00 0.000000e+00 0.000000e+00 0.000000e+00 0.000000e+00 0.000000e+00 0.000000e+00 0.000000e+00 0.000000e+00 0.000000e+00 0.000000e+00 0.000000e+00 0.000000e+00 0.000000e+00 0.000000e+00 0.000000e+00 0.000000e+00 0.000000e+00 0.000000e+00 0.000000e+00 0.000000e+00
 0.000000e+00 0.000000e+00 0.000000e+00 0.000000e+00 0.000000e+00 0.000000e+00 8.461539e-01 1.538462e-01 0.000000e+00 0.000000e+00 0.000000e+00 0.000000e+00 0.000000e+00 0.000000e+00 0.000000e+00 0.000000e+00 0.000000e+00 0.000000e+00 0.000000e+00 0.000000e+00 0.000000e+00 0.000000e+00 0.000000e+00 0.000000e+00 0.000000e+00 0.000000e+00 0.000000e+00 0.000000e+00 0.000000e+00 0.000000e+00 0.000000e+00 0.000000e+00
 0.000000e+00 0.000000e+00 0.000000e+00 0.000000e+00 0.000000e+00 0.000000e+00 0.000000e+00 8.461539e-01 1.538461e-01 0.000000e+00 0.000000e+00 0.000000e+00 0.000000e+00 0.000000e+00 0.000000e+00 0.000000e+00 0.000000e+00 0.000000e+00 0.000000e+00 0.000000e+00 0.000000e+00 0.000000e+00 0.000000e+00 0.000000e+00 0.000000e+00 0.000000e+00 0.000000e+00 0.000000e+00 0.000000e+00 0.000000e+00 0.000000e+00 0.000000e+00
 0.000000e+00 0.000000e+00 0.000000e+00 0.000000e+00 0.000000e+00 0.000000e+00 0.000000e+00 0.000000e+00 8.461538e-01 1.538462e-01 0.000000e+00 0.000000e+00 0.000000e+00 0.000000e+00 0.000000e+00 0.000000e+00 0.000000e+00 0.000000e+00 0.000000e+00 0.000000e+00 0.000000e+00 0.000000e+00 0.000000e+00 0.000000e+00 0.000000e+00 0.000000e+00 0.000000e+00 0.000000e+00 0.000000e+00 0.000000e+00 0.000000e+00 0.000000e+00
 0.000000e+00 0.000000e+00 0.000000e+00 0.000000e+00 0.000000e+00 0.000000e+00 0.000000e+00 0.000000e+00 0.000000e+00 8.461539e-01 1.538461e-01 0.000000e+00 0.000000e+00 0.000000e+00 0.000000e+00 0.000000e+00 0.000000e+00 0.000000e+00 0.000000e+00 0.000000e+00 0.000000e+00 0.000000e+00 0.000000e+00 0.000000e+00 0.000000e+00 0.000000e+00 0.000000e+00 0.000000e+00 0.000000e+00 0.000000e+00 0.000000e+00 0.000000e+00
 0.000000e+00 0.000000e+00 0.000000e+00 0.000000e+00 0.000000e+00 0.000000e+00 0.000000e+00 0.000000e+00 0.000000e+00 0.000000e+00 8.461538e-01 1.538462e-01 0.000000e+00 0.000000e+00 0.000000e+00 0.000000e+00 0.000000e+00 0.000000e+00 0.000000e+00 0.000000e+00 0.000000e+00 0.000000e+00 0.000000e+00 0.000000e+00 0.000000e+00 0.000000e+00 0.000000e+00 0.000000e+00 0.000000e+00 0.000000e+00 0.000000e+00 0.000000e+00
 0.000000e+00 0.000000e+00 0.000000e+00 0.000000e+00 0.000000e+00 0.000000e+00 0.000000e+00 0.000000e+00 0.000000e+00 0.000000e+00 0.000000e+00 8.461538e-01 1.538461e-01 0.000000e+00 0.000000e+00 0.000000e+00 0.000000e+00 0.000000e+00 0.000000e+00 0.000000e+00 0.000000e+00 0.000000e+00 0.000000e+00 0.000000e+00 0.000000e+00 0.000000e+00 0.000000e+00 0.000000e+00 0.000000e+00 0.000000e+00 0.000000e+00 0.000000e+00
 0.000000e+00 0.000000e+00 0.000000e+00 0.000000e+00 0.000000e+00 0.000000e+00 0.000000e+00 0.000000e+00 0.000000e+00 0.000000e+00 0.000000e+00 0.000000e+00 8.461539e-01 1.538461e-01 0.000000e+00 0.000000e+00 0.000000e+00 0.000000e+00 0.000000e+00 0.000000e+00 0.000000e+00 0.000000e+00 0.000000e+00 0.000000e+00 0.000000e+00 0.000000e+00 0.000000e+00 0.000000e+00 0.000000e+00 0.000000e+00 0.000000e+00 0.000000e+00
 0.000000e+00 0.000000e+00 0.000000e+00 0.000000e+00 0.000000e+00 0.000000e+00 0.000000e+00 0.000000e+00 0.000000e+00 0.000000e+00 0.000000e+00 0.000000e+00 0.000000e+00 8.461539e-01 1.538461e-01 0.000000e+00 0.000000e+00 0.000000e+00 0.000000e+00 0.000000e+00 0.000000e+00 0.000000e+00 0.000000e+00 0.000000e+00 0.000000e+00 0.000000e+00 0.000000e+00 0.000000e+00 0.000000e+00 0.000000e+00 0.000000e+00 0.000000e+00
 0.000000e+00 0.000000e+00 0.000000e+00 0.000000e+00 0.000000e+00 0.000000e+00 0.000000e+00 0.000000e+00 0.000000e+00 0.000000e+00 0.000000e+00 0.000000e+00 0.000000e+00 0.000000e+00 8.461538e-01 1.538461e-01 0.000000e+00 0.000000e+00 0.000000e+00 0.000000e+00 0.000000e+00 0.000000e+00 0.000000e+00 0.000000e+00 0.000000e+00 0.000000e+00 0.000000e+00 0.000000e+00 0.000000e+00 0.000000e+00 0.000000e+00 0.000000e+00
 0.000000e+00 0.000000e+00 0.000000e+00 0.000000e+00 0.000000e+00 0.000000e+00 0.000000e+00 0.000000e+00 0.000000e+00 0.000000e+00 0.000000e+00 0.000000e+00 0.000000e+00 0.000000e+00 0.000000e+00 8.461539e-01 1.538462e-01 0.000000e+00 0.000000e+00 0.000000e+00 0.000000e+00 0.000000e+00 0.000000e+00 0.000000e+00 0.000000e+00 0.000000e+00 0.000000e+00 0.000000e+00 0.000000e+00 0.000000e+00 0.000000e+00 0.000000e+00
 0.000000e+00 0.000000e+00 0.000000e+00 0.000000e+00 0.000000e+00 0.000000e+00 0.000000e+00 0.000000e+00 0.000000e+00 0.000000e+00 0.000000e+00 0.000000e+00 0.000000e+00 0.000000e+00 0.000000e+00 0.000000e+00 8.461539e-01 1.538461e-01 0.000000e+00 0.000000e+00 0.000000e+00 0.000000e+00 0.000000e+00 0.000000e+00 0.000000e+00 0.000000e+00 0.000000e+00 0.000000e+00 0.000000e+00 0.000000e+00 0.000000e+00 0.000000e+00
 0.000000e+00 0.000000e+00 0.000000e+00 0.000000e+00 0.000000e+00 0.000000e+00 0.000000e+00 0.000000e+00 0.000000e+00 0.000000e+00 0.000000e+00 0.000000e+00 0.000000e+00 0.000000e+00 0.000000e+00 0.000000e+00 0.000000e+00 8.461539e-01 1.538462e-01 0.000000e+00 0.000000e+00 0.000000e+00 0.000000e+00 0.000000e+00 0.000000e+00 0.000000e+00 0.000000e+00 0.000000e+00 0.000000e+00 0.000000e+00 0.000000e+00 0.000000e+00
 0.000000e+00 0.000000e+00 0.000000e+00 0.000000e+00 0.000000e+00 0.000000e+00 0.000000e+00 0.000000e+00 0.000000e+00 0.000000e+00 0.000000e+00 0.000000e+00 0.000000e+00 0.000000e+00 0.000000e+00 0.000000e+00 0.000000e+00 0.000000e+00 8.461539e-01 1.538461e-01 0.000000e+00 0.000000e+00 0.000000e+00 0.000000e+00 0.000000e+00 0.000000e+00 0.000000e+00 0.000000e+00 0.000000e+00 0.000000e+00 0.000000e+00 0.000000e+00
 0.000000e+00 0.000000e+00 0.000000e+00 0.000000e+00 0.000000e+00 0.000000e+00 0.000000e+00 0.000000e+00 0.000000e+00 0.000000e+00 0.000000e+00 0.000000e+00 0.000000e+00 0.000000e+00 0.000000e+00 0.000000e+00 0.000000e+00 0.000000e+00 0.000000e+00 8.461539e-01 1.538461e-01 0.000000e+00 0.000000e+00 0.000000e+00 0.000000e+00 0.000000e+00 0.000000e+00 0.000000e+00 0.000000e+00 0.000000e+00 0.000000e+00 0.000000e+00
 0.000000e+00 0.000000e+00 0.000000e+00 0.000000e+00 0.000000e+00 0.000000e+00 0.000000e+00 0.000000e+00 0.000000e+00 0.000000e+00 0.000000e+00 0.000000e+00 0.000000e+00 0.000000e+00 0.000000e+00 0.000000e+00 0.000000e+00 0.000000e+00 0.000000e+00 0.000000e+00 8.461539e-01 1.538462e-01 0.000000e+00 0.000000e+00 0.000000e+00 0.000000e+00 0.000000e+00 0.000000e+00 0.000000e+00 0.000000e+00 0.000000e+00 0.000000e+00
 0.000000e+00 0.000000e+00 0.000000e+00 0.000000e+00 0.000000e+00 0.000000e+00 0.000000e+00 0.000000e+00 0.000000e+00 0.000000e+00 0.000000e+00 0.000000e+00 0.000000e+00 0.000000e+00 0.000000e+00 0.000000e+00 0.000000e+00 0.000000e+00 0.000000e+00 0.000000e+00 0.000000e+00 8.461538e-01 1.538462e-01 0.000000e+00 0.000000e+00 0.000000e+00 0.000000e+00 0.000000e+00 0.000000e+00 0.000000e+00 0.000000e+00 0.000000e+00
 0.000000e+00 0.000000e+00 0.000000e+00 0.000000e+00 0.000000e+00 0.000000e+00 0.000000e+00 0.000000e+00 0.000000e+00 0.000000e+00 0.000000e+00 0.000000e+00 0.000000e+00 0.000000e+00 0.000000e+00 0.000000e+00 0.000000e+00 0.000000e+00 0.000000e+00 0.000000e+00 0.000000e+00 0.000000e+00 8.461538e-01 1.538462e-01 0.000000e+00 0.000000e+00 0.000000e+00 0.000000e+00 0.000000e+00 0.000000e+00 0.000000e+00 0.000000e+00
 0.000000e+00 0.000000e+00 0.000000e+00 0.000000e+00 0.000000e+00 0.000000e+00 0.000000e+00 0.000000e+00 0.000000e+00 0.000000e+00 0.000000e+00 0.000000e+00 0.000000e+00 0.000000e+00 0.000000e+00 0.000000e+00 0.000000e+00 0.000000e+00 0.000000e+00 0.000000e+00 0.000000e+00 0.000000e+00 0.000000e+00 8.461539e-01 1.538461e-01 0.000000e+00 0.000000e+00 0.000000e+00 0.000000e+00 0.000000e+00 0.000000e+00 0.000000e+00
 0.000000e+00 0.000000e+00 0.000000e+00 0.000000e+00 0.000000e+00 0.000000e+00 0.000000e+00 0.000000e+00 0.000000e+00 0.000000e+00 0.000000e+00 0.000000e+00 0.000000e+00 0.000000e+00 0.000000e+00 0.000000e+00 0.000000e+00 0.000000e+00 0.000000e+00 0.000000e+00 0.000000e+00 0.000000e+00 0.000000e+00 0.000000e+00 8.461539e-01 1.538461e-01 0.000000e+00 0.000000e+00 0.000000e+00 0.000000e+00 0.000000e+00 0.000000e+00
 0.000000e+00 0.000000e+00 0.000000e+00 0.000000e+00 0.000000e+00 0.000000e+00 0.000000e+00 0.000000e+00 0.000000e+00 0.000000e+00 0.000000e+00 0.000000e+00 0.000000e+00 0.000000e+00 0.000000e+00 0.000000e+00 0.000000e+00 0.000000e+00 0.000000e+00 0.000000e+00 0.000000e+00 0.000000e+00 0.000000e+00 0.000000e+00 0.000000e+00 8.461539e-01 1.538461e-01 0.000000e+00 0.000000e+00 0.000000e+00 0.000000e+00 0.000000e+00
 0.000000e+00 0.000000e+00 0.000000e+00 0.000000e+00 0.000000e+00 0.000000e+00 0.000000e+00 0.000000e+00 0.000000e+00 0.000000e+00 0.000000e+00 0.000000e+00 0.000000e+00 0.000000e+00 0.000000e+00 0.000000e+00 0.000000e+00 0.000000e+00 0.000000e+00 0.000000e+00 0.000000e+00 0.000000e+00 0.000000e+00 0.000000e+00 0.000000e+00 0.000000e+00 8.461539e-01 1.538461e-01 0.000000e+00 0.000000e+00 0.000000e+00 0.000000e+00
 0.000000e+00 0.000000e+00 0.000000e+00 0.000000e+00 0.000000e+00 0.000000e+00 0.000000e+00 0.000000e+00 0.000000e+00 0.000000e+00 0.000000e+00 0.000000e+00 0.000000e+00 0.000000e+00 0.000000e+00 0.000000e+00 0.000000e+00 0.000000e+00 0.000000e+00 0.000000e+00 0.000000e+00 0.000000e+00 0.000000e+00 0.000000e+00 0.000000e+00 0.000000e+00 0.000000e+00 8.461539e-01 1.538461e-01 0.000000e+00 0.000000e+00 0.000000e+00
 0.000000e+00 0.000000e+00 0.000000e+00 0.000000e+00 0.000000e+00 0.000000e+00 0.000000e+00 0.000000e+00 0.000000e+00 0.000000e+00 0.000000e+00 0.000000e+00 0.000000e+00 0.000000e+00 0.000000e+00 0.000000e+00 0.000000e+00 0.000000e+00 0.000000e+00 0.000000e+00 0.000000e+00 0.000000e+00 0.000000e+00 0.000000e+00 0.000000e+00 0.000000e+00 0.000000e+00 0.000000e+00 8.461539e-01 1.538461e-01 0.000000e+00 0.000000e+00
 0.000000e+00 0.000000e+00 0.000000e+00 0.000000e+00 0.000000e+00 0.000000e+00 0.000000e+00 0.000000e+00 0.000000e+00 0.000000e+00 0.000000e+00 0.000000e+00 0.000000e+00 0.000000e+00 0.000000e+00 0.000000e+00 0.000000e+00 0.000000e+00 0.000000e+00 0.000000e+00 0.000000e+00 0.000000e+00 0.000000e+00 0.000000e+00 0.000000e+00 0.000000e+00 0.000000e+00 0.000000e+00 0.000000e+00 8.461539e-01 1.538462e-01 0.000000e+00
 0.000000e+00 0.000000e+00 0.000000e+00 0.000000e+00 0.000000e+00 0.000000e+00 0.000000e+00 0.000000e+00 0.000000e+00 0.000000e+00 0.000000e+00 0.000000e+00 0.000000e+00 0.000000e+00 0.000000e+00 0.000000e+00 0.000000e+00 0.000000e+00 0.000000e+00 0.000000e+00 0.000000e+00 0.000000e+00 0.000000e+00 0.000000e+00 0.000000e+00 0.000000e+00 0.000000e+00 0.000000e+00 0.000000e+00 0.000000e+00 8.461539e-01 1.538462e-01
 0.000000e+00 0.000000e+00 0.000000e+00 0.000000e+00 0.000000e+00 0.000000e+00 0.000000e+00 0.000000e+00 0.000000e+00 0.000000e+00 0.000000e+00 0.000000e+00 0.000000e+00 0.000000e+00 0.000000e+00 0.000000e+00 0.000000e+00 0.000000e+00 0.000000e+00 0.000000e+00 0.000000e+00 0.000000e+00 0.000000e+00 0.000000e+00 0.000000e+00 0.000000e+00 0.000000e+00 0.000000e+00 0.000000e+00 0.000000e+00 0.000000e+00 0.000000e+00
<ENDHMM>
