~o
<STREAMINFO> 1 12
<VECSIZE> 12<NULLD><MFCC_Z><DIAGC>
~h "s083"
<BEGINHMM>
<NUMSTATES> 9
<STATE> 2
<MEAN> 12
 2.627467e+00 -8.204899e+00 -2.979720e+00 1.260349e+01 1.705297e+00 -5.990239e+00 1.007104e+01 -2.458794e+00 -2.677022e+00 -1.253029e-01 -3.476676e+00 7.536622e+00
<VARIANCE> 12
 2.257112e+01 5.076703e+01 1.482796e+01 1.976847e+01 7.320365e+01 2.454341e+01 3.512846e+01 3.642407e+01 2.363445e+01 2.867016e+01 1.271068e+01 3.424859e+01
<GCONST> 6.202163e+01
<STATE> 3
<MEAN> 12
 -3.185973e-01 -8.843558e+00 -3.343765e+00 9.339169e+00 5.428755e+00 -2.480428e+00 9.875581e+00 -5.379496e+00 -9.279991e-01 1.984072e+00 -2.862165e+00 2.065692e+00
<VARIANCE> 12
 1.842351e+01 5.610829e+01 7.233394e+00 5.360780e+01 3.247319e+01 3.675146e+01 5.557712e+01 2.976254e+01 2.233693e+01 4.129263e+01 2.859449e+01 4.109100e+01
<GCONST> 6.334739e+01
<STATE> 4
<MEAN> 12
 -1.738486e+00 -3.513528e+00 -2.341321e+00 3.166435e+00 2.708615e+00 -9.677740e-01 4.342903e+00 -3.088556e+00 8.814455e-01 1.254673e+00 -2.678744e+00 -2.116167e+00
<VARIANCE> 12
 2.309165e+01 7.263506e+01 9.801824e+00 8.910206e+01 3.480289e+01 3.259140e+01 8.649133e+01 3.561055e+01 1.959624e+01 5.239595e+01 4.087812e+01 3.680987e+01
<GCONST> 6.556876e+01
<STATE> 5
<MEAN> 12
 -2.604553e+00 1.476613e+00 -1.844273e+00 -3.391618e+00 -7.582434e-02 -1.407611e+00 -1.921396e+00 6.481543e-01 1.053130e+00 1.237117e+00 -2.112840e+00 -4.111360e+00
<VARIANCE> 12
 2.090146e+01 4.424371e+01 1.171536e+01 7.832244e+01 2.422851e+01 2.968330e+01 7.049279e+01 3.198274e+01 2.800229e+01 6.449812e+01 4.746790e+01 3.171007e+01
<GCONST> 6.482023e+01
<STATE> 6
<MEAN> 12
 -1.677869e+00 4.734989e+00 -1.121625e+00 -7.778884e+00 -1.370609e+00 -4.449202e-01 -6.576169e+00 3.424381e+00 -5.532745e-01 1.490366e+00 9.102708e-01 -3.156574e+00
<VARIANCE> 12
 2.040879e+01 1.826028e+01 2.360593e+01 4.019701e+01 1.448337e+01 3.769450e+01 3.510425e+01 2.411163e+01 4.437099e+01 7.569016e+01 5.062529e+01 3.469986e+01
<GCONST> 6.346446e+01
<STATE> 7
<MEAN> 12
 8.918713e-01 6.871613e+00 2.542738e+00 -8.327914e+00 -2.610608e+00 3.242277e+00 -8.732925e+00 3.880517e+00 -9.198152e-01 -1.243940e+00 4.837187e+00 -7.207684e-01
<VARIANCE> 12
 1.692356e+01 1.151772e+01 5.434631e+01 2.570411e+01 1.306397e+01 4.467874e+01 1.520245e+01 2.223601e+01 5.209292e+01 7.187341e+01 3.637857e+01 2.935353e+01
<GCONST> 6.196300e+01
<STATE> 8
<MEAN> 12
 2.820127e+00 7.478855e+00 9.087915e+00 -5.610757e+00 -5.785691e+00 8.048724e+00 -7.059074e+00 2.973887e+00 3.143583e+00 -4.596947e+00 5.382900e+00 5.024206e-01
<VARIANCE> 12
 5.664764e+00 1.151772e+01 4.449857e+01 1.871185e+01 1.684687e+01 2.756290e+01 2.089206e+01 1.590076e+01 4.163017e+01 3.272417e+01 2.404190e+01 1.469970e+01
<GCONST> 5.798823e+01
<TRANSP> 9
 0.000000e+00 1.000000e+00 0.000000e+00 0.000000e+00 0.000000e+00 0.000000e+00 0.000000e+00 0.000000e+00 0.000000e+00
 0.000000e+00 8.771930e-01 1.228070e-01 0.000000e+00 0.000000e+00 0.000000e+00 0.000000e+00 0.000000e+00 0.000000e+00
 0.000000e+00 0.000000e+00 8.771930e-01 1.228070e-01 0.000000e+00 0.000000e+00 0.000000e+00 0.000000e+00 0.000000e+00
 0.000000e+00 0.000000e+00 0.000000e+00 8.771930e-01 1.228070e-01 0.000000e+00 0.000000e+00 0.000000e+00 0.000000e+00
 0.000000e+00 0.000000e+00 0.000000e+00 0.000000e+00 8.771930e-01 1.228070e-01 0.000000e+00 0.000000e+00 0.000000e+00
 0.000000e+00 0.000000e+00 0.000000e+00 0.000000e+00 0.000000e+00 8.771930e-01 1.228070e-01 0.000000e+00 0.000000e+00
 0.000000e+00 0.000000e+00 0.000000e+00 0.000000e+00 0.000000e+00 0.000000e+00 8.771930e-01 1.228070e-01 0.000000e+00
 0.000000e+00 0.000000e+00 0.000000e+00 0.000000e+00 0.000000e+00 0.000000e+00 0.000000e+00 8.771930e-01 1.228070e-01
 0.000000e+00 0.000000e+00 0.000000e+00 0.000000e+00 0.000000e+00 0.000000e+00 0.000000e+00 0.000000e+00 0.000000e+00
<ENDHMM>
