~o
<STREAMINFO> 1 12
<VECSIZE> 12<NULLD><MFCC_Z><DIAGC>
~h "s028"
<BEGINHMM>
<NUMSTATES> 8
<STATE> 2
<MEAN> 12
 -2.186416e+00 1.574008e+01 -1.417840e+00 -9.546990e+00 -4.292743e+00 -2.989686e+00 -1.008493e+01 6.018234e+00 1.002332e+01 1.945262e+00 8.478603e+00 -7.097897e+00
<VARIANCE> 12
 4.077175e+00 3.714735e+01 6.719797e+00 2.478979e+01 6.385358e+01 1.010646e+01 9.174907e+00 2.451885e+01 2.883420e+01 6.202411e+00 1.269033e+01 2.062750e+01
<GCONST> 5.482996e+01
<STATE> 3
<MEAN> 12
 -2.607172e-01 9.144876e+00 1.468940e+00 -1.480781e+01 1.809623e+00 -5.160149e-02 -4.288942e+00 -4.388464e+00 1.429592e+01 3.344688e+00 4.811068e+00 -3.060576e+00
<VARIANCE> 12
 6.438288e+00 3.714735e+01 3.488431e+00 2.478979e+01 8.691424e+00 1.306248e+01 1.385939e+01 8.928576e+00 2.883420e+01 1.679071e+01 3.750735e+01 8.138421e+00
<GCONST> 5.344539e+01
<STATE> 4
<MEAN> 12
 -7.509682e+00 1.129356e+01 7.561843e-01 -5.000652e+00 8.970917e-01 5.881299e+00 5.852590e+00 3.272547e-03 7.866013e+00 6.492661e+00 -1.329201e+00 3.314590e+00
<VARIANCE> 12
 1.326504e+01 3.714735e+01 2.328562e+00 2.478979e+01 1.418056e+01 1.292615e+01 1.342849e+01 1.512675e+01 2.883420e+01 2.171592e+01 1.269033e+01 8.318963e+00
<GCONST> 5.393418e+01
<STATE> 5
<MEAN> 12
 1.942379e-01 -9.024724e+00 4.862011e-01 3.953721e+00 -1.007183e+01 8.048800e+00 2.492729e+00 -2.163415e+00 -4.207089e+00 -7.208715e+00 5.492347e-01 -4.240561e+00
<VARIANCE> 12
 4.077175e+00 3.714735e+01 6.091975e+00 2.478979e+01 2.975528e+01 5.786199e+00 9.789777e+00 1.022612e+01 2.883420e+01 2.798638e+01 2.424276e+01 1.857969e+01
<GCONST> 5.465046e+01
<STATE> 6
<MEAN> 12
 2.279986e+00 -1.716933e+01 -4.910687e-01 1.086036e+01 1.610059e+00 -4.624173e-01 2.183572e+00 3.159978e+00 -1.356083e+01 -3.005520e+00 1.222208e+00 3.044168e+00
<VARIANCE> 12
 4.077175e+00 3.714735e+01 1.076629e+00 2.478979e+01 1.825074e+01 2.111715e+01 9.174907e+00 6.127892e+00 2.883420e+01 8.013468e+00 1.722595e+01 1.322725e+01
<GCONST> 5.121409e+01
<STATE> 7
<MEAN> 12
 4.918156e+00 -1.213048e+01 -8.393951e-02 1.223306e+01 4.703340e+00 -3.614257e+00 5.337895e+00 -3.150365e+00 -1.238648e+01 -3.036662e+00 -9.909432e+00 5.627449e+00
<VARIANCE> 12
 4.077175e+00 3.714735e+01 5.976359e+00 2.478979e+01 8.691424e+00 1.313194e+01 9.174907e+00 1.661191e+01 2.883420e+01 1.203517e+01 2.128215e+01 1.532833e+01
<GCONST> 5.347401e+01
<TRANSP> 8
 0.000000e+00 1.000000e+00 0.000000e+00 0.000000e+00 0.000000e+00 0.000000e+00 0.000000e+00 0.000000e+00
 0.000000e+00 9.057697e-01 9.423032e-02 0.000000e+00 0.000000e+00 0.000000e+00 0.000000e+00 0.000000e+00
 0.000000e+00 0.000000e+00 8.738449e-01 1.261551e-01 0.000000e+00 0.000000e+00 0.000000e+00 0.000000e+00
 0.000000e+00 0.000000e+00 0.000000e+00 8.662509e-01 1.337491e-01 0.000000e+00 0.000000e+00 0.000000e+00
 0.000000e+00 0.000000e+00 0.000000e+00 0.000000e+00 7.919427e-01 2.080574e-01 0.000000e+00 0.000000e+00
 0.000000e+00 0.000000e+00 0.000000e+00 0.000000e+00 0.000000e+00 8.593349e-01 1.406650e-01 0.000000e+00
 0.000000e+00 0.000000e+00 0.000000e+00 0.000000e+00 0.000000e+00 0.000000e+00 9.234819e-01 7.651804e-02
 0.000000e+00 0.000000e+00 0.000000e+00 0.000000e+00 0.000000e+00 0.000000e+00 0.000000e+00 0.000000e+00
<ENDHMM>
