~o
<STREAMINFO> 1 12
<VECSIZE> 12<NULLD><MFCC_Z><DIAGC>
~h "s019"
<BEGINHMM>
<NUMSTATES> 11
<STATE> 2
<MEAN> 12
 -3.130396e+00 1.605661e+01 5.303638e+00 -1.017951e+01 -4.428063e+00 -3.322788e+00 -8.445027e+00 5.754268e+00 -6.694846e+00 -2.324646e+00 1.146150e+00 -7.672018e+00
<VARIANCE> 12
 8.370374e+00 2.366066e+01 1.558146e+01 1.682651e+01 1.140947e+01 3.089596e+01 1.742888e+01 2.136193e+01 1.546312e+01 1.074455e+01 1.764718e+01 5.011313e+01
<GCONST> 5.659460e+01
<STATE> 3
<MEAN> 12
 3.161558e+00 2.016978e+00 7.175106e+00 -3.279661e+00 -1.051938e+01 -9.868507e+00 -7.239901e+00 2.439337e+00 -1.157227e+00 2.090796e+00 5.918966e+00 -2.194530e+00
<VARIANCE> 12
 8.370374e+00 1.846500e+01 2.778208e+01 2.443973e+01 2.194216e+01 2.190590e+01 2.761903e+01 1.302492e+01 1.337611e+01 4.572174e+01 4.047313e+01 2.514685e+01
<GCONST> 5.901765e+01
<STATE> 4
<MEAN> 12
 5.263316e+00 -3.631591e+00 -1.099368e+01 3.651300e+00 1.983112e+00 -1.243694e+01 -1.470239e+00 6.675518e+00 -6.817692e-01 -1.805240e+00 -8.329021e+00 5.039586e+00
<VARIANCE> 12
 8.370374e+00 1.881060e+01 4.538925e+01 1.371575e+01 2.105920e+01 2.190590e+01 2.664129e+01 1.487657e+01 3.976669e+01 3.144790e+01 2.716912e+01 6.618445e+01
<GCONST> 6.028970e+01
<STATE> 5
<MEAN> 12
 -2.095434e+00 -1.621042e+01 -8.768874e+00 7.318088e+00 8.599284e+00 -1.938602e+00 6.897739e+00 -1.823285e+00 -1.358443e+01 -5.573390e-02 1.171463e+00 9.488528e+00
<VARIANCE> 12
 8.370374e+00 1.771973e+01 3.549775e+01 1.584455e+01 8.955884e+00 2.650053e+01 8.523400e+00 3.622149e+01 1.337611e+01 3.247956e+01 1.777807e+01 2.660404e+01
<GCONST> 5.682125e+01
<STATE> 6
<MEAN> 12
 -4.577209e+00 -8.658764e+00 -7.138445e-01 -5.846824e+00 3.679930e+00 9.751151e+00 7.604732e-01 -7.135549e+00 -2.478626e+00 6.955831e-01 4.630148e-01 2.687009e+00
<VARIANCE> 12
 8.370374e+00 3.984298e+01 8.991493e+00 3.130199e+01 8.955884e+00 2.190590e+01 1.272231e+01 1.574737e+01 3.194139e+01 4.641525e+01 5.893061e+00 9.927300e+00
<GCONST> 5.545382e+01
<STATE> 7
<MEAN> 12
 -5.960888e+00 -1.039099e+00 1.173048e+00 -2.087182e+00 4.753515e+00 1.046376e+01 2.633128e+00 -1.576444e+00 6.100559e+00 -3.914609e+00 2.260533e+00 1.621524e+00
<VARIANCE> 12
 3.664050e+01 1.771973e+01 1.788074e+01 2.381442e+01 4.596475e+01 2.344357e+01 2.777659e+01 4.096805e+01 1.986174e+01 3.579664e+01 1.138686e+01 1.665009e+01
<GCONST> 6.041535e+01
<STATE> 8
<MEAN> 12
 1.306029e+00 -9.327782e-01 3.400435e+00 1.137806e+00 -5.865216e+00 -6.272049e+00 2.688124e+00 1.583442e+00 -3.076324e+00 -1.029499e+00 -1.734700e+00 2.958667e-01
<VARIANCE> 12
 5.023140e+01 1.771973e+01 2.223642e+01 1.371575e+01 2.368748e+01 1.570043e+02 1.634154e+01 4.272970e+01 2.725429e+01 1.998093e+01 1.265964e+01 3.240300e+01
<GCONST> 6.165260e+01
<STATE> 9
<MEAN> 12
 7.479563e+00 1.384919e-01 -3.163516e+00 5.850756e+00 -2.626890e+00 -1.234886e+01 -3.230569e-01 4.154692e+00 2.508294e+00 2.515216e+00 -3.589018e+00 2.699431e-01
<VARIANCE> 12
 8.370374e+00 1.771973e+01 1.072724e+01 1.371575e+01 8.955884e+00 3.110675e+01 8.523400e+00 1.508924e+01 3.475386e+01 7.968375e+00 5.486344e+00 1.813389e+01
<GCONST> 5.275558e+01
<STATE> 10
<MEAN> 12
 7.694459e+00 -1.225911e+00 1.293685e+00 1.234255e+01 -8.457290e-01 5.658205e+00 5.366758e+00 -7.271496e+00 1.062796e+01 7.856835e+00 1.141512e+00 -2.677305e+00
<VARIANCE> 12
 8.370374e+00 1.771973e+01 8.991493e+00 1.371575e+01 2.243969e+01 2.955416e+01 1.709136e+01 1.784432e+01 1.337611e+01 2.027432e+01 2.375585e+01 1.390418e+01
<GCONST> 5.548888e+01
<TRANSP> 11
 0.000000e+00 1.000000e+00 0.000000e+00 0.000000e+00 0.000000e+00 0.000000e+00 0.000000e+00 0.000000e+00 0.000000e+00 0.000000e+00 0.000000e+00
 0.000000e+00 9.196007e-01 8.039936e-02 0.000000e+00 0.000000e+00 0.000000e+00 0.000000e+00 0.000000e+00 0.000000e+00 0.000000e+00 0.000000e+00
 0.000000e+00 0.000000e+00 7.228289e-01 2.771712e-01 0.000000e+00 0.000000e+00 0.000000e+00 0.000000e+00 0.000000e+00 0.000000e+00 0.000000e+00
 0.000000e+00 0.000000e+00 0.000000e+00 8.507496e-01 1.492505e-01 0.000000e+00 0.000000e+00 0.000000e+00 0.000000e+00 0.000000e+00 0.000000e+00
 0.000000e+00 0.000000e+00 0.000000e+00 0.000000e+00 7.953069e-01 2.046931e-01 0.000000e+00 0.000000e+00 0.000000e+00 0.000000e+00 0.000000e+00
 0.000000e+00 0.000000e+00 0.000000e+00 0.000000e+00 0.000000e+00 8.811020e-01 1.188980e-01 0.000000e+00 0.000000e+00 0.000000e+00 0.000000e+00
 0.000000e+00 0.000000e+00 0.000000e+00 0.000000e+00 0.000000e+00 0.000000e+00 9.273560e-01 7.264399e-02 0.000000e+00 0.000000e+00 0.000000e+00
 0.000000e+00 0.000000e+00 0.000000e+00 0.000000e+00 0.000000e+00 0.000000e+00 0.000000e+00 8.352203e-01 1.647796e-01 0.000000e+00 0.000000e+00
 0.000000e+00 0.000000e+00 0.000000e+00 0.000000e+00 0.000000e+00 0.000000e+00 0.000000e+00 0.000000e+00 8.265769e-01 1.734232e-01 0.000000e+00
 0.000000e+00 0.000000e+00 0.000000e+00 0.000000e+00 0.000000e+00 0.000000e+00 0.000000e+00 0.000000e+00 0.000000e+00 8.931329e-01 1.068671e-01
 0.000000e+00 0.000000e+00 0.000000e+00 0.000000e+00 0.000000e+00 0.000000e+00 0.000000e+00 0.000000e+00 0.000000e+00 0.000000e+00 0.000000e+00
<ENDHMM>
