~o
<STREAMINFO> 1 12
<VECSIZE> 12<NULLD><MFCC_Z><DIAGC>
~h "s019"
<BEGINHMM>
<NUMSTATES> 11
<STATE> 2
<MEAN> 12
 8.730821e-08 5.708614e-08 2.149125e-07 4.298250e-07 3.760969e-07 9.402423e-08 3.760969e-07 -1.343203e-08 9.402423e-08 5.372813e-08 -2.014805e-07 -4.029610e-08
<VARIANCE> 12
 4.185187e+01 8.859866e+01 4.495747e+01 6.857873e+01 4.477942e+01 1.095295e+02 4.261700e+01 5.097327e+01 6.688055e+01 3.984187e+01 2.743172e+01 4.963650e+01
<GCONST> 6.959222e+01
<STATE> 3
<MEAN> 12
 8.730821e-08 5.708614e-08 2.149125e-07 4.298250e-07 3.760969e-07 9.402423e-08 3.760969e-07 -1.343203e-08 9.402423e-08 5.372813e-08 -2.014805e-07 -4.029610e-08
<VARIANCE> 12
 4.185187e+01 8.859866e+01 4.495747e+01 6.857873e+01 4.477942e+01 1.095295e+02 4.261700e+01 5.097327e+01 6.688055e+01 3.984187e+01 2.743172e+01 4.963650e+01
<GCONST> 6.959222e+01
<STATE> 4
<MEAN> 12
 8.730821e-08 5.708614e-08 2.149125e-07 4.298250e-07 3.760969e-07 9.402423e-08 3.760969e-07 -1.343203e-08 9.402423e-08 5.372813e-08 -2.014805e-07 -4.029610e-08
<VARIANCE> 12
 4.185187e+01 8.859866e+01 4.495747e+01 6.857873e+01 4.477942e+01 1.095295e+02 4.261700e+01 5.097327e+01 6.688055e+01 3.984187e+01 2.743172e+01 4.963650e+01
<GCONST> 6.959222e+01
<STATE> 5
<MEAN> 12
 8.730821e-08 5.708614e-08 2.149125e-07 4.298250e-07 3.760969e-07 9.402423e-08 3.760969e-07 -1.343203e-08 9.402423e-08 5.372813e-08 -2.014805e-07 -4.029610e-08
<VARIANCE> 12
 4.185187e+01 8.859866e+01 4.495747e+01 6.857873e+01 4.477942e+01 1.095295e+02 4.261700e+01 5.097327e+01 6.688055e+01 3.984187e+01 2.743172e+01 4.963650e+01
<GCONST> 6.959222e+01
<STATE> 6
<MEAN> 12
 8.730821e-08 5.708614e-08 2.149125e-07 4.298250e-07 3.760969e-07 9.402423e-08 3.760969e-07 -1.343203e-08 9.402423e-08 5.372813e-08 -2.014805e-07 -4.029610e-08
<VARIANCE> 12
 4.185187e+01 8.859866e+01 4.495747e+01 6.857873e+01 4.477942e+01 1.095295e+02 4.261700e+01 5.097327e+01 6.688055e+01 3.984187e+01 2.743172e+01 4.963650e+01
<GCONST> 6.959222e+01
<STATE> 7
<MEAN> 12
 8.730821e-08 5.708614e-08 2.149125e-07 4.298250e-07 3.760969e-07 9.402423e-08 3.760969e-07 -1.343203e-08 9.402423e-08 5.372813e-08 -2.014805e-07 -4.029610e-08
<VARIANCE> 12
 4.185187e+01 8.859866e+01 4.495747e+01 6.857873e+01 4.477942e+01 1.095295e+02 4.261700e+01 5.097327e+01 6.688055e+01 3.984187e+01 2.743172e+01 4.963650e+01
<GCONST> 6.959222e+01
<STATE> 8
<MEAN> 12
 8.730821e-08 5.708614e-08 2.149125e-07 4.298250e-07 3.760969e-07 9.402423e-08 3.760969e-07 -1.343203e-08 9.402423e-08 5.372813e-08 -2.014805e-07 -4.029610e-08
<VARIANCE> 12
 4.185187e+01 8.859866e+01 4.495747e+01 6.857873e+01 4.477942e+01 1.095295e+02 4.261700e+01 5.097327e+01 6.688055e+01 3.984187e+01 2.743172e+01 4.963650e+01
<GCONST> 6.959222e+01
<STATE> 9
<MEAN> 12
 8.730821e-08 5.708614e-08 2.149125e-07 4.298250e-07 3.760969e-07 9.402423e-08 3.760969e-07 -1.343203e-08 9.402423e-08 5.372813e-08 -2.014805e-07 -4.029610e-08
<VARIANCE> 12
 4.185187e+01 8.859866e+01 4.495747e+01 6.857873e+01 4.477942e+01 1.095295e+02 4.261700e+01 5.097327e+01 6.688055e+01 3.984187e+01 2.743172e+01 4.963650e+01
<GCONST> 6.959222e+01
<STATE> 10
<MEAN> 12
 8.730821e-08 5.708614e-08 2.149125e-07 4.298250e-07 3.760969e-07 9.402423e-08 3.760969e-07 -1.343203e-08 9.402423e-08 5.372813e-08 -2.014805e-07 -4.029610e-08
<VARIANCE> 12
 4.185187e+01 8.859866e+01 4.495747e+01 6.857873e+01 4.477942e+01 1.095295e+02 4.261700e+01 5.097327e+01 6.688055e+01 3.984187e+01 2.743172e+01 4.963650e+01
<GCONST> 6.959222e+01
<TRANSP> 11
 0.000000e+00 1.000000e+00 0.000000e+00 0.000000e+00 0.000000e+00 0.000000e+00 0.000000e+00 0.000000e+00 0.000000e+00 0.000000e+00 0.000000e+00
 0.000000e+00 9.000000e-01 9.999999e-02 0.000000e+00 0.000000e+00 0.000000e+00 0.000000e+00 0.000000e+00 0.000000e+00 0.000000e+00 0.000000e+00
 0.000000e+00 0.000000e+00 9.000000e-01 9.999999e-02 0.000000e+00 0.000000e+00 0.000000e+00 0.000000e+00 0.000000e+00 0.000000e+00 0.000000e+00
 0.000000e+00 0.000000e+00 0.000000e+00 9.000000e-01 9.999999e-02 0.000000e+00 0.000000e+00 0.000000e+00 0.000000e+00 0.000000e+00 0.000000e+00
 0.000000e+00 0.000000e+00 0.000000e+00 0.000000e+00 9.000000e-01 9.999999e-02 0.000000e+00 0.000000e+00 0.000000e+00 0.000000e+00 0.000000e+00
 0.000000e+00 0.000000e+00 0.000000e+00 0.000000e+00 0.000000e+00 9.000000e-01 9.999999e-02 0.000000e+00 0.000000e+00 0.000000e+00 0.000000e+00
 0.000000e+00 0.000000e+00 0.000000e+00 0.000000e+00 0.000000e+00 0.000000e+00 9.000000e-01 9.999999e-02 0.000000e+00 0.000000e+00 0.000000e+00
 0.000000e+00 0.000000e+00 0.000000e+00 0.000000e+00 0.000000e+00 0.000000e+00 0.000000e+00 9.000000e-01 9.999999e-02 0.000000e+00 0.000000e+00
 0.000000e+00 0.000000e+00 0.000000e+00 0.000000e+00 0.000000e+00 0.000000e+00 0.000000e+00 0.000000e+00 9.000000e-01 9.999999e-02 0.000000e+00
 0.000000e+00 0.000000e+00 0.000000e+00 0.000000e+00 0.000000e+00 0.000000e+00 0.000000e+00 0.000000e+00 0.000000e+00 9.000000e-01 9.999999e-02
 0.000000e+00 0.000000e+00 0.000000e+00 0.000000e+00 0.000000e+00 0.000000e+00 0.000000e+00 0.000000e+00 0.000000e+00 0.000000e+00 0.000000e+00
<ENDHMM>
