~o
<STREAMINFO> 1 12
<VECSIZE> 12<NULLD><MFCC_Z><DIAGC>
~h "s023"
<BEGINHMM>
<NUMSTATES> 13
<STATE> 2
<MEAN> 12
 1.092929e+00 -1.479989e+01 -4.976455e+00 1.343447e+01 6.448848e+00 8.790903e-01 -2.082377e+00 9.185557e+00 -6.664424e+00 -5.593996e+00 -1.896713e+00 -8.846208e-01
<VARIANCE> 12
 7.876264e+00 2.163813e+01 6.819816e+00 2.927860e+01 1.457663e+01 2.807890e+01 2.289023e+01 4.254681e+01 2.104430e+02 1.220526e+01 1.681980e+01 1.434098e+01
<GCONST> 5.872204e+01
<STATE> 3
<MEAN> 12
 -2.718256e+00 -1.880880e+01 6.494280e-01 3.382989e+00 2.730520e-01 7.274723e+00 -2.761518e+00 3.444573e+00 -1.656618e+01 1.986622e+00 -5.813638e+00 -5.939816e+00
<VARIANCE> 12
 3.861057e+00 1.641143e+01 6.577572e+00 8.963647e+00 5.340348e+00 4.346529e+01 9.542096e+00 5.970633e+01 3.169116e+01 2.983611e+01 1.028687e+01 9.081717e+00
<GCONST> 5.346158e+01
<STATE> 4
<MEAN> 12
 -4.084806e+00 -1.315277e+01 -1.071684e+00 -1.483199e+00 4.122356e-01 1.224072e+01 -3.754428e-01 -1.020175e+01 -5.166378e+00 -1.301630e+00 1.611194e+00 2.586029e+00
<VARIANCE> 12
 2.438859e+00 1.878331e+01 6.222693e+00 8.963647e+00 5.340348e+00 1.228931e+01 2.365454e+01 3.006511e+01 2.497356e+01 4.944107e+01 1.432045e+01 3.001477e+01
<GCONST> 5.383333e+01
<STATE> 5
<MEAN> 12
 1.600375e+00 -2.721510e+00 -1.563219e+00 -1.367189e+00 -5.402704e+00 5.306127e+00 5.393074e+00 -1.135407e+01 6.820839e+00 -1.646081e+00 1.442639e+00 6.514655e+00
<VARIANCE> 12
 4.192430e+00 1.641143e+01 3.631106e+00 1.175548e+01 1.544067e+01 1.705964e+01 5.563140e+00 1.999938e+01 2.084723e+01 2.640130e+01 1.429070e+01 5.878851e+00
<GCONST> 5.106683e+01
<STATE> 6
<MEAN> 12
 -2.625196e-01 5.850287e+00 7.775225e-02 4.978386e+00 -2.336503e+00 6.468553e+00 3.842244e+00 -5.620706e+00 6.168067e+00 3.857482e+00 -1.118302e+00 6.102484e+00
<VARIANCE> 12
 7.654016e+00 2.428872e+01 3.631106e+00 2.636452e+01 4.051730e+01 2.239925e+01 1.652671e+01 2.634741e+01 1.857807e+01 8.234041e+00 2.597859e+01 7.546616e+00
<GCONST> 5.503706e+01
<STATE> 7
<MEAN> 12
 -2.206515e+00 5.060717e+00 3.861262e+00 -3.241381e+00 -1.081976e+00 1.669326e+00 -5.425013e+00 1.810181e+00 -7.825452e-01 4.838437e-01 -3.519083e+00 2.045765e+00
<VARIANCE> 12
 1.202809e+01 3.026915e+01 2.944138e+01 3.593176e+01 4.030336e+01 1.467538e+01 2.957229e+01 1.302189e+01 1.551914e+01 1.381754e+01 1.853738e+01 3.248575e+01
<GCONST> 5.902060e+01
<STATE> 8
<MEAN> 12
 3.995980e+00 9.694646e-02 -2.150899e+00 -2.822298e+00 1.411612e+00 -6.418700e+00 -2.177585e+00 -3.256204e+00 1.051171e+00 -1.226691e+00 -4.456195e+00 1.704990e+00
<VARIANCE> 12
 1.409574e+01 1.641143e+01 4.155363e+01 1.371625e+01 3.582246e+01 3.716678e+01 4.207192e+01 4.032520e+01 3.733179e+01 1.443366e+01 2.107550e+01 3.732874e+01
<GCONST> 6.143157e+01
<STATE> 9
<MEAN> 12
 3.865625e+00 2.786297e+00 8.332049e-01 -5.846121e+00 2.016039e+00 -5.961511e+00 2.795378e+00 -1.568892e+00 -7.220371e-01 -4.035613e+00 -4.596277e-01 1.848773e+00
<VARIANCE> 12
 2.323695e+01 1.641143e+01 4.413763e+01 2.867481e+01 1.563519e+01 9.396912e+00 4.134975e+01 5.669262e+01 1.147197e+01 6.066140e+00 2.094431e+01 2.199618e+01
<GCONST> 5.826656e+01
<STATE> 10
<MEAN> 12
 -5.427577e+00 1.206196e+01 3.196092e+00 -1.113433e+01 -2.721452e+00 -9.197449e+00 -6.760890e+00 9.804542e+00 1.144425e+00 -2.051363e+00 1.019425e+00 -6.292219e+00
<VARIANCE> 12
 2.964202e+00 1.641143e+01 1.422467e+01 1.731464e+01 5.340348e+00 9.400153e+00 5.563140e+00 1.234178e+01 1.147197e+01 6.923914e+00 1.934554e+01 2.711922e+01
<GCONST> 5.022840e+01
<STATE> 11
<MEAN> 12
 -2.462021e+00 1.336808e+01 1.905517e+00 -4.153678e+00 -3.126718e+00 -6.212977e+00 -4.814638e-01 8.104409e+00 1.982755e+00 3.728325e+00 5.996859e+00 -6.262210e+00
<VARIANCE> 12
 5.185773e+00 1.641143e+01 1.705014e+01 9.331984e+00 8.295190e+00 2.005890e+01 2.748289e+01 3.417527e+01 1.411450e+01 2.214587e+01 2.338124e+01 7.466207e+00
<GCONST> 5.443462e+01
<STATE> 12
<MEAN> 12
 9.265382e-01 7.601630e+00 4.106097e+00 2.964132e+00 3.004572e+00 3.875534e-01 5.964948e+00 2.433389e+00 2.593865e+00 6.401525e+00 7.462687e+00 -4.481652e+00
<VARIANCE> 12
 2.438859e+00 1.641143e+01 6.816572e+00 2.233765e+01 5.423430e+01 1.556079e+01 5.563140e+00 1.386854e+01 1.381636e+01 2.127346e+01 1.972432e+01 5.878851e+00
<GCONST> 5.229005e+01
<TRANSP> 13
 0.000000e+00 1.000000e+00 0.000000e+00 0.000000e+00 0.000000e+00 0.000000e+00 0.000000e+00 0.000000e+00 0.000000e+00 0.000000e+00 0.000000e+00 0.000000e+00 0.000000e+00
 0.000000e+00 8.897116e-01 1.102884e-01 0.000000e+00 0.000000e+00 0.000000e+00 0.000000e+00 0.000000e+00 0.000000e+00 0.000000e+00 0.000000e+00 0.000000e+00 0.000000e+00
 0.000000e+00 0.000000e+00 7.838203e-01 2.161797e-01 0.000000e+00 0.000000e+00 0.000000e+00 0.000000e+00 0.000000e+00 0.000000e+00 0.000000e+00 0.000000e+00 0.000000e+00
 0.000000e+00 0.000000e+00 0.000000e+00 7.965745e-01 2.034255e-01 0.000000e+00 0.000000e+00 0.000000e+00 0.000000e+00 0.000000e+00 0.000000e+00 0.000000e+00 0.000000e+00
 0.000000e+00 0.000000e+00 0.000000e+00 0.000000e+00 8.964299e-01 1.035700e-01 0.000000e+00 0.000000e+00 0.000000e+00 0.000000e+00 0.000000e+00 0.000000e+00 0.000000e+00
 0.000000e+00 0.000000e+00 0.000000e+00 0.000000e+00 0.000000e+00 8.638929e-01 1.361072e-01 0.000000e+00 0.000000e+00 0.000000e+00 0.000000e+00 0.000000e+00 0.000000e+00
 0.000000e+00 0.000000e+00 0.000000e+00 0.000000e+00 0.000000e+00 0.000000e+00 7.809359e-01 2.190641e-01 0.000000e+00 0.000000e+00 0.000000e+00 0.000000e+00 0.000000e+00
 0.000000e+00 0.000000e+00 0.000000e+00 0.000000e+00 0.000000e+00 0.000000e+00 0.000000e+00 9.261667e-01 7.383332e-02 0.000000e+00 0.000000e+00 0.000000e+00 0.000000e+00
 0.000000e+00 0.000000e+00 0.000000e+00 0.000000e+00 0.000000e+00 0.000000e+00 0.000000e+00 0.000000e+00 6.846918e-01 3.153082e-01 0.000000e+00 0.000000e+00 0.000000e+00
 0.000000e+00 0.000000e+00 0.000000e+00 0.000000e+00 0.000000e+00 0.000000e+00 0.000000e+00 0.000000e+00 0.000000e+00 8.652743e-01 1.347257e-01 0.000000e+00 0.000000e+00
 0.000000e+00 0.000000e+00 0.000000e+00 0.000000e+00 0.000000e+00 0.000000e+00 0.000000e+00 0.000000e+00 0.000000e+00 0.000000e+00 8.339688e-01 1.660312e-01 0.000000e+00
 0.000000e+00 0.000000e+00 0.000000e+00 0.000000e+00 0.000000e+00 0.000000e+00 0.000000e+00 0.000000e+00 0.000000e+00 0.000000e+00 0.000000e+00 8.845663e-01 1.154337e-01
 0.000000e+00 0.000000e+00 0.000000e+00 0.000000e+00 0.000000e+00 0.000000e+00 0.000000e+00 0.000000e+00 0.000000e+00 0.000000e+00 0.000000e+00 0.000000e+00 0.000000e+00
<ENDHMM>
