~o
<STREAMINFO> 1 12
<VECSIZE> 12<NULLD><MFCC_Z><DIAGC>
~h "s057"
<BEGINHMM>
<NUMSTATES> 10
<STATE> 2
<MEAN> 12
 -1.872164e+00 8.070951e+00 8.368943e+00 1.976579e+00 -8.394167e+00 5.863599e+00 2.736747e-02 1.534432e+00 1.028634e+01 -4.723470e+00 4.692751e+00 -3.601822e+00
<VARIANCE> 12
 7.813709e+00 3.069750e+01 1.260019e+01 6.370642e+01 3.636215e+01 2.100101e+01 2.940162e+01 2.415861e+01 2.960104e+01 7.791917e+00 2.541603e+01 7.953239e+00
<GCONST> 5.817622e+01
<STATE> 3
<MEAN> 12
 -2.755556e+00 -1.059014e+01 -3.416778e+00 6.087660e+00 6.479914e+00 -1.360930e+00 4.339499e+00 -5.429538e+00 -2.510187e+00 1.656505e+00 3.295052e-01 1.673509e+00
<VARIANCE> 12
 1.370833e+01 1.894879e+01 4.555750e+01 2.522852e+01 8.764282e+00 7.698405e+01 2.733240e+01 1.157561e+01 1.472233e+01 2.752289e+01 1.298547e+01 2.117475e+01
<GCONST> 5.855350e+01
<STATE> 4
<MEAN> 12
 3.195531e+00 -3.606247e+00 -7.220326e+00 -1.035821e+00 -7.027375e-01 -4.347573e+00 -2.624862e+00 1.788929e+00 -2.978039e+00 3.671449e+00 -3.341198e+00 2.543556e+00
<VARIANCE> 12
 3.647395e+00 1.551859e+01 3.655275e+01 5.829183e+01 2.386551e+01 1.922924e+01 2.904051e+01 2.679164e+01 3.401134e+01 1.224951e+01 1.203048e+01 2.043716e+01
<GCONST> 5.807742e+01
<STATE> 5
<MEAN> 12
 -9.140155e-01 5.381174e+00 6.575858e+00 -1.455634e+01 -4.347039e+00 3.619811e+00 -1.486576e+01 5.635796e+00 -1.112919e+01 3.088002e+00 -4.485603e+00 -5.048460e+00
<VARIANCE> 12
 1.015966e+01 3.972572e+01 1.792943e+01 2.048156e+01 3.001735e+01 4.108188e+01 4.749089e+01 2.279103e+01 2.767816e+01 3.063449e+01 4.530042e+01 1.362708e+01
<GCONST> 6.123331e+01
<STATE> 6
<MEAN> 12
 -4.477594e+00 1.154638e+01 7.020817e+00 -9.494853e+00 -1.388187e+00 -6.871014e-01 -5.306369e+00 9.487618e+00 1.886375e+00 -2.349906e-01 5.546514e+00 -4.733780e+00
<VARIANCE> 12
 3.776247e+00 2.359607e+01 1.260019e+01 2.048156e+01 9.573781e+00 2.960002e+01 5.976424e+01 3.216466e+01 4.986667e+01 1.507484e+01 1.744656e+01 9.228008e+00
<GCONST> 5.700942e+01
<STATE> 7
<MEAN> 12
 6.435390e-01 -4.911587e+00 2.262088e+00 7.979703e+00 5.984550e+00 1.445172e+00 7.578805e+00 -1.412987e+00 -7.169630e+00 4.462869e+00 5.798818e+00 2.037704e+00
<VARIANCE> 12
 3.647395e+00 2.063074e+01 1.260019e+01 7.944180e+01 1.239134e+01 2.363834e+01 1.881227e+01 1.157561e+01 3.343929e+01 1.209569e+01 1.633199e+01 1.734461e+01
<GCONST> 5.599632e+01
<STATE> 8
<MEAN> 12
 3.971493e+00 -6.588738e+00 -1.073890e+01 1.130454e+01 4.162104e+00 -6.538115e+00 4.921264e+00 -2.811321e-01 6.568463e+00 -5.367037e+00 -2.227118e+00 1.052250e+01
<VARIANCE> 12
 3.647395e+00 1.551859e+01 2.267618e+01 2.343210e+01 1.283490e+01 8.802861e+00 1.881227e+01 1.157561e+01 4.157512e+01 3.389043e+01 1.846446e+01 7.121354e+00
<GCONST> 5.460623e+01
<STATE> 9
<MEAN> 12
 4.927601e+00 -1.447939e+00 -5.204303e+00 4.896846e+00 -1.141178e+00 1.704758e-01 8.752820e+00 -8.299047e+00 5.153056e+00 -1.586165e+00 -3.309469e+00 1.333666e+00
<VARIANCE> 12
 5.558014e+00 1.551859e+01 1.275390e+01 2.048156e+01 1.209178e+01 8.747289e+00 1.881227e+01 3.228378e+01 1.682928e+01 3.989770e+01 1.149047e+01 1.826548e+01
<GCONST> 5.500348e+01
<TRANSP> 10
 0.000000e+00 1.000000e+00 0.000000e+00 0.000000e+00 0.000000e+00 0.000000e+00 0.000000e+00 0.000000e+00 0.000000e+00 0.000000e+00
 0.000000e+00 8.356364e-01 1.643636e-01 0.000000e+00 0.000000e+00 0.000000e+00 0.000000e+00 0.000000e+00 0.000000e+00 0.000000e+00
 0.000000e+00 0.000000e+00 9.111897e-01 8.881033e-02 0.000000e+00 0.000000e+00 0.000000e+00 0.000000e+00 0.000000e+00 0.000000e+00
 0.000000e+00 0.000000e+00 0.000000e+00 7.477303e-01 2.522697e-01 0.000000e+00 0.000000e+00 0.000000e+00 0.000000e+00 0.000000e+00
 0.000000e+00 0.000000e+00 0.000000e+00 0.000000e+00 8.966364e-01 1.033636e-01 0.000000e+00 0.000000e+00 0.000000e+00 0.000000e+00
 0.000000e+00 0.000000e+00 0.000000e+00 0.000000e+00 0.000000e+00 8.918399e-01 1.081601e-01 0.000000e+00 0.000000e+00 0.000000e+00
 0.000000e+00 0.000000e+00 0.000000e+00 0.000000e+00 0.000000e+00 0.000000e+00 7.423067e-01 2.576933e-01 0.000000e+00 0.000000e+00
 0.000000e+00 0.000000e+00 0.000000e+00 0.000000e+00 0.000000e+00 0.000000e+00 0.000000e+00 8.334173e-01 1.665827e-01 0.000000e+00
 0.000000e+00 0.000000e+00 0.000000e+00 0.000000e+00 0.000000e+00 0.000000e+00 0.000000e+00 0.000000e+00 9.081576e-01 9.184243e-02
 0.000000e+00 0.000000e+00 0.000000e+00 0.000000e+00 0.000000e+00 0.000000e+00 0.000000e+00 0.000000e+00 0.000000e+00 0.000000e+00
<ENDHMM>
