~o
<STREAMINFO> 1 12
<VECSIZE> 12<NULLD><MFCC_Z><DIAGC>
~h "T1375423460"
<BEGINHMM>
<NUMSTATES> 9
<STATE> 2
<MEAN> 12
 1.924080e-07 -2.175047e-07 -2.175047e-07 0.000000e+00 5.855895e-08 1.003868e-07 7.529007e-08 -1.673113e-08 5.437617e-08 2.509669e-08 -5.019339e-07 -2.342358e-07
<VARIANCE> 12
 2.387818e+01 2.549262e+01 2.663710e+01 1.548524e+01 3.014307e+01 6.395515e+01 2.940509e+01 1.437827e+01 2.133931e+01 1.722096e+01 2.987422e+01 2.387893e+01
<GCONST> 6.057576e+01
<STATE> 3
<MEAN> 12
 1.924080e-07 -2.175047e-07 -2.175047e-07 0.000000e+00 5.855895e-08 1.003868e-07 7.529007e-08 -1.673113e-08 5.437617e-08 2.509669e-08 -5.019339e-07 -2.342358e-07
<VARIANCE> 12
 2.387818e+01 2.549262e+01 2.663710e+01 1.548524e+01 3.014307e+01 6.395515e+01 2.940509e+01 1.437827e+01 2.133931e+01 1.722096e+01 2.987422e+01 2.387893e+01
<GCONST> 6.057576e+01
<STATE> 4
<MEAN> 12
 1.924080e-07 -2.175047e-07 -2.175047e-07 0.000000e+00 5.855895e-08 1.003868e-07 7.529007e-08 -1.673113e-08 5.437617e-08 2.509669e-08 -5.019339e-07 -2.342358e-07
<VARIANCE> 12
 2.387818e+01 2.549262e+01 2.663710e+01 1.548524e+01 3.014307e+01 6.395515e+01 2.940509e+01 1.437827e+01 2.133931e+01 1.722096e+01 2.987422e+01 2.387893e+01
<GCONST> 6.057576e+01
<STATE> 5
<MEAN> 12
 1.924080e-07 -2.175047e-07 -2.175047e-07 0.000000e+00 5.855895e-08 1.003868e-07 7.529007e-08 -1.673113e-08 5.437617e-08 2.509669e-08 -5.019339e-07 -2.342358e-07
<VARIANCE> 12
 2.387818e+01 2.549262e+01 2.663710e+01 1.548524e+01 3.014307e+01 6.395515e+01 2.940509e+01 1.437827e+01 2.133931e+01 1.722096e+01 2.987422e+01 2.387893e+01
<GCONST> 6.057576e+01
<STATE> 6
<MEAN> 12
 1.924080e-07 -2.175047e-07 -2.175047e-07 0.000000e+00 5.855895e-08 1.003868e-07 7.529007e-08 -1.673113e-08 5.437617e-08 2.509669e-08 -5.019339e-07 -2.342358e-07
<VARIANCE> 12
 2.387818e+01 2.549262e+01 2.663710e+01 1.548524e+01 3.014307e+01 6.395515e+01 2.940509e+01 1.437827e+01 2.133931e+01 1.722096e+01 2.987422e+01 2.387893e+01
<GCONST> 6.057576e+01
<STATE> 7
<MEAN> 12
 1.924080e-07 -2.175047e-07 -2.175047e-07 0.000000e+00 5.855895e-08 1.003868e-07 7.529007e-08 -1.673113e-08 5.437617e-08 2.509669e-08 -5.019339e-07 -2.342358e-07
<VARIANCE> 12
 2.387818e+01 2.549262e+01 2.663710e+01 1.548524e+01 3.014307e+01 6.395515e+01 2.940509e+01 1.437827e+01 2.133931e+01 1.722096e+01 2.987422e+01 2.387893e+01
<GCONST> 6.057576e+01
<STATE> 8
<MEAN> 12
 1.924080e-07 -2.175047e-07 -2.175047e-07 0.000000e+00 5.855895e-08 1.003868e-07 7.529007e-08 -1.673113e-08 5.437617e-08 2.509669e-08 -5.019339e-07 -2.342358e-07
<VARIANCE> 12
 2.387818e+01 2.549262e+01 2.663710e+01 1.548524e+01 3.014307e+01 6.395515e+01 2.940509e+01 1.437827e+01 2.133931e+01 1.722096e+01 2.987422e+01 2.387893e+01
<GCONST> 6.057576e+01
<TRANSP> 9
 0.000000e+00 1.000000e+00 0.000000e+00 0.000000e+00 0.000000e+00 0.000000e+00 0.000000e+00 0.000000e+00 0.000000e+00
 0.000000e+00 9.000000e-01 9.999999e-02 0.000000e+00 0.000000e+00 0.000000e+00 0.000000e+00 0.000000e+00 0.000000e+00
 0.000000e+00 0.000000e+00 9.000000e-01 9.999999e-02 0.000000e+00 0.000000e+00 0.000000e+00 0.000000e+00 0.000000e+00
 0.000000e+00 0.000000e+00 0.000000e+00 9.000000e-01 9.999999e-02 0.000000e+00 0.000000e+00 0.000000e+00 0.000000e+00
 0.000000e+00 0.000000e+00 0.000000e+00 0.000000e+00 9.000000e-01 9.999999e-02 0.000000e+00 0.000000e+00 0.000000e+00
 0.000000e+00 0.000000e+00 0.000000e+00 0.000000e+00 0.000000e+00 9.000000e-01 9.999999e-02 0.000000e+00 0.000000e+00
 0.000000e+00 0.000000e+00 0.000000e+00 0.000000e+00 0.000000e+00 0.000000e+00 9.000000e-01 9.999999e-02 0.000000e+00
 0.000000e+00 0.000000e+00 0.000000e+00 0.000000e+00 0.000000e+00 0.000000e+00 0.000000e+00 9.000000e-01 9.999999e-02
 0.000000e+00 0.000000e+00 0.000000e+00 0.000000e+00 0.000000e+00 0.000000e+00 0.000000e+00 0.000000e+00 0.000000e+00
<ENDHMM>
