~o
<STREAMINFO> 1 12
<VECSIZE> 12<NULLD><MFCC_Z><DIAGC>
~h "s004"
<BEGINHMM>
<NUMSTATES> 7
<STATE> 2
<MEAN> 12
 1.253826e-01 1.901147e+00 3.552676e+00 3.768700e-01 -4.190297e-01 -1.811711e+00 7.113057e+00 -1.059765e+00 -2.676769e+00 -5.344420e+00 3.484428e+00 2.084231e+00
<VARIANCE> 12
 5.000583e+00 3.636845e+01 5.644658e+01 4.683395e+01 6.099984e+01 1.531029e+01 3.336114e+01 1.087775e+01 1.753904e+01 3.863208e+01 2.333873e+01 1.030063e+01
<GCONST> 5.987203e+01
<STATE> 3
<MEAN> 12
 5.073256e+00 6.049231e+00 -8.113365e+00 -6.027837e+00 4.837490e+00 6.952986e+00 9.552587e-01 -4.258421e+00 7.430298e+00 -5.356027e+00 -4.930452e-01 -3.532756e+00
<VARIANCE> 12
 5.000583e+00 1.282864e+01 9.206685e+00 1.351771e+01 9.249507e+00 1.531029e+01 9.373336e+00 1.333438e+01 1.396420e+01 1.505259e+01 4.827073e+00 1.642482e+01
<GCONST> 5.054208e+01
<STATE> 4
<MEAN> 12
 5.055956e+00 8.725854e+00 2.662035e+00 -5.830383e+00 -7.043586e+00 1.127638e+01 -9.622227e+00 2.184950e+00 2.050624e+00 5.492166e+00 -3.935632e+00 -2.780074e+00
<VARIANCE> 12
 5.000583e+00 1.282864e+01 1.688891e+01 1.047419e+01 7.327392e+00 2.208405e+01 3.211375e+01 2.342868e+01 2.361916e+01 9.011017e+00 7.145099e+00 2.092545e+01
<GCONST> 5.346895e+01
<STATE> 5
<MEAN> 12
 -4.392711e+00 -4.529895e+00 -9.648810e+00 -1.549975e-01 -2.549552e+00 -7.473988e+00 1.880873e+00 3.428271e+00 -8.629848e+00 -4.257933e+00 -4.022881e+00 8.009210e+00
<VARIANCE> 12
 5.928674e+00 1.365049e+01 9.206685e+00 3.628699e+01 1.471831e+01 1.531029e+01 9.373336e+00 7.474634e+00 7.572642e+00 9.011017e+00 3.797950e+01 1.622281e+01
<GCONST> 5.257295e+01
<STATE> 6
<MEAN> 12
 -5.271489e+00 -9.256220e+00 2.968338e+00 6.952643e+00 2.152961e+00 -8.190775e+00 -2.979101e-03 1.246146e+00 -2.072801e+00 4.473894e+00 1.172299e+00 6.862058e-01
<VARIANCE> 12
 9.188222e+00 1.282864e+01 1.005082e+01 2.011892e+01 1.079236e+01 2.710160e+01 9.373336e+00 1.767860e+01 1.117861e+01 2.035268e+01 2.190184e+01 1.631209e+01
<GCONST> 5.422779e+01
<TRANSP> 7
 0.000000e+00 1.000000e+00 0.000000e+00 0.000000e+00 0.000000e+00 0.000000e+00 0.000000e+00
 0.000000e+00 9.006556e-01 9.934440e-02 0.000000e+00 0.000000e+00 0.000000e+00 0.000000e+00
 0.000000e+00 0.000000e+00 8.886916e-01 1.113084e-01 0.000000e+00 0.000000e+00 0.000000e+00
 0.000000e+00 0.000000e+00 0.000000e+00 8.882688e-01 1.117312e-01 0.000000e+00 0.000000e+00
 0.000000e+00 0.000000e+00 0.000000e+00 0.000000e+00 6.855562e-01 3.144437e-01 0.000000e+00
 0.000000e+00 0.000000e+00 0.000000e+00 0.000000e+00 0.000000e+00 9.325222e-01 6.747780e-02
 0.000000e+00 0.000000e+00 0.000000e+00 0.000000e+00 0.000000e+00 0.000000e+00 0.000000e+00
<ENDHMM>
