~o
<STREAMINFO> 1 12
<VECSIZE> 12<NULLD><MFCC_Z><DIAGC>
~h "s036"
<BEGINHMM>
<NUMSTATES> 8
<STATE> 2
<MEAN> 12
 -6.974440e-01 4.440483e+00 4.185269e+00 -7.805640e+00 -1.091921e+01 3.073085e+00 -4.677818e+00 -3.234702e+00 -1.709137e+00 3.143295e+00 -5.629394e+00 -5.845405e+00
<VARIANCE> 12
 1.813502e+01 5.516183e+00 3.715003e+01 4.547659e+01 5.781443e+01 9.092970e+01 3.992465e+01 7.687930e+01 4.868205e+01 5.105180e+01 3.578988e+01 1.678739e+01
<GCONST> 6.490521e+01
<STATE> 3
<MEAN> 12
 8.893250e-01 2.865680e+00 5.173603e-01 -2.726947e+00 -4.170795e+00 1.956658e-01 -6.317735e+00 1.577723e+00 2.798568e+00 5.583516e-01 -4.995097e-01 -3.670328e+00
<VARIANCE> 12
 2.588663e+01 8.101584e+00 4.086063e+01 5.989499e+01 8.721317e+01 1.185706e+02 3.662074e+01 4.864185e+01 6.778993e+01 2.998863e+01 3.047331e+01 2.839218e+01
<GCONST> 6.631223e+01
<STATE> 4
<MEAN> 12
 1.023512e+00 1.625897e+00 1.849442e+00 3.238545e-01 1.091892e+00 -5.169256e-01 -2.976974e+00 2.547990e+00 4.853575e+00 1.177876e+00 2.251860e+00 -1.017052e+00
<VARIANCE> 12
 3.234207e+01 1.139211e+01 5.981929e+01 3.978303e+01 4.696762e+01 1.063614e+02 5.978473e+01 3.411880e+01 5.739679e+01 2.723271e+01 2.279711e+01 2.745230e+01
<GCONST> 6.566898e+01
<STATE> 5
<MEAN> 12
 -5.272603e-01 1.792920e-01 2.705246e+00 2.680015e-01 3.653367e+00 -2.096304e-01 2.162534e+00 3.271924e+00 2.210196e+00 1.051356e+00 2.461782e+00 1.404966e+00
<VARIANCE> 12
 2.797061e+01 1.603963e+01 7.409879e+01 3.672644e+01 2.183397e+01 8.335921e+01 5.654932e+01 3.443485e+01 5.473336e+01 1.805527e+01 2.280937e+01 2.199410e+01
<GCONST> 6.426430e+01
<STATE> 6
<MEAN> 12
 -1.117868e+00 -2.665981e+00 -1.523468e+00 2.151298e+00 5.106061e+00 -1.596120e+00 5.735852e+00 1.834491e+00 -2.230056e+00 -7.140795e-01 1.237963e+00 3.976303e+00
<VARIANCE> 12
 1.315651e+01 2.610645e+01 8.497917e+01 4.473644e+01 1.471070e+01 4.764469e+01 2.566781e+01 5.681111e+01 3.746347e+01 1.854354e+01 1.708146e+01 1.778102e+01
<GCONST> 6.223375e+01
<STATE> 7
<MEAN> 12
 4.297718e-01 -6.445337e+00 -7.733824e+00 7.789450e+00 5.238740e+00 -9.461142e-01 6.074147e+00 -5.997400e+00 -5.923097e+00 -5.216776e+00 1.773090e-01 5.151522e+00
<VARIANCE> 12
 9.029307e+00 1.967353e+01 3.931218e+01 3.736082e+01 1.471070e+01 1.798343e+01 1.240306e+01 8.454241e+01 1.865850e+01 2.902438e+01 9.026212e+00 1.119423e+01
<GCONST> 5.796962e+01
<TRANSP> 8
 0.000000e+00 1.000000e+00 0.000000e+00 0.000000e+00 0.000000e+00 0.000000e+00 0.000000e+00 0.000000e+00
 0.000000e+00 8.823529e-01 1.176471e-01 0.000000e+00 0.000000e+00 0.000000e+00 0.000000e+00 0.000000e+00
 0.000000e+00 0.000000e+00 8.823529e-01 1.176471e-01 0.000000e+00 0.000000e+00 0.000000e+00 0.000000e+00
 0.000000e+00 0.000000e+00 0.000000e+00 8.823529e-01 1.176470e-01 0.000000e+00 0.000000e+00 0.000000e+00
 0.000000e+00 0.000000e+00 0.000000e+00 0.000000e+00 8.823529e-01 1.176470e-01 0.000000e+00 0.000000e+00
 0.000000e+00 0.000000e+00 0.000000e+00 0.000000e+00 0.000000e+00 8.823529e-01 1.176471e-01 0.000000e+00
 0.000000e+00 0.000000e+00 0.000000e+00 0.000000e+00 0.000000e+00 0.000000e+00 8.823529e-01 1.176471e-01
 0.000000e+00 0.000000e+00 0.000000e+00 0.000000e+00 0.000000e+00 0.000000e+00 0.000000e+00 0.000000e+00
<ENDHMM>
