~o
<STREAMINFO> 1 12
<VECSIZE> 12<NULLD><MFCC_Z><DIAGC>
~h "s064"
<BEGINHMM>
<NUMSTATES> 8
<STATE> 2
<MEAN> 12
 1.599802e+00 5.499397e+00 5.908535e+00 -4.032326e+00 -2.630813e+00 -5.528599e-01 -6.845217e+00 5.870949e+00 -2.800588e+00 2.668875e+00 3.977948e-01 9.223457e-01
<VARIANCE> 12
 8.384618e+00 8.089825e+00 7.407089e+00 1.245702e+01 1.810689e+01 4.213534e+00 2.956746e+01 2.351239e+01 4.268400e+01 3.798797e+01 5.809808e+01 2.864304e+01
<GCONST> 5.648318e+01
<STATE> 3
<MEAN> 12
 1.873958e+00 6.653924e+00 4.297600e-01 8.972237e+00 -5.787002e+00 -9.837567e-01 -1.914907e+00 2.105932e+00 2.812015e-01 -1.869671e-01 3.522479e+00 -9.375239e+00
<VARIANCE> 12
 7.829317e+00 1.189428e+01 1.460997e+01 2.938746e+01 1.239670e+01 4.249622e+00 5.449672e+01 1.387135e+01 1.206230e+01 4.446107e+00 2.079436e+01 9.694373e+00
<GCONST> 5.253130e+01
<STATE> 4
<MEAN> 12
 -3.472551e+00 4.294677e+00 -7.796097e-01 2.701739e+00 6.488628e-01 -5.047256e+00 2.368613e-01 2.417264e+00 -1.087766e+00 3.981151e+00 2.392010e+00 -3.407219e+00
<VARIANCE> 12
 8.476393e+00 2.303456e+01 1.192062e+01 1.055857e+02 2.672138e+01 6.045574e+01 7.681419e+01 4.171970e+01 3.746370e+00 1.254303e+01 9.856945e+00 2.267668e+01
<GCONST> 5.918580e+01
<STATE> 5
<MEAN> 12
 -6.265724e+00 -2.313704e+00 -3.835822e+00 -1.116789e+01 1.311677e+00 -2.462112e-01 -6.074043e+00 4.379247e+00 -4.582314e+00 -6.571967e+00 -3.109082e+00 -2.016886e+00
<VARIANCE> 12
 2.753335e+00 1.134422e+01 2.630981e+00 1.187006e+01 4.267459e+00 1.051097e+01 8.844536e+00 6.441067e+00 7.681953e+00 2.068272e+01 2.586401e+01 8.579580e+00
<GCONST> 4.725377e+01
<STATE> 6
<MEAN> 12
 -2.971494e+00 -1.089589e+01 -4.080401e+00 -1.031176e+01 2.775963e+00 2.936231e+00 1.415343e+00 -2.759228e+00 -2.587678e-01 -6.287219e+00 -1.033147e+00 9.698455e+00
<VARIANCE> 12
 2.753335e+00 8.089825e+00 2.969435e+00 1.187006e+01 6.376848e+00 7.623316e+00 1.212407e+01 9.103150e+00 3.499624e+01 1.028877e+01 6.896886e+00 8.579580e+00
<GCONST> 4.727478e+01
<STATE> 7
<MEAN> 12
 4.517666e+00 -6.525858e+00 4.639164e-01 1.801091e+00 4.641556e+00 4.252564e+00 7.554446e+00 -8.073922e+00 4.436867e+00 1.200456e+00 -4.112074e+00 6.697032e+00
<VARIANCE> 12
 3.890352e+00 8.089825e+00 8.276556e+00 1.187006e+01 1.107285e+01 9.755856e+00 1.014566e+01 1.130228e+01 4.880641e+00 1.957614e+01 1.553672e+01 8.579580e+00
<GCONST> 4.896767e+01
<TRANSP> 8
 0.000000e+00 1.000000e+00 0.000000e+00 0.000000e+00 0.000000e+00 0.000000e+00 0.000000e+00 0.000000e+00
 0.000000e+00 8.583028e-01 1.416972e-01 0.000000e+00 0.000000e+00 0.000000e+00 0.000000e+00 0.000000e+00
 0.000000e+00 0.000000e+00 9.084640e-01 9.153605e-02 0.000000e+00 0.000000e+00 0.000000e+00 0.000000e+00
 0.000000e+00 0.000000e+00 0.000000e+00 9.006357e-01 9.936430e-02 0.000000e+00 0.000000e+00 0.000000e+00
 0.000000e+00 0.000000e+00 0.000000e+00 0.000000e+00 7.642632e-01 2.357368e-01 0.000000e+00 0.000000e+00
 0.000000e+00 0.000000e+00 0.000000e+00 0.000000e+00 0.000000e+00 8.509696e-01 1.490304e-01 0.000000e+00
 0.000000e+00 0.000000e+00 0.000000e+00 0.000000e+00 0.000000e+00 0.000000e+00 9.091075e-01 9.089251e-02
 0.000000e+00 0.000000e+00 0.000000e+00 0.000000e+00 0.000000e+00 0.000000e+00 0.000000e+00 0.000000e+00
<ENDHMM>
