~o
<STREAMINFO> 1 12
<VECSIZE> 12<NULLD><MFCC_Z><DIAGC>
~h "T1375864576"
<BEGINHMM>
<NUMSTATES> 7
<STATE> 2
<MEAN> 12
 -4.137929e+00 -9.640611e+00 4.835464e+00 -4.914773e-01 9.458616e+00 3.387223e+00 5.411148e+00 -4.781806e+00 -7.481769e+00 1.868001e+00 -2.520025e-01 -1.134843e+00
<VARIANCE> 12
 3.802335e+00 1.391613e+01 2.781588e+01 1.889504e+01 2.331641e+01 2.973809e+01 1.598506e+01 3.285476e+01 2.033093e+01 3.372659e+01 1.482725e+01 1.752030e+01
<GCONST> 5.718330e+01
<STATE> 3
<MEAN> 12
 -3.972526e+00 2.315592e+00 4.294590e+00 -4.626426e+00 5.411783e+00 7.052630e+00 1.750481e+00 7.879416e-01 1.753249e+00 -5.846336e+00 -2.006508e+00 1.098690e+00
<VARIANCE> 12
 3.653063e+00 3.338907e+01 1.278195e+01 2.072301e+01 1.553277e+01 3.120618e+01 9.875990e+00 2.202979e+01 1.773060e+01 3.278284e+01 1.933095e+01 1.062530e+01
<GCONST> 5.569381e+01
<STATE> 4
<MEAN> 12
 -1.321118e+00 3.458463e+00 6.485294e+00 3.697047e+00 -6.667392e-01 8.080240e-01 -8.368784e-01 -1.918224e-01 1.665041e+00 -1.441881e+00 -6.271893e-01 9.604930e-01
<VARIANCE> 12
 1.531820e+01 7.321651e+00 1.445531e+01 2.731640e+01 6.184540e+01 2.896844e+01 1.792767e+01 2.246262e+01 3.245056e+01 1.863496e+01 1.667301e+01 1.364763e+01
<GCONST> 5.807411e+01
<STATE> 5
<MEAN> 12
 2.295614e+00 4.367330e+00 -9.533677e+00 -2.898154e-01 -1.289496e+01 -9.867666e+00 -4.061895e+00 3.674466e+00 -9.674721e-01 -8.345999e-02 2.902995e+00 2.614225e+00
<VARIANCE> 12
 9.112598e+00 6.330705e+00 2.166128e+01 1.112353e+01 3.558397e+01 3.002895e+01 2.353608e+01 1.185794e+01 2.227712e+01 1.537297e+01 2.193263e+01 2.876619e+01
<GCONST> 5.648312e+01
<STATE> 6
<MEAN> 12
 5.922601e+00 2.563078e+00 -6.555127e+00 -3.341790e-01 -2.991689e+00 -1.015038e+00 -2.897067e+00 2.167400e+00 5.959223e+00 2.438901e+00 -1.458177e-01 -2.079753e+00
<VARIANCE> 12
 4.371078e+00 6.330705e+00 3.730032e+01 1.406575e+01 3.178151e+01 3.097634e+01 9.443841e+00 1.214396e+01 1.633617e+01 1.435727e+01 1.493391e+01 1.638910e+01
<GCONST> 5.422989e+01
<TRANSP> 7
 0.000000e+00 1.000000e+00 0.000000e+00 0.000000e+00 0.000000e+00 0.000000e+00 0.000000e+00
 0.000000e+00 9.143424e-01 8.565761e-02 0.000000e+00 0.000000e+00 0.000000e+00 0.000000e+00
 0.000000e+00 0.000000e+00 8.267695e-01 1.732305e-01 0.000000e+00 0.000000e+00 0.000000e+00
 0.000000e+00 0.000000e+00 0.000000e+00 9.039575e-01 9.604248e-02 0.000000e+00 0.000000e+00
 0.000000e+00 0.000000e+00 0.000000e+00 0.000000e+00 8.721473e-01 1.278527e-01 0.000000e+00
 0.000000e+00 0.000000e+00 0.000000e+00 0.000000e+00 0.000000e+00 9.116561e-01 8.834390e-02
 0.000000e+00 0.000000e+00 0.000000e+00 0.000000e+00 0.000000e+00 0.000000e+00 0.000000e+00
<ENDHMM>
