~o
<STREAMINFO> 1 12
<VECSIZE> 12<NULLD><MFCC_Z><DIAGC>
~h "s032"
<BEGINHMM>
<NUMSTATES> 12
<STATE> 2
<MEAN> 12
 -2.906699e-01 -3.000718e+00 -4.316237e+00 -6.070923e+00 -1.179188e+01 -5.910342e+00 6.714502e+00 -6.041060e+00 8.801028e-01 -5.381001e+00 -5.008304e+00 -5.581811e+00
<VARIANCE> 12
 1.092135e+01 1.462769e+01 1.163027e+01 2.517385e+01 2.670797e+01 1.075193e+01 3.107053e+01 1.872883e+01 2.117897e+01 1.235111e+01 1.965914e+01 2.849716e+01
<GCONST> 5.672905e+01
<STATE> 3
<MEAN> 12
 1.442671e+00 1.032248e+00 -5.404963e+00 -8.854797e+00 -8.047262e+00 -3.946976e+00 1.645616e+00 -6.836348e+00 -2.886958e+00 -3.493613e+00 -6.253771e+00 -1.882872e+00
<VARIANCE> 12
 1.212920e+01 3.266063e+01 1.163027e+01 2.517385e+01 3.809002e+01 1.965544e+01 7.394608e+01 4.404972e+01 5.381064e+01 2.439254e+01 2.019904e+01 1.984804e+01
<GCONST> 6.159618e+01
<STATE> 4
<MEAN> 12
 8.372721e-01 5.353204e+00 -4.019231e+00 -1.020267e+01 -5.334038e+00 -8.056319e-01 -4.535454e+00 -4.650061e+00 -6.564201e+00 5.542017e-02 -4.827227e+00 -2.005314e+00
<VARIANCE> 12
 1.225580e+01 4.287375e+01 3.327913e+01 2.517385e+01 2.854272e+01 2.158271e+01 8.511963e+01 8.442590e+01 6.853872e+01 4.169262e+01 2.901310e+01 2.601412e+01
<GCONST> 6.493685e+01
<STATE> 5
<MEAN> 12
 -8.695304e-01 7.802082e+00 -4.660155e-01 -8.823597e+00 -4.241685e+00 1.734217e+00 -8.334990e+00 1.536200e-01 -6.801623e+00 3.546550e+00 -2.465719e+00 -3.005559e+00
<VARIANCE> 12
 1.216269e+01 5.357591e+01 6.444258e+01 2.892709e+01 2.238002e+01 2.483929e+01 7.301038e+01 9.384660e+01 8.106926e+01 4.956993e+01 3.951189e+01 3.136188e+01
<GCONST> 6.663830e+01
<STATE> 6
<MEAN> 12
 -2.021468e+00 6.662242e+00 3.761195e+00 -5.582798e+00 -3.067183e+00 3.184162e+00 -7.960385e+00 4.019129e+00 -3.030277e+00 5.487430e+00 -2.190970e-01 -2.614078e+00
<VARIANCE> 12
 1.254544e+01 8.629590e+01 7.689160e+01 4.369227e+01 2.862086e+01 3.938552e+01 7.669956e+01 6.038920e+01 1.009363e+02 4.628004e+01 4.322499e+01 3.471912e+01
<GCONST> 6.839239e+01
<STATE> 7
<MEAN> 12
 -2.083993e+00 2.491142e+00 5.805761e+00 -1.542440e+00 -5.438972e-01 2.730063e+00 -4.122725e+00 5.524724e+00 1.802893e+00 4.676732e+00 8.539960e-01 -3.292752e-01
<VARIANCE> 12
 1.701780e+01 1.064468e+02 7.557225e+01 5.573443e+01 3.913499e+01 6.663129e+01 8.604039e+01 3.422651e+01 8.637867e+01 4.983917e+01 3.943647e+01 3.862188e+01
<GCONST> 6.945218e+01
<STATE> 8
<MEAN> 12
 -1.065321e+00 -2.006731e+00 4.086168e+00 2.813153e+00 3.066270e+00 2.563718e-01 9.156652e-01 5.357683e+00 4.533620e+00 1.666128e+00 1.224064e+00 2.790001e+00
<VARIANCE> 12
 2.050962e+01 7.620273e+01 8.000146e+01 5.761609e+01 4.268484e+01 8.507468e+01 7.136794e+01 2.972251e+01 5.348237e+01 5.362437e+01 3.730023e+01 3.459253e+01
<GCONST> 6.882579e+01
<STATE> 9
<MEAN> 12
 4.693173e-01 -4.981989e+00 5.937394e-01 7.360983e+00 6.979738e+00 -1.810635e+00 4.904837e+00 3.715926e+00 4.209124e+00 -1.414322e+00 2.950929e+00 5.164023e+00
<VARIANCE> 12
 1.626960e+01 3.406250e+01 6.062246e+01 5.227295e+01 3.541209e+01 6.988261e+01 4.031659e+01 3.825292e+01 3.710020e+01 4.188164e+01 4.405423e+01 2.405355e+01
<GCONST> 6.590219e+01
<STATE> 10
<MEAN> 12
 1.788552e+00 -6.542258e+00 -7.870381e-01 1.266094e+01 1.032618e+01 -4.463146e-01 6.257413e+00 5.117617e-01 3.047290e+00 -2.582811e+00 6.481983e+00 5.271418e+00
<VARIANCE> 12
 8.338855e+00 1.462769e+01 2.865888e+01 5.230460e+01 2.137959e+01 5.248849e+01 1.901124e+01 3.942196e+01 2.849515e+01 2.836656e+01 4.154700e+01 1.859916e+01
<GCONST> 6.115818e+01
<STATE> 11
<MEAN> 12
 1.793167e+00 -6.809252e+00 7.467658e-01 1.824233e+01 1.265367e+01 5.015127e+00 4.515641e+00 -1.755344e+00 4.810263e+00 -2.560445e+00 7.263371e+00 2.193352e+00
<VARIANCE> 12
 4.426408e+00 1.462769e+01 1.377787e+01 3.168468e+01 1.755265e+01 4.704300e+01 1.745805e+01 2.154649e+01 2.205297e+01 1.716236e+01 3.275299e+01 1.954987e+01
<GCONST> 5.734834e+01
<TRANSP> 12
 0.000000e+00 1.000000e+00 0.000000e+00 0.000000e+00 0.000000e+00 0.000000e+00 0.000000e+00 0.000000e+00 0.000000e+00 0.000000e+00 0.000000e+00 0.000000e+00
 0.000000e+00 8.611112e-01 1.388889e-01 0.000000e+00 0.000000e+00 0.000000e+00 0.000000e+00 0.000000e+00 0.000000e+00 0.000000e+00 0.000000e+00 0.000000e+00
 0.000000e+00 0.000000e+00 8.611111e-01 1.388889e-01 0.000000e+00 0.000000e+00 0.000000e+00 0.000000e+00 0.000000e+00 0.000000e+00 0.000000e+00 0.000000e+00
 0.000000e+00 0.000000e+00 0.000000e+00 8.611110e-01 1.388889e-01 0.000000e+00 0.000000e+00 0.000000e+00 0.000000e+00 0.000000e+00 0.000000e+00 0.000000e+00
 0.000000e+00 0.000000e+00 0.000000e+00 0.000000e+00 8.611111e-01 1.388889e-01 0.000000e+00 0.000000e+00 0.000000e+00 0.000000e+00 0.000000e+00 0.000000e+00
 0.000000e+00 0.000000e+00 0.000000e+00 0.000000e+00 0.000000e+00 8.611110e-01 1.388889e-01 0.000000e+00 0.000000e+00 0.000000e+00 0.000000e+00 0.000000e+00
 0.000000e+00 0.000000e+00 0.000000e+00 0.000000e+00 0.000000e+00 0.000000e+00 8.611112e-01 1.388889e-01 0.000000e+00 0.000000e+00 0.000000e+00 0.000000e+00
 0.000000e+00 0.000000e+00 0.000000e+00 0.000000e+00 0.000000e+00 0.000000e+00 0.000000e+00 8.611111e-01 1.388889e-01 0.000000e+00 0.000000e+00 0.000000e+00
 0.000000e+00 0.000000e+00 0.000000e+00 0.000000e+00 0.000000e+00 0.000000e+00 0.000000e+00 0.000000e+00 8.611111e-01 1.388889e-01 0.000000e+00 0.000000e+00
 0.000000e+00 0.000000e+00 0.000000e+00 0.000000e+00 0.000000e+00 0.000000e+00 0.000000e+00 0.000000e+00 0.000000e+00 8.611111e-01 1.388889e-01 0.000000e+00
 0.000000e+00 0.000000e+00 0.000000e+00 0.000000e+00 0.000000e+00 0.000000e+00 0.000000e+00 0.000000e+00 0.000000e+00 0.000000e+00 8.611110e-01 1.388889e-01
 0.000000e+00 0.000000e+00 0.000000e+00 0.000000e+00 0.000000e+00 0.000000e+00 0.000000e+00 0.000000e+00 0.000000e+00 0.000000e+00 0.000000e+00 0.000000e+00
<ENDHMM>
