~o
<STREAMINFO> 1 12
<VECSIZE> 12<NULLD><MFCC_Z><DIAGC>
~h "s003"
<BEGINHMM>
<NUMSTATES> 10
<STATE> 2
<MEAN> 12
 -3.168450e+00 2.625302e-01 -2.082226e+00 -9.315854e+00 -5.549789e+00 5.310808e+00 1.058063e+00 1.256851e+00 -2.650831e+00 -7.226285e+00 -4.954079e+00 3.942874e+00
<VARIANCE> 12
 4.132880e+00 2.263320e+01 7.880876e+00 8.570535e+00 7.353994e+00 1.184377e+01 9.380586e+00 8.345213e+00 1.196273e+01 1.538429e+01 4.266618e+01 8.927957e+00
<GCONST> 5.079080e+01
<STATE> 3
<MEAN> 12
 -2.177657e+00 9.367650e+00 -3.027690e+00 -5.669178e+00 -7.753040e+00 -2.154222e+00 -6.862031e+00 1.828683e+00 1.894574e+00 -4.131924e+00 3.475456e+00 -6.304821e+00
<VARIANCE> 12
 4.830297e+00 8.506175e+00 7.880876e+00 1.241908e+01 7.353994e+00 1.076420e+01 2.390977e+01 1.289948e+01 7.671440e+00 1.069036e+01 8.066649e+00 8.613336e+00
<GCONST> 4.910474e+01
<STATE> 4
<MEAN> 12
 -4.633046e+00 9.222750e+00 1.064597e+00 -1.674935e+00 1.117948e+00 6.209465e-01 -1.668196e+00 -2.395104e+00 -2.564507e+00 1.623829e-01 5.311507e-01 -4.158330e-01
<VARIANCE> 12
 9.711279e+00 2.026380e+01 7.880876e+00 5.935070e+01 2.571068e+01 1.518617e+01 2.064117e+01 4.842387e+01 3.449487e+01 2.180505e+01 1.238052e+01 1.070183e+01
<GCONST> 5.786862e+01
<STATE> 5
<MEAN> 12
 2.428525e+00 -2.357344e+00 1.047530e+00 -6.286230e+00 -6.708117e+00 -2.078408e+00 -3.045463e-01 4.892275e+00 -2.767412e+00 6.550465e+00 1.025234e+00 -3.967736e+00
<VARIANCE> 12
 7.019915e+00 1.083843e+01 9.734397e+00 3.455960e+01 2.623588e+01 2.947827e+01 1.077559e+01 8.405067e+00 5.968694e+00 3.539063e+01 1.070429e+01 2.027914e+01
<GCONST> 5.409484e+01
<STATE> 6
<MEAN> 12
 4.333386e+00 -3.544199e+00 -3.824056e+00 -3.662456e-01 4.360968e+00 -1.127556e+01 -6.900928e+00 -1.473247e+00 8.460472e-01 1.892088e+00 -7.807358e-02 2.367296e+00
<VARIANCE> 12
 4.132880e+00 8.506175e+00 7.880876e+00 8.570535e+00 1.117132e+01 1.076420e+01 1.638084e+01 1.926739e+01 1.127805e+01 1.457002e+01 1.192028e+01 1.909068e+01
<GCONST> 5.090043e+01
<STATE> 7
<MEAN> 12
 5.353833e+00 -4.886453e+00 -8.063870e+00 7.060011e+00 9.151038e+00 -5.363281e+00 5.625087e-01 -6.862511e-01 3.152618e+00 -1.267131e-01 -3.345011e+00 6.701085e+00
<VARIANCE> 12
 4.132880e+00 8.506175e+00 9.090935e+00 4.000221e+01 1.702995e+01 1.318962e+01 2.351352e+01 1.016171e+01 9.805463e+00 3.464851e+01 2.536516e+01 1.693995e+01
<GCONST> 5.429235e+01
<STATE> 8
<MEAN> 12
 5.882954e+00 -1.008568e+01 2.911601e+00 8.117400e+00 1.655310e+00 3.697381e+00 9.278298e+00 3.197018e+00 -7.291398e+00 -3.672157e+00 4.039040e+00 -2.694129e-01
<VARIANCE> 12
 4.132880e+00 8.506175e+00 2.201006e+01 8.570535e+00 3.312088e+01 6.086309e+01 7.855202e+00 9.702473e+00 1.825838e+01 9.268093e+00 7.886405e+00 1.814711e+01
<GCONST> 5.289132e+01
<STATE> 9
<MEAN> 12
 -2.750767e+00 -7.165559e+00 1.399971e+01 5.685380e+00 -3.380129e+00 1.357649e+01 1.046401e+01 1.390179e-01 2.665482e+00 6.138991e+00 1.870151e+00 -5.110023e+00
<VARIANCE> 12
 4.969398e+01 9.376785e+00 1.207156e+01 9.101101e+00 2.166151e+01 1.324965e+01 1.250791e+01 2.540004e+01 2.478866e+01 3.045604e+01 1.196049e+01 6.838675e+00
<GCONST> 5.534939e+01
<TRANSP> 10
 0.000000e+00 1.000000e+00 0.000000e+00 0.000000e+00 0.000000e+00 0.000000e+00 0.000000e+00 0.000000e+00 0.000000e+00 0.000000e+00
 0.000000e+00 8.504009e-01 1.495991e-01 0.000000e+00 0.000000e+00 0.000000e+00 0.000000e+00 0.000000e+00 0.000000e+00 0.000000e+00
 0.000000e+00 0.000000e+00 8.759885e-01 1.240115e-01 0.000000e+00 0.000000e+00 0.000000e+00 0.000000e+00 0.000000e+00 0.000000e+00
 0.000000e+00 0.000000e+00 0.000000e+00 9.154279e-01 8.457216e-02 0.000000e+00 0.000000e+00 0.000000e+00 0.000000e+00 0.000000e+00
 0.000000e+00 0.000000e+00 0.000000e+00 0.000000e+00 6.509729e-01 3.490271e-01 0.000000e+00 0.000000e+00 0.000000e+00 0.000000e+00
 0.000000e+00 0.000000e+00 0.000000e+00 0.000000e+00 0.000000e+00 8.903259e-01 1.096741e-01 0.000000e+00 0.000000e+00 0.000000e+00
 0.000000e+00 0.000000e+00 0.000000e+00 0.000000e+00 0.000000e+00 0.000000e+00 9.002861e-01 9.971388e-02 0.000000e+00 0.000000e+00
 0.000000e+00 0.000000e+00 0.000000e+00 0.000000e+00 0.000000e+00 0.000000e+00 0.000000e+00 6.862019e-01 3.137981e-01 0.000000e+00
 0.000000e+00 0.000000e+00 0.000000e+00 0.000000e+00 0.000000e+00 0.000000e+00 0.000000e+00 0.000000e+00 8.916458e-01 1.083541e-01
 0.000000e+00 0.000000e+00 0.000000e+00 0.000000e+00 0.000000e+00 0.000000e+00 0.000000e+00 0.000000e+00 0.000000e+00 0.000000e+00
<ENDHMM>
