~o
<STREAMINFO> 1 12
<VECSIZE> 12<NULLD><MFCC_Z><DIAGC>
~h "s069"
<BEGINHMM>
<NUMSTATES> 9
<STATE> 2
<MEAN> 12
 3.784582e+00 -9.600181e+00 -3.884987e+00 4.164739e+00 4.911122e+00 -1.326182e+01 -2.373390e+00 5.532390e+00 4.183346e+00 -2.302048e+00 -4.133424e-01 1.901686e-01
<VARIANCE> 12
 3.977281e+00 1.230926e+01 3.490697e+01 1.800428e+01 4.797779e+01 1.396383e+01 3.249068e+01 1.688726e+01 2.390329e+01 3.598606e+01 2.342911e+01 7.768154e+00
<GCONST> 5.716465e+01
<STATE> 3
<MEAN> 12
 -3.335294e+00 -1.188197e+01 6.515942e-01 2.551551e+00 -7.340999e-01 8.328383e-01 8.971916e+00 -8.308977e-01 -7.375106e+00 -4.064820e+00 -2.875849e-01 7.040998e-01
<VARIANCE> 12
 3.364902e+00 1.230926e+01 5.843873e+00 1.466835e+01 1.750108e+01 1.008322e+02 1.018766e+01 2.975568e+01 2.232608e+01 9.820000e+00 6.071074e+00 1.144662e+01
<GCONST> 5.305068e+01
<STATE> 4
<MEAN> 12
 -4.094145e+00 5.009902e+00 -7.540805e-01 -3.339823e+00 -1.035561e+01 4.179736e+00 -4.026481e+00 1.205273e+00 -2.051901e+00 -2.603007e+00 1.433808e+00 -4.593482e+00
<VARIANCE> 12
 3.364902e+00 4.762915e+01 5.843873e+00 1.005453e+01 1.741766e+01 1.558971e+01 4.254097e+01 2.026537e+01 3.050805e+01 9.088258e+00 3.098478e+01 5.080891e+01
<GCONST> 5.655481e+01
<STATE> 5
<MEAN> 12
 -1.266837e+00 6.580164e+00 8.509312e-01 1.672893e+00 -1.918994e+00 -1.568768e+00 -3.120859e+00 -4.084680e+00 -1.231997e+00 -2.478039e+00 -1.319959e+00 -5.550192e+00
<VARIANCE> 12
 4.234650e+00 1.230926e+01 1.029505e+01 2.671384e+01 1.858089e+01 1.602254e+01 3.120739e+01 1.972015e+01 1.391387e+01 1.352572e+01 1.536857e+01 2.728549e+01
<GCONST> 5.501960e+01
<STATE> 6
<MEAN> 12
 -1.358952e+00 6.470521e+00 6.784160e+00 -3.052386e+00 4.338676e+00 7.846221e-01 5.166939e-01 4.437728e+00 2.298266e+00 2.620715e+00 8.161944e-01 4.863884e-02
<VARIANCE> 12
 7.379950e+00 1.230926e+01 1.208785e+01 6.387709e+01 1.061289e+01 3.048895e+01 2.453757e+01 3.486711e+01 1.430038e+01 1.241349e+01 7.151218e+00 8.740377e+00
<GCONST> 5.505829e+01
<STATE> 7
<MEAN> 12
 -1.761813e+00 -2.463555e+00 2.486230e-01 -6.461847e+00 2.322704e+00 1.366708e+01 1.310239e+00 -1.240134e+00 -5.385001e+00 5.321082e+00 -1.622722e+00 3.890213e+00
<VARIANCE> 12
 3.364902e+00 1.230926e+01 5.843873e+00 1.973091e+01 1.061289e+01 2.557433e+01 8.456342e+00 2.872035e+01 6.505764e+00 2.363579e+01 8.511414e+00 7.768154e+00
<GCONST> 5.084893e+01
<STATE> 8
<MEAN> 12
 5.330971e+00 -5.057902e+00 -4.712248e+00 4.291792e+00 3.090124e+00 3.072100e+00 5.596667e+00 -9.368893e+00 1.924838e-02 3.012834e+00 -1.011265e+00 7.322107e+00
<VARIANCE> 12
 5.978745e+00 1.230926e+01 6.226950e+00 1.596613e+01 1.531934e+01 1.906544e+01 8.089556e+00 5.809035e+01 3.547104e+01 1.906277e+01 9.261572e+00 1.535852e+01
<GCONST> 5.425600e+01
<TRANSP> 9
 0.000000e+00 1.000000e+00 0.000000e+00 0.000000e+00 0.000000e+00 0.000000e+00 0.000000e+00 0.000000e+00 0.000000e+00
 0.000000e+00 8.934255e-01 1.065746e-01 0.000000e+00 0.000000e+00 0.000000e+00 0.000000e+00 0.000000e+00 0.000000e+00
 0.000000e+00 0.000000e+00 6.232683e-01 3.767317e-01 0.000000e+00 0.000000e+00 0.000000e+00 0.000000e+00 0.000000e+00
 0.000000e+00 0.000000e+00 0.000000e+00 9.162607e-01 8.373937e-02 0.000000e+00 0.000000e+00 0.000000e+00 0.000000e+00
 0.000000e+00 0.000000e+00 0.000000e+00 0.000000e+00 8.296048e-01 1.703952e-01 0.000000e+00 0.000000e+00 0.000000e+00
 0.000000e+00 0.000000e+00 0.000000e+00 0.000000e+00 0.000000e+00 9.190589e-01 8.094110e-02 0.000000e+00 0.000000e+00
 0.000000e+00 0.000000e+00 0.000000e+00 0.000000e+00 0.000000e+00 0.000000e+00 6.741136e-01 3.258864e-01 0.000000e+00
 0.000000e+00 0.000000e+00 0.000000e+00 0.000000e+00 0.000000e+00 0.000000e+00 0.000000e+00 8.972118e-01 1.027882e-01
 0.000000e+00 0.000000e+00 0.000000e+00 0.000000e+00 0.000000e+00 0.000000e+00 0.000000e+00 0.000000e+00 0.000000e+00
<ENDHMM>
