~o
<STREAMINFO> 1 12
<VECSIZE> 12<NULLD><MFCC_Z><DIAGC>
~h "s030"
<BEGINHMM>
<NUMSTATES> 7
<STATE> 2
<MEAN> 12
 5.354223e+00 -4.575014e+00 -1.827394e+01 6.521671e+00 -1.657815e+00 -1.112502e+01 -5.746704e+00 8.091381e-01 2.244515e+00 -6.433054e-01 -7.608689e+00 2.058710e-01
<VARIANCE> 12
 3.261063e+00 8.913864e+00 2.514293e+01 7.403471e+00 8.797245e+00 1.806778e+01 2.323636e+01 4.279942e+01 3.498471e+01 7.366145e+01 2.980450e+01 5.226865e+00
<GCONST> 5.552439e+01
<STATE> 3
<MEAN> 12
 1.574056e+00 -1.355979e+00 2.721072e+00 4.542098e+00 5.148396e-01 -3.866604e+00 -3.660149e+00 1.259526e+01 -6.589535e+00 5.561553e+00 8.041434e+00 -9.356793e+00
<VARIANCE> 12
 5.368620e+00 3.259433e+01 1.821645e+01 3.014029e+01 4.789528e+01 2.930223e+01 4.419148e+00 1.626891e+01 8.492625e+00 6.955988e+00 1.213359e+01 4.169983e+00
<GCONST> 5.305200e+01
<STATE> 4
<MEAN> 12
 -3.808685e+00 7.997392e+00 6.518751e+00 8.183332e-01 2.780244e+00 1.470717e+00 1.451992e+00 7.666214e+00 2.659306e+00 3.724460e+00 5.882669e+00 -3.072915e+00
<VARIANCE> 12
 1.224599e+01 6.067628e+00 2.737712e+01 6.272195e+01 5.376537e+00 1.158756e+01 8.862196e+00 1.975766e+01 4.041182e+00 3.533418e+01 6.430975e+00 3.665301e+00
<GCONST> 5.122984e+01
<STATE> 5
<MEAN> 12
 -3.561917e+00 1.996900e+00 9.228683e+00 -6.006615e+00 4.799387e+00 1.119971e+01 -2.746289e-01 -1.996576e-01 -5.006633e-01 -5.653925e+00 2.218988e-01 4.032599e+00
<VARIANCE> 12
 3.261063e+00 1.381540e+01 1.821645e+01 1.553191e+01 4.091888e+00 1.158756e+01 4.419148e+00 2.193993e+01 3.267681e+00 2.600265e+01 6.430975e+00 8.835492e+00
<GCONST> 4.842296e+01
<STATE> 6
<MEAN> 12
 1.418750e+00 -6.022568e+00 2.105248e+00 -4.539015e+00 -6.108466e+00 1.733829e+00 6.178607e+00 -1.544155e+01 -2.298862e+00 -1.207359e+00 -2.737053e+00 3.975314e+00
<VARIANCE> 12
 1.722531e+01 6.865879e+00 1.821645e+01 8.513684e+00 1.532531e+01 5.282811e+01 1.326442e+01 2.747769e+01 7.943907e+00 6.955988e+00 1.239499e+01 1.489718e+01
<GCONST> 5.369695e+01
<TRANSP> 7
 0.000000e+00 1.000000e+00 0.000000e+00 0.000000e+00 0.000000e+00 0.000000e+00 0.000000e+00
 0.000000e+00 9.058662e-01 9.413382e-02 0.000000e+00 0.000000e+00 0.000000e+00 0.000000e+00
 0.000000e+00 0.000000e+00 7.697654e-01 2.302346e-01 0.000000e+00 0.000000e+00 0.000000e+00
 0.000000e+00 0.000000e+00 0.000000e+00 9.174922e-01 8.250781e-02 0.000000e+00 0.000000e+00
 0.000000e+00 0.000000e+00 0.000000e+00 0.000000e+00 8.877911e-01 1.122089e-01 0.000000e+00
 0.000000e+00 0.000000e+00 0.000000e+00 0.000000e+00 0.000000e+00 9.000142e-01 9.998582e-02
 0.000000e+00 0.000000e+00 0.000000e+00 0.000000e+00 0.000000e+00 0.000000e+00 0.000000e+00
<ENDHMM>
