~o
<STREAMINFO> 1 12
<VECSIZE> 12<NULLD><MFCC_Z><DIAGC>
~h "s055"
<BEGINHMM>
<NUMSTATES> 8
<STATE> 2
<MEAN> 12
 3.206550e+00 -3.669858e+00 -9.467716e+00 1.304780e+01 7.129133e+00 -4.266818e-01 2.473436e+00 -2.110369e+00 6.427693e+00 -3.184720e+00 9.920115e-01 3.608640e+00
<VARIANCE> 12
 1.612715e+01 6.400658e+00 3.134271e+01 3.338206e+01 1.873432e+01 3.659385e+01 1.640522e+01 2.291883e+01 2.047017e+01 1.361008e+01 1.381056e+01 2.296540e+01
<GCONST> 5.749343e+01
<STATE> 3
<MEAN> 12
 -7.396863e-01 -3.587726e+00 -5.846488e+00 6.797718e+00 2.437826e+00 -3.991535e+00 -5.197979e-01 4.865834e-01 3.031255e+00 -2.944603e+00 -8.976321e-01 2.978655e+00
<VARIANCE> 12
 1.174514e+01 1.477653e+01 8.425288e+01 1.217300e+02 2.997138e+01 5.369460e+01 2.116789e+01 5.816023e+01 3.697914e+01 2.082183e+01 1.599395e+01 2.432991e+01
<GCONST> 6.355615e+01
<STATE> 4
<MEAN> 12
 -2.912747e+00 -6.314149e-01 1.218826e+00 -2.288056e+00 -1.118690e+00 -2.398183e+00 -2.564651e+00 4.985172e+00 -2.622219e-01 -2.726548e-01 -1.095290e+00 6.264010e-01
<VARIANCE> 12
 1.379109e+01 2.711816e+01 7.861691e+01 1.458814e+02 2.112571e+01 6.988144e+01 2.394926e+01 7.319003e+01 3.473941e+01 2.936522e+01 1.300476e+01 2.990710e+01
<GCONST> 6.498352e+01
<STATE> 5
<MEAN> 12
 -2.920210e+00 2.475064e+00 5.135413e+00 -8.130780e+00 -2.422463e+00 1.344593e+00 -3.159358e+00 4.578890e+00 -2.270084e+00 2.479464e+00 -3.683384e-01 -1.276046e+00
<VARIANCE> 12
 2.091052e+01 1.977813e+01 3.307534e+01 7.797377e+01 1.033758e+01 5.427750e+01 2.549753e+01 1.118152e+02 2.453368e+01 3.460376e+01 1.184539e+01 2.815046e+01
<GCONST> 6.277335e+01
<STATE> 6
<MEAN> 12
 1.237807e-01 3.376496e+00 4.774570e+00 -7.395789e+00 -2.396474e+00 3.151494e+00 -3.907202e-01 -1.494609e+00 -3.284281e+00 3.080604e+00 2.873455e-01 -2.284845e+00
<VARIANCE> 12
 2.832398e+01 7.787201e+00 1.745110e+01 4.201683e+01 8.004509e+00 2.621205e+01 3.488403e+01 1.279212e+02 2.694211e+01 3.963583e+01 1.209417e+01 2.441783e+01
<GCONST> 6.045932e+01
<STATE> 7
<MEAN> 12
 3.242277e+00 2.037470e+00 4.185491e+00 -2.030957e+00 -3.629330e+00 2.320340e+00 4.161075e+00 -6.445592e+00 -3.642376e+00 8.419340e-01 1.081885e+00 -3.652823e+00
<VARIANCE> 12
 1.210492e+01 4.389532e+00 1.488821e+01 3.402712e+01 1.151366e+01 1.009333e+01 2.127255e+01 5.202159e+01 2.317025e+01 2.981288e+01 1.181947e+01 1.780411e+01
<GCONST> 5.590656e+01
<TRANSP> 8
 0.000000e+00 1.000000e+00 0.000000e+00 0.000000e+00 0.000000e+00 0.000000e+00 0.000000e+00 0.000000e+00
 0.000000e+00 8.750000e-01 1.250000e-01 0.000000e+00 0.000000e+00 0.000000e+00 0.000000e+00 0.000000e+00
 0.000000e+00 0.000000e+00 8.750000e-01 1.250000e-01 0.000000e+00 0.000000e+00 0.000000e+00 0.000000e+00
 0.000000e+00 0.000000e+00 0.000000e+00 8.750000e-01 1.250000e-01 0.000000e+00 0.000000e+00 0.000000e+00
 0.000000e+00 0.000000e+00 0.000000e+00 0.000000e+00 8.750000e-01 1.250000e-01 0.000000e+00 0.000000e+00
 0.000000e+00 0.000000e+00 0.000000e+00 0.000000e+00 0.000000e+00 8.749999e-01 1.250000e-01 0.000000e+00
 0.000000e+00 0.000000e+00 0.000000e+00 0.000000e+00 0.000000e+00 0.000000e+00 8.750001e-01 1.250000e-01
 0.000000e+00 0.000000e+00 0.000000e+00 0.000000e+00 0.000000e+00 0.000000e+00 0.000000e+00 0.000000e+00
<ENDHMM>
