~o
<STREAMINFO> 1 12
<VECSIZE> 12<NULLD><MFCC_Z><DIAGC>
~h "s099"
<BEGINHMM>
<NUMSTATES> 9
<STATE> 2
<MEAN> 12
 -1.151793e+01 3.670833e+00 3.486827e-03 3.146863e+00 1.038350e+01 1.358195e+00 2.211393e+00 1.146844e+01 -1.210936e-01 2.282547e+00 1.219565e+00 2.196958e+00
<VARIANCE> 12
 2.518973e+01 1.402991e+01 1.123065e+01 5.560437e+01 1.623743e+01 2.729507e+01 2.880575e+01 2.592777e+01 1.236508e+01 3.486786e+01 1.355996e+01 2.119303e+01
<GCONST> 5.879622e+01
<STATE> 3
<MEAN> 12
 -6.400624e+00 3.947077e+00 1.067077e+00 -3.379676e+00 7.694217e+00 -7.428185e-01 6.622726e-02 7.368723e+00 2.609032e-01 -1.622829e+00 1.222016e+00 2.868026e-01
<VARIANCE> 12
 5.427193e+01 2.910079e+01 1.063541e+01 8.301804e+01 3.668186e+01 4.426158e+01 2.991737e+01 8.355814e+01 1.651196e+01 2.347001e+01 1.645331e+01 3.021327e+01
<GCONST> 6.358754e+01
<STATE> 4
<MEAN> 12
 -5.986639e-01 2.110539e+00 1.500171e+00 -6.580421e+00 4.038860e+00 -1.329750e+00 -2.600939e+00 6.062269e-01 3.262318e-01 -1.349890e+00 1.957707e-01 5.653344e-01
<VARIANCE> 12
 5.141357e+01 3.236197e+01 7.563711e+00 5.292113e+01 7.863087e+01 4.829892e+01 2.189915e+01 1.195602e+02 1.392134e+01 2.817048e+01 1.463787e+01 3.041276e+01
<GCONST> 6.364619e+01
<STATE> 5
<MEAN> 12
 3.511718e+00 1.064565e-01 1.070620e+00 -4.264097e+00 -1.779602e+00 -2.488293e+00 -3.707846e+00 -5.206846e+00 6.482741e-02 -8.086497e-02 -1.791849e-01 9.655727e-01
<VARIANCE> 12
 3.236612e+01 2.167440e+01 9.836492e+00 4.771865e+01 8.923260e+01 4.828635e+01 2.491560e+01 8.220961e+01 1.302774e+01 2.519469e+01 1.281134e+01 3.171250e+01
<GCONST> 6.255311e+01
<STATE> 6
<MEAN> 12
 4.979542e+00 -1.519323e+00 1.044839e-01 1.770634e-01 -6.698530e+00 -3.289682e+00 -2.223033e+00 -7.135724e+00 4.880320e-02 1.021730e-01 4.085261e-02 -5.710730e-01
<VARIANCE> 12
 1.673786e+01 1.531887e+01 1.595952e+01 3.817449e+01 5.147974e+01 5.234401e+01 4.198278e+01 4.221494e+01 1.317401e+01 1.920731e+01 1.079123e+01 3.285811e+01
<GCONST> 6.079704e+01
<STATE> 7
<MEAN> 12
 4.966370e+00 -3.415167e+00 -1.360458e+00 4.120557e+00 -7.817566e+00 4.015327e-02 1.601719e+00 -5.772714e+00 4.098153e-01 -1.180173e-01 -3.690412e-01 -1.938102e+00
<VARIANCE> 12
 9.724371e+00 1.111738e+01 1.675690e+01 2.147952e+01 2.633068e+01 7.426318e+01 4.432504e+01 2.991701e+01 1.067413e+01 1.608274e+01 9.276463e+00 2.219160e+01
<GCONST> 5.786468e+01
<STATE> 8
<MEAN> 12
 5.059649e+00 -4.900452e+00 -2.385344e+00 6.779582e+00 -5.820926e+00 6.452109e+00 4.652373e+00 -1.328250e+00 -9.895195e-01 7.868797e-01 -2.130009e+00 -1.505502e+00
<VARIANCE> 12
 9.724371e+00 4.562942e+00 9.820498e+00 9.718823e+00 1.856595e+01 6.479071e+01 1.862487e+01 3.486752e+01 1.418711e+01 1.217482e+01 8.638947e+00 1.017977e+01
<GCONST> 5.360259e+01
<TRANSP> 9
 0.000000e+00 1.000000e+00 0.000000e+00 0.000000e+00 0.000000e+00 0.000000e+00 0.000000e+00 0.000000e+00 0.000000e+00
 0.000000e+00 8.750001e-01 1.250000e-01 0.000000e+00 0.000000e+00 0.000000e+00 0.000000e+00 0.000000e+00 0.000000e+00
 0.000000e+00 0.000000e+00 8.750001e-01 1.250000e-01 0.000000e+00 0.000000e+00 0.000000e+00 0.000000e+00 0.000000e+00
 0.000000e+00 0.000000e+00 0.000000e+00 8.750000e-01 1.250000e-01 0.000000e+00 0.000000e+00 0.000000e+00 0.000000e+00
 0.000000e+00 0.000000e+00 0.000000e+00 0.000000e+00 8.750001e-01 1.250000e-01 0.000000e+00 0.000000e+00 0.000000e+00
 0.000000e+00 0.000000e+00 0.000000e+00 0.000000e+00 0.000000e+00 8.750001e-01 1.250000e-01 0.000000e+00 0.000000e+00
 0.000000e+00 0.000000e+00 0.000000e+00 0.000000e+00 0.000000e+00 0.000000e+00 8.750000e-01 1.250000e-01 0.000000e+00
 0.000000e+00 0.000000e+00 0.000000e+00 0.000000e+00 0.000000e+00 0.000000e+00 0.000000e+00 8.750001e-01 1.250000e-01
 0.000000e+00 0.000000e+00 0.000000e+00 0.000000e+00 0.000000e+00 0.000000e+00 0.000000e+00 0.000000e+00 0.000000e+00
<ENDHMM>
