~o
<STREAMINFO> 1 12
<VECSIZE> 12<NULLD><MFCC_Z><DIAGC>
~h "s063"
<BEGINHMM>
<NUMSTATES> 13
<STATE> 2
<MEAN> 12
 -5.319288e+00 -1.126590e+01 -1.689595e-03 1.314504e+01 1.321190e+01 1.184340e+01 7.214655e+00 -8.630886e-01 1.101727e-01 -4.699961e+00 8.090748e+00 5.181756e+00
<VARIANCE> 12
 3.711563e+00 1.433707e+01 7.869308e+00 2.969689e+01 1.288078e+01 1.810802e+01 1.145591e+01 2.597239e+01 2.099407e+01 2.082524e+01 2.403719e+01 2.069186e+01
<GCONST> 5.492022e+01
<STATE> 3
<MEAN> 12
 5.875987e+00 -3.035815e+00 2.417822e+00 4.414549e+00 2.715662e+00 -4.644445e+00 -3.616743e+00 5.037830e+00 6.148854e+00 -4.788972e+00 -4.503401e-01 -1.167878e+00
<VARIANCE> 12
 3.711563e+00 1.433707e+01 6.929193e+00 2.969689e+01 3.739812e+01 3.621849e+01 1.278609e+01 3.171307e+01 1.131254e+01 1.691654e+01 1.092131e+01 7.579062e+00
<GCONST> 5.424220e+01
<STATE> 4
<MEAN> 12
 -1.344774e+00 1.563496e+00 1.103121e+01 -8.214587e+00 -6.994119e+00 3.028678e+00 -6.153574e+00 7.114518e+00 2.585722e+00 -2.592775e+00 8.131896e+00 -8.871567e+00
<VARIANCE> 12
 1.078767e+01 1.433707e+01 9.850065e+00 3.368280e+01 1.288078e+01 2.924882e+01 3.270871e+01 1.435253e+01 7.893009e+00 1.469775e+01 1.092131e+01 7.579062e+00
<GCONST> 5.415316e+01
<STATE> 5
<MEAN> 12
 -4.623235e+00 1.333296e+01 3.952469e+00 -1.371709e+01 -4.893803e+00 4.071313e-01 -1.111698e+01 1.026682e+01 5.292414e+00 1.503654e+00 7.613092e+00 -5.025420e+00
<VARIANCE> 12
 3.711563e+00 1.433707e+01 6.929193e+00 2.969689e+01 1.663085e+01 1.357645e+01 1.093370e+01 1.435253e+01 7.893009e+00 2.892809e+01 1.958887e+01 4.988924e+01
<GCONST> 5.414655e+01
<STATE> 6
<MEAN> 12
 -4.750691e+00 6.239026e+00 2.707961e+00 -2.020860e+01 1.545535e+00 4.355997e+00 -6.766814e+00 2.954087e+00 8.984427e-01 1.167159e+01 3.650689e-01 -1.969448e+00
<VARIANCE> 12
 3.711563e+00 1.433707e+01 6.929193e+00 2.969689e+01 1.288078e+01 1.357645e+01 1.839123e+01 2.476283e+01 7.893009e+00 1.160436e+01 1.092131e+01 7.579062e+00
<GCONST> 5.157437e+01
<STATE> 7
<MEAN> 12
 3.255956e+00 1.927980e+00 1.775601e+00 -1.142282e+01 -2.725219e+00 -1.247284e+00 8.715687e-01 -3.790776e+00 7.818495e+00 3.166286e+00 -4.834749e+00 6.671945e-01
<VARIANCE> 12
 3.711563e+00 1.433707e+01 6.929193e+00 2.969689e+01 1.288078e+01 1.357645e+01 1.093370e+01 1.435253e+01 7.893009e+00 1.958329e+01 2.992824e+01 2.657654e+01
<GCONST> 5.329495e+01
<STATE> 8
<MEAN> 12
 6.064700e+00 6.165205e+00 -9.016970e-01 -6.780776e+00 -3.782712e+00 -9.195585e-01 6.962734e+00 -6.279186e+00 2.005340e+00 -3.826896e+00 -1.092957e+01 1.661794e+00
<VARIANCE> 12
 3.711563e+00 1.433707e+01 6.929193e+00 2.969689e+01 1.288078e+01 1.357645e+01 1.102363e+01 1.435253e+01 1.653807e+01 1.280819e+01 1.479453e+01 7.752611e+00
<GCONST> 5.168169e+01
<STATE> 9
<MEAN> 12
 1.531864e+00 2.603964e-02 2.799720e+00 1.574283e+00 -1.014829e+01 -1.105250e+01 4.725263e+00 2.997982e+00 -6.260422e+00 1.186619e+01 -1.627085e+00 -2.543020e+00
<VARIANCE> 12
 3.711563e+00 1.433707e+01 1.972363e+01 2.969689e+01 1.288078e+01 1.559780e+01 1.093370e+01 1.435253e+01 2.509198e+01 1.493017e+01 1.436188e+01 2.328156e+01
<GCONST> 5.449850e+01
<STATE> 10
<MEAN> 12
 -3.085625e-01 -6.723002e+00 -8.371155e+00 7.864962e+00 -4.645968e+00 -1.060591e+01 3.642866e+00 3.375332e+00 -1.999770e-01 4.531270e+00 -2.872617e+00 6.432268e+00
<VARIANCE> 12
 3.711563e+00 1.433707e+01 6.929193e+00 2.969689e+01 1.765664e+01 1.357645e+01 1.093370e+01 1.435253e+01 7.893009e+00 1.160436e+01 1.092131e+01 1.401606e+01
<GCONST> 5.143912e+01
<STATE> 11
<MEAN> 12
 2.726028e+00 -9.395213e+00 -9.301192e+00 1.340731e+01 8.671822e+00 -4.201828e+00 1.589035e+00 -1.006786e+01 -6.686546e+00 -7.365275e+00 -6.377093e+00 2.022986e+00
<VARIANCE> 12
 5.387644e+00 1.433707e+01 6.929193e+00 2.969689e+01 1.288078e+01 1.867037e+01 1.103934e+01 3.808909e+01 1.750540e+01 1.552568e+01 1.092131e+01 1.207210e+01
<GCONST> 5.373896e+01
<STATE> 12
<MEAN> 12
 3.015919e+00 -4.512537e+00 -2.760452e+00 1.519019e+01 5.697377e+00 1.061837e+01 3.937001e+00 -1.322942e+01 -7.725138e+00 -6.701657e+00 -3.357318e+00 3.307544e+00
<VARIANCE> 12
 3.711563e+00 1.433707e+01 6.929193e+00 2.969689e+01 1.288078e+01 2.632302e+01 2.675351e+01 1.541515e+01 3.010015e+01 1.837937e+01 1.092131e+01 7.579062e+00
<GCONST> 5.393568e+01
<TRANSP> 13
 0.000000e+00 1.000000e+00 0.000000e+00 0.000000e+00 0.000000e+00 0.000000e+00 0.000000e+00 0.000000e+00 0.000000e+00 0.000000e+00 0.000000e+00 0.000000e+00 0.000000e+00
 0.000000e+00 8.888890e-01 1.111110e-01 0.000000e+00 0.000000e+00 0.000000e+00 0.000000e+00 0.000000e+00 0.000000e+00 0.000000e+00 0.000000e+00 0.000000e+00 0.000000e+00
 0.000000e+00 0.000000e+00 7.495191e-01 2.504809e-01 0.000000e+00 0.000000e+00 0.000000e+00 0.000000e+00 0.000000e+00 0.000000e+00 0.000000e+00 0.000000e+00 0.000000e+00
 0.000000e+00 0.000000e+00 0.000000e+00 8.010110e-01 1.989890e-01 0.000000e+00 0.000000e+00 0.000000e+00 0.000000e+00 0.000000e+00 0.000000e+00 0.000000e+00 0.000000e+00
 0.000000e+00 0.000000e+00 0.000000e+00 0.000000e+00 9.240256e-01 7.597443e-02 0.000000e+00 0.000000e+00 0.000000e+00 0.000000e+00 0.000000e+00 0.000000e+00 0.000000e+00
 0.000000e+00 0.000000e+00 0.000000e+00 0.000000e+00 0.000000e+00 7.927465e-01 2.072535e-01 0.000000e+00 0.000000e+00 0.000000e+00 0.000000e+00 0.000000e+00 0.000000e+00
 0.000000e+00 0.000000e+00 0.000000e+00 0.000000e+00 0.000000e+00 0.000000e+00 7.714675e-01 2.285325e-01 0.000000e+00 0.000000e+00 0.000000e+00 0.000000e+00 0.000000e+00
 0.000000e+00 0.000000e+00 0.000000e+00 0.000000e+00 0.000000e+00 0.000000e+00 0.000000e+00 8.687541e-01 1.312459e-01 0.000000e+00 0.000000e+00 0.000000e+00 0.000000e+00
 0.000000e+00 0.000000e+00 0.000000e+00 0.000000e+00 0.000000e+00 0.000000e+00 0.000000e+00 0.000000e+00 8.733355e-01 1.266645e-01 0.000000e+00 0.000000e+00 0.000000e+00
 0.000000e+00 0.000000e+00 0.000000e+00 0.000000e+00 0.000000e+00 0.000000e+00 0.000000e+00 0.000000e+00 0.000000e+00 8.476199e-01 1.523801e-01 0.000000e+00 0.000000e+00
 0.000000e+00 0.000000e+00 0.000000e+00 0.000000e+00 0.000000e+00 0.000000e+00 0.000000e+00 0.000000e+00 0.000000e+00 0.000000e+00 8.817769e-01 1.182232e-01 0.000000e+00
 0.000000e+00 0.000000e+00 0.000000e+00 0.000000e+00 0.000000e+00 0.000000e+00 0.000000e+00 0.000000e+00 0.000000e+00 0.000000e+00 0.000000e+00 8.588352e-01 1.411648e-01
 0.000000e+00 0.000000e+00 0.000000e+00 0.000000e+00 0.000000e+00 0.000000e+00 0.000000e+00 0.000000e+00 0.000000e+00 0.000000e+00 0.000000e+00 0.000000e+00 0.000000e+00
<ENDHMM>
