~o
<STREAMINFO> 1 12
<VECSIZE> 12<NULLD><MFCC_Z><DIAGC>
~h "s074"
<BEGINHMM>
<NUMSTATES> 11
<STATE> 2
<MEAN> 12
 -1.083721e-08 5.599224e-08 2.889922e-08 -1.011473e-07 -2.022946e-07 2.311938e-07 -3.576279e-07 9.103255e-07 1.155969e-07 3.973643e-08 1.986821e-07 -2.673178e-07
<VARIANCE> 12
 2.979018e+01 4.687722e+01 1.260232e+01 1.311436e+02 5.239391e+01 3.100632e+01 7.095091e+01 8.239294e+01 4.687273e+01 6.030268e+01 3.559457e+01 4.794863e+01
<GCONST> 6.816202e+01
<STATE> 3
<MEAN> 12
 -1.083721e-08 5.599224e-08 2.889922e-08 -1.011473e-07 -2.022946e-07 2.311938e-07 -3.576279e-07 9.103255e-07 1.155969e-07 3.973643e-08 1.986821e-07 -2.673178e-07
<VARIANCE> 12
 2.979018e+01 4.687722e+01 1.260232e+01 1.311436e+02 5.239391e+01 3.100632e+01 7.095091e+01 8.239294e+01 4.687273e+01 6.030268e+01 3.559457e+01 4.794863e+01
<GCONST> 6.816202e+01
<STATE> 4
<MEAN> 12
 -1.083721e-08 5.599224e-08 2.889922e-08 -1.011473e-07 -2.022946e-07 2.311938e-07 -3.576279e-07 9.103255e-07 1.155969e-07 3.973643e-08 1.986821e-07 -2.673178e-07
<VARIANCE> 12
 2.979018e+01 4.687722e+01 1.260232e+01 1.311436e+02 5.239391e+01 3.100632e+01 7.095091e+01 8.239294e+01 4.687273e+01 6.030268e+01 3.559457e+01 4.794863e+01
<GCONST> 6.816202e+01
<STATE> 5
<MEAN> 12
 -1.083721e-08 5.599224e-08 2.889922e-08 -1.011473e-07 -2.022946e-07 2.311938e-07 -3.576279e-07 9.103255e-07 1.155969e-07 3.973643e-08 1.986821e-07 -2.673178e-07
<VARIANCE> 12
 2.979018e+01 4.687722e+01 1.260232e+01 1.311436e+02 5.239391e+01 3.100632e+01 7.095091e+01 8.239294e+01 4.687273e+01 6.030268e+01 3.559457e+01 4.794863e+01
<GCONST> 6.816202e+01
<STATE> 6
<MEAN> 12
 -1.083721e-08 5.599224e-08 2.889922e-08 -1.011473e-07 -2.022946e-07 2.311938e-07 -3.576279e-07 9.103255e-07 1.155969e-07 3.973643e-08 1.986821e-07 -2.673178e-07
<VARIANCE> 12
 2.979018e+01 4.687722e+01 1.260232e+01 1.311436e+02 5.239391e+01 3.100632e+01 7.095091e+01 8.239294e+01 4.687273e+01 6.030268e+01 3.559457e+01 4.794863e+01
<GCONST> 6.816202e+01
<STATE> 7
<MEAN> 12
 -1.083721e-08 5.599224e-08 2.889922e-08 -1.011473e-07 -2.022946e-07 2.311938e-07 -3.576279e-07 9.103255e-07 1.155969e-07 3.973643e-08 1.986821e-07 -2.673178e-07
<VARIANCE> 12
 2.979018e+01 4.687722e+01 1.260232e+01 1.311436e+02 5.239391e+01 3.100632e+01 7.095091e+01 8.239294e+01 4.687273e+01 6.030268e+01 3.559457e+01 4.794863e+01
<GCONST> 6.816202e+01
<STATE> 8
<MEAN> 12
 -1.083721e-08 5.599224e-08 2.889922e-08 -1.011473e-07 -2.022946e-07 2.311938e-07 -3.576279e-07 9.103255e-07 1.155969e-07 3.973643e-08 1.986821e-07 -2.673178e-07
<VARIANCE> 12
 2.979018e+01 4.687722e+01 1.260232e+01 1.311436e+02 5.239391e+01 3.100632e+01 7.095091e+01 8.239294e+01 4.687273e+01 6.030268e+01 3.559457e+01 4.794863e+01
<GCONST> 6.816202e+01
<STATE> 9
<MEAN> 12
 -1.083721e-08 5.599224e-08 2.889922e-08 -1.011473e-07 -2.022946e-07 2.311938e-07 -3.576279e-07 9.103255e-07 1.155969e-07 3.973643e-08 1.986821e-07 -2.673178e-07
<VARIANCE> 12
 2.979018e+01 4.687722e+01 1.260232e+01 1.311436e+02 5.239391e+01 3.100632e+01 7.095091e+01 8.239294e+01 4.687273e+01 6.030268e+01 3.559457e+01 4.794863e+01
<GCONST> 6.816202e+01
<STATE> 10
<MEAN> 12
 -1.083721e-08 5.599224e-08 2.889922e-08 -1.011473e-07 -2.022946e-07 2.311938e-07 -3.576279e-07 9.103255e-07 1.155969e-07 3.973643e-08 1.986821e-07 -2.673178e-07
<VARIANCE> 12
 2.979018e+01 4.687722e+01 1.260232e+01 1.311436e+02 5.239391e+01 3.100632e+01 7.095091e+01 8.239294e+01 4.687273e+01 6.030268e+01 3.559457e+01 4.794863e+01
<GCONST> 6.816202e+01
<TRANSP> 11
 0.000000e+00 1.000000e+00 0.000000e+00 0.000000e+00 0.000000e+00 0.000000e+00 0.000000e+00 0.000000e+00 0.000000e+00 0.000000e+00 0.000000e+00
 0.000000e+00 9.000000e-01 9.999999e-02 0.000000e+00 0.000000e+00 0.000000e+00 0.000000e+00 0.000000e+00 0.000000e+00 0.000000e+00 0.000000e+00
 0.000000e+00 0.000000e+00 9.000000e-01 9.999999e-02 0.000000e+00 0.000000e+00 0.000000e+00 0.000000e+00 0.000000e+00 0.000000e+00 0.000000e+00
 0.000000e+00 0.000000e+00 0.000000e+00 9.000000e-01 9.999999e-02 0.000000e+00 0.000000e+00 0.000000e+00 0.000000e+00 0.000000e+00 0.000000e+00
 0.000000e+00 0.000000e+00 0.000000e+00 0.000000e+00 9.000000e-01 9.999999e-02 0.000000e+00 0.000000e+00 0.000000e+00 0.000000e+00 0.000000e+00
 0.000000e+00 0.000000e+00 0.000000e+00 0.000000e+00 0.000000e+00 9.000000e-01 9.999999e-02 0.000000e+00 0.000000e+00 0.000000e+00 0.000000e+00
 0.000000e+00 0.000000e+00 0.000000e+00 0.000000e+00 0.000000e+00 0.000000e+00 9.000000e-01 9.999999e-02 0.000000e+00 0.000000e+00 0.000000e+00
 0.000000e+00 0.000000e+00 0.000000e+00 0.000000e+00 0.000000e+00 0.000000e+00 0.000000e+00 9.000000e-01 9.999999e-02 0.000000e+00 0.000000e+00
 0.000000e+00 0.000000e+00 0.000000e+00 0.000000e+00 0.000000e+00 0.000000e+00 0.000000e+00 0.000000e+00 9.000000e-01 9.999999e-02 0.000000e+00
 0.000000e+00 0.000000e+00 0.000000e+00 0.000000e+00 0.000000e+00 0.000000e+00 0.000000e+00 0.000000e+00 0.000000e+00 9.000000e-01 9.999999e-02
 0.000000e+00 0.000000e+00 0.000000e+00 0.000000e+00 0.000000e+00 0.000000e+00 0.000000e+00 0.000000e+00 0.000000e+00 0.000000e+00 0.000000e+00
<ENDHMM>
