~o
<STREAMINFO> 1 12
<VECSIZE> 12<NULLD><MFCC_Z><DIAGC>
~h "s065"
<BEGINHMM>
<NUMSTATES> 9
<STATE> 2
<MEAN> 12
 -8.597633e+00 -4.211767e+00 7.053083e+00 1.045098e+01 6.010894e+00 3.500145e+00 7.177046e+00 3.345394e+00 -1.489929e-02 2.679899e-01 8.011069e+00 3.098894e+00
<VARIANCE> 12
 4.029282e+01 1.598962e+01 3.646606e+01 3.089780e+01 1.710955e+01 6.516476e+01 3.429628e+01 1.571182e+01 9.776237e+00 1.670634e+01 1.823654e+01 2.072104e+01
<GCONST> 5.988603e+01
<STATE> 3
<MEAN> 12
 -2.570357e+00 -4.124269e+00 1.254460e+00 4.778652e+00 5.028263e+00 -1.853202e+00 2.720790e+00 2.184321e+00 -7.540383e-01 1.944810e+00 6.482445e+00 4.563292e+00
<VARIANCE> 12
 4.246937e+01 3.030813e+01 2.623677e+01 6.714667e+01 3.542264e+01 1.798175e+01 2.029454e+01 2.715704e+01 1.058293e+01 1.793550e+01 2.768754e+01 2.447021e+01
<GCONST> 6.122193e+01
<STATE> 4
<MEAN> 12
 7.559121e-01 -1.166878e+00 -1.516265e+00 -7.596694e-01 1.257918e+00 -2.946651e+00 7.277334e-01 1.215175e+00 -1.450943e+00 2.675558e+00 3.376557e+00 3.792427e+00
<VARIANCE> 12
 2.606547e+01 3.305022e+01 1.610936e+01 6.024094e+01 3.813230e+01 1.766723e+01 2.162411e+01 4.166961e+01 2.182229e+01 3.616420e+01 5.886705e+01 3.707016e+01
<GCONST> 6.336637e+01
<STATE> 5
<MEAN> 12
 1.398013e+00 8.905033e-01 -2.845788e+00 -3.125352e+00 -1.867504e+00 -3.373810e+00 -1.639982e+00 1.885921e+00 -5.405591e-01 1.579300e+00 -1.748079e+00 1.227829e+00
<VARIANCE> 12
 1.809895e+01 2.016447e+01 1.379652e+01 3.645760e+01 2.185735e+01 2.284122e+01 3.158393e+01 5.840177e+01 4.485613e+01 5.919040e+01 9.616434e+01 3.916614e+01
<GCONST> 6.402605e+01
<STATE> 6
<MEAN> 12
 1.714565e+00 1.764802e+00 -3.719254e+00 -3.406239e+00 -3.180865e+00 -2.336834e+00 -3.840298e+00 8.416976e-01 1.892508e+00 -1.285814e+00 -6.837553e+00 -1.806700e+00
<VARIANCE> 12
 1.456057e+01 1.274259e+01 1.282915e+01 2.569894e+01 1.128310e+01 3.349612e+01 3.155178e+01 7.461691e+01 5.761536e+01 6.079945e+01 8.013732e+01 2.811913e+01
<GCONST> 6.265626e+01
<STATE> 7
<MEAN> 12
 3.314083e+00 3.095172e+00 -2.582547e+00 -4.007908e+00 -3.655359e+00 1.338504e+00 -3.216542e+00 -2.944275e+00 2.305423e+00 -3.102807e+00 -7.258765e+00 -4.695976e+00
<VARIANCE> 12
 1.154382e+01 9.625106e+00 2.199207e+01 1.783996e+01 1.007545e+01 4.031141e+01 3.131650e+01 6.712592e+01 5.451554e+01 4.184497e+01 5.759441e+01 2.303930e+01
<GCONST> 6.131771e+01
<STATE> 8
<MEAN> 12
 3.985433e+00 3.752447e+00 2.356269e+00 -3.930513e+00 -3.593388e+00 5.671770e+00 -1.928845e+00 -6.528173e+00 -1.437523e+00 -2.078973e+00 -2.025756e+00 -6.179691e+00
<VARIANCE> 12
 6.175213e+00 7.136006e+00 3.693298e+01 1.060497e+01 1.403083e+01 2.532979e+01 3.722986e+01 3.032925e+01 5.191323e+01 3.180899e+01 4.903155e+01 2.571660e+01
<GCONST> 5.926203e+01
<TRANSP> 9
 0.000000e+00 1.000000e+00 0.000000e+00 0.000000e+00 0.000000e+00 0.000000e+00 0.000000e+00 0.000000e+00 0.000000e+00
 0.000000e+00 8.771930e-01 1.228070e-01 0.000000e+00 0.000000e+00 0.000000e+00 0.000000e+00 0.000000e+00 0.000000e+00
 0.000000e+00 0.000000e+00 8.771930e-01 1.228070e-01 0.000000e+00 0.000000e+00 0.000000e+00 0.000000e+00 0.000000e+00
 0.000000e+00 0.000000e+00 0.000000e+00 8.771930e-01 1.228070e-01 0.000000e+00 0.000000e+00 0.000000e+00 0.000000e+00
 0.000000e+00 0.000000e+00 0.000000e+00 0.000000e+00 8.771930e-01 1.228070e-01 0.000000e+00 0.000000e+00 0.000000e+00
 0.000000e+00 0.000000e+00 0.000000e+00 0.000000e+00 0.000000e+00 8.771930e-01 1.228070e-01 0.000000e+00 0.000000e+00
 0.000000e+00 0.000000e+00 0.000000e+00 0.000000e+00 0.000000e+00 0.000000e+00 8.771930e-01 1.228070e-01 0.000000e+00
 0.000000e+00 0.000000e+00 0.000000e+00 0.000000e+00 0.000000e+00 0.000000e+00 0.000000e+00 8.771930e-01 1.228070e-01
 0.000000e+00 0.000000e+00 0.000000e+00 0.000000e+00 0.000000e+00 0.000000e+00 0.000000e+00 0.000000e+00 0.000000e+00
<ENDHMM>
