~o
<STREAMINFO> 1 12
<VECSIZE> 12<NULLD><MFCC_Z><DIAGC>
~h "s013"
<BEGINHMM>
<NUMSTATES> 9
<STATE> 2
<MEAN> 12
 -7.192728e+00 -7.198170e-01 4.399690e+00 -6.165188e+00 1.882757e+00 -2.352557e+00 5.294397e+00 4.663400e+00 -5.363628e+00 6.666694e+00 9.796621e-01 -1.311022e+00
<VARIANCE> 12
 3.719534e+01 8.234804e+01 8.827689e+00 2.007046e+01 1.080613e+02 4.662962e+01 1.386201e+01 1.359233e+01 4.816122e+01 6.304615e+01 4.136889e+01 4.065189e+01
<GCONST> 6.446839e+01
<STATE> 3
<MEAN> 12
 -1.917871e+00 -1.703688e+01 -3.265943e+00 1.075008e+01 4.002786e+00 -2.791916e+00 -5.662189e+00 4.919514e+00 -1.149109e+01 -4.748024e+00 3.014177e+00 1.441835e+00
<VARIANCE> 12
 4.198880e+00 2.303073e+01 5.744473e+00 1.350742e+01 3.515688e+01 5.786135e+01 3.324156e+01 2.399665e+01 5.842101e+01 1.739616e+01 4.756131e+01 5.291381e+00
<GCONST> 5.772926e+01
<STATE> 4
<MEAN> 12
 4.731219e+00 -7.274851e+00 -6.580014e+00 5.033267e+00 -1.079545e+00 -5.909741e+00 -6.988276e-01 -5.903598e+00 6.637815e+00 -8.232560e+00 3.339005e+00 1.315418e-01
<VARIANCE> 12
 7.838703e+00 3.896781e+01 9.372779e+00 2.724479e+01 1.140454e+01 1.097185e+01 7.832935e+00 1.359233e+01 1.905270e+01 3.951763e+01 1.829624e+01 8.127886e+00
<GCONST> 5.444214e+01
<STATE> 5
<MEAN> 12
 5.929383e+00 1.536091e+00 -2.543075e+00 4.190222e+00 -3.948278e+00 -4.106502e+00 1.381295e-01 -6.937490e+00 7.279150e-01 2.315184e+00 -1.354745e+00 -2.526361e+00
<VARIANCE> 12
 2.098638e+01 2.303073e+01 5.148202e+00 1.368304e+01 2.231732e+01 4.038652e+01 1.198943e+01 1.869578e+01 5.494331e+01 3.179620e+01 2.389889e+01 7.313721e+00
<GCONST> 5.733545e+01
<STATE> 6
<MEAN> 12
 -9.033921e-01 1.865574e+01 5.778135e+00 -1.258127e+00 -4.250595e-01 -4.363280e-01 -2.249374e+00 6.851222e+00 2.395962e+00 5.007895e+00 6.188510e+00 -4.941632e+00
<VARIANCE> 12
 4.198880e+00 2.303073e+01 6.581794e+00 1.202759e+01 4.590536e+00 1.507973e+01 4.638776e+00 3.008133e+01 1.150701e+01 7.574746e+00 1.879300e+01 6.625487e+00
<GCONST> 4.946557e+01
<STATE> 7
<MEAN> 12
 -3.645820e+00 1.147565e+01 1.875770e+00 -1.165327e+01 -5.258684e-01 1.883618e+00 1.765937e+00 1.244230e+01 4.474217e+00 2.634143e+00 -5.046842e-01 1.860814e+00
<VARIANCE> 12
 4.198880e+00 4.953367e+01 3.603843e+00 1.120065e+01 4.590536e+00 2.543506e+01 3.561446e+00 1.359233e+01 9.365234e+00 1.490016e+01 2.824049e+01 3.016864e+01
<GCONST> 5.141570e+01
<STATE> 8
<MEAN> 12
 -1.167988e+00 -5.335015e+00 1.700447e+00 -6.786144e+00 1.101225e+00 1.330719e+01 3.580754e+00 -9.277727e+00 2.036087e+00 -1.787425e+00 -1.124943e+01 6.255043e+00
<VARIANCE> 12
 9.053458e+00 2.303073e+01 6.250602e+00 3.387809e+01 1.076248e+01 3.231384e+01 7.264947e+00 1.202700e+02 9.567529e+00 1.817536e+01 8.293299e+00 2.000768e+01
<GCONST> 5.564431e+01
<TRANSP> 9
 0.000000e+00 1.000000e+00 0.000000e+00 0.000000e+00 0.000000e+00 0.000000e+00 0.000000e+00 0.000000e+00 0.000000e+00
 0.000000e+00 8.328330e-01 1.671670e-01 0.000000e+00 0.000000e+00 0.000000e+00 0.000000e+00 0.000000e+00 0.000000e+00
 0.000000e+00 0.000000e+00 8.815459e-01 1.184541e-01 0.000000e+00 0.000000e+00 0.000000e+00 0.000000e+00 0.000000e+00
 0.000000e+00 0.000000e+00 0.000000e+00 8.809093e-01 1.190906e-01 0.000000e+00 0.000000e+00 0.000000e+00 0.000000e+00
 0.000000e+00 0.000000e+00 0.000000e+00 0.000000e+00 8.990486e-01 1.009514e-01 0.000000e+00 0.000000e+00 0.000000e+00
 0.000000e+00 0.000000e+00 0.000000e+00 0.000000e+00 0.000000e+00 8.966865e-01 1.033135e-01 0.000000e+00 0.000000e+00
 0.000000e+00 0.000000e+00 0.000000e+00 0.000000e+00 0.000000e+00 0.000000e+00 8.158528e-01 1.841472e-01 0.000000e+00
 0.000000e+00 0.000000e+00 0.000000e+00 0.000000e+00 0.000000e+00 0.000000e+00 0.000000e+00 8.908705e-01 1.091295e-01
 0.000000e+00 0.000000e+00 0.000000e+00 0.000000e+00 0.000000e+00 0.000000e+00 0.000000e+00 0.000000e+00 0.000000e+00
<ENDHMM>
