~o
<STREAMINFO> 1 12
<VECSIZE> 12<NULLD><MFCC_Z><DIAGC>
~h "s075"
<BEGINHMM>
<NUMSTATES> 8
<STATE> 2
<MEAN> 12
 -3.926894e-07 -9.723739e-07 -9.349748e-08 2.243940e-07 0.000000e+00 1.121970e-07 -8.414774e-08 2.617930e-07 1.215467e-07 -1.869950e-07 7.479799e-08 2.197191e-07
<VARIANCE> 12
 3.747695e+01 9.595714e+01 1.263056e+01 5.693134e+01 2.320810e+01 7.892258e+01 2.336772e+01 3.382427e+01 3.267669e+01 4.922656e+01 4.900004e+01 3.458965e+01
<GCONST> 6.582410e+01
<STATE> 3
<MEAN> 12
 -3.926894e-07 -9.723739e-07 -9.349748e-08 2.243940e-07 0.000000e+00 1.121970e-07 -8.414774e-08 2.617930e-07 1.215467e-07 -1.869950e-07 7.479799e-08 2.197191e-07
<VARIANCE> 12
 3.747695e+01 9.595714e+01 1.263056e+01 5.693134e+01 2.320810e+01 7.892258e+01 2.336772e+01 3.382427e+01 3.267669e+01 4.922656e+01 4.900004e+01 3.458965e+01
<GCONST> 6.582410e+01
<STATE> 4
<MEAN> 12
 -3.926894e-07 -9.723739e-07 -9.349748e-08 2.243940e-07 0.000000e+00 1.121970e-07 -8.414774e-08 2.617930e-07 1.215467e-07 -1.869950e-07 7.479799e-08 2.197191e-07
<VARIANCE> 12
 3.747695e+01 9.595714e+01 1.263056e+01 5.693134e+01 2.320810e+01 7.892258e+01 2.336772e+01 3.382427e+01 3.267669e+01 4.922656e+01 4.900004e+01 3.458965e+01
<GCONST> 6.582410e+01
<STATE> 5
<MEAN> 12
 -3.926894e-07 -9.723739e-07 -9.349748e-08 2.243940e-07 0.000000e+00 1.121970e-07 -8.414774e-08 2.617930e-07 1.215467e-07 -1.869950e-07 7.479799e-08 2.197191e-07
<VARIANCE> 12
 3.747695e+01 9.595714e+01 1.263056e+01 5.693134e+01 2.320810e+01 7.892258e+01 2.336772e+01 3.382427e+01 3.267669e+01 4.922656e+01 4.900004e+01 3.458965e+01
<GCONST> 6.582410e+01
<STATE> 6
<MEAN> 12
 -3.926894e-07 -9.723739e-07 -9.349748e-08 2.243940e-07 0.000000e+00 1.121970e-07 -8.414774e-08 2.617930e-07 1.215467e-07 -1.869950e-07 7.479799e-08 2.197191e-07
<VARIANCE> 12
 3.747695e+01 9.595714e+01 1.263056e+01 5.693134e+01 2.320810e+01 7.892258e+01 2.336772e+01 3.382427e+01 3.267669e+01 4.922656e+01 4.900004e+01 3.458965e+01
<GCONST> 6.582410e+01
<STATE> 7
<MEAN> 12
 -3.926894e-07 -9.723739e-07 -9.349748e-08 2.243940e-07 0.000000e+00 1.121970e-07 -8.414774e-08 2.617930e-07 1.215467e-07 -1.869950e-07 7.479799e-08 2.197191e-07
<VARIANCE> 12
 3.747695e+01 9.595714e+01 1.263056e+01 5.693134e+01 2.320810e+01 7.892258e+01 2.336772e+01 3.382427e+01 3.267669e+01 4.922656e+01 4.900004e+01 3.458965e+01
<GCONST> 6.582410e+01
<TRANSP> 8
 0.000000e+00 1.000000e+00 0.000000e+00 0.000000e+00 0.000000e+00 0.000000e+00 0.000000e+00 0.000000e+00
 0.000000e+00 9.000000e-01 9.999999e-02 0.000000e+00 0.000000e+00 0.000000e+00 0.000000e+00 0.000000e+00
 0.000000e+00 0.000000e+00 9.000000e-01 9.999999e-02 0.000000e+00 0.000000e+00 0.000000e+00 0.000000e+00
 0.000000e+00 0.000000e+00 0.000000e+00 9.000000e-01 9.999999e-02 0.000000e+00 0.000000e+00 0.000000e+00
 0.000000e+00 0.000000e+00 0.000000e+00 0.000000e+00 9.000000e-01 9.999999e-02 0.000000e+00 0.000000e+00
 0.000000e+00 0.000000e+00 0.000000e+00 0.000000e+00 0.000000e+00 9.000000e-01 9.999999e-02 0.000000e+00
 0.000000e+00 0.000000e+00 0.000000e+00 0.000000e+00 0.000000e+00 0.000000e+00 9.000000e-01 9.999999e-02
 0.000000e+00 0.000000e+00 0.000000e+00 0.000000e+00 0.000000e+00 0.000000e+00 0.000000e+00 0.000000e+00
<ENDHMM>
