~o
<STREAMINFO> 1 12
<VECSIZE> 12<NULLD><MFCC_Z><DIAGC>
~h "s074"
<BEGINHMM>
<NUMSTATES> 11
<STATE> 2
<MEAN> 12
 -6.084338e+00 9.577621e+00 2.653294e-01 -9.859881e+00 -5.408103e+00 -3.481340e+00 -7.825475e+00 4.022321e+00 -9.246690e-01 -4.897412e+00 -9.891264e-01 -2.527418e+00
<VARIANCE> 12
 3.584975e+01 1.863035e+01 1.309457e+01 1.529763e+02 4.122911e+01 1.585113e+01 1.419018e+01 4.512254e+01 2.624645e+01 6.645802e+01 1.453517e+01 9.480059e+01
<GCONST> 6.379790e+01
<STATE> 3
<MEAN> 12
 -2.793635e-01 6.080479e+00 3.521566e-01 -1.200215e+01 -3.966446e+00 -2.987576e+00 -7.746596e+00 7.060442e+00 -1.930712e+00 4.530135e-01 -1.214356e+00 -2.465842e+00
<VARIANCE> 12
 3.825832e+01 2.365423e+01 1.981950e+01 1.035139e+02 5.012025e+01 2.151402e+01 1.932390e+01 3.686800e+01 3.169484e+01 7.862600e+01 1.795802e+01 9.810620e+01
<GCONST> 6.533556e+01
<STATE> 4
<MEAN> 12
 2.702510e+00 3.643119e+00 1.138829e-01 -4.592960e+00 -3.850494e-01 -1.130081e+00 -5.255407e+00 6.386948e+00 -5.916799e-01 2.542301e+00 -3.316818e-01 1.621766e+00
<VARIANCE> 12
 3.052922e+01 1.541880e+01 1.966498e+01 1.468003e+02 4.221622e+01 2.794745e+01 4.202333e+01 3.002756e+01 4.575092e+01 5.325918e+01 2.238360e+01 6.763800e+01
<GCONST> 6.551106e+01
<STATE> 5
<MEAN> 12
 2.620958e+00 1.794706e+00 3.457969e-01 3.170616e+00 2.329321e+00 3.987859e-01 -1.029201e+00 5.019949e+00 1.159220e+00 4.444099e-01 8.859055e-01 2.906393e+00
<VARIANCE> 12
 2.923475e+01 1.759931e+01 1.608959e+01 1.243293e+02 3.197351e+01 2.767601e+01 6.378247e+01 3.434514e+01 5.418959e+01 6.010491e+01 2.925814e+01 3.118414e+01
<GCONST> 6.528091e+01
<STATE> 6
<MEAN> 12
 1.126820e+00 -8.195668e-01 5.896803e-02 7.785332e+00 4.483240e+00 4.197701e-01 3.714582e+00 2.300424e+00 9.431357e-01 -2.043808e+00 2.435036e+00 1.964328e+00
<VARIANCE> 12
 2.729347e+01 2.614320e+01 1.215330e+01 7.238174e+01 3.161284e+01 2.555918e+01 6.385099e+01 6.027652e+01 6.524773e+01 6.456250e+01 3.431788e+01 2.313842e+01
<GCONST> 6.537736e+01
<STATE> 7
<MEAN> 12
 -2.527231e-01 -3.968440e+00 -6.188415e-01 7.807072e+00 5.193850e+00 -4.655214e-01 7.121649e+00 -2.528780e+00 -6.945170e-01 -2.194413e+00 3.074588e+00 5.423547e-02
<VARIANCE> 12
 2.036845e+01 2.680587e+01 7.830199e+00 5.588647e+01 3.700074e+01 2.253326e+01 4.395327e+01 8.474883e+01 6.882017e+01 6.318064e+01 4.048630e+01 2.504446e+01
<GCONST> 6.468630e+01
<STATE> 8
<MEAN> 12
 -7.933007e-01 -6.222095e+00 -9.758406e-01 4.471431e+00 2.917082e+00 -3.933640e-01 7.464938e+00 -7.443836e+00 -8.351348e-01 -6.934334e-02 1.431852e+00 -1.428053e+00
<VARIANCE> 12
 1.501320e+01 1.685617e+01 4.861195e+00 5.445990e+01 5.097704e+01 2.156612e+01 3.255916e+01 6.679931e+01 5.703729e+01 5.275086e+01 5.237205e+01 2.188268e+01
<GCONST> 6.290752e+01
<STATE> 9
<MEAN> 12
 -2.066259e-02 -6.259862e+00 -6.343334e-01 1.402393e+00 -1.271042e+00 1.813945e+00 4.297267e+00 -8.927041e+00 1.214946e+00 2.437335e+00 -1.630897e+00 -7.268299e-01
<VARIANCE> 12
 1.203444e+01 1.078100e+01 6.348707e+00 3.288264e+01 4.543830e+01 2.932544e+01 3.980759e+01 3.761691e+01 3.750572e+01 3.168087e+01 4.653704e+01 2.122217e+01
<GCONST> 6.074310e+01
<STATE> 10
<MEAN> 12
 9.800041e-01 -3.825826e+00 1.092913e+00 1.818476e+00 -3.892815e+00 5.825540e+00 -7.418039e-01 -5.890365e+00 1.659516e+00 3.327629e+00 -3.661350e+00 6.015410e-01
<VARIANCE> 12
 5.958035e+00 1.185155e+01 1.029608e+01 2.622873e+01 1.806832e+01 2.682825e+01 3.243122e+01 3.222289e+01 2.278670e+01 1.523959e+01 2.565657e+01 1.818419e+01
<GCONST> 5.704118e+01
<TRANSP> 11
 0.000000e+00 1.000000e+00 0.000000e+00 0.000000e+00 0.000000e+00 0.000000e+00 0.000000e+00 0.000000e+00 0.000000e+00 0.000000e+00 0.000000e+00
 0.000000e+00 8.636364e-01 1.363637e-01 0.000000e+00 0.000000e+00 0.000000e+00 0.000000e+00 0.000000e+00 0.000000e+00 0.000000e+00 0.000000e+00
 0.000000e+00 0.000000e+00 8.636363e-01 1.363636e-01 0.000000e+00 0.000000e+00 0.000000e+00 0.000000e+00 0.000000e+00 0.000000e+00 0.000000e+00
 0.000000e+00 0.000000e+00 0.000000e+00 8.636364e-01 1.363637e-01 0.000000e+00 0.000000e+00 0.000000e+00 0.000000e+00 0.000000e+00 0.000000e+00
 0.000000e+00 0.000000e+00 0.000000e+00 0.000000e+00 8.636364e-01 1.363636e-01 0.000000e+00 0.000000e+00 0.000000e+00 0.000000e+00 0.000000e+00
 0.000000e+00 0.000000e+00 0.000000e+00 0.000000e+00 0.000000e+00 8.636364e-01 1.363636e-01 0.000000e+00 0.000000e+00 0.000000e+00 0.000000e+00
 0.000000e+00 0.000000e+00 0.000000e+00 0.000000e+00 0.000000e+00 0.000000e+00 8.636364e-01 1.363636e-01 0.000000e+00 0.000000e+00 0.000000e+00
 0.000000e+00 0.000000e+00 0.000000e+00 0.000000e+00 0.000000e+00 0.000000e+00 0.000000e+00 8.636363e-01 1.363636e-01 0.000000e+00 0.000000e+00
 0.000000e+00 0.000000e+00 0.000000e+00 0.000000e+00 0.000000e+00 0.000000e+00 0.000000e+00 0.000000e+00 8.636364e-01 1.363636e-01 0.000000e+00
 0.000000e+00 0.000000e+00 0.000000e+00 0.000000e+00 0.000000e+00 0.000000e+00 0.000000e+00 0.000000e+00 0.000000e+00 8.636364e-01 1.363637e-01
 0.000000e+00 0.000000e+00 0.000000e+00 0.000000e+00 0.000000e+00 0.000000e+00 0.000000e+00 0.000000e+00 0.000000e+00 0.000000e+00 0.000000e+00
<ENDHMM>
