~o
<STREAMINFO> 1 12
<VECSIZE> 12<NULLD><MFCC_Z><DIAGC>
~h "s036"
<BEGINHMM>
<NUMSTATES> 8
<STATE> 2
<MEAN> 12
 -2.751994e+00 5.014129e+00 5.593858e+00 -1.128857e+01 -1.474293e+01 8.189499e+00 -4.003325e+00 -5.653923e+00 -5.084714e+00 2.539787e+00 -7.518279e+00 -7.053326e+00
<VARIANCE> 12
 8.962479e+00 4.137138e+00 1.420352e+01 2.072719e+01 1.103302e+01 4.571107e+01 3.017584e+01 4.541134e+01 2.987962e+01 4.416356e+01 2.146165e+01 1.028856e+01
<GCONST> 5.738092e+01
<STATE> 3
<MEAN> 12
 1.396303e+00 2.059429e+00 7.325041e-01 -3.368058e-01 -1.053108e+01 -5.645416e+00 -1.123789e+01 1.171999e+01 8.676594e-01 -4.459070e+00 -9.707765e-02 -8.299748e+00
<VARIANCE> 12
 3.263932e+00 4.137138e+00 1.067189e+01 9.945587e+00 1.103302e+01 4.220544e+01 9.302298e+00 1.212068e+01 1.647509e+01 1.963098e+01 4.565306e+00 1.060832e+01
<GCONST> 4.984990e+01
<STATE> 4
<MEAN> 12
 5.336555e+00 2.747227e+00 -3.045017e+00 3.967915e+00 2.978691e+00 -4.551867e+00 -5.903889e+00 1.938150e+00 9.929604e+00 2.217476e+00 1.591556e+00 -1.557665e+00
<VARIANCE> 12
 3.263932e+00 6.469031e+00 2.621130e+01 2.396220e+01 1.507386e+01 1.003201e+02 4.326117e+01 2.208443e+01 1.847269e+01 3.694906e+01 6.655103e+00 1.256587e+01
<GCONST> 5.668281e+01
<STATE> 5
<MEAN> 12
 -7.475513e+00 -4.524686e-01 1.258463e+01 -2.343399e+00 1.459829e+00 1.006589e+01 -1.440745e+00 -9.627580e-01 2.920797e+00 2.243348e+00 8.913254e+00 2.048006e+00
<VARIANCE> 12
 2.239411e+01 1.806909e+01 1.783262e+01 9.945587e+00 1.691595e+01 2.621859e+01 1.719894e+01 1.012280e+01 4.364814e+01 9.753809e+00 1.490166e+01 3.294497e+01
<GCONST> 5.674018e+01
<STATE> 6
<MEAN> 12
 -5.517055e-01 3.354395e-01 2.125282e+00 -3.440466e+00 6.337383e+00 -5.615992e+00 9.233887e+00 9.079597e+00 -2.959445e+00 9.233760e-01 -5.330398e-01 2.551109e+00
<VARIANCE> 12
 3.263932e+00 4.137138e+00 5.237279e+01 1.435445e+01 1.103302e+01 1.195213e+01 9.302298e+00 1.012280e+01 9.099398e+00 5.357631e+00 7.227451e+00 5.414981e+00
<GCONST> 4.826055e+01
<STATE> 7
<MEAN> 12
 2.376592e-01 -8.330646e+00 -1.025550e+01 9.705858e+00 5.542883e+00 -8.365772e-01 5.867027e+00 -7.824264e+00 -6.608748e+00 -5.913071e+00 4.016604e-01 6.742996e+00
<VARIANCE> 12
 6.445126e+00 6.609340e+00 1.067189e+01 1.151909e+01 1.103302e+01 1.195213e+01 9.302298e+00 4.119904e+01 1.446704e+01 1.908288e+01 6.619245e+00 8.416255e+00
<GCONST> 5.108924e+01
<TRANSP> 8
 0.000000e+00 1.000000e+00 0.000000e+00 0.000000e+00 0.000000e+00 0.000000e+00 0.000000e+00 0.000000e+00
 0.000000e+00 8.943975e-01 1.056025e-01 0.000000e+00 0.000000e+00 0.000000e+00 0.000000e+00 0.000000e+00
 0.000000e+00 0.000000e+00 6.126457e-01 3.873542e-01 0.000000e+00 0.000000e+00 0.000000e+00 0.000000e+00
 0.000000e+00 0.000000e+00 0.000000e+00 9.222966e-01 7.770342e-02 0.000000e+00 0.000000e+00 0.000000e+00
 0.000000e+00 0.000000e+00 0.000000e+00 0.000000e+00 8.279558e-01 1.720442e-01 0.000000e+00 0.000000e+00
 0.000000e+00 0.000000e+00 0.000000e+00 0.000000e+00 0.000000e+00 8.959830e-01 1.040169e-01 0.000000e+00
 0.000000e+00 0.000000e+00 0.000000e+00 0.000000e+00 0.000000e+00 0.000000e+00 9.061314e-01 9.386863e-02
 0.000000e+00 0.000000e+00 0.000000e+00 0.000000e+00 0.000000e+00 0.000000e+00 0.000000e+00 0.000000e+00
<ENDHMM>
