~o
<STREAMINFO> 1 12
<VECSIZE> 12<NULLD><MFCC_Z><DIAGC>
~h "s060"
<BEGINHMM>
<NUMSTATES> 8
<STATE> 2
<MEAN> 12
 -5.286120e+00 -7.246962e+00 1.413790e+00 1.544991e+01 3.385973e+00 -1.280821e+00 4.782746e+00 1.544553e+00 -1.467757e+00 -6.978685e-01 4.388635e+00 2.502606e+00
<VARIANCE> 12
 3.908443e+01 3.365347e+01 2.314937e+01 8.911988e+01 2.072586e+01 3.964298e+01 4.802885e+01 6.325255e+01 1.630470e+01 2.754040e+01 4.062399e+01 1.964060e+01
<GCONST> 6.438762e+01
<STATE> 3
<MEAN> 12
 -1.240245e+00 -4.137279e+00 -2.486035e+00 4.849178e+00 7.427613e-01 -2.579305e+00 -1.967214e+00 -2.979176e+00 -1.063230e+00 8.519151e-01 3.341087e-01 -5.901964e-01
<VARIANCE> 12
 1.534644e+01 7.719101e+01 2.063448e+01 1.516508e+02 3.851382e+01 3.573716e+01 3.654873e+01 3.006890e+01 2.268253e+01 3.917756e+01 4.686050e+01 1.527946e+01
<GCONST> 6.477296e+01
<STATE> 4
<MEAN> 12
 -2.526151e-01 2.321667e+00 -2.703579e+00 -4.027398e+00 -1.536799e+00 -1.693552e+00 -5.548281e+00 -1.770112e+00 7.593314e-03 -5.883588e-01 -1.548377e+00 -2.199740e+00
<VARIANCE> 12
 9.659590e+00 6.948106e+01 2.717675e+01 9.673010e+01 2.869816e+01 2.824077e+01 2.442199e+01 2.578162e+01 3.397926e+01 3.734072e+01 2.999419e+01 1.590882e+01
<GCONST> 6.289428e+01
<STATE> 5
<MEAN> 12
 6.380603e-01 5.443724e+00 4.237312e-01 -7.984378e+00 -1.855574e+00 -8.676690e-01 -5.365789e+00 1.334030e+00 1.659797e+00 -1.629001e+00 -8.950330e-01 -2.286824e+00
<VARIANCE> 12
 1.134943e+01 3.261617e+01 4.148188e+01 4.319001e+01 2.129583e+01 2.593252e+01 5.000528e+01 2.752084e+01 4.684790e+01 2.309601e+01 2.249401e+01 1.475678e+01
<GCONST> 6.179197e+01
<STATE> 6
<MEAN> 12
 2.182615e+00 3.426300e+00 2.608307e+00 -7.179245e+00 -1.072564e+00 1.729359e+00 1.586120e-01 2.366954e+00 1.525515e+00 -1.377346e-01 -6.366770e-01 -2.135492e-01
<VARIANCE> 12
 8.984905e+00 2.918997e+01 3.352100e+01 4.034714e+01 2.044339e+01 2.739585e+01 1.023056e+02 2.808138e+01 5.825336e+01 1.815186e+01 1.905295e+01 1.588018e+01
<GCONST> 6.180058e+01
<STATE> 7
<MEAN> 12
 3.958283e+00 1.926263e-01 7.437624e-01 -1.108132e+00 3.361604e-01 4.692010e+00 7.939840e+00 -4.962156e-01 -6.618886e-01 2.201020e+00 -1.642684e+00 2.787715e+00
<VARIANCE> 12
 4.180730e+00 1.929024e+01 2.396122e+01 6.079969e+01 1.237371e+01 1.600595e+01 6.251798e+01 2.753378e+01 4.351542e+01 1.672299e+01 1.753811e+01 1.088912e+01
<GCONST> 5.831008e+01
<TRANSP> 8
 0.000000e+00 1.000000e+00 0.000000e+00 0.000000e+00 0.000000e+00 0.000000e+00 0.000000e+00 0.000000e+00
 0.000000e+00 8.799999e-01 1.200000e-01 0.000000e+00 0.000000e+00 0.000000e+00 0.000000e+00 0.000000e+00
 0.000000e+00 0.000000e+00 8.800000e-01 1.200000e-01 0.000000e+00 0.000000e+00 0.000000e+00 0.000000e+00
 0.000000e+00 0.000000e+00 0.000000e+00 8.800000e-01 1.200000e-01 0.000000e+00 0.000000e+00 0.000000e+00
 0.000000e+00 0.000000e+00 0.000000e+00 0.000000e+00 8.800001e-01 1.200000e-01 0.000000e+00 0.000000e+00
 0.000000e+00 0.000000e+00 0.000000e+00 0.000000e+00 0.000000e+00 8.800001e-01 1.200000e-01 0.000000e+00
 0.000000e+00 0.000000e+00 0.000000e+00 0.000000e+00 0.000000e+00 0.000000e+00 8.800000e-01 1.200000e-01
 0.000000e+00 0.000000e+00 0.000000e+00 0.000000e+00 0.000000e+00 0.000000e+00 0.000000e+00 0.000000e+00
<ENDHMM>
