~o
<STREAMINFO> 1 12
<VECSIZE> 12<NULLD><MFCC_Z><DIAGC>
~h "s048"
<BEGINHMM>
<NUMSTATES> 10
<STATE> 2
<MEAN> 12
 2.095776e-07 -2.307277e-08 -6.614193e-07 4.460735e-07 -6.921830e-08 -4.614553e-07 6.152737e-08 -4.306916e-07 -1.076729e-07 9.229106e-08 8.460014e-08 3.460915e-08
<VARIANCE> 12
 2.118923e+01 4.382142e+01 3.243798e+01 4.543301e+01 8.793126e+01 8.913309e+01 6.475878e+01 6.023566e+01 5.522878e+01 2.047652e+01 6.359670e+01 5.644511e+01
<GCONST> 6.863593e+01
<STATE> 3
<MEAN> 12
 2.095776e-07 -2.307277e-08 -6.614193e-07 4.460735e-07 -6.921830e-08 -4.614553e-07 6.152737e-08 -4.306916e-07 -1.076729e-07 9.229106e-08 8.460014e-08 3.460915e-08
<VARIANCE> 12
 2.118923e+01 4.382142e+01 3.243798e+01 4.543301e+01 8.793126e+01 8.913309e+01 6.475878e+01 6.023566e+01 5.522878e+01 2.047652e+01 6.359670e+01 5.644511e+01
<GCONST> 6.863593e+01
<STATE> 4
<MEAN> 12
 2.095776e-07 -2.307277e-08 -6.614193e-07 4.460735e-07 -6.921830e-08 -4.614553e-07 6.152737e-08 -4.306916e-07 -1.076729e-07 9.229106e-08 8.460014e-08 3.460915e-08
<VARIANCE> 12
 2.118923e+01 4.382142e+01 3.243798e+01 4.543301e+01 8.793126e+01 8.913309e+01 6.475878e+01 6.023566e+01 5.522878e+01 2.047652e+01 6.359670e+01 5.644511e+01
<GCONST> 6.863593e+01
<STATE> 5
<MEAN> 12
 2.095776e-07 -2.307277e-08 -6.614193e-07 4.460735e-07 -6.921830e-08 -4.614553e-07 6.152737e-08 -4.306916e-07 -1.076729e-07 9.229106e-08 8.460014e-08 3.460915e-08
<VARIANCE> 12
 2.118923e+01 4.382142e+01 3.243798e+01 4.543301e+01 8.793126e+01 8.913309e+01 6.475878e+01 6.023566e+01 5.522878e+01 2.047652e+01 6.359670e+01 5.644511e+01
<GCONST> 6.863593e+01
<STATE> 6
<MEAN> 12
 2.095776e-07 -2.307277e-08 -6.614193e-07 4.460735e-07 -6.921830e-08 -4.614553e-07 6.152737e-08 -4.306916e-07 -1.076729e-07 9.229106e-08 8.460014e-08 3.460915e-08
<VARIANCE> 12
 2.118923e+01 4.382142e+01 3.243798e+01 4.543301e+01 8.793126e+01 8.913309e+01 6.475878e+01 6.023566e+01 5.522878e+01 2.047652e+01 6.359670e+01 5.644511e+01
<GCONST> 6.863593e+01
<STATE> 7
<MEAN> 12
 2.095776e-07 -2.307277e-08 -6.614193e-07 4.460735e-07 -6.921830e-08 -4.614553e-07 6.152737e-08 -4.306916e-07 -1.076729e-07 9.229106e-08 8.460014e-08 3.460915e-08
<VARIANCE> 12
 2.118923e+01 4.382142e+01 3.243798e+01 4.543301e+01 8.793126e+01 8.913309e+01 6.475878e+01 6.023566e+01 5.522878e+01 2.047652e+01 6.359670e+01 5.644511e+01
<GCONST> 6.863593e+01
<STATE> 8
<MEAN> 12
 2.095776e-07 -2.307277e-08 -6.614193e-07 4.460735e-07 -6.921830e-08 -4.614553e-07 6.152737e-08 -4.306916e-07 -1.076729e-07 9.229106e-08 8.460014e-08 3.460915e-08
<VARIANCE> 12
 2.118923e+01 4.382142e+01 3.243798e+01 4.543301e+01 8.793126e+01 8.913309e+01 6.475878e+01 6.023566e+01 5.522878e+01 2.047652e+01 6.359670e+01 5.644511e+01
<GCONST> 6.863593e+01
<STATE> 9
<MEAN> 12
 2.095776e-07 -2.307277e-08 -6.614193e-07 4.460735e-07 -6.921830e-08 -4.614553e-07 6.152737e-08 -4.306916e-07 -1.076729e-07 9.229106e-08 8.460014e-08 3.460915e-08
<VARIANCE> 12
 2.118923e+01 4.382142e+01 3.243798e+01 4.543301e+01 8.793126e+01 8.913309e+01 6.475878e+01 6.023566e+01 5.522878e+01 2.047652e+01 6.359670e+01 5.644511e+01
<GCONST> 6.863593e+01
<TRANSP> 10
 0.000000e+00 1.000000e+00 0.000000e+00 0.000000e+00 0.000000e+00 0.000000e+00 0.000000e+00 0.000000e+00 0.000000e+00 0.000000e+00
 0.000000e+00 9.000000e-01 9.999999e-02 0.000000e+00 0.000000e+00 0.000000e+00 0.000000e+00 0.000000e+00 0.000000e+00 0.000000e+00
 0.000000e+00 0.000000e+00 9.000000e-01 9.999999e-02 0.000000e+00 0.000000e+00 0.000000e+00 0.000000e+00 0.000000e+00 0.000000e+00
 0.000000e+00 0.000000e+00 0.000000e+00 9.000000e-01 9.999999e-02 0.000000e+00 0.000000e+00 0.000000e+00 0.000000e+00 0.000000e+00
 0.000000e+00 0.000000e+00 0.000000e+00 0.000000e+00 9.000000e-01 9.999999e-02 0.000000e+00 0.000000e+00 0.000000e+00 0.000000e+00
 0.000000e+00 0.000000e+00 0.000000e+00 0.000000e+00 0.000000e+00 9.000000e-01 9.999999e-02 0.000000e+00 0.000000e+00 0.000000e+00
 0.000000e+00 0.000000e+00 0.000000e+00 0.000000e+00 0.000000e+00 0.000000e+00 9.000000e-01 9.999999e-02 0.000000e+00 0.000000e+00
 0.000000e+00 0.000000e+00 0.000000e+00 0.000000e+00 0.000000e+00 0.000000e+00 0.000000e+00 9.000000e-01 9.999999e-02 0.000000e+00
 0.000000e+00 0.000000e+00 0.000000e+00 0.000000e+00 0.000000e+00 0.000000e+00 0.000000e+00 0.000000e+00 9.000000e-01 9.999999e-02
 0.000000e+00 0.000000e+00 0.000000e+00 0.000000e+00 0.000000e+00 0.000000e+00 0.000000e+00 0.000000e+00 0.000000e+00 0.000000e+00
<ENDHMM>
