~o
<STREAMINFO> 1 12
<VECSIZE> 12<NULLD><MFCC_Z><DIAGC>
~h "T1375868502"
<BEGINHMM>
<NUMSTATES> 32
<STATE> 2
<MEAN> 12
 -2.006907e+00 -8.099281e-01 -3.012622e-01 -1.293275e+01 -6.284060e-01 6.103759e+00 -5.564447e+00 4.597095e+00 -2.377484e+00 -4.564043e+00 -5.699122e+00 3.463951e+00
<VARIANCE> 12
 4.466856e+00 1.354344e+01 2.751931e+00 1.058459e+01 1.302771e+01 1.231723e+01 5.418766e+00 3.187808e+01 4.859807e+00 6.627797e+00 4.056739e+00 3.901155e+00
<GCONST> 4.599260e+01
<STATE> 3
<MEAN> 12
 6.425243e+00 2.834050e+00 -1.653381e+00 -1.280427e+01 -7.123810e+00 -1.200605e+01 -7.079995e+00 -4.069912e+00 -4.977650e+00 -3.558144e-01 -2.832240e+00 6.865627e+00
<VARIANCE> 12
 8.505181e+00 7.271332e+00 6.326335e+00 1.984755e+01 4.588348e+00 3.721268e+01 8.531260e+00 5.625915e+00 1.245219e+01 4.221678e+00 4.724586e+00 1.101549e+01
<GCONST> 4.793745e+01
<STATE> 4
<MEAN> 12
 -1.015111e+00 8.402504e+00 -4.780746e+00 -4.099248e-02 -6.235184e+00 -9.224340e+00 -1.026785e+01 -1.156103e+00 -3.668422e+00 -4.796147e+00 5.848414e+00 -1.031106e+01
<VARIANCE> 12
 5.766592e+00 7.271332e+00 3.943890e+00 8.464408e+00 4.588348e+00 7.320475e+00 1.220672e+01 1.163503e+01 6.659404e+00 6.094327e+00 8.351795e+00 8.196115e+00
<GCONST> 4.569831e+01
<STATE> 5
<MEAN> 12
 -1.348682e+00 1.439223e+01 -7.013990e+00 -4.110405e+00 -4.530982e+00 -6.765434e+00 -8.410473e+00 4.996506e+00 -4.736692e-02 -1.060105e-01 8.848612e+00 -8.155391e+00
<VARIANCE> 12
 4.466856e+00 7.271332e+00 7.071429e+00 7.515330e+00 1.056701e+01 7.320475e+00 5.418766e+00 5.625915e+00 1.121140e+01 5.474113e+00 5.925812e+00 6.630312e+00
<GCONST> 4.506175e+01
<STATE> 6
<MEAN> 12
 1.803433e+00 7.120608e+00 4.200730e+00 6.725818e+00 2.194678e+00 -7.629186e+00 -2.021978e+00 1.886253e+00 4.117897e+00 2.587879e+00 7.173226e+00 5.578500e-01
<VARIANCE> 12
 4.466856e+00 9.726115e+00 2.629862e+00 2.440818e+01 7.231774e+00 7.320475e+00 1.541589e+01 5.625915e+00 4.859807e+00 9.918706e+00 2.642070e+01 3.772066e+00
<GCONST> 4.689700e+01
<STATE> 7
<MEAN> 12
 -2.667298e+00 2.355725e+00 8.450058e-01 4.470205e-01 5.203314e+00 -6.008371e+00 7.226662e-01 2.376355e+00 4.535264e+00 -4.806259e+00 2.360845e+00 -2.461218e-02
<VARIANCE> 12
 4.466856e+00 7.271332e+00 1.369436e+01 1.889655e+01 1.640282e+01 8.161283e+00 7.092566e+00 1.449076e+01 6.809395e+00 1.213972e+01 3.521851e+01 9.575789e+00
<GCONST> 5.085612e+01
<STATE> 8
<MEAN> 12
 2.594415e-02 -9.586920e-01 8.268844e-01 -8.962259e+00 -1.856236e+00 4.260878e+00 -4.947141e+00 1.116798e-02 3.474484e+00 1.861841e+00 -3.964298e+00 -8.412814e-01
<VARIANCE> 12
 4.466856e+00 7.271332e+00 2.629862e+00 7.515330e+00 1.613285e+01 7.320475e+00 6.913813e+00 1.217444e+01 4.859807e+00 3.516490e+01 4.896827e+00 3.772066e+00
<GCONST> 4.578068e+01
<STATE> 9
<MEAN> 12
 5.216170e+00 2.890290e+00 8.200493e-01 -5.840951e+00 -1.866137e+00 -3.929027e+00 -4.222970e+00 2.815280e+00 -1.907205e+00 6.094462e+00 -7.843928e-01 -3.756783e-01
<VARIANCE> 12
 4.710173e+00 7.986528e+00 1.322791e+01 7.515330e+00 6.328755e+00 2.354428e+01 1.242494e+01 7.701432e+00 8.411453e+00 2.035452e+01 7.410977e+00 1.278695e+01
<GCONST> 4.954066e+01
<STATE> 10
<MEAN> 12
 1.028701e+00 9.106753e+00 4.885597e+00 -1.094204e+01 -4.840372e-01 3.439112e+00 -4.955329e+00 1.269497e+01 -3.878826e+00 1.800153e+00 7.770399e-01 -3.133477e+00
<VARIANCE> 12
 4.466856e+00 7.271332e+00 4.175871e+00 1.358134e+01 4.588348e+00 7.637714e+00 9.174636e+00 1.816911e+01 2.022412e+01 4.126938e+01 4.577889e+00 1.400133e+01
<GCONST> 4.913334e+01
<STATE> 11
<MEAN> 12
 -9.819788e-01 1.717501e+00 5.806425e+00 3.510516e+00 -1.658340e+00 -1.077188e-01 1.422075e+00 5.171705e+00 1.042600e+00 1.175677e+01 8.168218e-01 -3.413198e+00
<VARIANCE> 12
 4.466856e+00 7.271332e+00 6.428241e+00 7.515330e+00 1.041020e+01 7.934805e+00 1.040220e+01 9.925974e+00 1.404108e+01 3.055672e+01 2.264530e+01 1.362103e+01
<GCONST> 5.025716e+01
<STATE> 12
<MEAN> 12
 -5.102885e+00 -5.596918e+00 4.743308e+00 4.354168e+00 -2.422645e+00 4.274529e+00 4.444632e+00 -2.876363e+00 6.628964e+00 9.994096e+00 -5.634505e+00 2.814294e+00
<VARIANCE> 12
 4.466856e+00 9.807129e+00 3.960977e+00 7.515330e+00 4.588348e+00 7.320475e+00 5.418766e+00 5.625915e+00 8.600503e+00 6.511844e+00 6.344497e+00 1.384266e+01
<GCONST> 4.465999e+01
<STATE> 13
<MEAN> 12
 -5.301882e+00 -8.303908e+00 2.599950e+00 7.651309e+00 -6.959637e-01 -2.136657e+00 2.709268e-01 -9.015887e+00 3.600017e+00 3.520784e+00 -6.619160e+00 2.812429e+00
<VARIANCE> 12
 9.818527e+00 7.271332e+00 5.690708e+00 2.198141e+01 4.588348e+00 7.320475e+00 6.910859e+00 5.625915e+00 1.252072e+01 1.149860e+01 1.368745e+01 2.837437e+01
<GCONST> 4.925802e+01
<STATE> 14
<MEAN> 12
 1.050875e+00 -1.134231e+01 -2.349544e+00 5.934089e+00 -5.324021e+00 -4.453459e+00 6.029602e-01 -8.614263e+00 -6.636972e+00 1.994147e+00 -4.349336e+00 2.507380e-01
<VARIANCE> 12
 4.466856e+00 7.271332e+00 2.629862e+00 7.515330e+00 4.588348e+00 7.320475e+00 5.418766e+00 5.922074e+00 7.163316e+00 5.807834e+00 2.214473e+01 8.529675e+00
<GCONST> 4.447111e+01
<STATE> 15
<MEAN> 12
 4.923698e+00 -4.348321e+00 -4.578191e+00 7.464921e+00 1.587443e+00 -4.829587e+00 3.372913e+00 4.828874e+00 -7.922318e+00 2.301224e+00 1.058303e+00 2.662215e+00
<VARIANCE> 12
 4.466856e+00 1.583057e+01 4.646705e+00 7.515330e+00 1.398155e+01 1.095101e+01 5.418766e+00 1.456150e+01 1.079078e+01 1.463238e+01 8.534784e+00 1.365774e+01
<GCONST> 4.908606e+01
<STATE> 16
<MEAN> 12
 4.892833e+00 -6.608054e+00 -3.048805e+00 9.181015e+00 2.606587e+00 -5.030203e-01 3.597527e+00 -1.952650e+00 -8.267176e+00 3.413859e+00 4.222902e+00 -1.935149e+00
<VARIANCE> 12
 4.466856e+00 1.629434e+01 3.806168e+00 8.445954e+00 4.588348e+00 1.519350e+01 8.610567e+00 3.188140e+01 9.972483e+00 5.948099e+00 1.078770e+01 1.945849e+01
<GCONST> 4.910133e+01
<STATE> 17
<MEAN> 12
 8.755176e+00 5.163618e+00 -8.265841e-01 1.133796e+00 -2.950655e+00 -6.830435e+00 2.588168e+00 -1.410873e-01 -4.292748e+00 1.894556e+00 4.438918e+00 1.253349e+00
<VARIANCE> 12
 4.466856e+00 7.271332e+00 3.096064e+00 7.515330e+00 2.153518e+01 1.612760e+01 3.058884e+01 1.050308e+01 7.960058e+00 4.221678e+00 4.056739e+00 3.772066e+00
<GCONST> 4.654742e+01
<STATE> 18
<MEAN> 12
 1.067240e+00 -5.493554e+00 -3.920726e+00 8.551554e-01 -7.845019e+00 4.128888e+00 1.197072e+01 -3.118917e+00 -1.374594e+00 -7.780137e+00 -1.945999e+00 -2.439643e+00
<VARIANCE> 12
 4.466856e+00 8.450699e+00 6.597915e+00 7.515330e+00 1.180043e+01 7.320475e+00 5.418766e+00 5.625915e+00 4.859807e+00 1.068621e+01 7.009312e+00 3.772066e+00
<GCONST> 4.469003e+01
<STATE> 19
<MEAN> 12
 -2.136696e-01 -5.236378e+00 -1.077726e+00 4.982274e+00 5.184804e+00 2.325798e+00 3.973765e+00 2.184528e+00 1.037143e-01 -3.749393e+00 -2.602221e+00 2.543159e-01
<VARIANCE> 12
 4.466856e+00 7.271332e+00 2.908553e+00 7.515330e+00 2.027600e+01 1.188307e+01 1.744870e+01 1.087141e+01 1.365961e+01 9.902451e+00 7.203207e+00 8.633444e+00
<GCONST> 4.838710e+01
<STATE> 20
<MEAN> 12
 -7.457945e+00 -8.492124e+00 -3.385810e+00 1.230473e+00 -6.812759e-01 4.668337e+00 2.568400e+00 1.081117e+00 1.264187e+01 7.761952e-01 7.283356e+00 2.387457e+00
<VARIANCE> 12
 1.495209e+01 7.271332e+00 3.417802e+00 7.515330e+00 7.459671e+00 1.654996e+01 1.935707e+01 3.463990e+01 5.835516e+01 2.588368e+01 1.248457e+01 1.282451e+01
<GCONST> 5.370923e+01
<STATE> 21
<MEAN> 12
 -7.380026e+00 -1.139907e+01 1.652177e+00 1.892007e+00 2.113796e+00 1.084666e+01 4.091536e+00 -3.004061e+00 4.710289e+00 -3.014486e+00 -7.107020e+00 4.194690e+00
<VARIANCE> 12
 1.691968e+01 7.271332e+00 5.854440e+00 7.515330e+00 1.030187e+01 2.575976e+01 9.016556e+00 5.763892e+00 2.301853e+01 9.205260e+00 1.791619e+01 2.297139e+01
<GCONST> 5.155893e+01
<STATE> 22
<MEAN> 12
 -1.114216e+00 -9.961376e+00 -1.324010e+00 -2.814347e+00 9.185482e-01 7.976289e+00 3.036870e+00 -9.398427e+00 -3.929182e-01 -1.710668e+00 -1.285800e+00 1.639886e-01
<VARIANCE> 12
 9.519139e+00 2.412350e+01 7.391844e+00 1.108495e+01 4.588348e+00 7.320475e+00 7.683106e+00 6.550982e+00 1.644021e+01 7.490664e+00 1.700077e+01 7.302310e+00
<GCONST> 4.896465e+01
<STATE> 23
<MEAN> 12
 2.842597e+00 2.846533e+00 5.511847e-01 2.961176e+00 -5.506520e+00 8.320476e+00 9.234396e+00 -5.829432e+00 2.818447e+00 -4.282785e+00 -1.863819e-01 -5.912353e+00
<VARIANCE> 12
 4.466856e+00 7.271332e+00 7.759898e+00 7.515330e+00 5.566842e+00 7.320475e+00 9.372718e+00 5.625915e+00 8.464358e+00 4.509240e+00 1.561022e+01 9.360138e+00
<GCONST> 4.590014e+01
<STATE> 24
<MEAN> 12
 -3.139484e+00 5.235393e+00 7.484278e+00 3.866515e+00 3.383404e+00 1.213846e+01 2.537764e+00 -3.681831e+00 2.740773e+00 -2.850491e+00 2.555570e+00 -5.744895e+00
<VARIANCE> 12
 3.044314e+01 7.271332e+00 2.718309e+00 1.744199e+01 1.162639e+01 7.320475e+00 2.329037e+01 1.166913e+01 4.859807e+00 4.399458e+00 4.056739e+00 8.893605e+00
<GCONST> 4.801035e+01
<STATE> 25
<MEAN> 12
 -1.254405e+01 3.934203e+00 4.684883e-01 8.190226e+00 7.033780e+00 7.450211e+00 -1.201695e+00 -3.998101e+00 6.547816e+00 -5.199786e+00 3.205591e+00 2.162380e+00
<VARIANCE> 12
 5.162188e+00 7.271332e+00 2.094094e+01 7.515330e+00 6.897148e+00 1.379035e+01 8.398711e+00 9.546880e+00 4.859807e+00 4.874049e+00 5.074596e+00 2.809137e+01
<GCONST> 4.780248e+01
<STATE> 26
<MEAN> 12
 -1.118058e+01 3.448395e-01 -2.434841e+00 2.905690e+00 1.711471e+00 2.872427e+00 8.512396e+00 -3.656314e+00 7.874088e+00 1.194894e-01 3.929783e+00 9.633230e+00
<VARIANCE> 12
 2.379161e+01 7.271332e+00 7.706392e+00 7.515330e+00 1.177460e+01 2.365309e+01 1.438582e+01 1.421364e+01 5.770920e+01 1.480559e+01 1.064856e+01 1.569814e+01
<GCONST> 5.408607e+01
<STATE> 27
<MEAN> 12
 2.449809e+00 6.418295e-01 5.502553e+00 -3.437607e-02 -4.430780e+00 -6.654437e+00 1.503785e+00 -1.861366e+00 1.684360e+00 1.672885e+00 -3.167208e+00 -1.922233e+00
<VARIANCE> 12
 4.466856e+00 7.271332e+00 2.629862e+00 7.680109e+01 1.051288e+02 7.320475e+00 1.629487e+01 7.748031e+00 4.859807e+00 1.135695e+01 5.810699e+00 4.463559e+00
<GCONST> 4.959393e+01
<STATE> 28
<MEAN> 12
 -5.802192e+00 -1.664140e+00 -7.247799e-01 9.649075e-01 7.329423e+00 4.931525e-01 -2.918735e+00 9.883392e-01 -1.599924e-01 1.408271e+00 6.533573e-01 1.549653e+00
<VARIANCE> 12
 1.930034e+01 7.271332e+00 1.335533e+01 4.705393e+01 2.698960e+01 1.478904e+01 1.449667e+01 1.507920e+01 4.859807e+00 4.316082e+00 2.829685e+01 6.773179e+00
<GCONST> 5.311744e+01
<STATE> 29
<MEAN> 12
 -1.812189e+00 3.831636e+00 -3.008574e+00 -2.249115e+00 7.660399e+00 -2.391875e+00 -5.657629e-01 4.736406e+00 4.368144e+00 2.565043e+00 4.350491e+00 4.341852e-01
<VARIANCE> 12
 1.244658e+01 1.417434e+01 1.379483e+01 2.043148e+01 1.352862e+01 7.320475e+00 1.188129e+01 3.498003e+01 6.004412e+00 4.221678e+00 4.056739e+00 7.663807e+00
<GCONST> 5.016362e+01
<STATE> 30
<MEAN> 12
 1.894781e+00 7.892040e+00 2.529073e+00 4.434174e-01 4.594541e+00 3.089550e-01 -4.675234e+00 5.269124e+00 7.452088e-01 -5.988439e+00 -1.542270e+00 -2.758351e+00
<VARIANCE> 12
 4.466856e+00 7.271332e+00 5.876584e+00 7.515330e+00 8.856438e+00 2.217173e+01 1.536661e+01 1.460326e+01 1.503217e+01 4.221678e+00 4.026260e+01 1.314752e+01
<GCONST> 5.043856e+01
<STATE> 31
<MEAN> 12
 5.311581e+00 4.902388e+00 3.726591e+00 2.457181e+00 2.654394e+00 -5.419487e+00 -2.839610e+00 1.082483e+00 1.759274e+00 -3.872530e-02 -1.604099e+00 3.484811e+00
<VARIANCE> 12
 4.466856e+00 7.271332e+00 2.756161e+00 9.996085e+00 4.588348e+00 1.788453e+01 9.663083e+00 1.290156e+01 1.298588e+01 1.183552e+01 4.056739e+00 1.423213e+01
<GCONST> 4.717514e+01
<TRANSP> 32
 0.000000e+00 1.000000e+00 0.000000e+00 0.000000e+00 0.000000e+00 0.000000e+00 0.000000e+00 0.000000e+00 0.000000e+00 0.000000e+00 0.000000e+00 0.000000e+00 0.000000e+00 0.000000e+00 0.000000e+00 0.000000e+00 0.000000e+00 0.000000e+00 0.000000e+00 0.000000e+00 0.000000e+00 0.000000e+00 0.000000e+00 0.000000e+00 0.000000e+00 0.000000e+00 0.000000e+00 0.000000e+00 0.000000e+00 0.000000e+00 0.000000e+00 0.000000e+00
 0.000000e+00 8.728833e-01 1.271168e-01 0.000000e+00 0.000000e+00 0.000000e+00 0.000000e+00 0.000000e+00 0.000000e+00 0.000000e+00 0.000000e+00 0.000000e+00 0.000000e+00 0.000000e+00 0.000000e+00 0.000000e+00 0.000000e+00 0.000000e+00 0.000000e+00 0.000000e+00 0.000000e+00 0.000000e+00 0.000000e+00 0.000000e+00 0.000000e+00 0.000000e+00 0.000000e+00 0.000000e+00 0.000000e+00 0.000000e+00 0.000000e+00 0.000000e+00
 0.000000e+00 0.000000e+00 8.350455e-01 1.649545e-01 0.000000e+00 0.000000e+00 0.000000e+00 0.000000e+00 0.000000e+00 0.000000e+00 0.000000e+00 0.000000e+00 0.000000e+00 0.000000e+00 0.000000e+00 0.000000e+00 0.000000e+00 0.000000e+00 0.000000e+00 0.000000e+00 0.000000e+00 0.000000e+00 0.000000e+00 0.000000e+00 0.000000e+00 0.000000e+00 0.000000e+00 0.000000e+00 0.000000e+00 0.000000e+00 0.000000e+00 0.000000e+00
 0.000000e+00 0.000000e+00 0.000000e+00 7.543249e-01 2.456751e-01 0.000000e+00 0.000000e+00 0.000000e+00 0.000000e+00 0.000000e+00 0.000000e+00 0.000000e+00 0.000000e+00 0.000000e+00 0.000000e+00 0.000000e+00 0.000000e+00 0.000000e+00 0.000000e+00 0.000000e+00 0.000000e+00 0.000000e+00 0.000000e+00 0.000000e+00 0.000000e+00 0.000000e+00 0.000000e+00 0.000000e+00 0.000000e+00 0.000000e+00 0.000000e+00 0.000000e+00
 0.000000e+00 0.000000e+00 0.000000e+00 0.000000e+00 8.570771e-01 1.429229e-01 0.000000e+00 0.000000e+00 0.000000e+00 0.000000e+00 0.000000e+00 0.000000e+00 0.000000e+00 0.000000e+00 0.000000e+00 0.000000e+00 0.000000e+00 0.000000e+00 0.000000e+00 0.000000e+00 0.000000e+00 0.000000e+00 0.000000e+00 0.000000e+00 0.000000e+00 0.000000e+00 0.000000e+00 0.000000e+00 0.000000e+00 0.000000e+00 0.000000e+00 0.000000e+00
 0.000000e+00 0.000000e+00 0.000000e+00 0.000000e+00 0.000000e+00 7.729578e-01 2.270422e-01 0.000000e+00 0.000000e+00 0.000000e+00 0.000000e+00 0.000000e+00 0.000000e+00 0.000000e+00 0.000000e+00 0.000000e+00 0.000000e+00 0.000000e+00 0.000000e+00 0.000000e+00 0.000000e+00 0.000000e+00 0.000000e+00 0.000000e+00 0.000000e+00 0.000000e+00 0.000000e+00 0.000000e+00 0.000000e+00 0.000000e+00 0.000000e+00 0.000000e+00
 0.000000e+00 0.000000e+00 0.000000e+00 0.000000e+00 0.000000e+00 0.000000e+00 8.377140e-01 1.622860e-01 0.000000e+00 0.000000e+00 0.000000e+00 0.000000e+00 0.000000e+00 0.000000e+00 0.000000e+00 0.000000e+00 0.000000e+00 0.000000e+00 0.000000e+00 0.000000e+00 0.000000e+00 0.000000e+00 0.000000e+00 0.000000e+00 0.000000e+00 0.000000e+00 0.000000e+00 0.000000e+00 0.000000e+00 0.000000e+00 0.000000e+00 0.000000e+00
 0.000000e+00 0.000000e+00 0.000000e+00 0.000000e+00 0.000000e+00 0.000000e+00 0.000000e+00 8.788515e-01 1.211485e-01 0.000000e+00 0.000000e+00 0.000000e+00 0.000000e+00 0.000000e+00 0.000000e+00 0.000000e+00 0.000000e+00 0.000000e+00 0.000000e+00 0.000000e+00 0.000000e+00 0.000000e+00 0.000000e+00 0.000000e+00 0.000000e+00 0.000000e+00 0.000000e+00 0.000000e+00 0.000000e+00 0.000000e+00 0.000000e+00 0.000000e+00
 0.000000e+00 0.000000e+00 0.000000e+00 0.000000e+00 0.000000e+00 0.000000e+00 0.000000e+00 0.000000e+00 9.070469e-01 9.295310e-02 0.000000e+00 0.000000e+00 0.000000e+00 0.000000e+00 0.000000e+00 0.000000e+00 0.000000e+00 0.000000e+00 0.000000e+00 0.000000e+00 0.000000e+00 0.000000e+00 0.000000e+00 0.000000e+00 0.000000e+00 0.000000e+00 0.000000e+00 0.000000e+00 0.000000e+00 0.000000e+00 0.000000e+00 0.000000e+00
 0.000000e+00 0.000000e+00 0.000000e+00 0.000000e+00 0.000000e+00 0.000000e+00 0.000000e+00 0.000000e+00 0.000000e+00 8.803161e-01 1.196840e-01 0.000000e+00 0.000000e+00 0.000000e+00 0.000000e+00 0.000000e+00 0.000000e+00 0.000000e+00 0.000000e+00 0.000000e+00 0.000000e+00 0.000000e+00 0.000000e+00 0.000000e+00 0.000000e+00 0.000000e+00 0.000000e+00 0.000000e+00 0.000000e+00 0.000000e+00 0.000000e+00 0.000000e+00
 0.000000e+00 0.000000e+00 0.000000e+00 0.000000e+00 0.000000e+00 0.000000e+00 0.000000e+00 0.000000e+00 0.000000e+00 0.000000e+00 7.006052e-01 2.993948e-01 0.000000e+00 0.000000e+00 0.000000e+00 0.000000e+00 0.000000e+00 0.000000e+00 0.000000e+00 0.000000e+00 0.000000e+00 0.000000e+00 0.000000e+00 0.000000e+00 0.000000e+00 0.000000e+00 0.000000e+00 0.000000e+00 0.000000e+00 0.000000e+00 0.000000e+00 0.000000e+00
 0.000000e+00 0.000000e+00 0.000000e+00 0.000000e+00 0.000000e+00 0.000000e+00 0.000000e+00 0.000000e+00 0.000000e+00 0.000000e+00 0.000000e+00 7.560274e-01 2.439727e-01 0.000000e+00 0.000000e+00 0.000000e+00 0.000000e+00 0.000000e+00 0.000000e+00 0.000000e+00 0.000000e+00 0.000000e+00 0.000000e+00 0.000000e+00 0.000000e+00 0.000000e+00 0.000000e+00 0.000000e+00 0.000000e+00 0.000000e+00 0.000000e+00 0.000000e+00
 0.000000e+00 0.000000e+00 0.000000e+00 0.000000e+00 0.000000e+00 0.000000e+00 0.000000e+00 0.000000e+00 0.000000e+00 0.000000e+00 0.000000e+00 0.000000e+00 7.175574e-01 2.824425e-01 0.000000e+00 0.000000e+00 0.000000e+00 0.000000e+00 0.000000e+00 0.000000e+00 0.000000e+00 0.000000e+00 0.000000e+00 0.000000e+00 0.000000e+00 0.000000e+00 0.000000e+00 0.000000e+00 0.000000e+00 0.000000e+00 0.000000e+00 0.000000e+00
 0.000000e+00 0.000000e+00 0.000000e+00 0.000000e+00 0.000000e+00 0.000000e+00 0.000000e+00 0.000000e+00 0.000000e+00 0.000000e+00 0.000000e+00 0.000000e+00 0.000000e+00 8.367994e-01 1.632007e-01 0.000000e+00 0.000000e+00 0.000000e+00 0.000000e+00 0.000000e+00 0.000000e+00 0.000000e+00 0.000000e+00 0.000000e+00 0.000000e+00 0.000000e+00 0.000000e+00 0.000000e+00 0.000000e+00 0.000000e+00 0.000000e+00 0.000000e+00
 0.000000e+00 0.000000e+00 0.000000e+00 0.000000e+00 0.000000e+00 0.000000e+00 0.000000e+00 0.000000e+00 0.000000e+00 0.000000e+00 0.000000e+00 0.000000e+00 0.000000e+00 0.000000e+00 9.166519e-01 8.334812e-02 0.000000e+00 0.000000e+00 0.000000e+00 0.000000e+00 0.000000e+00 0.000000e+00 0.000000e+00 0.000000e+00 0.000000e+00 0.000000e+00 0.000000e+00 0.000000e+00 0.000000e+00 0.000000e+00 0.000000e+00 0.000000e+00
 0.000000e+00 0.000000e+00 0.000000e+00 0.000000e+00 0.000000e+00 0.000000e+00 0.000000e+00 0.000000e+00 0.000000e+00 0.000000e+00 0.000000e+00 0.000000e+00 0.000000e+00 0.000000e+00 0.000000e+00 8.486382e-01 1.513618e-01 0.000000e+00 0.000000e+00 0.000000e+00 0.000000e+00 0.000000e+00 0.000000e+00 0.000000e+00 0.000000e+00 0.000000e+00 0.000000e+00 0.000000e+00 0.000000e+00 0.000000e+00 0.000000e+00 0.000000e+00
 0.000000e+00 0.000000e+00 0.000000e+00 0.000000e+00 0.000000e+00 0.000000e+00 0.000000e+00 0.000000e+00 0.000000e+00 0.000000e+00 0.000000e+00 0.000000e+00 0.000000e+00 0.000000e+00 0.000000e+00 0.000000e+00 8.455272e-01 1.544728e-01 0.000000e+00 0.000000e+00 0.000000e+00 0.000000e+00 0.000000e+00 0.000000e+00 0.000000e+00 0.000000e+00 0.000000e+00 0.000000e+00 0.000000e+00 0.000000e+00 0.000000e+00 0.000000e+00
 0.000000e+00 0.000000e+00 0.000000e+00 0.000000e+00 0.000000e+00 0.000000e+00 0.000000e+00 0.000000e+00 0.000000e+00 0.000000e+00 0.000000e+00 0.000000e+00 0.000000e+00 0.000000e+00 0.000000e+00 0.000000e+00 0.000000e+00 8.434564e-01 1.565437e-01 0.000000e+00 0.000000e+00 0.000000e+00 0.000000e+00 0.000000e+00 0.000000e+00 0.000000e+00 0.000000e+00 0.000000e+00 0.000000e+00 0.000000e+00 0.000000e+00 0.000000e+00
 0.000000e+00 0.000000e+00 0.000000e+00 0.000000e+00 0.000000e+00 0.000000e+00 0.000000e+00 0.000000e+00 0.000000e+00 0.000000e+00 0.000000e+00 0.000000e+00 0.000000e+00 0.000000e+00 0.000000e+00 0.000000e+00 0.000000e+00 0.000000e+00 8.543929e-01 1.456070e-01 0.000000e+00 0.000000e+00 0.000000e+00 0.000000e+00 0.000000e+00 0.000000e+00 0.000000e+00 0.000000e+00 0.000000e+00 0.000000e+00 0.000000e+00 0.000000e+00
 0.000000e+00 0.000000e+00 0.000000e+00 0.000000e+00 0.000000e+00 0.000000e+00 0.000000e+00 0.000000e+00 0.000000e+00 0.000000e+00 0.000000e+00 0.000000e+00 0.000000e+00 0.000000e+00 0.000000e+00 0.000000e+00 0.000000e+00 0.000000e+00 0.000000e+00 7.517103e-01 2.482897e-01 0.000000e+00 0.000000e+00 0.000000e+00 0.000000e+00 0.000000e+00 0.000000e+00 0.000000e+00 0.000000e+00 0.000000e+00 0.000000e+00 0.000000e+00
 0.000000e+00 0.000000e+00 0.000000e+00 0.000000e+00 0.000000e+00 0.000000e+00 0.000000e+00 0.000000e+00 0.000000e+00 0.000000e+00 0.000000e+00 0.000000e+00 0.000000e+00 0.000000e+00 0.000000e+00 0.000000e+00 0.000000e+00 0.000000e+00 0.000000e+00 0.000000e+00 8.186730e-01 1.813270e-01 0.000000e+00 0.000000e+00 0.000000e+00 0.000000e+00 0.000000e+00 0.000000e+00 0.000000e+00 0.000000e+00 0.000000e+00 0.000000e+00
 0.000000e+00 0.000000e+00 0.000000e+00 0.000000e+00 0.000000e+00 0.000000e+00 0.000000e+00 0.000000e+00 0.000000e+00 0.000000e+00 0.000000e+00 0.000000e+00 0.000000e+00 0.000000e+00 0.000000e+00 0.000000e+00 0.000000e+00 0.000000e+00 0.000000e+00 0.000000e+00 0.000000e+00 9.054481e-01 9.455186e-02 0.000000e+00 0.000000e+00 0.000000e+00 0.000000e+00 0.000000e+00 0.000000e+00 0.000000e+00 0.000000e+00 0.000000e+00
 0.000000e+00 0.000000e+00 0.000000e+00 0.000000e+00 0.000000e+00 0.000000e+00 0.000000e+00 0.000000e+00 0.000000e+00 0.000000e+00 0.000000e+00 0.000000e+00 0.000000e+00 0.000000e+00 0.000000e+00 0.000000e+00 0.000000e+00 0.000000e+00 0.000000e+00 0.000000e+00 0.000000e+00 0.000000e+00 8.694210e-01 1.305790e-01 0.000000e+00 0.000000e+00 0.000000e+00 0.000000e+00 0.000000e+00 0.000000e+00 0.000000e+00 0.000000e+00
 0.000000e+00 0.000000e+00 0.000000e+00 0.000000e+00 0.000000e+00 0.000000e+00 0.000000e+00 0.000000e+00 0.000000e+00 0.000000e+00 0.000000e+00 0.000000e+00 0.000000e+00 0.000000e+00 0.000000e+00 0.000000e+00 0.000000e+00 0.000000e+00 0.000000e+00 0.000000e+00 0.000000e+00 0.000000e+00 0.000000e+00 7.596228e-01 2.403771e-01 0.000000e+00 0.000000e+00 0.000000e+00 0.000000e+00 0.000000e+00 0.000000e+00 0.000000e+00
 0.000000e+00 0.000000e+00 0.000000e+00 0.000000e+00 0.000000e+00 0.000000e+00 0.000000e+00 0.000000e+00 0.000000e+00 0.000000e+00 0.000000e+00 0.000000e+00 0.000000e+00 0.000000e+00 0.000000e+00 0.000000e+00 0.000000e+00 0.000000e+00 0.000000e+00 0.000000e+00 0.000000e+00 0.000000e+00 0.000000e+00 0.000000e+00 8.335606e-01 1.664394e-01 0.000000e+00 0.000000e+00 0.000000e+00 0.000000e+00 0.000000e+00 0.000000e+00
 0.000000e+00 0.000000e+00 0.000000e+00 0.000000e+00 0.000000e+00 0.000000e+00 0.000000e+00 0.000000e+00 0.000000e+00 0.000000e+00 0.000000e+00 0.000000e+00 0.000000e+00 0.000000e+00 0.000000e+00 0.000000e+00 0.000000e+00 0.000000e+00 0.000000e+00 0.000000e+00 0.000000e+00 0.000000e+00 0.000000e+00 0.000000e+00 0.000000e+00 7.848120e-01 2.151879e-01 0.000000e+00 0.000000e+00 0.000000e+00 0.000000e+00 0.000000e+00
 0.000000e+00 0.000000e+00 0.000000e+00 0.000000e+00 0.000000e+00 0.000000e+00 0.000000e+00 0.000000e+00 0.000000e+00 0.000000e+00 0.000000e+00 0.000000e+00 0.000000e+00 0.000000e+00 0.000000e+00 0.000000e+00 0.000000e+00 0.000000e+00 0.000000e+00 0.000000e+00 0.000000e+00 0.000000e+00 0.000000e+00 0.000000e+00 0.000000e+00 0.000000e+00 8.560702e-01 1.439298e-01 0.000000e+00 0.000000e+00 0.000000e+00 0.000000e+00
 0.000000e+00 0.000000e+00 0.000000e+00 0.000000e+00 0.000000e+00 0.000000e+00 0.000000e+00 0.000000e+00 0.000000e+00 0.000000e+00 0.000000e+00 0.000000e+00 0.000000e+00 0.000000e+00 0.000000e+00 0.000000e+00 0.000000e+00 0.000000e+00 0.000000e+00 0.000000e+00 0.000000e+00 0.000000e+00 0.000000e+00 0.000000e+00 0.000000e+00 0.000000e+00 0.000000e+00 8.901830e-01 1.098169e-01 0.000000e+00 0.000000e+00 0.000000e+00
 0.000000e+00 0.000000e+00 0.000000e+00 0.000000e+00 0.000000e+00 0.000000e+00 0.000000e+00 0.000000e+00 0.000000e+00 0.000000e+00 0.000000e+00 0.000000e+00 0.000000e+00 0.000000e+00 0.000000e+00 0.000000e+00 0.000000e+00 0.000000e+00 0.000000e+00 0.000000e+00 0.000000e+00 0.000000e+00 0.000000e+00 0.000000e+00 0.000000e+00 0.000000e+00 0.000000e+00 0.000000e+00 6.597065e-01 3.402935e-01 0.000000e+00 0.000000e+00
 0.000000e+00 0.000000e+00 0.000000e+00 0.000000e+00 0.000000e+00 0.000000e+00 0.000000e+00 0.000000e+00 0.000000e+00 0.000000e+00 0.000000e+00 0.000000e+00 0.000000e+00 0.000000e+00 0.000000e+00 0.000000e+00 0.000000e+00 0.000000e+00 0.000000e+00 0.000000e+00 0.000000e+00 0.000000e+00 0.000000e+00 0.000000e+00 0.000000e+00 0.000000e+00 0.000000e+00 0.000000e+00 0.000000e+00 8.337821e-01 1.662179e-01 0.000000e+00
 0.000000e+00 0.000000e+00 0.000000e+00 0.000000e+00 0.000000e+00 0.000000e+00 0.000000e+00 0.000000e+00 0.000000e+00 0.000000e+00 0.000000e+00 0.000000e+00 0.000000e+00 0.000000e+00 0.000000e+00 0.000000e+00 0.000000e+00 0.000000e+00 0.000000e+00 0.000000e+00 0.000000e+00 0.000000e+00 0.000000e+00 0.000000e+00 0.000000e+00 0.000000e+00 0.000000e+00 0.000000e+00 0.000000e+00 0.000000e+00 8.892294e-01 1.107706e-01
 0.000000e+00 0.000000e+00 0.000000e+00 0.000000e+00 0.000000e+00 0.000000e+00 0.000000e+00 0.000000e+00 0.000000e+00 0.000000e+00 0.000000e+00 0.000000e+00 0.000000e+00 0.000000e+00 0.000000e+00 0.000000e+00 0.000000e+00 0.000000e+00 0.000000e+00 0.000000e+00 0.000000e+00 0.000000e+00 0.000000e+00 0.000000e+00 0.000000e+00 0.000000e+00 0.000000e+00 0.000000e+00 0.000000e+00 0.000000e+00 0.000000e+00 0.000000e+00
<ENDHMM>
