~o
<STREAMINFO> 1 12
<VECSIZE> 12<NULLD><MFCC_Z><DIAGC>
~h "s082"
<BEGINHMM>
<NUMSTATES> 8
<STATE> 2
<MEAN> 12
 -5.976160e+00 -2.922538e+00 5.654321e+00 3.121573e-02 1.009733e+00 1.432716e+00 4.106481e+00 7.925494e-01 -4.174992e+00 -3.954136e+00 6.379084e+00 1.999524e+00
<VARIANCE> 12
 9.139570e+00 6.312059e+01 5.997649e+01 2.111851e+01 3.220750e+01 5.746102e+01 1.439514e+01 7.205229e+00 8.372237e+01 1.842433e+01 5.865480e+01 1.982864e+01
<GCONST> 6.212126e+01
<STATE> 3
<MEAN> 12
 1.456525e+00 -6.249081e+00 -1.474120e+01 6.950653e+00 1.025215e+01 -7.867587e+00 -3.135667e-01 -7.754578e+00 4.081639e-01 -8.741009e+00 -2.278981e+00 -4.574078e+00
<VARIANCE> 12
 1.622497e+01 7.289756e+00 1.418787e+01 1.157595e+01 1.177961e+01 2.018185e+01 3.783855e+00 3.024906e+01 1.716756e+01 1.178806e+01 2.866597e+01 2.434666e+01
<GCONST> 5.399844e+01
<STATE> 4
<MEAN> 12
 8.203736e+00 -1.506440e-01 -7.010264e+00 3.419518e+00 2.621202e+00 -1.021284e+00 5.848856e-01 -5.951386e+00 4.389713e-01 6.273363e+00 -2.415552e+00 -1.891883e+00
<VARIANCE> 12
 6.623401e+00 4.509872e+00 1.418787e+01 1.567134e+01 1.065136e+01 1.276215e+01 2.033259e+01 7.205229e+00 1.639564e+01 4.873862e+01 2.257131e+01 8.411940e+00
<GCONST> 5.268465e+01
<STATE> 5
<MEAN> 12
 5.388072e+00 3.983799e+00 5.530306e+00 8.718573e+00 -8.292472e-01 -3.423355e+00 -4.638212e+00 1.426848e+00 4.916304e+00 5.240035e+00 1.854106e+00 3.973765e-01
<VARIANCE> 12
 2.410977e+01 4.072548e+00 3.751492e+01 1.157595e+01 3.059919e+01 2.994006e+01 9.802276e+00 2.244499e+01 1.444792e+01 7.504915e+00 1.513500e+01 9.139850e+00
<GCONST> 5.454470e+01
<STATE> 6
<MEAN> 12
 -4.922577e+00 2.779851e+00 5.258182e+00 -7.321686e+00 -1.599975e+01 -2.153481e+00 6.967818e+00 3.640379e+00 -5.595453e+00 5.039742e+00 2.051709e+00 7.756739e-01
<VARIANCE> 12
 6.623401e+00 4.072548e+00 1.418787e+01 2.808192e+01 1.065136e+01 1.863022e+01 1.108182e+01 1.788413e+01 7.863154e+00 2.106110e+01 5.194715e+00 3.854606e+00
<GCONST> 5.002314e+01
<STATE> 7
<MEAN> 12
 -6.067017e+00 3.059792e+00 7.974341e+00 -1.309137e+01 -2.482640e+00 1.172055e+01 -3.371637e+00 8.651543e+00 1.340392e+00 -2.006092e+00 -3.357142e+00 3.734443e+00
<VARIANCE> 12
 1.316213e+01 6.357628e+00 1.418787e+01 1.157595e+01 2.169011e+01 1.007175e+01 8.484428e+00 7.205229e+00 6.807871e+00 7.504915e+00 1.103138e+01 3.583452e+00
<GCONST> 4.869318e+01
<TRANSP> 8
 0.000000e+00 1.000000e+00 0.000000e+00 0.000000e+00 0.000000e+00 0.000000e+00 0.000000e+00 0.000000e+00
 0.000000e+00 8.669246e-01 1.330754e-01 0.000000e+00 0.000000e+00 0.000000e+00 0.000000e+00 0.000000e+00
 0.000000e+00 0.000000e+00 8.954191e-01 1.045809e-01 0.000000e+00 0.000000e+00 0.000000e+00 0.000000e+00
 0.000000e+00 0.000000e+00 0.000000e+00 8.879726e-01 1.120274e-01 0.000000e+00 0.000000e+00 0.000000e+00
 0.000000e+00 0.000000e+00 0.000000e+00 0.000000e+00 8.882294e-01 1.117706e-01 0.000000e+00 0.000000e+00
 0.000000e+00 0.000000e+00 0.000000e+00 0.000000e+00 0.000000e+00 8.346540e-01 1.653460e-01 0.000000e+00
 0.000000e+00 0.000000e+00 0.000000e+00 0.000000e+00 0.000000e+00 0.000000e+00 9.000227e-01 9.997726e-02
 0.000000e+00 0.000000e+00 0.000000e+00 0.000000e+00 0.000000e+00 0.000000e+00 0.000000e+00 0.000000e+00
<ENDHMM>
