~o
<STREAMINFO> 1 12
<VECSIZE> 12<NULLD><MFCC_Z><DIAGC>
~h "s025"
<BEGINHMM>
<NUMSTATES> 12
<STATE> 2
<MEAN> 12
 -1.177069e+00 6.464157e-01 5.712938e+00 -2.045378e+00 -6.040670e+00 3.447335e+00 1.242801e+00 -4.160886e-01 7.319714e+00 9.127719e+00 2.921864e+00 3.199029e+00
<VARIANCE> 12
 8.618197e+00 9.571714e+00 1.073147e+01 6.795226e+01 4.527180e+00 5.838410e+00 2.270007e+01 3.395098e+01 2.618409e+01 1.453559e+01 1.148163e+01 4.075108e+01
<GCONST> 5.507102e+01
<STATE> 3
<MEAN> 12
 2.056995e+00 -5.962777e+00 -4.029374e+00 3.632956e+00 -3.740824e+00 -7.479786e+00 1.573034e+00 1.434156e+01 -3.658455e+00 1.982523e+00 4.238632e+00 3.389771e+00
<VARIANCE> 12
 4.863145e+00 7.463192e+00 1.315905e+01 1.334392e+01 2.294340e+01 1.704633e+01 1.066630e+01 2.945031e+01 1.453011e+01 1.840909e+01 1.889152e+01 3.913876e+01
<GCONST> 5.472802e+01
<STATE> 4
<MEAN> 12
 -3.577502e+00 1.249444e+00 -2.354285e+00 1.128842e+00 8.169665e-02 -5.973222e+00 3.208989e+00 6.848725e+00 -2.101852e+00 4.249549e+00 1.850754e+00 1.322884e+00
<VARIANCE> 12
 1.661858e+01 1.182209e+01 7.324427e+00 1.334392e+01 1.997703e+01 1.388374e+01 1.066630e+01 3.292984e+01 1.751816e+01 9.299137e+00 1.436052e+01 1.584755e+01
<GCONST> 5.392472e+01
<STATE> 5
<MEAN> 12
 -7.336930e+00 5.886343e+00 -1.693018e+00 2.399380e+00 -7.272739e-01 -1.413420e+00 -1.670225e+00 -5.599006e+00 1.051049e+00 1.824737e+00 5.115065e+00 1.955954e+00
<VARIANCE> 12
 4.863145e+00 7.463192e+00 7.130486e+00 1.373164e+01 1.486203e+01 5.838410e+00 2.197251e+01 3.766417e+01 5.187831e+00 1.653397e+01 9.206491e+00 1.129810e+01
<GCONST> 5.050832e+01
<STATE> 6
<MEAN> 12
 -3.836273e+00 7.081960e+00 -1.320413e+00 -8.035203e-01 -3.951889e-01 -1.261749e+00 -6.908953e+00 6.799454e-01 4.324632e-01 -2.991791e+00 8.969658e-01 -9.578159e+00
<VARIANCE> 12
 6.529096e+00 7.463192e+00 5.511919e+00 2.527365e+01 8.637976e+00 8.245187e+00 2.122556e+01 2.625458e+01 1.019382e+01 2.317848e+01 2.111105e+01 2.768741e+01
<GCONST> 5.330208e+01
<STATE> 7
<MEAN> 12
 -1.726883e+00 3.916464e+00 6.176088e+00 -5.826149e+00 3.511307e+00 1.967867e+00 -5.623629e+00 8.587156e-01 -4.147258e-01 3.633159e+00 -2.115724e+00 -4.528084e+00
<VARIANCE> 12
 4.863145e+00 7.463192e+00 1.458172e+01 5.594756e+01 1.458105e+01 2.184296e+01 3.920312e+01 6.566652e+01 8.094983e+00 3.781176e+01 2.028288e+01 1.207340e+01
<GCONST> 5.719197e+01
<STATE> 8
<MEAN> 12
 -2.659086e+00 2.347291e+00 5.462719e+00 -1.407358e+01 -1.649514e+00 7.179099e+00 -7.406215e+00 8.215937e+00 2.451680e+00 1.753653e+00 -1.005539e+01 3.160079e+00
<VARIANCE> 12
 4.863145e+00 7.463192e+00 2.038961e+01 1.334392e+01 6.740414e+00 5.838410e+00 4.527604e+01 1.717445e+01 5.187831e+00 8.517225e+00 9.543032e+00 4.143027e+01
<GCONST> 5.134929e+01
<STATE> 9
<MEAN> 12
 3.807583e+00 -5.069501e-01 -2.206889e+00 -9.801302e+00 2.286602e-01 6.335710e+00 3.475174e+00 -1.284994e+00 4.250591e+00 -1.823615e+00 -9.778131e+00 1.051403e+01
<VARIANCE> 12
 6.152615e+00 7.463192e+00 5.511919e+00 2.044797e+01 5.918987e+00 1.189123e+01 1.066630e+01 1.717445e+01 5.187831e+00 8.517225e+00 7.303071e+00 1.129810e+01
<GCONST> 4.827199e+01
<STATE> 10
<MEAN> 12
 7.452028e+00 -5.396996e+00 -7.426280e+00 -6.327246e-01 6.637505e+00 -1.883843e+00 6.055180e+00 -1.062275e+01 1.564729e+00 -9.118276e+00 -3.915911e+00 4.698433e+00
<VARIANCE> 12
 4.863145e+00 7.463192e+00 5.511919e+00 1.334392e+01 6.479368e+00 5.838410e+00 1.066630e+01 1.717445e+01 5.187831e+00 1.722100e+01 1.396451e+01 1.129810e+01
<GCONST> 4.834136e+01
<STATE> 11
<MEAN> 12
 5.456730e+00 -9.004745e+00 2.604008e+00 1.218736e+01 1.512598e+00 4.391243e+00 9.598133e+00 -9.749938e+00 -5.841964e+00 -2.105123e+00 1.888865e+00 3.947333e+00
<VARIANCE> 12
 4.863145e+00 7.463192e+00 5.511919e+00 1.831191e+01 5.837729e+00 1.242578e+01 1.088799e+01 1.717445e+01 2.021629e+01 1.631641e+01 1.155331e+01 1.700691e+01
<GCONST> 5.085511e+01
<TRANSP> 12
 0.000000e+00 1.000000e+00 0.000000e+00 0.000000e+00 0.000000e+00 0.000000e+00 0.000000e+00 0.000000e+00 0.000000e+00 0.000000e+00 0.000000e+00 0.000000e+00
 0.000000e+00 8.684825e-01 1.315175e-01 0.000000e+00 0.000000e+00 0.000000e+00 0.000000e+00 0.000000e+00 0.000000e+00 0.000000e+00 0.000000e+00 0.000000e+00
 0.000000e+00 0.000000e+00 8.766930e-01 1.233071e-01 0.000000e+00 0.000000e+00 0.000000e+00 0.000000e+00 0.000000e+00 0.000000e+00 0.000000e+00 0.000000e+00
 0.000000e+00 0.000000e+00 0.000000e+00 8.040053e-01 1.959947e-01 0.000000e+00 0.000000e+00 0.000000e+00 0.000000e+00 0.000000e+00 0.000000e+00 0.000000e+00
 0.000000e+00 0.000000e+00 0.000000e+00 0.000000e+00 7.266760e-01 2.733240e-01 0.000000e+00 0.000000e+00 0.000000e+00 0.000000e+00 0.000000e+00 0.000000e+00
 0.000000e+00 0.000000e+00 0.000000e+00 0.000000e+00 0.000000e+00 9.365427e-01 6.345727e-02 0.000000e+00 0.000000e+00 0.000000e+00 0.000000e+00 0.000000e+00
 0.000000e+00 0.000000e+00 0.000000e+00 0.000000e+00 0.000000e+00 0.000000e+00 8.481259e-01 1.518741e-01 0.000000e+00 0.000000e+00 0.000000e+00 0.000000e+00
 0.000000e+00 0.000000e+00 0.000000e+00 0.000000e+00 0.000000e+00 0.000000e+00 0.000000e+00 8.034846e-01 1.965154e-01 0.000000e+00 0.000000e+00 0.000000e+00
 0.000000e+00 0.000000e+00 0.000000e+00 0.000000e+00 0.000000e+00 0.000000e+00 0.000000e+00 0.000000e+00 5.115728e-01 4.884272e-01 0.000000e+00 0.000000e+00
 0.000000e+00 0.000000e+00 0.000000e+00 0.000000e+00 0.000000e+00 0.000000e+00 0.000000e+00 0.000000e+00 0.000000e+00 8.786933e-01 1.213066e-01 0.000000e+00
 0.000000e+00 0.000000e+00 0.000000e+00 0.000000e+00 0.000000e+00 0.000000e+00 0.000000e+00 0.000000e+00 0.000000e+00 0.000000e+00 8.979916e-01 1.020084e-01
 0.000000e+00 0.000000e+00 0.000000e+00 0.000000e+00 0.000000e+00 0.000000e+00 0.000000e+00 0.000000e+00 0.000000e+00 0.000000e+00 0.000000e+00 0.000000e+00
<ENDHMM>
