~o
<STREAMINFO> 1 12
<VECSIZE> 12<NULLD><MFCC_Z><DIAGC>
~h "T1375864576"
<BEGINHMM>
<NUMSTATES> 8
<STATE> 2
<MEAN> 12
 4.233146e-07 -3.272173e-07 -5.449568e-07 -5.838822e-07 2.627470e-07 8.758234e-08 -3.114039e-07 -1.848960e-07 -1.362392e-07 -8.271665e-08 6.325391e-08 -5.838822e-08
<VARIANCE> 12
 2.984644e+01 5.731787e+01 1.060264e+02 2.231373e+01 8.215051e+01 6.109625e+01 4.090380e+01 4.508813e+01 3.142935e+01 3.236606e+01 1.758981e+01 2.435580e+01
<GCONST> 6.629388e+01
<STATE> 3
<MEAN> 12
 4.233146e-07 -3.272173e-07 -5.449568e-07 -5.838822e-07 2.627470e-07 8.758234e-08 -3.114039e-07 -1.848960e-07 -1.362392e-07 -8.271665e-08 6.325391e-08 -5.838822e-08
<VARIANCE> 12
 2.984644e+01 5.731787e+01 1.060264e+02 2.231373e+01 8.215051e+01 6.109625e+01 4.090380e+01 4.508813e+01 3.142935e+01 3.236606e+01 1.758981e+01 2.435580e+01
<GCONST> 6.629388e+01
<STATE> 4
<MEAN> 12
 4.233146e-07 -3.272173e-07 -5.449568e-07 -5.838822e-07 2.627470e-07 8.758234e-08 -3.114039e-07 -1.848960e-07 -1.362392e-07 -8.271665e-08 6.325391e-08 -5.838822e-08
<VARIANCE> 12
 2.984644e+01 5.731787e+01 1.060264e+02 2.231373e+01 8.215051e+01 6.109625e+01 4.090380e+01 4.508813e+01 3.142935e+01 3.236606e+01 1.758981e+01 2.435580e+01
<GCONST> 6.629388e+01
<STATE> 5
<MEAN> 12
 4.233146e-07 -3.272173e-07 -5.449568e-07 -5.838822e-07 2.627470e-07 8.758234e-08 -3.114039e-07 -1.848960e-07 -1.362392e-07 -8.271665e-08 6.325391e-08 -5.838822e-08
<VARIANCE> 12
 2.984644e+01 5.731787e+01 1.060264e+02 2.231373e+01 8.215051e+01 6.109625e+01 4.090380e+01 4.508813e+01 3.142935e+01 3.236606e+01 1.758981e+01 2.435580e+01
<GCONST> 6.629388e+01
<STATE> 6
<MEAN> 12
 4.233146e-07 -3.272173e-07 -5.449568e-07 -5.838822e-07 2.627470e-07 8.758234e-08 -3.114039e-07 -1.848960e-07 -1.362392e-07 -8.271665e-08 6.325391e-08 -5.838822e-08
<VARIANCE> 12
 2.984644e+01 5.731787e+01 1.060264e+02 2.231373e+01 8.215051e+01 6.109625e+01 4.090380e+01 4.508813e+01 3.142935e+01 3.236606e+01 1.758981e+01 2.435580e+01
<GCONST> 6.629388e+01
<STATE> 7
<MEAN> 12
 4.233146e-07 -3.272173e-07 -5.449568e-07 -5.838822e-07 2.627470e-07 8.758234e-08 -3.114039e-07 -1.848960e-07 -1.362392e-07 -8.271665e-08 6.325391e-08 -5.838822e-08
<VARIANCE> 12
 2.984644e+01 5.731787e+01 1.060264e+02 2.231373e+01 8.215051e+01 6.109625e+01 4.090380e+01 4.508813e+01 3.142935e+01 3.236606e+01 1.758981e+01 2.435580e+01
<GCONST> 6.629388e+01
<TRANSP> 8
 0.000000e+00 1.000000e+00 0.000000e+00 0.000000e+00 0.000000e+00 0.000000e+00 0.000000e+00 0.000000e+00
 0.000000e+00 9.000000e-01 9.999999e-02 0.000000e+00 0.000000e+00 0.000000e+00 0.000000e+00 0.000000e+00
 0.000000e+00 0.000000e+00 9.000000e-01 9.999999e-02 0.000000e+00 0.000000e+00 0.000000e+00 0.000000e+00
 0.000000e+00 0.000000e+00 0.000000e+00 9.000000e-01 9.999999e-02 0.000000e+00 0.000000e+00 0.000000e+00
 0.000000e+00 0.000000e+00 0.000000e+00 0.000000e+00 9.000000e-01 9.999999e-02 0.000000e+00 0.000000e+00
 0.000000e+00 0.000000e+00 0.000000e+00 0.000000e+00 0.000000e+00 9.000000e-01 9.999999e-02 0.000000e+00
 0.000000e+00 0.000000e+00 0.000000e+00 0.000000e+00 0.000000e+00 0.000000e+00 9.000000e-01 9.999999e-02
 0.000000e+00 0.000000e+00 0.000000e+00 0.000000e+00 0.000000e+00 0.000000e+00 0.000000e+00 0.000000e+00
<ENDHMM>
