~o
<STREAMINFO> 1 12
<VECSIZE> 12<NULLD><MFCC_Z><DIAGC>
~h "s007"
<BEGINHMM>
<NUMSTATES> 13
<STATE> 2
<MEAN> 12
 -2.354751e-07 -1.412851e-07 5.710272e-07 -1.648326e-07 -6.711041e-07 -6.593304e-07 -4.120815e-08 9.419006e-08 1.059638e-07 -2.237014e-07 -7.652942e-08 -2.354751e-08
<VARIANCE> 12
 1.994781e+01 4.071850e+01 8.770911e+01 1.068746e+02 8.716141e+01 3.136628e+01 4.509505e+01 6.768817e+01 5.411755e+01 6.346820e+01 3.973965e+01 5.852866e+01
<GCONST> 6.973075e+01
<STATE> 3
<MEAN> 12
 -2.354751e-07 -1.412851e-07 5.710272e-07 -1.648326e-07 -6.711041e-07 -6.593304e-07 -4.120815e-08 9.419006e-08 1.059638e-07 -2.237014e-07 -7.652942e-08 -2.354751e-08
<VARIANCE> 12
 1.994781e+01 4.071850e+01 8.770911e+01 1.068746e+02 8.716141e+01 3.136628e+01 4.509505e+01 6.768817e+01 5.411755e+01 6.346820e+01 3.973965e+01 5.852866e+01
<GCONST> 6.973075e+01
<STATE> 4
<MEAN> 12
 -2.354751e-07 -1.412851e-07 5.710272e-07 -1.648326e-07 -6.711041e-07 -6.593304e-07 -4.120815e-08 9.419006e-08 1.059638e-07 -2.237014e-07 -7.652942e-08 -2.354751e-08
<VARIANCE> 12
 1.994781e+01 4.071850e+01 8.770911e+01 1.068746e+02 8.716141e+01 3.136628e+01 4.509505e+01 6.768817e+01 5.411755e+01 6.346820e+01 3.973965e+01 5.852866e+01
<GCONST> 6.973075e+01
<STATE> 5
<MEAN> 12
 -2.354751e-07 -1.412851e-07 5.710272e-07 -1.648326e-07 -6.711041e-07 -6.593304e-07 -4.120815e-08 9.419006e-08 1.059638e-07 -2.237014e-07 -7.652942e-08 -2.354751e-08
<VARIANCE> 12
 1.994781e+01 4.071850e+01 8.770911e+01 1.068746e+02 8.716141e+01 3.136628e+01 4.509505e+01 6.768817e+01 5.411755e+01 6.346820e+01 3.973965e+01 5.852866e+01
<GCONST> 6.973075e+01
<STATE> 6
<MEAN> 12
 -2.354751e-07 -1.412851e-07 5.710272e-07 -1.648326e-07 -6.711041e-07 -6.593304e-07 -4.120815e-08 9.419006e-08 1.059638e-07 -2.237014e-07 -7.652942e-08 -2.354751e-08
<VARIANCE> 12
 1.994781e+01 4.071850e+01 8.770911e+01 1.068746e+02 8.716141e+01 3.136628e+01 4.509505e+01 6.768817e+01 5.411755e+01 6.346820e+01 3.973965e+01 5.852866e+01
<GCONST> 6.973075e+01
<STATE> 7
<MEAN> 12
 -2.354751e-07 -1.412851e-07 5.710272e-07 -1.648326e-07 -6.711041e-07 -6.593304e-07 -4.120815e-08 9.419006e-08 1.059638e-07 -2.237014e-07 -7.652942e-08 -2.354751e-08
<VARIANCE> 12
 1.994781e+01 4.071850e+01 8.770911e+01 1.068746e+02 8.716141e+01 3.136628e+01 4.509505e+01 6.768817e+01 5.411755e+01 6.346820e+01 3.973965e+01 5.852866e+01
<GCONST> 6.973075e+01
<STATE> 8
<MEAN> 12
 -2.354751e-07 -1.412851e-07 5.710272e-07 -1.648326e-07 -6.711041e-07 -6.593304e-07 -4.120815e-08 9.419006e-08 1.059638e-07 -2.237014e-07 -7.652942e-08 -2.354751e-08
<VARIANCE> 12
 1.994781e+01 4.071850e+01 8.770911e+01 1.068746e+02 8.716141e+01 3.136628e+01 4.509505e+01 6.768817e+01 5.411755e+01 6.346820e+01 3.973965e+01 5.852866e+01
<GCONST> 6.973075e+01
<STATE> 9
<MEAN> 12
 -2.354751e-07 -1.412851e-07 5.710272e-07 -1.648326e-07 -6.711041e-07 -6.593304e-07 -4.120815e-08 9.419006e-08 1.059638e-07 -2.237014e-07 -7.652942e-08 -2.354751e-08
<VARIANCE> 12
 1.994781e+01 4.071850e+01 8.770911e+01 1.068746e+02 8.716141e+01 3.136628e+01 4.509505e+01 6.768817e+01 5.411755e+01 6.346820e+01 3.973965e+01 5.852866e+01
<GCONST> 6.973075e+01
<STATE> 10
<MEAN> 12
 -2.354751e-07 -1.412851e-07 5.710272e-07 -1.648326e-07 -6.711041e-07 -6.593304e-07 -4.120815e-08 9.419006e-08 1.059638e-07 -2.237014e-07 -7.652942e-08 -2.354751e-08
<VARIANCE> 12
 1.994781e+01 4.071850e+01 8.770911e+01 1.068746e+02 8.716141e+01 3.136628e+01 4.509505e+01 6.768817e+01 5.411755e+01 6.346820e+01 3.973965e+01 5.852866e+01
<GCONST> 6.973075e+01
<STATE> 11
<MEAN> 12
 -2.354751e-07 -1.412851e-07 5.710272e-07 -1.648326e-07 -6.711041e-07 -6.593304e-07 -4.120815e-08 9.419006e-08 1.059638e-07 -2.237014e-07 -7.652942e-08 -2.354751e-08
<VARIANCE> 12
 1.994781e+01 4.071850e+01 8.770911e+01 1.068746e+02 8.716141e+01 3.136628e+01 4.509505e+01 6.768817e+01 5.411755e+01 6.346820e+01 3.973965e+01 5.852866e+01
<GCONST> 6.973075e+01
<STATE> 12
<MEAN> 12
 -2.354751e-07 -1.412851e-07 5.710272e-07 -1.648326e-07 -6.711041e-07 -6.593304e-07 -4.120815e-08 9.419006e-08 1.059638e-07 -2.237014e-07 -7.652942e-08 -2.354751e-08
<VARIANCE> 12
 1.994781e+01 4.071850e+01 8.770911e+01 1.068746e+02 8.716141e+01 3.136628e+01 4.509505e+01 6.768817e+01 5.411755e+01 6.346820e+01 3.973965e+01 5.852866e+01
<GCONST> 6.973075e+01
<TRANSP> 13
 0.000000e+00 1.000000e+00 0.000000e+00 0.000000e+00 0.000000e+00 0.000000e+00 0.000000e+00 0.000000e+00 0.000000e+00 0.000000e+00 0.000000e+00 0.000000e+00 0.000000e+00
 0.000000e+00 9.000000e-01 9.999999e-02 0.000000e+00 0.000000e+00 0.000000e+00 0.000000e+00 0.000000e+00 0.000000e+00 0.000000e+00 0.000000e+00 0.000000e+00 0.000000e+00
 0.000000e+00 0.000000e+00 9.000000e-01 9.999999e-02 0.000000e+00 0.000000e+00 0.000000e+00 0.000000e+00 0.000000e+00 0.000000e+00 0.000000e+00 0.000000e+00 0.000000e+00
 0.000000e+00 0.000000e+00 0.000000e+00 9.000000e-01 9.999999e-02 0.000000e+00 0.000000e+00 0.000000e+00 0.000000e+00 0.000000e+00 0.000000e+00 0.000000e+00 0.000000e+00
 0.000000e+00 0.000000e+00 0.000000e+00 0.000000e+00 9.000000e-01 9.999999e-02 0.000000e+00 0.000000e+00 0.000000e+00 0.000000e+00 0.000000e+00 0.000000e+00 0.000000e+00
 0.000000e+00 0.000000e+00 0.000000e+00 0.000000e+00 0.000000e+00 9.000000e-01 9.999999e-02 0.000000e+00 0.000000e+00 0.000000e+00 0.000000e+00 0.000000e+00 0.000000e+00
 0.000000e+00 0.000000e+00 0.000000e+00 0.000000e+00 0.000000e+00 0.000000e+00 9.000000e-01 9.999999e-02 0.000000e+00 0.000000e+00 0.000000e+00 0.000000e+00 0.000000e+00
 0.000000e+00 0.000000e+00 0.000000e+00 0.000000e+00 0.000000e+00 0.000000e+00 0.000000e+00 9.000000e-01 9.999999e-02 0.000000e+00 0.000000e+00 0.000000e+00 0.000000e+00
 0.000000e+00 0.000000e+00 0.000000e+00 0.000000e+00 0.000000e+00 0.000000e+00 0.000000e+00 0.000000e+00 9.000000e-01 9.999999e-02 0.000000e+00 0.000000e+00 0.000000e+00
 0.000000e+00 0.000000e+00 0.000000e+00 0.000000e+00 0.000000e+00 0.000000e+00 0.000000e+00 0.000000e+00 0.000000e+00 9.000000e-01 9.999999e-02 0.000000e+00 0.000000e+00
 0.000000e+00 0.000000e+00 0.000000e+00 0.000000e+00 0.000000e+00 0.000000e+00 0.000000e+00 0.000000e+00 0.000000e+00 0.000000e+00 9.000000e-01 9.999999e-02 0.000000e+00
 0.000000e+00 0.000000e+00 0.000000e+00 0.000000e+00 0.000000e+00 0.000000e+00 0.000000e+00 0.000000e+00 0.000000e+00 0.000000e+00 0.000000e+00 9.000000e-01 9.999999e-02
 0.000000e+00 0.000000e+00 0.000000e+00 0.000000e+00 0.000000e+00 0.000000e+00 0.000000e+00 0.000000e+00 0.000000e+00 0.000000e+00 0.000000e+00 0.000000e+00 0.000000e+00
<ENDHMM>
