~o
<STREAMINFO> 1 12
<VECSIZE> 12<NULLD><MFCC_Z><DIAGC>
~h "s075"
<BEGINHMM>
<NUMSTATES> 8
<STATE> 2
<MEAN> 12
 -6.364805e+00 -1.343886e+01 3.118179e+00 7.994354e+00 -5.816621e-01 2.070018e+00 1.323998e+00 -5.078357e+00 -9.020041e-01 -7.414857e+00 -4.278032e+00 -5.628429e+00
<VARIANCE> 12
 2.687180e+01 3.921329e+01 2.526113e+00 2.388843e+01 2.927850e+01 2.700968e+01 3.658824e+01 3.160035e+01 7.368163e+01 2.525464e+01 1.029123e+01 4.858801e+01
<GCONST> 6.058407e+01
<STATE> 3
<MEAN> 12
 -4.068985e+00 -1.003533e+01 -1.355891e+00 -2.794675e+00 -3.397801e+00 6.373610e+00 -3.317108e+00 -2.556687e+00 -4.403792e+00 -6.152380e+00 3.458340e+00 -2.945249e+00
<VARIANCE> 12
 7.495390e+00 4.483691e+01 8.993993e+00 2.142670e+01 2.331286e+01 1.862154e+01 1.422757e+01 9.571700e+00 4.210529e+01 1.749651e+01 2.271807e+01 2.297613e+01
<GCONST> 5.698015e+01
<STATE> 4
<MEAN> 12
 -1.844018e+00 1.589170e+00 -1.503706e+00 3.981818e+00 2.977036e-01 7.297801e+00 2.659142e+00 1.009777e+00 1.869980e+00 5.370287e-01 6.467525e+00 -2.302494e-01
<VARIANCE> 12
 1.715499e+01 1.919143e+01 9.319362e+00 2.155674e+01 2.495453e+01 1.578452e+01 2.967188e+01 1.237847e+01 1.967295e+01 2.853433e+01 1.313568e+01 9.294441e+00
<GCONST> 5.617141e+01
<STATE> 5
<MEAN> 12
 -1.988045e-01 1.047829e+01 2.400399e+00 7.572406e-01 4.704387e+00 -3.244651e-01 1.506130e-01 3.884131e+00 1.986235e+00 2.834994e-01 2.226708e+00 -1.143881e+00
<VARIANCE> 12
 1.340558e+01 2.352698e+01 1.593196e+01 2.410483e+01 5.891625e+00 3.107355e+01 1.526717e+01 1.623785e+01 6.535337e+00 1.019077e+01 1.539856e+01 9.281679e+00
<GCONST> 5.364304e+01
<STATE> 6
<MEAN> 12
 4.120226e+00 1.143496e+01 1.905847e+00 -1.087002e+01 7.476982e-01 -4.273401e+00 7.809992e-01 8.324346e+00 -5.178263e-02 9.993758e-01 1.841160e+00 1.487271e+00
<VARIANCE> 12
 7.495390e+00 1.919143e+01 4.319662e+00 1.817067e+01 4.641621e+00 1.578452e+01 5.124170e+00 1.024003e+01 8.853815e+00 1.111874e+01 9.800009e+00 1.895569e+01
<GCONST> 4.945459e+01
<STATE> 7
<MEAN> 12
 8.390957e+00 2.648491e+00 -2.588636e+00 -4.402679e+00 -1.416082e+00 -1.242672e+01 -2.283799e+00 -2.260669e+00 2.204089e-01 9.124061e+00 -9.149866e+00 7.118278e+00
<VARIANCE> 12
 7.495390e+00 1.919143e+01 4.206079e+00 4.114796e+01 1.129043e+01 5.414033e+01 4.673544e+00 2.567416e+01 1.777564e+01 9.845312e+00 2.719523e+01 6.917931e+00
<GCONST> 5.378190e+01
<TRANSP> 8
 0.000000e+00 1.000000e+00 0.000000e+00 0.000000e+00 0.000000e+00 0.000000e+00 0.000000e+00 0.000000e+00
 0.000000e+00 8.805479e-01 1.194521e-01 0.000000e+00 0.000000e+00 0.000000e+00 0.000000e+00 0.000000e+00
 0.000000e+00 0.000000e+00 8.649248e-01 1.350752e-01 0.000000e+00 0.000000e+00 0.000000e+00 0.000000e+00
 0.000000e+00 0.000000e+00 0.000000e+00 9.165450e-01 8.345503e-02 0.000000e+00 0.000000e+00 0.000000e+00
 0.000000e+00 0.000000e+00 0.000000e+00 0.000000e+00 8.737950e-01 1.262050e-01 0.000000e+00 0.000000e+00
 0.000000e+00 0.000000e+00 0.000000e+00 0.000000e+00 0.000000e+00 8.010210e-01 1.989790e-01 0.000000e+00
 0.000000e+00 0.000000e+00 0.000000e+00 0.000000e+00 0.000000e+00 0.000000e+00 9.028503e-01 9.714977e-02
 0.000000e+00 0.000000e+00 0.000000e+00 0.000000e+00 0.000000e+00 0.000000e+00 0.000000e+00 0.000000e+00
<ENDHMM>
