~o
<STREAMINFO> 1 12
<VECSIZE> 12<NULLD><MFCC_Z><DIAGC>
~h "s074"
<BEGINHMM>
<NUMSTATES> 11
<STATE> 2
<MEAN> 12
 -8.467973e+00 1.215320e+01 7.835357e-01 -1.268798e+01 -6.210240e+00 -3.653660e+00 -7.738085e+00 3.943561e+00 -6.723658e-01 -1.002957e+01 -2.551885e+00 -4.628841e+00
<VARIANCE> 12
 8.009768e+00 7.031583e+00 7.724076e+00 1.670651e+02 2.330410e+01 1.419164e+01 1.064264e+01 5.088618e+01 1.800079e+01 1.703916e+01 1.189813e+01 7.261536e+01
<GCONST> 5.783155e+01
<STATE> 3
<MEAN> 12
 -2.489296e+00 4.143892e+00 2.533850e+00 -1.617066e+01 -1.276978e+01 -2.822948e+00 -9.055569e+00 1.202892e+01 -1.442594e+00 5.844615e+00 1.966494e+00 -1.276609e+01
<VARIANCE> 12
 5.873817e+00 1.041643e+01 2.646152e+01 1.967155e+01 7.859087e+00 6.909575e+00 1.064264e+01 1.235894e+01 2.351710e+01 9.045403e+00 2.165329e+01 2.435909e+01
<GCONST> 5.292515e+01
<STATE> 4
<MEAN> 12
 6.149866e+00 3.596884e+00 -2.894758e+00 -1.080901e+01 2.112105e+00 -3.737674e+00 -8.212448e+00 3.845399e+00 -4.749218e+00 7.447292e+00 -1.510940e+00 7.247359e+00
<VARIANCE> 12
 4.468527e+00 7.031583e+00 1.113329e+01 1.967155e+01 1.416366e+01 2.329046e+01 1.214347e+01 2.115291e+01 3.218422e+01 9.170097e+00 9.673149e+00 2.729428e+01
<GCONST> 5.350186e+01
<STATE> 5
<MEAN> 12
 5.373704e+00 4.017744e+00 4.394319e+00 7.190948e+00 5.921594e-01 2.266983e+00 -4.176049e+00 7.843108e+00 3.880641e+00 4.927124e-01 -7.623078e-01 1.999734e+00
<VARIANCE> 12
 8.577977e+00 7.031583e+00 4.421881e+00 2.037733e+01 7.859087e+00 1.667827e+01 2.312290e+01 1.581075e+01 1.918220e+01 2.278506e+01 1.703518e+01 7.192295e+00
<GCONST> 5.232080e+01
<STATE> 6
<MEAN> 12
 -1.398803e+00 -2.812963e-01 -1.204228e+00 1.295972e+01 4.708246e+00 3.444041e+00 4.706434e+00 6.405669e+00 7.718551e+00 -5.080573e+00 2.320072e+00 4.220099e+00
<VARIANCE> 12
 3.363313e+01 7.031583e+00 7.575543e+00 1.967155e+01 1.984534e+01 2.104362e+01 1.248806e+01 1.235894e+01 1.075828e+01 6.192310e+01 3.346249e+01 7.192295e+00
<GCONST> 5.558327e+01
<STATE> 7
<MEAN> 12
 1.176730e+00 -4.912066e+00 -1.161006e+00 1.456624e+01 1.254015e+01 -3.823629e+00 1.398861e+01 -2.475058e+00 -1.049648e+01 -1.113190e+01 6.279068e+00 2.032284e+00
<VARIANCE> 12
 4.468527e+00 7.031583e+00 3.438447e+00 1.967155e+01 7.859087e+00 4.650948e+00 1.064264e+01 1.278882e+01 1.978955e+01 1.398187e+01 5.942488e+00 1.489245e+01
<GCONST> 4.833427e+01
<STATE> 8
<MEAN> 12
 -3.221816e+00 -9.930536e+00 -1.380810e+00 3.540926e+00 7.100641e+00 -4.384998e+00 1.253465e+01 -1.177196e+01 -7.167069e+00 4.360251e+00 9.359964e+00 -6.802752e+00
<VARIANCE> 12
 4.468527e+00 7.031583e+00 1.890347e+00 1.967155e+01 1.247744e+01 8.041733e+00 1.064264e+01 1.812815e+01 1.140502e+01 9.045403e+00 1.571497e+01 7.192295e+00
<GCONST> 4.835276e+01
<STATE> 9
<MEAN> 12
 -1.495461e+00 -7.820496e+00 -1.003674e+00 -1.705834e+00 -3.397700e+00 8.532609e-01 5.351390e+00 -1.339861e+01 3.474097e+00 2.499868e+00 -5.410891e+00 -2.903596e+00
<VARIANCE> 12
 1.414235e+01 7.031583e+00 3.145024e+00 1.967155e+01 1.493563e+01 6.792159e+00 1.064264e+01 1.235894e+01 1.404810e+01 1.972700e+01 1.898540e+01 7.192295e+00
<GCONST> 5.081903e+01
<STATE> 10
<MEAN> 12
 1.807272e+00 -3.326262e+00 9.257996e-01 1.286108e+00 -4.854828e+00 7.056064e+00 -2.500771e+00 -5.010580e+00 2.652934e+00 4.413089e+00 -3.686542e+00 2.277782e+00
<VARIANCE> 12
 4.468527e+00 8.122803e+00 1.168862e+01 1.967155e+01 1.071269e+01 2.030567e+01 1.549396e+01 2.000599e+01 1.555387e+01 9.962523e+00 1.692013e+01 1.275412e+01
<GCONST> 5.262035e+01
<TRANSP> 11
 0.000000e+00 1.000000e+00 0.000000e+00 0.000000e+00 0.000000e+00 0.000000e+00 0.000000e+00 0.000000e+00 0.000000e+00 0.000000e+00 0.000000e+00
 0.000000e+00 8.751755e-01 1.248245e-01 0.000000e+00 0.000000e+00 0.000000e+00 0.000000e+00 0.000000e+00 0.000000e+00 0.000000e+00 0.000000e+00
 0.000000e+00 0.000000e+00 7.493124e-01 2.506876e-01 0.000000e+00 0.000000e+00 0.000000e+00 0.000000e+00 0.000000e+00 0.000000e+00 0.000000e+00
 0.000000e+00 0.000000e+00 0.000000e+00 8.911659e-01 1.088342e-01 0.000000e+00 0.000000e+00 0.000000e+00 0.000000e+00 0.000000e+00 0.000000e+00
 0.000000e+00 0.000000e+00 0.000000e+00 0.000000e+00 8.719488e-01 1.280512e-01 0.000000e+00 0.000000e+00 0.000000e+00 0.000000e+00 0.000000e+00
 0.000000e+00 0.000000e+00 0.000000e+00 0.000000e+00 0.000000e+00 8.880616e-01 1.119384e-01 0.000000e+00 0.000000e+00 0.000000e+00 0.000000e+00
 0.000000e+00 0.000000e+00 0.000000e+00 0.000000e+00 0.000000e+00 0.000000e+00 8.021532e-01 1.978468e-01 0.000000e+00 0.000000e+00 0.000000e+00
 0.000000e+00 0.000000e+00 0.000000e+00 0.000000e+00 0.000000e+00 0.000000e+00 0.000000e+00 8.331334e-01 1.668666e-01 0.000000e+00 0.000000e+00
 0.000000e+00 0.000000e+00 0.000000e+00 0.000000e+00 0.000000e+00 0.000000e+00 0.000000e+00 0.000000e+00 8.710328e-01 1.289672e-01 0.000000e+00
 0.000000e+00 0.000000e+00 0.000000e+00 0.000000e+00 0.000000e+00 0.000000e+00 0.000000e+00 0.000000e+00 0.000000e+00 8.920953e-01 1.079048e-01
 0.000000e+00 0.000000e+00 0.000000e+00 0.000000e+00 0.000000e+00 0.000000e+00 0.000000e+00 0.000000e+00 0.000000e+00 0.000000e+00 0.000000e+00
<ENDHMM>
