~o
<STREAMINFO> 1 12
<VECSIZE> 12<NULLD><MFCC_Z><DIAGC>
~h "s033"
<BEGINHMM>
<NUMSTATES> 8
<STATE> 2
<MEAN> 12
 -4.498464e-08 -8.367143e-07 -5.668064e-07 2.249232e-07 4.498464e-08 -3.958648e-07 -2.968986e-07 1.439508e-07 -1.799386e-07 -1.237078e-08 2.609109e-07 1.551970e-07
<VARIANCE> 12
 5.600502e+01 5.338558e+01 1.031057e+02 3.590121e+01 2.758752e+01 4.800790e+01 2.856336e+01 5.074282e+01 6.365060e+01 3.167530e+01 3.264740e+01 4.457555e+01
<GCONST> 6.763355e+01
<STATE> 3
<MEAN> 12
 -4.498464e-08 -8.367143e-07 -5.668064e-07 2.249232e-07 4.498464e-08 -3.958648e-07 -2.968986e-07 1.439508e-07 -1.799386e-07 -1.237078e-08 2.609109e-07 1.551970e-07
<VARIANCE> 12
 5.600502e+01 5.338558e+01 1.031057e+02 3.590121e+01 2.758752e+01 4.800790e+01 2.856336e+01 5.074282e+01 6.365060e+01 3.167530e+01 3.264740e+01 4.457555e+01
<GCONST> 6.763355e+01
<STATE> 4
<MEAN> 12
 -4.498464e-08 -8.367143e-07 -5.668064e-07 2.249232e-07 4.498464e-08 -3.958648e-07 -2.968986e-07 1.439508e-07 -1.799386e-07 -1.237078e-08 2.609109e-07 1.551970e-07
<VARIANCE> 12
 5.600502e+01 5.338558e+01 1.031057e+02 3.590121e+01 2.758752e+01 4.800790e+01 2.856336e+01 5.074282e+01 6.365060e+01 3.167530e+01 3.264740e+01 4.457555e+01
<GCONST> 6.763355e+01
<STATE> 5
<MEAN> 12
 -4.498464e-08 -8.367143e-07 -5.668064e-07 2.249232e-07 4.498464e-08 -3.958648e-07 -2.968986e-07 1.439508e-07 -1.799386e-07 -1.237078e-08 2.609109e-07 1.551970e-07
<VARIANCE> 12
 5.600502e+01 5.338558e+01 1.031057e+02 3.590121e+01 2.758752e+01 4.800790e+01 2.856336e+01 5.074282e+01 6.365060e+01 3.167530e+01 3.264740e+01 4.457555e+01
<GCONST> 6.763355e+01
<STATE> 6
<MEAN> 12
 -4.498464e-08 -8.367143e-07 -5.668064e-07 2.249232e-07 4.498464e-08 -3.958648e-07 -2.968986e-07 1.439508e-07 -1.799386e-07 -1.237078e-08 2.609109e-07 1.551970e-07
<VARIANCE> 12
 5.600502e+01 5.338558e+01 1.031057e+02 3.590121e+01 2.758752e+01 4.800790e+01 2.856336e+01 5.074282e+01 6.365060e+01 3.167530e+01 3.264740e+01 4.457555e+01
<GCONST> 6.763355e+01
<STATE> 7
<MEAN> 12
 -4.498464e-08 -8.367143e-07 -5.668064e-07 2.249232e-07 4.498464e-08 -3.958648e-07 -2.968986e-07 1.439508e-07 -1.799386e-07 -1.237078e-08 2.609109e-07 1.551970e-07
<VARIANCE> 12
 5.600502e+01 5.338558e+01 1.031057e+02 3.590121e+01 2.758752e+01 4.800790e+01 2.856336e+01 5.074282e+01 6.365060e+01 3.167530e+01 3.264740e+01 4.457555e+01
<GCONST> 6.763355e+01
<TRANSP> 8
 0.000000e+00 1.000000e+00 0.000000e+00 0.000000e+00 0.000000e+00 0.000000e+00 0.000000e+00 0.000000e+00
 0.000000e+00 9.000000e-01 9.999999e-02 0.000000e+00 0.000000e+00 0.000000e+00 0.000000e+00 0.000000e+00
 0.000000e+00 0.000000e+00 9.000000e-01 9.999999e-02 0.000000e+00 0.000000e+00 0.000000e+00 0.000000e+00
 0.000000e+00 0.000000e+00 0.000000e+00 9.000000e-01 9.999999e-02 0.000000e+00 0.000000e+00 0.000000e+00
 0.000000e+00 0.000000e+00 0.000000e+00 0.000000e+00 9.000000e-01 9.999999e-02 0.000000e+00 0.000000e+00
 0.000000e+00 0.000000e+00 0.000000e+00 0.000000e+00 0.000000e+00 9.000000e-01 9.999999e-02 0.000000e+00
 0.000000e+00 0.000000e+00 0.000000e+00 0.000000e+00 0.000000e+00 0.000000e+00 9.000000e-01 9.999999e-02
 0.000000e+00 0.000000e+00 0.000000e+00 0.000000e+00 0.000000e+00 0.000000e+00 0.000000e+00 0.000000e+00
<ENDHMM>
