~o
<STREAMINFO> 1 12
<VECSIZE> 12<NULLD><MFCC_Z><DIAGC>
~h "s001"
<BEGINHMM>
<NUMSTATES> 8
<STATE> 2
<MEAN> 12
 1.395931e+00 4.026476e-01 -2.042207e-01 1.561173e+00 -4.232915e+00 2.115775e+00 9.447692e+00 1.166407e+00 -1.865352e+00 3.868241e+00 -7.617468e-01 1.879321e+00
<VARIANCE> 12
 2.346667e+01 4.447229e+01 1.716848e+01 1.550109e+01 3.730464e+01 1.516455e+01 2.859982e+01 5.305538e+01 8.779242e+00 8.357993e+00 2.124963e+01 3.510352e+00
<GCONST> 5.685944e+01
<STATE> 3
<MEAN> 12
 -5.976727e+00 -1.727298e+00 -1.771980e+00 -2.728982e+00 -6.587222e-01 3.939186e+00 -3.604366e+00 -6.417298e+00 1.350352e+00 -1.921078e-01 -4.849015e-01 2.669309e+00
<VARIANCE> 12
 3.283890e+00 2.096917e+01 4.812870e+00 4.178581e+01 9.637916e+00 1.512060e+01 2.864890e+01 7.131987e+00 6.421690e+00 2.528294e+01 1.694175e+01 7.060540e+00
<GCONST> 5.176603e+01
<STATE> 4
<MEAN> 12
 -1.728800e+00 1.253013e+01 -6.518203e+00 -1.293667e+01 -3.715791e+00 2.205779e+00 -7.808383e+00 1.667783e+00 3.162448e+00 -7.626848e+00 2.273473e+00 -5.676186e+00
<VARIANCE> 12
 2.943547e+00 1.455211e+01 1.463698e+01 1.483198e+01 8.089972e+00 2.357019e+01 2.038626e+01 1.466628e+01 1.164228e+01 1.390028e+01 1.084669e+01 2.196628e+01
<GCONST> 5.270315e+01
<STATE> 5
<MEAN> 12
 -1.338115e+00 1.761861e+00 3.472804e+00 -4.931733e+00 -9.967605e-01 1.519776e+01 -3.719316e+00 1.218398e+00 2.253927e+00 -4.175885e+00 3.248477e+00 4.989285e+00
<VARIANCE> 12
 2.234340e+00 1.301953e+01 1.152408e+01 1.951467e+01 1.323046e+01 1.128202e+01 8.141174e+00 5.235564e+00 4.752783e+00 1.188951e+01 1.615171e+01 4.918434e+00
<GCONST> 4.800807e+01
<STATE> 6
<MEAN> 12
 2.425090e+00 -3.472671e+00 8.291928e+00 4.488753e+00 2.186847e+00 3.698917e+00 1.345817e-01 3.567995e+00 -2.504408e+00 6.256763e+00 -2.076897e+00 2.124817e+00
<VARIANCE> 12
 2.234340e+00 1.301953e+01 4.812870e+00 2.282052e+01 4.313819e+00 2.131804e+01 8.141174e+00 3.760643e+00 7.304975e+00 1.478024e+01 1.403570e+01 6.624162e+00
<GCONST> 4.728095e+01
<STATE> 7
<MEAN> 12
 2.584430e+00 -8.931946e+00 4.006886e+00 1.004927e+01 5.042397e+00 -6.501832e+00 2.981875e+00 -2.684403e-01 -1.787653e+00 3.308499e+00 -1.137140e+00 1.598686e+00
<VARIANCE> 12
 3.411777e+00 1.301953e+01 7.757262e+00 1.483198e+01 7.412374e+00 1.529285e+01 9.407538e+00 1.066276e+01 8.885849e+00 2.158762e+01 2.699533e+01 1.084634e+01
<GCONST> 5.086850e+01
<TRANSP> 8
 0.000000e+00 1.000000e+00 0.000000e+00 0.000000e+00 0.000000e+00 0.000000e+00 0.000000e+00 0.000000e+00
 0.000000e+00 8.892705e-01 1.107295e-01 0.000000e+00 0.000000e+00 0.000000e+00 0.000000e+00 0.000000e+00
 0.000000e+00 0.000000e+00 8.497155e-01 1.502846e-01 0.000000e+00 0.000000e+00 0.000000e+00 0.000000e+00
 0.000000e+00 0.000000e+00 0.000000e+00 9.274772e-01 7.252270e-02 0.000000e+00 0.000000e+00 0.000000e+00
 0.000000e+00 0.000000e+00 0.000000e+00 0.000000e+00 4.136454e-01 5.863546e-01 0.000000e+00 0.000000e+00
 0.000000e+00 0.000000e+00 0.000000e+00 0.000000e+00 0.000000e+00 6.974846e-01 3.025154e-01 0.000000e+00
 0.000000e+00 0.000000e+00 0.000000e+00 0.000000e+00 0.000000e+00 0.000000e+00 9.429064e-01 5.709366e-02
 0.000000e+00 0.000000e+00 0.000000e+00 0.000000e+00 0.000000e+00 0.000000e+00 0.000000e+00 0.000000e+00
<ENDHMM>
