~o
<STREAMINFO> 1 12
<VECSIZE> 12<NULLD><MFCC_Z><DIAGC>
~h "s066"
<BEGINHMM>
<NUMSTATES> 8
<STATE> 2
<MEAN> 12
 -4.126476e-07 -3.667978e-07 -2.796833e-07 1.100393e-06 -3.117781e-07 -2.934383e-07 -1.925688e-07 3.667978e-08 -2.521735e-07 5.501967e-08 2.750984e-08 -6.877459e-08
<VARIANCE> 12
 8.628908e+00 1.584217e+01 2.039013e+01 1.060246e+02 6.810051e+01 8.054070e+01 2.849520e+01 2.863621e+01 3.179795e+01 3.009091e+01 3.200154e+01 5.637317e+01
<GCONST> 6.432660e+01
<STATE> 3
<MEAN> 12
 -4.126476e-07 -3.667978e-07 -2.796833e-07 1.100393e-06 -3.117781e-07 -2.934383e-07 -1.925688e-07 3.667978e-08 -2.521735e-07 5.501967e-08 2.750984e-08 -6.877459e-08
<VARIANCE> 12
 8.628908e+00 1.584217e+01 2.039013e+01 1.060246e+02 6.810051e+01 8.054070e+01 2.849520e+01 2.863621e+01 3.179795e+01 3.009091e+01 3.200154e+01 5.637317e+01
<GCONST> 6.432660e+01
<STATE> 4
<MEAN> 12
 -4.126476e-07 -3.667978e-07 -2.796833e-07 1.100393e-06 -3.117781e-07 -2.934383e-07 -1.925688e-07 3.667978e-08 -2.521735e-07 5.501967e-08 2.750984e-08 -6.877459e-08
<VARIANCE> 12
 8.628908e+00 1.584217e+01 2.039013e+01 1.060246e+02 6.810051e+01 8.054070e+01 2.849520e+01 2.863621e+01 3.179795e+01 3.009091e+01 3.200154e+01 5.637317e+01
<GCONST> 6.432660e+01
<STATE> 5
<MEAN> 12
 -4.126476e-07 -3.667978e-07 -2.796833e-07 1.100393e-06 -3.117781e-07 -2.934383e-07 -1.925688e-07 3.667978e-08 -2.521735e-07 5.501967e-08 2.750984e-08 -6.877459e-08
<VARIANCE> 12
 8.628908e+00 1.584217e+01 2.039013e+01 1.060246e+02 6.810051e+01 8.054070e+01 2.849520e+01 2.863621e+01 3.179795e+01 3.009091e+01 3.200154e+01 5.637317e+01
<GCONST> 6.432660e+01
<STATE> 6
<MEAN> 12
 -4.126476e-07 -3.667978e-07 -2.796833e-07 1.100393e-06 -3.117781e-07 -2.934383e-07 -1.925688e-07 3.667978e-08 -2.521735e-07 5.501967e-08 2.750984e-08 -6.877459e-08
<VARIANCE> 12
 8.628908e+00 1.584217e+01 2.039013e+01 1.060246e+02 6.810051e+01 8.054070e+01 2.849520e+01 2.863621e+01 3.179795e+01 3.009091e+01 3.200154e+01 5.637317e+01
<GCONST> 6.432660e+01
<STATE> 7
<MEAN> 12
 -4.126476e-07 -3.667978e-07 -2.796833e-07 1.100393e-06 -3.117781e-07 -2.934383e-07 -1.925688e-07 3.667978e-08 -2.521735e-07 5.501967e-08 2.750984e-08 -6.877459e-08
<VARIANCE> 12
 8.628908e+00 1.584217e+01 2.039013e+01 1.060246e+02 6.810051e+01 8.054070e+01 2.849520e+01 2.863621e+01 3.179795e+01 3.009091e+01 3.200154e+01 5.637317e+01
<GCONST> 6.432660e+01
<TRANSP> 8
 0.000000e+00 1.000000e+00 0.000000e+00 0.000000e+00 0.000000e+00 0.000000e+00 0.000000e+00 0.000000e+00
 0.000000e+00 9.000000e-01 9.999999e-02 0.000000e+00 0.000000e+00 0.000000e+00 0.000000e+00 0.000000e+00
 0.000000e+00 0.000000e+00 9.000000e-01 9.999999e-02 0.000000e+00 0.000000e+00 0.000000e+00 0.000000e+00
 0.000000e+00 0.000000e+00 0.000000e+00 9.000000e-01 9.999999e-02 0.000000e+00 0.000000e+00 0.000000e+00
 0.000000e+00 0.000000e+00 0.000000e+00 0.000000e+00 9.000000e-01 9.999999e-02 0.000000e+00 0.000000e+00
 0.000000e+00 0.000000e+00 0.000000e+00 0.000000e+00 0.000000e+00 9.000000e-01 9.999999e-02 0.000000e+00
 0.000000e+00 0.000000e+00 0.000000e+00 0.000000e+00 0.000000e+00 0.000000e+00 9.000000e-01 9.999999e-02
 0.000000e+00 0.000000e+00 0.000000e+00 0.000000e+00 0.000000e+00 0.000000e+00 0.000000e+00 0.000000e+00
<ENDHMM>
