~o
<STREAMINFO> 1 12
<VECSIZE> 12<NULLD><MFCC_Z><DIAGC>
~h "T1375864603"
<BEGINHMM>
<NUMSTATES> 5
<STATE> 2
<MEAN> 12
 -1.032212e+00 -9.845288e-01 1.133984e-01 2.207826e+00 3.173046e+00 -2.023550e-01 4.320000e+00 3.606291e-01 -5.029129e-01 9.999395e-01 -3.496024e-01 1.580566e+00
<VARIANCE> 12
 1.493840e+00 2.867887e+00 1.582973e+01 9.714736e+00 1.531111e+01 7.215066e+00 7.182350e+00 6.060551e+00 2.883082e+00 4.881562e+00 3.346838e+00 4.680532e+00
<GCONST> 4.241891e+01
<STATE> 3
<MEAN> 12
 -2.351886e-03 2.058249e+00 -2.530335e+00 -3.147577e+00 -4.636349e+00 -1.249153e+00 -1.074218e+00 5.925333e-02 1.097396e+00 -1.418301e+00 5.527319e-01 -2.651119e+00
<VARIANCE> 12
 3.509314e+00 7.765275e+00 4.121218e+01 7.224136e+00 1.432584e+01 7.644871e+00 4.141560e+01 6.236319e+00 1.130864e+01 1.208449e+01 2.725964e+00 1.115287e+01
<GCONST> 4.963793e+01
<STATE> 4
<MEAN> 12
 1.271712e+00 -2.369901e+00 4.260653e+00 2.761799e+00 4.165184e+00 2.420605e+00 -3.437376e+00 -5.459065e-01 -1.290613e+00 1.238175e+00 -5.317722e-01 2.668886e+00
<VARIANCE> 12
 2.512592e+00 1.206684e+00 1.239594e+01 5.281182e+00 4.971925e+00 2.284884e+01 9.269199e+00 6.917001e+00 1.320407e+01 1.167915e+01 5.254381e+00 7.180723e+00
<GCONST> 4.490741e+01
<TRANSP> 5
 0.000000e+00 1.000000e+00 0.000000e+00 0.000000e+00 0.000000e+00
 0.000000e+00 8.958007e-01 1.041993e-01 0.000000e+00 0.000000e+00
 0.000000e+00 0.000000e+00 9.264078e-01 7.359216e-02 0.000000e+00
 0.000000e+00 0.000000e+00 0.000000e+00 8.720345e-01 1.279655e-01
 0.000000e+00 0.000000e+00 0.000000e+00 0.000000e+00 0.000000e+00
<ENDHMM>
