~o
<STREAMINFO> 1 12
<VECSIZE> 12<NULLD><MFCC_Z><DIAGC>
~h "s025"
<BEGINHMM>
<NUMSTATES> 12
<STATE> 2
<MEAN> 12
 -2.234373e-01 -4.691016e-01 3.628732e+00 7.904261e-01 -5.027482e+00 9.423913e-01 1.695958e+00 2.065536e+00 4.077531e+00 6.588753e+00 3.532025e+00 3.619400e+00
<VARIANCE> 12
 1.091875e+01 1.696450e+01 3.318773e+01 6.357845e+01 1.028434e+01 3.030096e+01 2.430098e+01 7.903445e+01 4.636085e+01 2.211474e+01 1.240239e+01 3.841190e+01
<GCONST> 6.133175e+01
<STATE> 3
<MEAN> 12
 -1.256645e+00 -1.334145e+00 -1.074670e+00 -7.214531e-02 -3.507039e+00 -3.520787e+00 3.922093e-01 7.531105e+00 7.693060e-01 4.206377e+00 3.074224e+00 1.571404e+00
<VARIANCE> 12
 1.434606e+01 2.722846e+01 2.014796e+01 2.769434e+01 2.009320e+01 2.876965e+01 1.491634e+01 6.825378e+01 3.802217e+01 3.373027e+01 1.791687e+01 4.522441e+01
<GCONST> 6.148593e+01
<STATE> 4
<MEAN> 12
 -2.471272e+00 1.016819e+00 -2.106884e+00 6.931705e-01 -1.813291e+00 -4.400534e+00 -1.179193e+00 6.037866e+00 -9.360309e-01 1.681942e+00 2.471714e+00 -7.084923e-01
<VARIANCE> 12
 1.811558e+01 3.506465e+01 1.225749e+01 2.170388e+01 2.021923e+01 2.075500e+01 3.050199e+01 7.695734e+01 2.090800e+01 3.091387e+01 2.029269e+01 5.377291e+01
<GCONST> 6.135896e+01
<STATE> 5
<MEAN> 12
 -3.629214e+00 4.040761e+00 -1.474539e+00 -2.556485e-01 -7.446340e-01 -2.966675e+00 -3.534224e+00 2.926215e+00 -4.138802e-01 -4.490824e-02 1.564130e+00 -3.700868e+00
<VARIANCE> 12
 1.394592e+01 2.428941e+01 1.185441e+01 2.645194e+01 1.619478e+01 1.834956e+01 3.738252e+01 6.460307e+01 1.405743e+01 3.062937e+01 2.291318e+01 5.814209e+01
<GCONST> 6.037126e+01
<STATE> 6
<MEAN> 12
 -3.432643e+00 5.239513e+00 -2.223741e-01 -1.671950e+00 1.263141e-01 -9.743373e-01 -4.934412e+00 1.238635e+00 1.666029e-01 -6.707850e-01 3.085600e-01 -5.545622e+00
<VARIANCE> 12
 1.109385e+01 1.222586e+01 1.719285e+01 3.861168e+01 1.443054e+01 1.878580e+01 3.540841e+01 4.866625e+01 1.104951e+01 3.284998e+01 2.858334e+01 5.172986e+01
<GCONST> 5.971009e+01
<STATE> 7
<MEAN> 12
 -2.103743e+00 4.383177e+00 9.694082e-01 -3.461861e+00 9.638942e-01 8.832530e-01 -4.675674e+00 7.280312e-01 5.126532e-01 -5.076140e-01 -1.565938e+00 -4.487464e+00
<VARIANCE> 12
 1.384245e+01 1.281516e+01 2.585260e+01 5.294877e+01 1.508474e+01 2.118605e+01 4.058020e+01 5.049846e+01 1.023909e+01 3.566901e+01 3.617952e+01 5.595202e+01
<GCONST> 6.136037e+01
<STATE> 8
<MEAN> 12
 2.500810e-02 2.005073e+00 8.461595e-01 -4.853189e+00 1.808723e+00 2.018382e+00 -2.703491e+00 -3.164985e-01 9.288682e-01 -1.138961e+00 -3.680106e+00 -1.091974e+00
<VARIANCE> 12
 2.088816e+01 2.077130e+01 3.655154e+01 5.960483e+01 1.702386e+01 2.268189e+01 5.467746e+01 6.538419e+01 9.914956e+00 3.999495e+01 3.593435e+01 6.002402e+01
<GCONST> 6.361090e+01
<STATE> 9
<MEAN> 12
 2.813652e+00 -1.426226e+00 -7.216818e-01 -3.356935e+00 2.835781e+00 1.992050e+00 9.363270e-01 -3.328644e+00 8.848367e-01 -3.269077e+00 -4.465921e+00 2.327729e+00
<VARIANCE> 12
 2.350465e+01 2.639166e+01 4.062217e+01 7.444727e+01 1.801156e+01 2.198763e+01 6.000705e+01 7.406339e+01 1.192091e+01 4.032826e+01 2.827640e+01 4.162905e+01
<GCONST> 6.412623e+01
<STATE> 10
<MEAN> 12
 5.138579e+00 -5.129161e+00 -1.100447e+00 2.586220e+00 3.313439e+00 1.903702e+00 5.286613e+00 -7.226274e+00 -8.712629e-01 -4.735578e+00 -2.760935e+00 3.670695e+00
<VARIANCE> 12
 1.348958e+01 2.030989e+01 3.275662e+01 9.738285e+01 1.562766e+01 1.840188e+01 4.250203e+01 4.956342e+01 2.131902e+01 2.881019e+01 2.387715e+01 1.910196e+01
<GCONST> 6.159265e+01
<STATE> 11
<MEAN> 12
 5.139733e+00 -8.326732e+00 1.256381e+00 9.602150e+00 2.044270e+00 4.122710e+00 8.716090e+00 -9.656335e+00 -5.118641e+00 -2.109982e+00 1.522377e+00 4.345160e+00
<VARIANCE> 12
 5.156509e+00 9.375477e+00 1.922079e+01 5.510660e+01 1.055530e+01 1.885975e+01 1.781037e+01 1.698340e+01 2.843975e+01 2.731590e+01 2.261199e+01 2.129393e+01
<GCONST> 5.673598e+01
<TRANSP> 12
 0.000000e+00 1.000000e+00 0.000000e+00 0.000000e+00 0.000000e+00 0.000000e+00 0.000000e+00 0.000000e+00 0.000000e+00 0.000000e+00 0.000000e+00 0.000000e+00
 0.000000e+00 8.611112e-01 1.388889e-01 0.000000e+00 0.000000e+00 0.000000e+00 0.000000e+00 0.000000e+00 0.000000e+00 0.000000e+00 0.000000e+00 0.000000e+00
 0.000000e+00 0.000000e+00 8.611111e-01 1.388889e-01 0.000000e+00 0.000000e+00 0.000000e+00 0.000000e+00 0.000000e+00 0.000000e+00 0.000000e+00 0.000000e+00
 0.000000e+00 0.000000e+00 0.000000e+00 8.611110e-01 1.388889e-01 0.000000e+00 0.000000e+00 0.000000e+00 0.000000e+00 0.000000e+00 0.000000e+00 0.000000e+00
 0.000000e+00 0.000000e+00 0.000000e+00 0.000000e+00 8.611111e-01 1.388889e-01 0.000000e+00 0.000000e+00 0.000000e+00 0.000000e+00 0.000000e+00 0.000000e+00
 0.000000e+00 0.000000e+00 0.000000e+00 0.000000e+00 0.000000e+00 8.611110e-01 1.388889e-01 0.000000e+00 0.000000e+00 0.000000e+00 0.000000e+00 0.000000e+00
 0.000000e+00 0.000000e+00 0.000000e+00 0.000000e+00 0.000000e+00 0.000000e+00 8.611112e-01 1.388889e-01 0.000000e+00 0.000000e+00 0.000000e+00 0.000000e+00
 0.000000e+00 0.000000e+00 0.000000e+00 0.000000e+00 0.000000e+00 0.000000e+00 0.000000e+00 8.611111e-01 1.388889e-01 0.000000e+00 0.000000e+00 0.000000e+00
 0.000000e+00 0.000000e+00 0.000000e+00 0.000000e+00 0.000000e+00 0.000000e+00 0.000000e+00 0.000000e+00 8.611111e-01 1.388889e-01 0.000000e+00 0.000000e+00
 0.000000e+00 0.000000e+00 0.000000e+00 0.000000e+00 0.000000e+00 0.000000e+00 0.000000e+00 0.000000e+00 0.000000e+00 8.611111e-01 1.388889e-01 0.000000e+00
 0.000000e+00 0.000000e+00 0.000000e+00 0.000000e+00 0.000000e+00 0.000000e+00 0.000000e+00 0.000000e+00 0.000000e+00 0.000000e+00 8.611110e-01 1.388889e-01
 0.000000e+00 0.000000e+00 0.000000e+00 0.000000e+00 0.000000e+00 0.000000e+00 0.000000e+00 0.000000e+00 0.000000e+00 0.000000e+00 0.000000e+00 0.000000e+00
<ENDHMM>
