~o
<STREAMINFO> 1 12
<VECSIZE> 12<NULLD><MFCC_Z><DIAGC>
~h "T1375864603"
<BEGINHMM>
<NUMSTATES> 5
<STATE> 2
<MEAN> 12
 -2.153458e-07 -1.538184e-08 6.152737e-08 1.999640e-07 3.076369e-08 -1.845821e-07 4.614553e-08 -3.999279e-07 1.384366e-07 1.538184e-07 -3.845461e-08 3.845461e-08
<VARIANCE> 12
 3.371639e+00 8.044559e+00 3.347683e+01 1.527993e+01 2.918551e+01 1.351818e+01 3.197589e+01 6.470414e+00 1.020417e+01 1.133021e+01 3.798583e+00 1.379777e+01
<GCONST> 5.161164e+01
<STATE> 3
<MEAN> 12
 -2.153458e-07 -1.538184e-08 6.152737e-08 1.999640e-07 3.076369e-08 -1.845821e-07 4.614553e-08 -3.999279e-07 1.384366e-07 1.538184e-07 -3.845461e-08 3.845461e-08
<VARIANCE> 12
 3.371639e+00 8.044559e+00 3.347683e+01 1.527993e+01 2.918551e+01 1.351818e+01 3.197589e+01 6.470414e+00 1.020417e+01 1.133021e+01 3.798583e+00 1.379777e+01
<GCONST> 5.161164e+01
<STATE> 4
<MEAN> 12
 -2.153458e-07 -1.538184e-08 6.152737e-08 1.999640e-07 3.076369e-08 -1.845821e-07 4.614553e-08 -3.999279e-07 1.384366e-07 1.538184e-07 -3.845461e-08 3.845461e-08
<VARIANCE> 12
 3.371639e+00 8.044559e+00 3.347683e+01 1.527993e+01 2.918551e+01 1.351818e+01 3.197589e+01 6.470414e+00 1.020417e+01 1.133021e+01 3.798583e+00 1.379777e+01
<GCONST> 5.161164e+01
<TRANSP> 5
 0.000000e+00 1.000000e+00 0.000000e+00 0.000000e+00 0.000000e+00
 0.000000e+00 9.000000e-01 9.999999e-02 0.000000e+00 0.000000e+00
 0.000000e+00 0.000000e+00 9.000000e-01 9.999999e-02 0.000000e+00
 0.000000e+00 0.000000e+00 0.000000e+00 9.000000e-01 9.999999e-02
 0.000000e+00 0.000000e+00 0.000000e+00 0.000000e+00 0.000000e+00
<ENDHMM>
