~o
<STREAMINFO> 1 12
<VECSIZE> 12<NULLD><MFCC_Z><DIAGC>
~h "s024"
<BEGINHMM>
<NUMSTATES> 10
<STATE> 2
<MEAN> 12
 1.185271e+00 6.411330e+00 6.410067e+00 2.856450e+00 1.961620e+00 4.175957e+00 2.953153e+00 -5.344402e+00 2.114324e+00 5.295385e+00 -1.951685e+00 7.939278e-01
<VARIANCE> 12
 3.998412e+00 2.293040e+01 2.021577e+01 5.176220e+01 6.917784e+00 1.011932e+01 2.139814e+01 4.508721e+01 2.302064e+01 2.708393e+01 1.081525e+01 9.675424e+00
<GCONST> 5.573233e+01
<STATE> 3
<MEAN> 12
 -3.141384e+00 1.272189e+01 1.664915e+00 -3.444708e+00 -5.293468e+00 -1.437228e+00 -1.312163e+00 3.509490e+00 8.344402e-01 2.811572e+00 6.948879e+00 -5.578370e+00
<VARIANCE> 12
 3.389267e+00 2.293040e+01 2.021577e+01 1.961200e+01 1.099495e+01 8.830081e+01 2.139814e+01 1.420692e+01 4.586832e+01 1.861152e+01 6.577509e+00 1.559185e+01
<GCONST> 5.636539e+01
<STATE> 4
<MEAN> 12
 -3.183194e+00 8.308222e+00 9.835954e+00 -1.155922e+01 -5.473669e-01 -4.130280e+00 -1.510851e+01 1.055474e+01 -3.748668e+00 5.806967e+00 1.444665e+00 -5.333189e+00
<VARIANCE> 12
 3.389267e+00 2.293040e+01 2.021577e+01 1.775078e+01 1.066691e+01 4.179034e+01 2.139814e+01 2.062207e+01 1.844668e+01 1.765066e+01 7.527916e+00 9.484029e+00
<GCONST> 5.453386e+01
<STATE> 5
<MEAN> 12
 2.606770e-01 3.209716e+00 9.772074e+00 -8.865479e+00 -2.396101e+00 7.384906e+00 -7.935165e+00 5.764439e+00 2.953629e+00 3.307575e+00 -7.639672e-01 -3.003361e-01
<VARIANCE> 12
 3.602338e+00 2.293040e+01 2.021577e+01 1.794232e+01 1.532628e+01 1.011932e+01 4.595341e+01 1.449471e+01 8.412231e+00 1.272528e+01 8.111038e+00 9.484029e+00
<GCONST> 5.292374e+01
<STATE> 6
<MEAN> 12
 -5.677668e-01 -6.001880e+00 8.982339e+00 4.885008e+00 -7.936896e+00 1.074009e+01 1.101473e+01 -6.773077e+00 4.652358e+00 8.133043e+00 1.844848e+00 -4.399917e+00
<VARIANCE> 12
 3.422444e+00 2.293040e+01 2.021577e+01 1.775078e+01 3.809695e+01 1.011932e+01 2.299013e+01 1.420692e+01 2.673301e+01 1.976438e+01 6.079258e+01 9.484029e+00
<GCONST> 5.667046e+01
<STATE> 7
<MEAN> 12
 -1.107104e+00 -8.858018e+00 -2.967243e+00 1.492672e+00 -3.403593e+00 2.669620e+00 9.283342e+00 -7.566721e-01 -1.346892e+01 5.050340e+00 -6.738550e+00 -2.444744e+00
<VARIANCE> 12
 3.389267e+00 2.293040e+01 2.021577e+01 1.775078e+01 6.917784e+00 1.011932e+01 2.139814e+01 1.420692e+01 8.412231e+00 1.272528e+01 6.188402e+00 9.484029e+00
<GCONST> 5.100164e+01
<STATE> 8
<MEAN> 12
 -1.290034e+00 -1.501386e+01 -1.208852e+01 1.393766e+01 8.757075e+00 -4.855285e+00 9.152252e+00 -5.917808e+00 -6.250518e+00 -7.642754e+00 -1.049380e+00 9.819794e+00
<VARIANCE> 12
 4.471980e+00 2.293040e+01 2.021577e+01 1.775078e+01 6.917784e+00 1.011932e+01 2.139814e+01 1.433854e+01 1.084306e+01 1.272528e+01 1.796923e+01 9.484029e+00
<GCONST> 5.260790e+01
<STATE> 9
<MEAN> 12
 6.685163e+00 -1.091232e+01 -1.351948e+01 7.849286e+00 3.769891e+00 -2.305300e-01 8.684859e+00 -8.870052e+00 5.422036e+00 -1.079144e+01 -5.556650e+00 6.505296e+00
<VARIANCE> 12
 6.160574e+00 2.293040e+01 2.021577e+01 1.775078e+01 8.454384e+00 1.058707e+01 2.139814e+01 1.420692e+01 8.412231e+00 1.272528e+01 9.126710e+00 3.048614e+01
<GCONST> 5.340116e+01
<TRANSP> 10
 0.000000e+00 1.000000e+00 0.000000e+00 0.000000e+00 0.000000e+00 0.000000e+00 0.000000e+00 0.000000e+00 0.000000e+00 0.000000e+00
 0.000000e+00 7.532383e-01 2.467618e-01 0.000000e+00 0.000000e+00 0.000000e+00 0.000000e+00 0.000000e+00 0.000000e+00 0.000000e+00
 0.000000e+00 0.000000e+00 9.089994e-01 9.100065e-02 0.000000e+00 0.000000e+00 0.000000e+00 0.000000e+00 0.000000e+00 0.000000e+00
 0.000000e+00 0.000000e+00 0.000000e+00 9.243143e-01 7.568570e-02 0.000000e+00 0.000000e+00 0.000000e+00 0.000000e+00 0.000000e+00
 0.000000e+00 0.000000e+00 0.000000e+00 0.000000e+00 8.122836e-01 1.877164e-01 0.000000e+00 0.000000e+00 0.000000e+00 0.000000e+00
 0.000000e+00 0.000000e+00 0.000000e+00 0.000000e+00 0.000000e+00 7.729715e-01 2.270285e-01 0.000000e+00 0.000000e+00 0.000000e+00
 0.000000e+00 0.000000e+00 0.000000e+00 0.000000e+00 0.000000e+00 0.000000e+00 5.035462e-01 4.964538e-01 0.000000e+00 0.000000e+00
 0.000000e+00 0.000000e+00 0.000000e+00 0.000000e+00 0.000000e+00 0.000000e+00 0.000000e+00 8.638690e-01 1.361310e-01 0.000000e+00
 0.000000e+00 0.000000e+00 0.000000e+00 0.000000e+00 0.000000e+00 0.000000e+00 0.000000e+00 0.000000e+00 9.209734e-01 7.902658e-02
 0.000000e+00 0.000000e+00 0.000000e+00 0.000000e+00 0.000000e+00 0.000000e+00 0.000000e+00 0.000000e+00 0.000000e+00 0.000000e+00
<ENDHMM>
