~o
<STREAMINFO> 1 12
<VECSIZE> 12<NULLD><MFCC_Z><DIAGC>
~h "s078"
<BEGINHMM>
<NUMSTATES> 9
<STATE> 2
<MEAN> 12
 -4.156542e+00 1.453600e+01 3.918481e+00 -1.125761e+01 -6.207562e+00 -1.462072e+00 -1.017264e+01 7.531787e+00 5.421672e-01 1.914683e+00 2.204229e+00 -8.707655e+00
<VARIANCE> 12
 1.716881e+01 4.598557e+01 1.086236e+01 2.752156e+01 6.527007e+01 1.947097e+01 2.516719e+01 7.937067e+01 4.317731e+01 1.098603e+02 1.596150e+01 2.323437e+01
<GCONST> 6.355369e+01
<STATE> 3
<MEAN> 12
 -9.146634e-01 8.898676e+00 1.445909e+00 -9.711360e+00 -1.973039e+00 -3.875059e+00 -5.493356e+00 1.943483e+00 1.307460e+00 8.435191e+00 -8.350524e-02 -7.439428e+00
<VARIANCE> 12
 2.034479e+01 8.518723e+01 1.634748e+01 5.354073e+01 5.030634e+01 2.262915e+01 3.824326e+01 1.163152e+02 6.327282e+01 5.979886e+01 1.337383e+01 2.448050e+01
<GCONST> 6.575398e+01
<STATE> 4
<MEAN> 12
 -1.560694e-02 1.334247e+00 1.897261e-01 -3.719650e+00 -2.174035e-01 -2.969849e+00 -8.398336e-01 -2.742723e+00 7.393687e-01 6.374548e+00 4.871770e-01 -3.969897e+00
<VARIANCE> 12
 1.643406e+01 1.020084e+02 2.332500e+01 7.370352e+01 4.684798e+01 2.681131e+01 4.231269e+01 6.876224e+01 8.111066e+01 5.786549e+01 1.689655e+01 4.915379e+01
<GCONST> 6.721598e+01
<STATE> 5
<MEAN> 12
 -7.599366e-01 -5.338327e+00 -1.337215e+00 2.118789e+00 8.815998e-01 -1.020866e+00 2.471252e+00 -2.239847e+00 -2.016645e+00 1.027930e+00 1.248520e+00 9.679854e-01
<VARIANCE> 12
 1.739369e+01 8.896585e+01 2.598005e+01 5.770007e+01 5.988361e+01 2.322253e+01 3.011555e+01 4.004316e+01 8.024373e+01 6.618487e+01 2.524918e+01 6.892623e+01
<GCONST> 6.708335e+01
<STATE> 6
<MEAN> 12
 1.336544e-02 -8.781307e+00 -2.836860e+00 5.631618e+00 1.958416e+00 2.429657e-01 3.875933e+00 -9.233220e-01 -2.325683e+00 -4.275550e+00 2.793981e-01 5.686865e+00
<VARIANCE> 12
 1.988893e+01 4.720415e+01 1.963766e+01 3.165251e+01 5.061676e+01 1.503247e+01 1.653617e+01 2.811541e+01 6.501014e+01 4.837667e+01 3.951915e+01 4.838886e+01
<GCONST> 6.371742e+01
<STATE> 7
<MEAN> 12
 2.493966e+00 -7.377500e+00 -2.458196e+00 7.359118e+00 2.080862e+00 2.166563e+00 4.633934e+00 -1.445804e+00 2.159537e-01 -7.011069e+00 -1.598143e+00 7.425256e+00
<VARIANCE> 12
 1.666196e+01 2.923248e+01 1.509252e+01 2.066048e+01 2.680836e+01 1.901930e+01 1.010119e+01 2.374566e+01 4.444514e+01 2.291631e+01 4.266938e+01 2.171898e+01
<GCONST> 5.945735e+01
<STATE> 8
<MEAN> 12
 3.339350e+00 -3.271736e+00 1.078146e+00 9.579189e+00 3.477132e+00 6.918445e+00 5.524708e+00 -2.123548e+00 1.537380e+00 -6.465835e+00 -2.537506e+00 6.036881e+00
<VARIANCE> 12
 6.796627e+00 1.884970e+01 2.027854e+01 1.684084e+01 1.221186e+01 2.941762e+01 8.055885e+00 1.654273e+01 1.983900e+01 1.290722e+01 2.909758e+01 1.203901e+01
<GCONST> 5.492141e+01
<TRANSP> 9
 0.000000e+00 1.000000e+00 0.000000e+00 0.000000e+00 0.000000e+00 0.000000e+00 0.000000e+00 0.000000e+00 0.000000e+00
 0.000000e+00 8.703704e-01 1.296296e-01 0.000000e+00 0.000000e+00 0.000000e+00 0.000000e+00 0.000000e+00 0.000000e+00
 0.000000e+00 0.000000e+00 8.703703e-01 1.296296e-01 0.000000e+00 0.000000e+00 0.000000e+00 0.000000e+00 0.000000e+00
 0.000000e+00 0.000000e+00 0.000000e+00 8.703704e-01 1.296296e-01 0.000000e+00 0.000000e+00 0.000000e+00 0.000000e+00
 0.000000e+00 0.000000e+00 0.000000e+00 0.000000e+00 8.703704e-01 1.296296e-01 0.000000e+00 0.000000e+00 0.000000e+00
 0.000000e+00 0.000000e+00 0.000000e+00 0.000000e+00 0.000000e+00 8.703704e-01 1.296296e-01 0.000000e+00 0.000000e+00
 0.000000e+00 0.000000e+00 0.000000e+00 0.000000e+00 0.000000e+00 0.000000e+00 8.703704e-01 1.296297e-01 0.000000e+00
 0.000000e+00 0.000000e+00 0.000000e+00 0.000000e+00 0.000000e+00 0.000000e+00 0.000000e+00 8.703704e-01 1.296296e-01
 0.000000e+00 0.000000e+00 0.000000e+00 0.000000e+00 0.000000e+00 0.000000e+00 0.000000e+00 0.000000e+00 0.000000e+00
<ENDHMM>
