~o
<STREAMINFO> 1 12
<VECSIZE> 12<NULLD><MFCC_Z><DIAGC>
~h "s087"
<BEGINHMM>
<NUMSTATES> 9
<STATE> 2
<MEAN> 12
 -5.152050e+00 4.640737e+00 6.944524e-01 -3.465050e-01 -5.383883e+00 2.685555e+00 -4.512015e+00 4.737301e+00 9.946735e+00 -9.296497e+00 5.399473e+00 -9.822494e-01
<VARIANCE> 12
 5.180924e+00 1.736501e+01 1.193884e+01 4.735542e+01 4.275695e+01 7.922305e+00 1.594458e+01 2.837639e+01 4.192954e+01 1.665615e+01 1.478614e+01 1.289783e+01
<GCONST> 5.663086e+01
<STATE> 3
<MEAN> 12
 -3.631855e+00 -7.875057e-01 -2.280990e+00 -4.558784e+00 9.610316e+00 3.610395e+00 -2.035742e+00 -4.995201e-01 -1.362898e+01 -1.418042e+00 5.454377e+00 5.065438e-02
<VARIANCE> 12
 5.180924e+00 1.816382e+01 8.016899e+00 1.699848e+01 3.257997e+01 5.630705e+00 1.134304e+01 3.492075e+01 6.794466e+01 1.102443e+01 6.966457e+00 4.607788e+00
<GCONST> 5.279489e+01
<STATE> 4
<MEAN> 12
 4.239737e+00 -2.949767e+00 -1.880358e+00 1.224694e+00 8.386580e-01 -3.518898e+00 4.299455e-01 -4.281894e+00 2.099585e+00 5.289775e+00 -1.339084e+00 2.241296e+00
<VARIANCE> 12
 5.502627e+00 4.613842e+00 1.671852e+01 1.699848e+01 1.942714e+01 1.526376e+01 2.134123e+01 2.244943e+01 1.928880e+01 2.133291e+01 7.770744e+00 7.615332e+00
<GCONST> 5.290282e+01
<STATE> 5
<MEAN> 12
 -2.617583e+00 3.389619e+00 1.282028e-01 -7.127786e+00 1.345880e+00 -3.620600e+00 7.778382e-01 7.802468e+00 -2.632284e+00 2.088118e+00 1.936089e+00 1.287262e+00
<VARIANCE> 12
 2.119608e+01 1.401179e+01 2.418827e+01 3.179009e+01 1.976319e+01 5.630705e+00 1.664270e+01 4.385851e+01 3.392150e+01 2.583310e+01 1.223166e+01 5.163787e+00
<GCONST> 5.661966e+01
<STATE> 6
<MEAN> 12
 3.281286e+00 -1.687712e+00 -4.078236e+00 -4.518108e+00 4.543055e+00 -3.493955e+00 1.015175e+00 -4.565619e+00 1.675371e+00 1.014727e+01 -7.986888e-01 -5.158479e-01
<VARIANCE> 12
 6.793212e+00 4.613842e+00 5.553959e+00 1.699848e+01 1.371121e+01 5.630705e+00 5.054892e+00 1.938079e+01 7.023738e+01 1.102443e+01 6.703222e+00 8.117761e+00
<GCONST> 4.962687e+01
<STATE> 7
<MEAN> 12
 7.646409e+00 -2.300342e+00 -8.198118e-01 3.011044e+00 -1.509465e+00 -1.973750e+00 2.932184e-01 -8.747132e+00 2.865479e+00 5.835469e+00 -5.116843e+00 -4.784726e+00
<VARIANCE> 12
 5.180924e+00 4.613842e+00 3.944453e+00 2.038581e+01 1.710571e+01 5.630705e+00 4.889889e+00 1.376233e+01 3.449563e+01 3.304376e+01 1.915342e+01 3.513971e+00
<GCONST> 4.964037e+01
<STATE> 8
<MEAN> 12
 2.755432e+00 -5.346282e+00 4.463727e+00 1.575652e+01 -6.084900e+00 7.214815e+00 2.909529e+00 -7.815643e+00 1.224827e+00 -6.652901e+00 -7.694626e+00 -4.779120e-01
<VARIANCE> 12
 5.180924e+00 4.613842e+00 1.035046e+01 2.629325e+01 3.831950e+01 3.083951e+01 5.082274e+00 1.376233e+01 2.142813e+01 1.783809e+01 2.053371e+01 1.361553e+01
<GCONST> 5.373668e+01
<TRANSP> 9
 0.000000e+00 1.000000e+00 0.000000e+00 0.000000e+00 0.000000e+00 0.000000e+00 0.000000e+00 0.000000e+00 0.000000e+00
 0.000000e+00 8.788438e-01 1.211562e-01 0.000000e+00 0.000000e+00 0.000000e+00 0.000000e+00 0.000000e+00 0.000000e+00
 0.000000e+00 0.000000e+00 8.412150e-01 1.587851e-01 0.000000e+00 0.000000e+00 0.000000e+00 0.000000e+00 0.000000e+00
 0.000000e+00 0.000000e+00 0.000000e+00 8.645929e-01 1.354071e-01 0.000000e+00 0.000000e+00 0.000000e+00 0.000000e+00
 0.000000e+00 0.000000e+00 0.000000e+00 0.000000e+00 9.417076e-01 5.829245e-02 0.000000e+00 0.000000e+00 0.000000e+00
 0.000000e+00 0.000000e+00 0.000000e+00 0.000000e+00 0.000000e+00 7.723926e-01 2.276075e-01 0.000000e+00 0.000000e+00
 0.000000e+00 0.000000e+00 0.000000e+00 0.000000e+00 0.000000e+00 0.000000e+00 8.010087e-01 1.989913e-01 0.000000e+00
 0.000000e+00 0.000000e+00 0.000000e+00 0.000000e+00 0.000000e+00 0.000000e+00 0.000000e+00 8.946201e-01 1.053799e-01
 0.000000e+00 0.000000e+00 0.000000e+00 0.000000e+00 0.000000e+00 0.000000e+00 0.000000e+00 0.000000e+00 0.000000e+00
<ENDHMM>
