~o
<STREAMINFO> 1 12
<VECSIZE> 12<NULLD><MFCC_Z><DIAGC>
~h "s092"
<BEGINHMM>
<NUMSTATES> 10
<STATE> 2
<MEAN> 12
 -3.784667e+00 -5.345732e+00 3.842254e+00 -3.309069e+00 1.721628e+00 3.894159e+00 1.897068e+00 -7.061549e+00 1.961183e+00 -1.180090e+00 -1.053090e+00 -1.630010e+00
<VARIANCE> 12
 1.090698e+01 3.054989e+01 1.477756e+01 2.733021e+01 3.662414e+00 9.802438e+00 4.148885e+00 4.771313e+01 9.864979e+00 2.501031e+01 5.338836e+00 1.643951e+01
<GCONST> 5.271616e+01
<STATE> 3
<MEAN> 12
 -2.251344e+00 -1.552872e+01 -7.135859e+00 7.656047e+00 6.137965e-01 -3.132784e+00 4.134846e+00 -2.670705e+00 -1.171009e+01 -3.464362e+00 8.393748e-01 -4.466812e-01
<VARIANCE> 12
 6.867679e+00 1.526194e+01 8.339317e+00 1.162994e+01 2.229643e+01 1.818576e+01 5.128641e+00 2.722480e+01 1.369755e+01 5.536826e+00 3.325251e+01 6.602353e+00
<GCONST> 5.194551e+01
<STATE> 4
<MEAN> 12
 5.344072e+00 -9.992249e+00 -6.656415e+00 -1.182699e+00 -3.356732e+00 -3.524487e+00 1.331380e-01 5.614462e+00 -8.306310e+00 -6.936916e-01 -8.281634e+00 5.182947e+00
<VARIANCE> 12
 6.585980e+00 1.526194e+01 4.205883e+00 8.604721e+00 9.500151e+00 4.016917e+00 4.572622e+01 5.178238e+00 9.864979e+00 2.573520e+01 1.953593e+01 3.081347e+01
<GCONST> 5.129964e+01
<STATE> 5
<MEAN> 12
 9.998677e+00 -3.065380e+00 -8.971276e-01 -3.095695e+00 -9.795069e-01 4.565446e+00 -5.810821e+00 4.239969e+00 -3.060964e+00 4.732276e+00 -2.112898e+00 6.990634e+00
<VARIANCE> 12
 6.103235e+00 1.526194e+01 1.441399e+01 2.516688e+01 9.194021e+00 1.839432e+01 1.839764e+01 6.124905e+00 9.864979e+00 1.625364e+01 1.552854e+01 1.661151e+01
<GCONST> 5.296770e+01
<STATE> 6
<MEAN> 12
 2.196483e+00 2.635581e+00 5.727714e-01 7.586338e+00 2.185429e+00 5.091353e+00 2.892047e+00 3.420356e+00 3.194043e+00 5.302435e+00 2.291189e+00 4.614871e+00
<VARIANCE> 12
 6.776228e+01 1.526194e+01 5.077997e+00 1.644177e+01 1.758710e+01 1.161196e+01 1.148293e+01 2.575143e+01 1.082884e+01 9.004490e+00 1.145343e+01 5.871145e+00
<GCONST> 5.321746e+01
<STATE> 7
<MEAN> 12
 -8.939787e+00 7.682656e+00 1.657690e+00 1.024645e+00 5.119394e+00 3.127675e+00 3.316918e+00 -2.622013e+00 9.698691e+00 -5.434358e-01 3.392246e+00 2.681227e+00
<VARIANCE> 12
 1.443313e+01 1.526194e+01 6.833650e+00 1.899624e+01 9.829594e+00 6.458936e+00 1.010475e+01 2.036751e+01 2.175877e+01 1.460363e+01 2.424101e+01 2.136257e+01
<GCONST> 5.380429e+01
<STATE> 8
<MEAN> 12
 -1.679851e+00 1.376229e+01 4.801155e+00 -8.262668e-01 8.047230e-02 -4.440938e+00 -1.802937e+00 -2.309326e-01 8.576694e+00 -8.371968e-01 6.446527e+00 -7.413801e+00
<VARIANCE> 12
 6.103235e+00 1.526194e+01 1.045287e+01 1.833971e+01 8.883613e+00 6.381562e+00 6.639316e+00 8.685038e+00 9.864979e+00 1.707317e+01 1.176213e+01 8.004578e+00
<GCONST> 4.960828e+01
<STATE> 9
<MEAN> 12
 3.404835e-01 7.214224e+00 2.519425e+00 -3.949944e+00 -3.905371e+00 -2.047147e+00 -3.039054e+00 7.311680e-01 -9.720044e-01 -7.660673e-01 -1.535921e+00 -5.514439e+00
<VARIANCE> 12
 7.376240e+00 1.526194e+01 4.139956e+00 1.896732e+01 1.487159e+01 2.661581e+01 7.341601e+00 7.059725e+00 3.941829e+01 9.164808e+00 1.611298e+01 6.293031e+00
<GCONST> 5.157914e+01
<TRANSP> 10
 0.000000e+00 1.000000e+00 0.000000e+00 0.000000e+00 0.000000e+00 0.000000e+00 0.000000e+00 0.000000e+00 0.000000e+00 0.000000e+00
 0.000000e+00 8.806829e-01 1.193171e-01 0.000000e+00 0.000000e+00 0.000000e+00 0.000000e+00 0.000000e+00 0.000000e+00 0.000000e+00
 0.000000e+00 0.000000e+00 8.695606e-01 1.304394e-01 0.000000e+00 0.000000e+00 0.000000e+00 0.000000e+00 0.000000e+00 0.000000e+00
 0.000000e+00 0.000000e+00 0.000000e+00 8.805103e-01 1.194897e-01 0.000000e+00 0.000000e+00 0.000000e+00 0.000000e+00 0.000000e+00
 0.000000e+00 0.000000e+00 0.000000e+00 0.000000e+00 8.667920e-01 1.332079e-01 0.000000e+00 0.000000e+00 0.000000e+00 0.000000e+00
 0.000000e+00 0.000000e+00 0.000000e+00 0.000000e+00 0.000000e+00 7.946752e-01 2.053248e-01 0.000000e+00 0.000000e+00 0.000000e+00
 0.000000e+00 0.000000e+00 0.000000e+00 0.000000e+00 0.000000e+00 0.000000e+00 8.680982e-01 1.319018e-01 0.000000e+00 0.000000e+00
 0.000000e+00 0.000000e+00 0.000000e+00 0.000000e+00 0.000000e+00 0.000000e+00 0.000000e+00 8.993268e-01 1.006732e-01 0.000000e+00
 0.000000e+00 0.000000e+00 0.000000e+00 0.000000e+00 0.000000e+00 0.000000e+00 0.000000e+00 0.000000e+00 8.849481e-01 1.150519e-01
 0.000000e+00 0.000000e+00 0.000000e+00 0.000000e+00 0.000000e+00 0.000000e+00 0.000000e+00 0.000000e+00 0.000000e+00 0.000000e+00
<ENDHMM>
