~o
<STREAMINFO> 1 12
<VECSIZE> 12<NULLD><MFCC_Z><DIAGC>
~h "s008"
<BEGINHMM>
<NUMSTATES> 11
<STATE> 2
<MEAN> 12
 2.208878e-07 -1.507647e-07 4.908618e-07 5.750095e-07 9.992544e-08 -4.487879e-07 1.121970e-07 -6.591573e-07 1.402462e-08 1.963447e-07 4.908618e-08 -1.086908e-07
<VARIANCE> 12
 1.070093e+01 4.044200e+01 1.385231e+02 7.614203e+01 5.382396e+01 7.060422e+01 2.560225e+01 5.242864e+01 3.727680e+01 8.255595e+01 2.353131e+01 3.531406e+01
<GCONST> 6.758776e+01
<STATE> 3
<MEAN> 12
 2.208878e-07 -1.507647e-07 4.908618e-07 5.750095e-07 9.992544e-08 -4.487879e-07 1.121970e-07 -6.591573e-07 1.402462e-08 1.963447e-07 4.908618e-08 -1.086908e-07
<VARIANCE> 12
 1.070093e+01 4.044200e+01 1.385231e+02 7.614203e+01 5.382396e+01 7.060422e+01 2.560225e+01 5.242864e+01 3.727680e+01 8.255595e+01 2.353131e+01 3.531406e+01
<GCONST> 6.758776e+01
<STATE> 4
<MEAN> 12
 2.208878e-07 -1.507647e-07 4.908618e-07 5.750095e-07 9.992544e-08 -4.487879e-07 1.121970e-07 -6.591573e-07 1.402462e-08 1.963447e-07 4.908618e-08 -1.086908e-07
<VARIANCE> 12
 1.070093e+01 4.044200e+01 1.385231e+02 7.614203e+01 5.382396e+01 7.060422e+01 2.560225e+01 5.242864e+01 3.727680e+01 8.255595e+01 2.353131e+01 3.531406e+01
<GCONST> 6.758776e+01
<STATE> 5
<MEAN> 12
 2.208878e-07 -1.507647e-07 4.908618e-07 5.750095e-07 9.992544e-08 -4.487879e-07 1.121970e-07 -6.591573e-07 1.402462e-08 1.963447e-07 4.908618e-08 -1.086908e-07
<VARIANCE> 12
 1.070093e+01 4.044200e+01 1.385231e+02 7.614203e+01 5.382396e+01 7.060422e+01 2.560225e+01 5.242864e+01 3.727680e+01 8.255595e+01 2.353131e+01 3.531406e+01
<GCONST> 6.758776e+01
<STATE> 6
<MEAN> 12
 2.208878e-07 -1.507647e-07 4.908618e-07 5.750095e-07 9.992544e-08 -4.487879e-07 1.121970e-07 -6.591573e-07 1.402462e-08 1.963447e-07 4.908618e-08 -1.086908e-07
<VARIANCE> 12
 1.070093e+01 4.044200e+01 1.385231e+02 7.614203e+01 5.382396e+01 7.060422e+01 2.560225e+01 5.242864e+01 3.727680e+01 8.255595e+01 2.353131e+01 3.531406e+01
<GCONST> 6.758776e+01
<STATE> 7
<MEAN> 12
 2.208878e-07 -1.507647e-07 4.908618e-07 5.750095e-07 9.992544e-08 -4.487879e-07 1.121970e-07 -6.591573e-07 1.402462e-08 1.963447e-07 4.908618e-08 -1.086908e-07
<VARIANCE> 12
 1.070093e+01 4.044200e+01 1.385231e+02 7.614203e+01 5.382396e+01 7.060422e+01 2.560225e+01 5.242864e+01 3.727680e+01 8.255595e+01 2.353131e+01 3.531406e+01
<GCONST> 6.758776e+01
<STATE> 8
<MEAN> 12
 2.208878e-07 -1.507647e-07 4.908618e-07 5.750095e-07 9.992544e-08 -4.487879e-07 1.121970e-07 -6.591573e-07 1.402462e-08 1.963447e-07 4.908618e-08 -1.086908e-07
<VARIANCE> 12
 1.070093e+01 4.044200e+01 1.385231e+02 7.614203e+01 5.382396e+01 7.060422e+01 2.560225e+01 5.242864e+01 3.727680e+01 8.255595e+01 2.353131e+01 3.531406e+01
<GCONST> 6.758776e+01
<STATE> 9
<MEAN> 12
 2.208878e-07 -1.507647e-07 4.908618e-07 5.750095e-07 9.992544e-08 -4.487879e-07 1.121970e-07 -6.591573e-07 1.402462e-08 1.963447e-07 4.908618e-08 -1.086908e-07
<VARIANCE> 12
 1.070093e+01 4.044200e+01 1.385231e+02 7.614203e+01 5.382396e+01 7.060422e+01 2.560225e+01 5.242864e+01 3.727680e+01 8.255595e+01 2.353131e+01 3.531406e+01
<GCONST> 6.758776e+01
<STATE> 10
<MEAN> 12
 2.208878e-07 -1.507647e-07 4.908618e-07 5.750095e-07 9.992544e-08 -4.487879e-07 1.121970e-07 -6.591573e-07 1.402462e-08 1.963447e-07 4.908618e-08 -1.086908e-07
<VARIANCE> 12
 1.070093e+01 4.044200e+01 1.385231e+02 7.614203e+01 5.382396e+01 7.060422e+01 2.560225e+01 5.242864e+01 3.727680e+01 8.255595e+01 2.353131e+01 3.531406e+01
<GCONST> 6.758776e+01
<TRANSP> 11
 0.000000e+00 1.000000e+00 0.000000e+00 0.000000e+00 0.000000e+00 0.000000e+00 0.000000e+00 0.000000e+00 0.000000e+00 0.000000e+00 0.000000e+00
 0.000000e+00 9.000000e-01 9.999999e-02 0.000000e+00 0.000000e+00 0.000000e+00 0.000000e+00 0.000000e+00 0.000000e+00 0.000000e+00 0.000000e+00
 0.000000e+00 0.000000e+00 9.000000e-01 9.999999e-02 0.000000e+00 0.000000e+00 0.000000e+00 0.000000e+00 0.000000e+00 0.000000e+00 0.000000e+00
 0.000000e+00 0.000000e+00 0.000000e+00 9.000000e-01 9.999999e-02 0.000000e+00 0.000000e+00 0.000000e+00 0.000000e+00 0.000000e+00 0.000000e+00
 0.000000e+00 0.000000e+00 0.000000e+00 0.000000e+00 9.000000e-01 9.999999e-02 0.000000e+00 0.000000e+00 0.000000e+00 0.000000e+00 0.000000e+00
 0.000000e+00 0.000000e+00 0.000000e+00 0.000000e+00 0.000000e+00 9.000000e-01 9.999999e-02 0.000000e+00 0.000000e+00 0.000000e+00 0.000000e+00
 0.000000e+00 0.000000e+00 0.000000e+00 0.000000e+00 0.000000e+00 0.000000e+00 9.000000e-01 9.999999e-02 0.000000e+00 0.000000e+00 0.000000e+00
 0.000000e+00 0.000000e+00 0.000000e+00 0.000000e+00 0.000000e+00 0.000000e+00 0.000000e+00 9.000000e-01 9.999999e-02 0.000000e+00 0.000000e+00
 0.000000e+00 0.000000e+00 0.000000e+00 0.000000e+00 0.000000e+00 0.000000e+00 0.000000e+00 0.000000e+00 9.000000e-01 9.999999e-02 0.000000e+00
 0.000000e+00 0.000000e+00 0.000000e+00 0.000000e+00 0.000000e+00 0.000000e+00 0.000000e+00 0.000000e+00 0.000000e+00 9.000000e-01 9.999999e-02
 0.000000e+00 0.000000e+00 0.000000e+00 0.000000e+00 0.000000e+00 0.000000e+00 0.000000e+00 0.000000e+00 0.000000e+00 0.000000e+00 0.000000e+00
<ENDHMM>
