~o
<STREAMINFO> 1 12
<VECSIZE> 12<NULLD><MFCC_Z><DIAGC>
~h "s076"
<BEGINHMM>
<NUMSTATES> 6
<STATE> 2
<MEAN> 12
 3.265546e+00 1.491043e+00 -1.316446e+01 7.176519e+00 1.593771e+00 -3.280791e+00 -8.469853e-01 -2.005266e+00 9.901492e+00 -5.414382e+00 -7.582532e-02 -2.995066e+00
<VARIANCE> 12
 7.084903e+00 7.873409e+00 1.980986e+01 5.015333e+00 1.429424e+01 2.692125e+01 2.001160e+01 8.783189e+00 8.802231e+00 1.051942e+01 1.646436e+01 7.190288e+00
<GCONST> 5.109874e+01
<STATE> 3
<MEAN> 12
 2.201363e+00 5.502586e-02 -4.798087e+00 -4.870059e+00 1.568390e+00 -1.394763e+01 2.771184e+00 2.788825e+00 -3.043760e+00 -1.180524e+00 -6.175973e+00 9.989398e-01
<VARIANCE> 12
 2.040868e+00 1.355280e+00 1.980986e+01 1.056025e+01 8.258780e+00 2.380217e+01 5.286334e+01 1.074442e+01 2.748280e+01 1.308628e+01 9.395407e+00 1.351583e+01
<GCONST> 5.076754e+01
<STATE> 4
<MEAN> 12
 -4.857450e+00 -4.741909e+00 2.810846e+00 4.562114e-01 -7.848942e+00 -1.555285e+00 3.364827e+00 -4.228809e+00 -5.253033e+00 6.534863e+00 9.726844e-01 1.532744e+00
<VARIANCE> 12
 3.201395e+00 4.698480e+00 1.980986e+01 5.104316e+00 1.788339e+01 7.074837e+01 7.402145e+01 2.680644e+01 1.441847e+01 2.128622e+01 1.846324e+01 1.499755e+01
<GCONST> 5.546786e+01
<STATE> 5
<MEAN> 12
 -1.959418e+00 9.421943e-01 1.386689e+01 -4.063082e+00 1.495895e+00 1.224342e+01 -2.554461e+00 2.335883e+00 -4.860892e+00 2.528407e+00 3.291152e+00 1.451575e+00
<VARIANCE> 12
 3.617948e+00 2.672147e+00 1.980986e+01 1.066553e+01 1.393160e+01 1.795599e+01 1.209818e+01 1.363009e+01 1.140046e+01 1.948982e+01 1.474817e+01 2.122061e+01
<GCONST> 5.145356e+01
<TRANSP> 6
 0.000000e+00 1.000000e+00 0.000000e+00 0.000000e+00 0.000000e+00 0.000000e+00
 0.000000e+00 9.211631e-01 7.883689e-02 0.000000e+00 0.000000e+00 0.000000e+00
 0.000000e+00 0.000000e+00 8.763425e-01 1.236574e-01 0.000000e+00 0.000000e+00
 0.000000e+00 0.000000e+00 0.000000e+00 8.520438e-01 1.479562e-01 0.000000e+00
 0.000000e+00 0.000000e+00 0.000000e+00 0.000000e+00 9.257608e-01 7.423923e-02
 0.000000e+00 0.000000e+00 0.000000e+00 0.000000e+00 0.000000e+00 0.000000e+00
<ENDHMM>
