~o
<STREAMINFO> 1 12
<VECSIZE> 12<NULLD><MFCC_Z><DIAGC>
~h "s073"
<BEGINHMM>
<NUMSTATES> 9
<STATE> 2
<MEAN> 12
 -7.104435e-01 -3.904916e+00 -1.027468e+01 3.421263e+00 4.961214e+00 -1.158272e+01 5.729775e+00 1.221136e+01 1.172323e+00 -6.491900e+00 3.421853e+00 -3.406760e+00
<VARIANCE> 12
 5.484046e+00 1.243418e+01 2.715491e+01 6.460625e+00 3.819212e+01 2.010015e+01 2.457570e+01 1.445463e+01 1.212516e+01 1.599904e+01 1.705061e+01 8.077165e+00
<GCONST> 5.415327e+01
<STATE> 3
<MEAN> 12
 4.952849e+00 1.346667e+00 -3.858523e+00 -2.834286e+00 6.955822e+00 -5.664886e+00 1.076421e+00 6.280198e+00 -2.267374e+00 8.647702e+00 -1.779851e+00 8.294586e+00
<VARIANCE> 12
 5.484046e+00 5.477782e+00 5.466742e+01 8.078611e+00 1.491495e+01 3.057595e+01 2.739996e+01 2.363024e+01 2.282820e+01 1.150907e+01 8.761091e+00 2.037462e+01
<GCONST> 5.489895e+01
<STATE> 4
<MEAN> 12
 -2.688848e+00 1.809577e+00 9.877578e+00 6.454015e+00 -4.716777e-01 4.721560e+00 -2.402960e-01 4.815185e+00 3.583253e+00 6.136834e+00 6.624619e+00 3.031826e+00
<VARIANCE> 12
 6.721438e+01 6.378865e+00 1.030291e+01 7.221697e+00 9.795123e+00 2.065159e+01 2.070173e+01 1.445463e+01 2.109886e+01 1.305992e+01 5.946694e+01 8.077165e+00
<GCONST> 5.522906e+01
<STATE> 5
<MEAN> 12
 -6.854652e+00 -6.673589e-01 7.128378e+00 -3.758293e+00 -9.587326e+00 5.011029e+00 -9.655648e-01 1.325745e+00 3.130020e+00 -6.736013e-01 6.210141e+00 -8.754965e+00
<VARIANCE> 12
 6.623833e+00 3.175719e+01 1.030291e+01 1.359938e+01 2.768799e+01 1.515871e+01 2.389995e+01 1.445463e+01 2.357083e+01 3.257669e+01 6.319085e+00 8.616589e+00
<GCONST> 5.487111e+01
<STATE> 6
<MEAN> 12
 -6.195204e+00 -2.391512e+00 -6.120068e-01 -6.882363e+00 -7.365264e+00 7.286474e+00 3.663144e+00 -6.586148e+00 1.007479e+00 -2.061934e+00 -2.191521e+00 -2.198233e+00
<VARIANCE> 12
 7.736310e+00 5.228076e+00 1.030291e+01 1.173376e+01 9.795123e+00 1.515871e+01 1.465940e+01 2.770238e+01 1.024474e+01 1.187878e+01 2.988464e+01 1.472652e+01
<GCONST> 5.244496e+01
<STATE> 7
<MEAN> 12
 3.184663e+00 2.783421e+00 1.287032e+00 2.994339e-01 -3.475305e+00 -2.911327e+00 -4.390195e+00 -9.445657e+00 4.593307e+00 -3.048337e+00 -3.888113e+00 -5.097446e+00
<VARIANCE> 12
 5.484046e+00 2.452442e+00 1.030291e+01 8.907603e+00 9.795123e+00 4.080534e+01 2.368831e+01 1.445463e+01 6.402393e+01 1.407830e+01 6.127548e+00 8.077165e+00
<GCONST> 5.170521e+01
<STATE> 8
<MEAN> 12
 6.376744e-01 -7.160771e-01 4.940762e+00 7.930121e+00 3.328241e+00 1.049594e+01 -4.885478e+00 -4.116825e+00 -9.881290e+00 -5.846452e+00 6.846595e-01 1.866476e+00
<VARIANCE> 12
 5.484046e+00 3.950846e+00 1.030291e+01 8.346808e+00 2.826541e+01 1.793853e+01 6.858753e+00 1.445463e+01 2.120534e+01 2.683264e+01 1.736107e+01 8.077165e+00
<GCONST> 5.169688e+01
<TRANSP> 9
 0.000000e+00 1.000000e+00 0.000000e+00 0.000000e+00 0.000000e+00 0.000000e+00 0.000000e+00 0.000000e+00 0.000000e+00
 0.000000e+00 8.557153e-01 1.442846e-01 0.000000e+00 0.000000e+00 0.000000e+00 0.000000e+00 0.000000e+00 0.000000e+00
 0.000000e+00 0.000000e+00 9.218246e-01 7.817537e-02 0.000000e+00 0.000000e+00 0.000000e+00 0.000000e+00 0.000000e+00
 0.000000e+00 0.000000e+00 0.000000e+00 8.008896e-01 1.991104e-01 0.000000e+00 0.000000e+00 0.000000e+00 0.000000e+00
 0.000000e+00 0.000000e+00 0.000000e+00 0.000000e+00 7.437676e-01 2.562325e-01 0.000000e+00 0.000000e+00 0.000000e+00
 0.000000e+00 0.000000e+00 0.000000e+00 0.000000e+00 0.000000e+00 8.926967e-01 1.073033e-01 0.000000e+00 0.000000e+00
 0.000000e+00 0.000000e+00 0.000000e+00 0.000000e+00 0.000000e+00 0.000000e+00 9.092320e-01 9.076802e-02 0.000000e+00
 0.000000e+00 0.000000e+00 0.000000e+00 0.000000e+00 0.000000e+00 0.000000e+00 0.000000e+00 8.574684e-01 1.425316e-01
 0.000000e+00 0.000000e+00 0.000000e+00 0.000000e+00 0.000000e+00 0.000000e+00 0.000000e+00 0.000000e+00 0.000000e+00
<ENDHMM>
