~o
<STREAMINFO> 1 12
<VECSIZE> 12<NULLD><MFCC_Z><DIAGC>
~h "s050"
<BEGINHMM>
<NUMSTATES> 12
<STATE> 2
<MEAN> 12
 4.017190e-07 -8.818221e-08 -1.143103e-07 2.874087e-07 8.491621e-08 -6.532016e-07 -8.491621e-08 3.919209e-08 -8.165020e-08 -2.416846e-07 8.491621e-08 1.567684e-07
<VARIANCE> 12
 3.254692e+01 6.958175e+01 5.970037e+01 8.152583e+01 4.181775e+01 3.144765e+01 6.125468e+01 5.376656e+01 3.937656e+01 3.419746e+01 6.153541e+01 2.495453e+01
<GCONST> 6.809330e+01
<STATE> 3
<MEAN> 12
 4.017190e-07 -8.818221e-08 -1.143103e-07 2.874087e-07 8.491621e-08 -6.532016e-07 -8.491621e-08 3.919209e-08 -8.165020e-08 -2.416846e-07 8.491621e-08 1.567684e-07
<VARIANCE> 12
 3.254692e+01 6.958175e+01 5.970037e+01 8.152583e+01 4.181775e+01 3.144765e+01 6.125468e+01 5.376656e+01 3.937656e+01 3.419746e+01 6.153541e+01 2.495453e+01
<GCONST> 6.809330e+01
<STATE> 4
<MEAN> 12
 4.017190e-07 -8.818221e-08 -1.143103e-07 2.874087e-07 8.491621e-08 -6.532016e-07 -8.491621e-08 3.919209e-08 -8.165020e-08 -2.416846e-07 8.491621e-08 1.567684e-07
<VARIANCE> 12
 3.254692e+01 6.958175e+01 5.970037e+01 8.152583e+01 4.181775e+01 3.144765e+01 6.125468e+01 5.376656e+01 3.937656e+01 3.419746e+01 6.153541e+01 2.495453e+01
<GCONST> 6.809330e+01
<STATE> 5
<MEAN> 12
 4.017190e-07 -8.818221e-08 -1.143103e-07 2.874087e-07 8.491621e-08 -6.532016e-07 -8.491621e-08 3.919209e-08 -8.165020e-08 -2.416846e-07 8.491621e-08 1.567684e-07
<VARIANCE> 12
 3.254692e+01 6.958175e+01 5.970037e+01 8.152583e+01 4.181775e+01 3.144765e+01 6.125468e+01 5.376656e+01 3.937656e+01 3.419746e+01 6.153541e+01 2.495453e+01
<GCONST> 6.809330e+01
<STATE> 6
<MEAN> 12
 4.017190e-07 -8.818221e-08 -1.143103e-07 2.874087e-07 8.491621e-08 -6.532016e-07 -8.491621e-08 3.919209e-08 -8.165020e-08 -2.416846e-07 8.491621e-08 1.567684e-07
<VARIANCE> 12
 3.254692e+01 6.958175e+01 5.970037e+01 8.152583e+01 4.181775e+01 3.144765e+01 6.125468e+01 5.376656e+01 3.937656e+01 3.419746e+01 6.153541e+01 2.495453e+01
<GCONST> 6.809330e+01
<STATE> 7
<MEAN> 12
 4.017190e-07 -8.818221e-08 -1.143103e-07 2.874087e-07 8.491621e-08 -6.532016e-07 -8.491621e-08 3.919209e-08 -8.165020e-08 -2.416846e-07 8.491621e-08 1.567684e-07
<VARIANCE> 12
 3.254692e+01 6.958175e+01 5.970037e+01 8.152583e+01 4.181775e+01 3.144765e+01 6.125468e+01 5.376656e+01 3.937656e+01 3.419746e+01 6.153541e+01 2.495453e+01
<GCONST> 6.809330e+01
<STATE> 8
<MEAN> 12
 4.017190e-07 -8.818221e-08 -1.143103e-07 2.874087e-07 8.491621e-08 -6.532016e-07 -8.491621e-08 3.919209e-08 -8.165020e-08 -2.416846e-07 8.491621e-08 1.567684e-07
<VARIANCE> 12
 3.254692e+01 6.958175e+01 5.970037e+01 8.152583e+01 4.181775e+01 3.144765e+01 6.125468e+01 5.376656e+01 3.937656e+01 3.419746e+01 6.153541e+01 2.495453e+01
<GCONST> 6.809330e+01
<STATE> 9
<MEAN> 12
 4.017190e-07 -8.818221e-08 -1.143103e-07 2.874087e-07 8.491621e-08 -6.532016e-07 -8.491621e-08 3.919209e-08 -8.165020e-08 -2.416846e-07 8.491621e-08 1.567684e-07
<VARIANCE> 12
 3.254692e+01 6.958175e+01 5.970037e+01 8.152583e+01 4.181775e+01 3.144765e+01 6.125468e+01 5.376656e+01 3.937656e+01 3.419746e+01 6.153541e+01 2.495453e+01
<GCONST> 6.809330e+01
<STATE> 10
<MEAN> 12
 4.017190e-07 -8.818221e-08 -1.143103e-07 2.874087e-07 8.491621e-08 -6.532016e-07 -8.491621e-08 3.919209e-08 -8.165020e-08 -2.416846e-07 8.491621e-08 1.567684e-07
<VARIANCE> 12
 3.254692e+01 6.958175e+01 5.970037e+01 8.152583e+01 4.181775e+01 3.144765e+01 6.125468e+01 5.376656e+01 3.937656e+01 3.419746e+01 6.153541e+01 2.495453e+01
<GCONST> 6.809330e+01
<STATE> 11
<MEAN> 12
 4.017190e-07 -8.818221e-08 -1.143103e-07 2.874087e-07 8.491621e-08 -6.532016e-07 -8.491621e-08 3.919209e-08 -8.165020e-08 -2.416846e-07 8.491621e-08 1.567684e-07
<VARIANCE> 12
 3.254692e+01 6.958175e+01 5.970037e+01 8.152583e+01 4.181775e+01 3.144765e+01 6.125468e+01 5.376656e+01 3.937656e+01 3.419746e+01 6.153541e+01 2.495453e+01
<GCONST> 6.809330e+01
<TRANSP> 12
 0.000000e+00 1.000000e+00 0.000000e+00 0.000000e+00 0.000000e+00 0.000000e+00 0.000000e+00 0.000000e+00 0.000000e+00 0.000000e+00 0.000000e+00 0.000000e+00
 0.000000e+00 9.000000e-01 9.999999e-02 0.000000e+00 0.000000e+00 0.000000e+00 0.000000e+00 0.000000e+00 0.000000e+00 0.000000e+00 0.000000e+00 0.000000e+00
 0.000000e+00 0.000000e+00 9.000000e-01 9.999999e-02 0.000000e+00 0.000000e+00 0.000000e+00 0.000000e+00 0.000000e+00 0.000000e+00 0.000000e+00 0.000000e+00
 0.000000e+00 0.000000e+00 0.000000e+00 9.000000e-01 9.999999e-02 0.000000e+00 0.000000e+00 0.000000e+00 0.000000e+00 0.000000e+00 0.000000e+00 0.000000e+00
 0.000000e+00 0.000000e+00 0.000000e+00 0.000000e+00 9.000000e-01 9.999999e-02 0.000000e+00 0.000000e+00 0.000000e+00 0.000000e+00 0.000000e+00 0.000000e+00
 0.000000e+00 0.000000e+00 0.000000e+00 0.000000e+00 0.000000e+00 9.000000e-01 9.999999e-02 0.000000e+00 0.000000e+00 0.000000e+00 0.000000e+00 0.000000e+00
 0.000000e+00 0.000000e+00 0.000000e+00 0.000000e+00 0.000000e+00 0.000000e+00 9.000000e-01 9.999999e-02 0.000000e+00 0.000000e+00 0.000000e+00 0.000000e+00
 0.000000e+00 0.000000e+00 0.000000e+00 0.000000e+00 0.000000e+00 0.000000e+00 0.000000e+00 9.000000e-01 9.999999e-02 0.000000e+00 0.000000e+00 0.000000e+00
 0.000000e+00 0.000000e+00 0.000000e+00 0.000000e+00 0.000000e+00 0.000000e+00 0.000000e+00 0.000000e+00 9.000000e-01 9.999999e-02 0.000000e+00 0.000000e+00
 0.000000e+00 0.000000e+00 0.000000e+00 0.000000e+00 0.000000e+00 0.000000e+00 0.000000e+00 0.000000e+00 0.000000e+00 9.000000e-01 9.999999e-02 0.000000e+00
 0.000000e+00 0.000000e+00 0.000000e+00 0.000000e+00 0.000000e+00 0.000000e+00 0.000000e+00 0.000000e+00 0.000000e+00 0.000000e+00 9.000000e-01 9.999999e-02
 0.000000e+00 0.000000e+00 0.000000e+00 0.000000e+00 0.000000e+00 0.000000e+00 0.000000e+00 0.000000e+00 0.000000e+00 0.000000e+00 0.000000e+00 0.000000e+00
<ENDHMM>
