~o
<STREAMINFO> 1 12
<VECSIZE> 12<NULLD><MFCC_Z><DIAGC>
~h "s014"
<BEGINHMM>
<NUMSTATES> 10
<STATE> 2
<MEAN> 12
 -1.598281e+01 -1.438423e+00 -1.440429e-01 8.531266e-01 1.226815e+01 2.567441e+00 1.419951e+01 7.953113e+00 1.745356e+00 5.338119e+00 2.593088e+00 7.620823e+00
<VARIANCE> 12
 1.573717e+01 7.768746e+00 2.598225e+01 1.367546e+01 1.243810e+01 1.954554e+01 1.076004e+01 2.409538e+01 1.495207e+01 1.749855e+01 2.007208e+01 2.158339e+01
<GCONST> 5.542326e+01
<STATE> 3
<MEAN> 12
 -1.348439e+00 9.126606e+00 1.338317e+01 -9.261253e+00 9.360048e+00 -6.771297e+00 -4.485971e+00 4.246598e+00 -6.140095e+00 2.635341e+00 1.452901e+00 -5.372470e+00
<VARIANCE> 12
 1.573717e+01 7.768746e+00 2.598225e+01 1.999284e+01 1.749934e+01 1.159129e+01 1.755371e+01 3.321187e+01 5.560669e+00 8.630811e+00 1.536626e+01 1.262053e+01
<GCONST> 5.393259e+01
<STATE> 4
<MEAN> 12
 -1.876652e+00 7.799709e+00 1.203919e+01 -5.054927e+00 -8.744603e-01 2.304579e+00 -3.995339e+00 4.024662e+00 6.868704e-01 2.439448e+00 2.455146e+00 -4.718861e+00
<VARIANCE> 12
 1.573717e+01 1.249860e+01 2.598225e+01 1.096906e+02 3.311007e+01 3.498094e+01 2.462122e+01 2.546649e+01 3.931810e+01 1.216886e+01 2.053488e+01 1.310497e+01
<GCONST> 6.055254e+01
<STATE> 5
<MEAN> 12
 -7.691679e+00 3.607936e+00 5.195680e+00 8.968977e+00 -2.083993e+00 7.080663e+00 8.932885e-01 -5.817910e-01 1.798180e+00 2.823709e+00 5.885979e+00 -5.837449e-01
<VARIANCE> 12
 2.111486e+01 2.044533e+01 2.598225e+01 3.689344e+01 2.632925e+01 1.812662e+01 1.552591e+01 1.509198e+01 4.293061e+01 2.042194e+01 2.310358e+01 1.650388e+01
<GCONST> 5.933222e+01
<STATE> 6
<MEAN> 12
 2.161092e+00 -5.076594e+00 -7.917287e+00 9.966776e+00 -7.328661e+00 -1.219793e+01 -1.136834e+00 7.233310e+00 -8.598646e-01 -7.684061e+00 -4.141646e+00 3.066322e-01
<VARIANCE> 12
 2.944872e+01 7.768746e+00 7.055371e+01 1.236194e+01 2.160646e+01 6.797346e+01 2.692347e+01 2.272462e+01 1.412014e+01 1.730479e+01 4.456397e+01 9.403324e+00
<GCONST> 5.950341e+01
<STATE> 7
<MEAN> 12
 6.827420e+00 -6.408226e+00 -1.947814e+01 4.206309e+00 -9.341493e-01 -3.515988e+00 -6.913498e+00 4.143322e+00 1.055998e-01 -5.256711e+00 -6.666431e+00 2.657007e+00
<VARIANCE> 12
 1.573717e+01 7.768746e+00 2.598225e+01 1.991761e+01 1.243810e+01 4.202257e+01 1.422891e+01 4.963336e+01 9.332040e+00 7.826084e+00 1.539376e+01 1.188305e+01
<GCONST> 5.542857e+01
<STATE> 8
<MEAN> 12
 9.646844e+00 -3.012321e+00 -6.008474e+00 -3.459543e+00 -4.471537e+00 -1.909080e+00 -3.357891e-01 -1.156204e+01 3.150429e+00 -6.495424e+00 -1.991852e+00 8.390737e-02
<VARIANCE> 12
 1.573717e+01 7.768746e+00 5.275351e+01 1.236194e+01 1.243810e+01 2.445899e+01 1.076004e+01 1.509198e+01 1.421067e+01 1.255511e+01 2.502993e+01 3.226512e+01
<GCONST> 5.602686e+01
<STATE> 9
<MEAN> 12
 6.194483e+00 -5.258274e+00 2.740433e+00 1.718086e+00 -8.690664e+00 4.685905e+00 6.151799e-01 -8.597046e+00 -3.164881e+00 3.693673e+00 -3.037514e-01 -1.010649e+00
<VARIANCE> 12
 1.573717e+01 7.768746e+00 2.598225e+01 1.236194e+01 1.243810e+01 9.849117e+00 1.076004e+01 1.727397e+01 1.716643e+01 4.563008e+01 1.560847e+01 2.700370e+01
<GCONST> 5.537319e+01
<TRANSP> 10
 0.000000e+00 1.000000e+00 0.000000e+00 0.000000e+00 0.000000e+00 0.000000e+00 0.000000e+00 0.000000e+00 0.000000e+00 0.000000e+00
 0.000000e+00 8.906842e-01 1.093157e-01 0.000000e+00 0.000000e+00 0.000000e+00 0.000000e+00 0.000000e+00 0.000000e+00 0.000000e+00
 0.000000e+00 0.000000e+00 8.494282e-01 1.505718e-01 0.000000e+00 0.000000e+00 0.000000e+00 0.000000e+00 0.000000e+00 0.000000e+00
 0.000000e+00 0.000000e+00 0.000000e+00 9.015139e-01 9.848611e-02 0.000000e+00 0.000000e+00 0.000000e+00 0.000000e+00 0.000000e+00
 0.000000e+00 0.000000e+00 0.000000e+00 0.000000e+00 8.504291e-01 1.495709e-01 0.000000e+00 0.000000e+00 0.000000e+00 0.000000e+00
 0.000000e+00 0.000000e+00 0.000000e+00 0.000000e+00 0.000000e+00 6.583681e-01 3.416319e-01 0.000000e+00 0.000000e+00 0.000000e+00
 0.000000e+00 0.000000e+00 0.000000e+00 0.000000e+00 0.000000e+00 0.000000e+00 8.915276e-01 1.084724e-01 0.000000e+00 0.000000e+00
 0.000000e+00 0.000000e+00 0.000000e+00 0.000000e+00 0.000000e+00 0.000000e+00 0.000000e+00 9.074066e-01 9.259344e-02 0.000000e+00
 0.000000e+00 0.000000e+00 0.000000e+00 0.000000e+00 0.000000e+00 0.000000e+00 0.000000e+00 0.000000e+00 8.813107e-01 1.186893e-01
 0.000000e+00 0.000000e+00 0.000000e+00 0.000000e+00 0.000000e+00 0.000000e+00 0.000000e+00 0.000000e+00 0.000000e+00 0.000000e+00
<ENDHMM>
