~o
<STREAMINFO> 1 12
<VECSIZE> 12<NULLD><MFCC_Z><DIAGC>
~h "s035"
<BEGINHMM>
<NUMSTATES> 11
<STATE> 2
<MEAN> 12
 -2.248693e+00 1.272747e+01 4.403180e-01 -5.774099e+00 -1.313107e+00 -5.858648e+00 -1.187761e+01 5.189535e+00 -2.000635e+00 4.228484e+00 5.185878e+00 -6.196373e+00
<VARIANCE> 12
 5.047020e+00 6.355403e+01 2.330196e+01 1.543471e+01 2.266644e+01 3.579048e+01 3.415481e+01 2.252158e+01 2.952979e+01 1.954843e+01 6.971104e+01 4.021033e+01
<GCONST> 6.135109e+01
<STATE> 3
<MEAN> 12
 -1.490797e+00 6.971580e+00 2.780522e+00 -5.902612e+00 -3.358191e+00 -2.340609e+00 -5.952229e+00 2.425555e+00 -2.271632e+00 2.934775e+00 -1.970235e+00 -1.033214e+00
<VARIANCE> 12
 1.099964e+01 1.139684e+02 3.438385e+01 2.519612e+01 2.266644e+01 6.142725e+01 5.651950e+01 5.489080e+01 4.734275e+01 3.162550e+01 7.513470e+01 3.891194e+01
<GCONST> 6.652322e+01
<STATE> 4
<MEAN> 12
 3.483466e-01 1.665875e+00 1.865694e+00 -4.788974e+00 -4.994013e+00 -1.490199e-01 -1.204106e+00 -9.469984e-02 -1.829266e+00 3.135364e-01 -4.990734e+00 2.242525e+00
<VARIANCE> 12
 1.484348e+01 7.298106e+01 3.998414e+01 3.182739e+01 2.351734e+01 5.079597e+01 4.300835e+01 7.562643e+01 4.639244e+01 2.502798e+01 7.513263e+01 3.515295e+01
<GCONST> 6.629995e+01
<STATE> 5
<MEAN> 12
 1.602006e+00 6.157544e-01 -1.443864e+00 -3.570417e+00 -6.002098e+00 -8.822320e-01 1.274596e+00 1.108452e+00 -1.877138e+00 -1.422784e+00 -5.030696e+00 4.119064e+00
<VARIANCE> 12
 1.371028e+01 4.021254e+01 4.060726e+01 4.530364e+01 2.801486e+01 4.687411e+01 3.309964e+01 1.011331e+02 3.348098e+01 1.863300e+01 7.067931e+01 3.074602e+01
<GCONST> 6.530017e+01
<STATE> 6
<MEAN> 12
 1.935320e+00 3.561196e-01 -4.461810e+00 -9.497912e-01 -6.099456e+00 -2.678438e+00 3.216450e+00 3.376949e+00 -1.612254e+00 -2.417781e+00 -3.496629e+00 4.241049e+00
<VARIANCE> 12
 1.253617e+01 3.742143e+01 3.336395e+01 5.970792e+01 4.528223e+01 4.979753e+01 3.751860e+01 1.079489e+02 2.355008e+01 2.161831e+01 6.344947e+01 2.607603e+01
<GCONST> 6.547364e+01
<STATE> 7
<MEAN> 12
 1.249930e+00 -2.060178e+00 -5.536217e+00 2.683804e+00 -4.406470e+00 -2.930340e+00 5.325548e+00 2.367518e+00 -6.202644e-01 -2.447227e+00 -9.871963e-01 2.409009e+00
<VARIANCE> 12
 1.337911e+01 5.557177e+01 3.343627e+01 5.006323e+01 8.543489e+01 5.002632e+01 4.097897e+01 1.065124e+02 1.984976e+01 3.148697e+01 6.029358e+01 3.088157e+01
<GCONST> 6.679760e+01
<STATE> 8
<MEAN> 12
 -1.267223e-01 -6.212611e+00 -3.472901e+00 5.489941e+00 7.813857e-01 -5.405026e-01 5.747826e+00 -2.060250e+00 1.326595e+00 -8.792288e-01 1.938861e+00 -5.501654e-01
<VARIANCE> 12
 1.189139e+01 6.041745e+01 5.208245e+01 2.450449e+01 1.328796e+02 5.139214e+01 4.073436e+01 8.934148e+01 2.102849e+01 4.308673e+01 4.870204e+01 3.478970e+01
<GCONST> 6.705590e+01
<STATE> 9
<MEAN> 12
 -9.372867e-01 -8.592456e+00 1.883726e+00 6.574756e+00 8.619650e+00 4.310365e+00 3.117284e+00 -6.016148e+00 3.923602e+00 6.124866e-01 3.844705e+00 -2.557264e+00
<VARIANCE> 12
 6.267699e+00 3.868406e+01 6.701496e+01 1.094876e+01 1.162305e+02 5.737305e+01 3.980764e+01 4.232935e+01 2.020600e+01 4.301503e+01 2.866566e+01 2.588117e+01
<GCONST> 6.375495e+01
<STATE> 10
<MEAN> 12
 -3.320493e-01 -5.471293e+00 7.944586e+00 6.237384e+00 1.677253e+01 1.106944e+01 3.519662e-01 -6.296742e+00 4.960994e+00 -9.222661e-01 5.506255e+00 -2.674657e+00
<VARIANCE> 12
 2.407665e+00 3.252847e+01 3.629106e+01 1.094876e+01 5.959728e+01 4.678708e+01 1.868401e+01 1.658596e+01 1.250401e+01 3.219282e+01 1.827818e+01 1.415680e+01
<GCONST> 5.762324e+01
<TRANSP> 11
 0.000000e+00 1.000000e+00 0.000000e+00 0.000000e+00 0.000000e+00 0.000000e+00 0.000000e+00 0.000000e+00 0.000000e+00 0.000000e+00 0.000000e+00
 0.000000e+00 8.695652e-01 1.304348e-01 0.000000e+00 0.000000e+00 0.000000e+00 0.000000e+00 0.000000e+00 0.000000e+00 0.000000e+00 0.000000e+00
 0.000000e+00 0.000000e+00 8.695652e-01 1.304348e-01 0.000000e+00 0.000000e+00 0.000000e+00 0.000000e+00 0.000000e+00 0.000000e+00 0.000000e+00
 0.000000e+00 0.000000e+00 0.000000e+00 8.695652e-01 1.304348e-01 0.000000e+00 0.000000e+00 0.000000e+00 0.000000e+00 0.000000e+00 0.000000e+00
 0.000000e+00 0.000000e+00 0.000000e+00 0.000000e+00 8.695652e-01 1.304348e-01 0.000000e+00 0.000000e+00 0.000000e+00 0.000000e+00 0.000000e+00
 0.000000e+00 0.000000e+00 0.000000e+00 0.000000e+00 0.000000e+00 8.695652e-01 1.304348e-01 0.000000e+00 0.000000e+00 0.000000e+00 0.000000e+00
 0.000000e+00 0.000000e+00 0.000000e+00 0.000000e+00 0.000000e+00 0.000000e+00 8.695652e-01 1.304348e-01 0.000000e+00 0.000000e+00 0.000000e+00
 0.000000e+00 0.000000e+00 0.000000e+00 0.000000e+00 0.000000e+00 0.000000e+00 0.000000e+00 8.695652e-01 1.304348e-01 0.000000e+00 0.000000e+00
 0.000000e+00 0.000000e+00 0.000000e+00 0.000000e+00 0.000000e+00 0.000000e+00 0.000000e+00 0.000000e+00 8.695652e-01 1.304348e-01 0.000000e+00
 0.000000e+00 0.000000e+00 0.000000e+00 0.000000e+00 0.000000e+00 0.000000e+00 0.000000e+00 0.000000e+00 0.000000e+00 8.695652e-01 1.304348e-01
 0.000000e+00 0.000000e+00 0.000000e+00 0.000000e+00 0.000000e+00 0.000000e+00 0.000000e+00 0.000000e+00 0.000000e+00 0.000000e+00 0.000000e+00
<ENDHMM>
