~o
<STREAMINFO> 1 12
<VECSIZE> 12<NULLD><MFCC_Z><DIAGC>
~h "s026"
<BEGINHMM>
<NUMSTATES> 8
<STATE> 2
<MEAN> 12
 -2.099169e+00 -5.800623e+00 -1.038215e+01 8.418280e+00 -7.619457e+00 -1.033174e+01 5.752914e+00 3.690856e+00 -3.141741e+00 -1.063074e+01 -5.160733e+00 -1.658975e+00
<VARIANCE> 12
 1.178506e+01 3.401822e+00 1.271739e+01 7.823391e+00 4.822233e+01 2.789405e+01 2.025442e+01 4.557800e+01 1.953129e+01 4.755445e+01 7.434115e+00 4.610268e+01
<GCONST> 5.704864e+01
<STATE> 3
<MEAN> 12
 5.114380e+00 -2.035525e+00 -9.014411e+00 4.012943e-01 4.856454e+00 -1.172435e+01 3.182162e+00 -6.346593e-01 1.684758e-01 -3.128227e+00 9.074295e-02 1.001926e+01
<VARIANCE> 12
 3.164672e+00 3.093153e+00 1.271739e+01 2.269012e+01 6.570382e+00 1.433483e+01 5.957983e+00 1.702997e+01 1.706668e+01 3.276786e+01 8.118175e+00 1.664167e+01
<GCONST> 5.039823e+01
<STATE> 4
<MEAN> 12
 2.802184e+00 3.987690e+00 9.657140e+00 -6.717654e+00 8.543968e-01 5.475597e+00 -7.839262e+00 7.256330e+00 3.364919e+00 -2.071410e+00 6.863545e+00 -3.699948e+00
<VARIANCE> 12
 3.164672e+00 3.845754e+00 4.669962e+01 6.182247e+00 1.031182e+01 2.517606e+01 2.116282e+01 1.810925e+01 4.391072e+01 1.013680e+01 1.420635e+01 2.618430e+01
<GCONST> 5.374400e+01
<STATE> 5
<MEAN> 12
 -1.867198e+00 4.674130e+00 9.818863e+00 -6.499057e+00 5.772952e-01 1.183824e+01 2.431620e+00 4.221952e+00 -3.993714e+00 9.112880e-01 -5.824449e-01 -4.627263e+00
<VARIANCE> 12
 3.487492e+00 3.093153e+00 1.458577e+01 6.182247e+00 1.470345e+01 1.433483e+01 2.140015e+01 1.804735e+01 5.724102e+01 1.013680e+01 7.238372e+00 3.986834e+01
<GCONST> 5.227022e+01
<STATE> 6
<MEAN> 12
 -6.657900e+00 1.052112e-01 4.204912e-01 2.812230e+00 6.313538e+00 9.526132e+00 2.084336e+00 -4.405371e+00 -7.420891e+00 9.897977e+00 -3.006757e+00 5.041248e+00
<VARIANCE> 12
 3.164672e+00 5.613257e+00 1.271739e+01 1.426808e+01 5.302036e+00 1.566095e+01 5.957983e+00 1.055146e+01 1.299797e+01 1.409625e+01 6.180932e+00 6.606280e+00
<GCONST> 4.761315e+01
<STATE> 7
<MEAN> 12
 1.333616e+00 -1.193133e+00 -3.492039e+00 2.071653e+00 -8.051234e-01 -4.114464e+00 -1.274954e-01 -1.153749e+01 5.813616e+00 7.069769e+00 -1.342034e+00 4.165083e-01
<VARIANCE> 12
 2.664898e+01 2.054010e+01 1.271739e+01 8.857410e+00 7.922084e+00 2.592583e+01 1.360264e+01 2.279673e+01 2.736024e+01 1.534323e+01 2.384808e+01 6.606280e+00
<GCONST> 5.524514e+01
<TRANSP> 8
 0.000000e+00 1.000000e+00 0.000000e+00 0.000000e+00 0.000000e+00 0.000000e+00 0.000000e+00 0.000000e+00
 0.000000e+00 8.930987e-01 1.069013e-01 0.000000e+00 0.000000e+00 0.000000e+00 0.000000e+00 0.000000e+00
 0.000000e+00 0.000000e+00 8.021951e-01 1.978050e-01 0.000000e+00 0.000000e+00 0.000000e+00 0.000000e+00
 0.000000e+00 0.000000e+00 0.000000e+00 9.184923e-01 8.150773e-02 0.000000e+00 0.000000e+00 0.000000e+00
 0.000000e+00 0.000000e+00 0.000000e+00 0.000000e+00 8.265483e-01 1.734517e-01 0.000000e+00 0.000000e+00
 0.000000e+00 0.000000e+00 0.000000e+00 0.000000e+00 0.000000e+00 8.460593e-01 1.539408e-01 0.000000e+00
 0.000000e+00 0.000000e+00 0.000000e+00 0.000000e+00 0.000000e+00 0.000000e+00 9.005966e-01 9.940340e-02
 0.000000e+00 0.000000e+00 0.000000e+00 0.000000e+00 0.000000e+00 0.000000e+00 0.000000e+00 0.000000e+00
<ENDHMM>
