~o
<STREAMINFO> 1 12
<VECSIZE> 12<NULLD><MFCC_Z><DIAGC>
~h "s034"
<BEGINHMM>
<NUMSTATES> 12
<STATE> 2
<MEAN> 12
 8.940697e-08 -5.033281e-07 9.271834e-08 2.649095e-08 9.271834e-08 1.192093e-07 -5.033281e-07 8.609560e-08 7.285012e-08 3.940529e-07 3.973643e-07 3.642506e-07
<VARIANCE> 12
 3.410737e+01 5.017891e+01 3.982459e+01 7.360000e+01 8.195798e+01 8.740884e+01 4.489020e+01 8.203449e+01 3.405104e+01 5.475293e+01 5.152665e+01 4.062130e+01
<GCONST> 6.974801e+01
<STATE> 3
<MEAN> 12
 8.940697e-08 -5.033281e-07 9.271834e-08 2.649095e-08 9.271834e-08 1.192093e-07 -5.033281e-07 8.609560e-08 7.285012e-08 3.940529e-07 3.973643e-07 3.642506e-07
<VARIANCE> 12
 3.410737e+01 5.017891e+01 3.982459e+01 7.360000e+01 8.195798e+01 8.740884e+01 4.489020e+01 8.203449e+01 3.405104e+01 5.475293e+01 5.152665e+01 4.062130e+01
<GCONST> 6.974801e+01
<STATE> 4
<MEAN> 12
 8.940697e-08 -5.033281e-07 9.271834e-08 2.649095e-08 9.271834e-08 1.192093e-07 -5.033281e-07 8.609560e-08 7.285012e-08 3.940529e-07 3.973643e-07 3.642506e-07
<VARIANCE> 12
 3.410737e+01 5.017891e+01 3.982459e+01 7.360000e+01 8.195798e+01 8.740884e+01 4.489020e+01 8.203449e+01 3.405104e+01 5.475293e+01 5.152665e+01 4.062130e+01
<GCONST> 6.974801e+01
<STATE> 5
<MEAN> 12
 8.940697e-08 -5.033281e-07 9.271834e-08 2.649095e-08 9.271834e-08 1.192093e-07 -5.033281e-07 8.609560e-08 7.285012e-08 3.940529e-07 3.973643e-07 3.642506e-07
<VARIANCE> 12
 3.410737e+01 5.017891e+01 3.982459e+01 7.360000e+01 8.195798e+01 8.740884e+01 4.489020e+01 8.203449e+01 3.405104e+01 5.475293e+01 5.152665e+01 4.062130e+01
<GCONST> 6.974801e+01
<STATE> 6
<MEAN> 12
 8.940697e-08 -5.033281e-07 9.271834e-08 2.649095e-08 9.271834e-08 1.192093e-07 -5.033281e-07 8.609560e-08 7.285012e-08 3.940529e-07 3.973643e-07 3.642506e-07
<VARIANCE> 12
 3.410737e+01 5.017891e+01 3.982459e+01 7.360000e+01 8.195798e+01 8.740884e+01 4.489020e+01 8.203449e+01 3.405104e+01 5.475293e+01 5.152665e+01 4.062130e+01
<GCONST> 6.974801e+01
<STATE> 7
<MEAN> 12
 8.940697e-08 -5.033281e-07 9.271834e-08 2.649095e-08 9.271834e-08 1.192093e-07 -5.033281e-07 8.609560e-08 7.285012e-08 3.940529e-07 3.973643e-07 3.642506e-07
<VARIANCE> 12
 3.410737e+01 5.017891e+01 3.982459e+01 7.360000e+01 8.195798e+01 8.740884e+01 4.489020e+01 8.203449e+01 3.405104e+01 5.475293e+01 5.152665e+01 4.062130e+01
<GCONST> 6.974801e+01
<STATE> 8
<MEAN> 12
 8.940697e-08 -5.033281e-07 9.271834e-08 2.649095e-08 9.271834e-08 1.192093e-07 -5.033281e-07 8.609560e-08 7.285012e-08 3.940529e-07 3.973643e-07 3.642506e-07
<VARIANCE> 12
 3.410737e+01 5.017891e+01 3.982459e+01 7.360000e+01 8.195798e+01 8.740884e+01 4.489020e+01 8.203449e+01 3.405104e+01 5.475293e+01 5.152665e+01 4.062130e+01
<GCONST> 6.974801e+01
<STATE> 9
<MEAN> 12
 8.940697e-08 -5.033281e-07 9.271834e-08 2.649095e-08 9.271834e-08 1.192093e-07 -5.033281e-07 8.609560e-08 7.285012e-08 3.940529e-07 3.973643e-07 3.642506e-07
<VARIANCE> 12
 3.410737e+01 5.017891e+01 3.982459e+01 7.360000e+01 8.195798e+01 8.740884e+01 4.489020e+01 8.203449e+01 3.405104e+01 5.475293e+01 5.152665e+01 4.062130e+01
<GCONST> 6.974801e+01
<STATE> 10
<MEAN> 12
 8.940697e-08 -5.033281e-07 9.271834e-08 2.649095e-08 9.271834e-08 1.192093e-07 -5.033281e-07 8.609560e-08 7.285012e-08 3.940529e-07 3.973643e-07 3.642506e-07
<VARIANCE> 12
 3.410737e+01 5.017891e+01 3.982459e+01 7.360000e+01 8.195798e+01 8.740884e+01 4.489020e+01 8.203449e+01 3.405104e+01 5.475293e+01 5.152665e+01 4.062130e+01
<GCONST> 6.974801e+01
<STATE> 11
<MEAN> 12
 8.940697e-08 -5.033281e-07 9.271834e-08 2.649095e-08 9.271834e-08 1.192093e-07 -5.033281e-07 8.609560e-08 7.285012e-08 3.940529e-07 3.973643e-07 3.642506e-07
<VARIANCE> 12
 3.410737e+01 5.017891e+01 3.982459e+01 7.360000e+01 8.195798e+01 8.740884e+01 4.489020e+01 8.203449e+01 3.405104e+01 5.475293e+01 5.152665e+01 4.062130e+01
<GCONST> 6.974801e+01
<TRANSP> 12
 0.000000e+00 1.000000e+00 0.000000e+00 0.000000e+00 0.000000e+00 0.000000e+00 0.000000e+00 0.000000e+00 0.000000e+00 0.000000e+00 0.000000e+00 0.000000e+00
 0.000000e+00 9.000000e-01 9.999999e-02 0.000000e+00 0.000000e+00 0.000000e+00 0.000000e+00 0.000000e+00 0.000000e+00 0.000000e+00 0.000000e+00 0.000000e+00
 0.000000e+00 0.000000e+00 9.000000e-01 9.999999e-02 0.000000e+00 0.000000e+00 0.000000e+00 0.000000e+00 0.000000e+00 0.000000e+00 0.000000e+00 0.000000e+00
 0.000000e+00 0.000000e+00 0.000000e+00 9.000000e-01 9.999999e-02 0.000000e+00 0.000000e+00 0.000000e+00 0.000000e+00 0.000000e+00 0.000000e+00 0.000000e+00
 0.000000e+00 0.000000e+00 0.000000e+00 0.000000e+00 9.000000e-01 9.999999e-02 0.000000e+00 0.000000e+00 0.000000e+00 0.000000e+00 0.000000e+00 0.000000e+00
 0.000000e+00 0.000000e+00 0.000000e+00 0.000000e+00 0.000000e+00 9.000000e-01 9.999999e-02 0.000000e+00 0.000000e+00 0.000000e+00 0.000000e+00 0.000000e+00
 0.000000e+00 0.000000e+00 0.000000e+00 0.000000e+00 0.000000e+00 0.000000e+00 9.000000e-01 9.999999e-02 0.000000e+00 0.000000e+00 0.000000e+00 0.000000e+00
 0.000000e+00 0.000000e+00 0.000000e+00 0.000000e+00 0.000000e+00 0.000000e+00 0.000000e+00 9.000000e-01 9.999999e-02 0.000000e+00 0.000000e+00 0.000000e+00
 0.000000e+00 0.000000e+00 0.000000e+00 0.000000e+00 0.000000e+00 0.000000e+00 0.000000e+00 0.000000e+00 9.000000e-01 9.999999e-02 0.000000e+00 0.000000e+00
 0.000000e+00 0.000000e+00 0.000000e+00 0.000000e+00 0.000000e+00 0.000000e+00 0.000000e+00 0.000000e+00 0.000000e+00 9.000000e-01 9.999999e-02 0.000000e+00
 0.000000e+00 0.000000e+00 0.000000e+00 0.000000e+00 0.000000e+00 0.000000e+00 0.000000e+00 0.000000e+00 0.000000e+00 0.000000e+00 9.000000e-01 9.999999e-02
 0.000000e+00 0.000000e+00 0.000000e+00 0.000000e+00 0.000000e+00 0.000000e+00 0.000000e+00 0.000000e+00 0.000000e+00 0.000000e+00 0.000000e+00 0.000000e+00
<ENDHMM>
