~o
<STREAMINFO> 1 12
<VECSIZE> 12<NULLD><MFCC_Z><DIAGC>
~h "T1375867734"
<BEGINHMM>
<NUMSTATES> 15
<STATE> 2
<MEAN> 12
 -2.101472e+01 5.516654e+00 5.984805e+00 -8.239864e-01 3.433257e+00 1.099459e+01 -1.185158e+00 -1.649103e+00 -4.849005e-01 8.449106e+00 -9.428777e+00 4.822057e+00
<VARIANCE> 12
 9.150044e+00 8.435241e+00 8.542716e+00 8.436543e+00 1.501054e+01 8.075383e+00 1.377814e+01 9.798863e+00 8.463422e+00 6.257589e+00 1.047985e+01 4.104353e+01
<GCONST> 5.041491e+01
<STATE> 3
<MEAN> 12
 -5.499677e-02 3.972443e+00 3.570148e+00 -1.637992e+00 -1.273818e+01 -1.148540e+01 1.582273e+00 9.636996e-01 -5.766069e+00 -5.862043e+00 -9.356727e-02 3.560808e-02
<VARIANCE> 12
 8.222410e+00 7.361820e+00 2.599219e+01 5.817562e+00 2.310604e+01 2.220806e+01 1.208606e+01 2.406258e+01 1.976282e+01 3.257063e+01 2.345904e+01 7.650623e+00
<GCONST> 5.474689e+01
<STATE> 4
<MEAN> 12
 4.842253e+00 5.584233e+00 -6.136625e+00 -4.586979e+00 1.305582e+00 -1.169560e+01 -1.163072e+01 -8.098886e+00 3.121859e+00 2.464445e+00 1.052379e-01 1.000595e+00
<VARIANCE> 12
 8.222410e+00 7.361820e+00 5.375992e+00 1.470174e+01 1.451345e+01 8.075383e+00 8.932616e+00 3.886347e+01 1.033406e+01 1.629037e+01 9.657213e+00 4.440852e+00
<GCONST> 5.002583e+01
<STATE> 5
<MEAN> 12
 4.821766e+00 7.917682e+00 -4.340380e-01 -6.934707e+00 9.322837e-02 -1.611653e-01 -3.133836e+00 -5.708919e+00 4.151297e+00 -8.822393e-01 1.933505e+00 1.438902e+00
<VARIANCE> 12
 8.222410e+00 7.361820e+00 1.790421e+01 1.029430e+01 1.002212e+01 1.752823e+01 1.464098e+01 4.495256e+01 2.378441e+01 1.175891e+01 1.329640e+01 2.062528e+01
<GCONST> 5.428001e+01
<STATE> 6
<MEAN> 12
 8.153719e+00 8.227466e+00 -5.435775e+00 -2.321481e+00 2.448633e+00 5.485890e+00 3.707868e+00 2.870986e+00 6.407204e+00 -4.067725e+00 -3.535601e+00 -1.563742e+00
<VARIANCE> 12
 8.222410e+00 7.361820e+00 5.375992e+00 9.446761e+00 1.002212e+01 1.288170e+01 6.396491e+00 5.370569e+00 4.606646e+00 8.684378e+00 8.489575e+00 6.489551e+00
<GCONST> 4.618066e+01
<STATE> 7
<MEAN> 12
 3.397269e+00 4.235379e+00 1.373960e-01 3.052817e+00 2.218029e+00 -2.322680e-01 9.612464e+00 3.957997e+00 8.370249e-01 -5.081028e+00 -5.049491e+00 5.501548e+00
<VARIANCE> 12
 8.222410e+00 7.361820e+00 2.812633e+01 5.817562e+00 3.966606e+01 9.490097e+00 3.094738e+01 1.218401e+01 1.422997e+01 2.496639e+01 5.594947e+00 4.579276e+00
<GCONST> 5.223473e+01
<STATE> 8
<MEAN> 12
 -2.450402e+00 -2.377940e+00 2.268910e+00 3.552511e+00 -8.297626e+00 2.768832e+00 8.510600e+00 -9.683763e-01 -3.219833e+00 -3.671840e+00 2.641563e+00 -1.360456e+00
<VARIANCE> 12
 8.222410e+00 2.781466e+01 4.209751e+01 5.817562e+00 5.786981e+01 8.075383e+00 8.474693e+00 5.831837e+01 1.176354e+01 5.377438e+00 3.801034e+01 2.662982e+01
<GCONST> 5.640495e+01
<STATE> 9
<MEAN> 12
 -3.918227e+00 -1.156666e+01 -1.881677e+00 5.348613e+00 -4.043970e-01 -7.230616e+00 8.048773e-01 -1.498001e+00 -1.925763e+00 1.869465e+00 6.027542e-01 -9.446114e-02
<VARIANCE> 12
 8.222410e+00 7.361820e+00 1.058933e+01 7.892033e+00 2.844023e+01 2.230396e+01 1.112886e+01 1.180242e+01 1.403092e+01 1.043781e+01 3.016578e+01 2.049187e+01
<GCONST> 5.332724e+01
<STATE> 10
<MEAN> 12
 1.354327e+00 -5.932621e+00 -1.019440e+00 4.148873e+00 1.045338e+01 -2.303215e+00 -4.120732e+00 -7.475109e-01 -2.630426e+00 2.699118e+00 -6.395478e-01 3.277264e+00
<VARIANCE> 12
 8.222410e+00 9.924486e+00 2.102431e+01 3.366203e+01 4.079581e+01 8.303904e+00 6.396491e+00 1.687042e+01 2.948289e+01 7.781447e+00 5.273266e+00 1.987989e+01
<GCONST> 5.361298e+01
<STATE> 11
<MEAN> 12
 5.432722e+00 -2.789573e+00 -6.016692e+00 -5.683085e+00 2.243256e+00 -2.927433e+00 4.576123e-01 4.425884e+00 8.526617e-01 -1.075912e+00 -1.618476e+00 -1.653924e+00
<VARIANCE> 12
 8.222410e+00 7.361820e+00 1.669464e+01 6.594240e+00 1.060096e+01 8.705523e+00 1.276235e+01 6.977103e+00 1.182605e+01 1.093528e+01 2.209563e+01 8.446416e+00
<GCONST> 4.996443e+01
<STATE> 12
<MEAN> 12
 -3.742997e+00 -2.368691e-01 6.259994e+00 -5.481166e-01 -1.760736e+01 9.977218e+00 4.461050e+00 9.083675e-01 -1.070229e+00 -3.535204e+00 5.647820e+00 -7.143448e-01
<VARIANCE> 12
 1.127479e+01 1.042724e+01 8.350871e+00 6.849581e+00 1.845799e+01 8.075383e+00 2.503992e+01 1.592021e+01 7.556025e+00 5.346280e+01 6.257994e+00 2.187180e+01
<GCONST> 5.278083e+01
<STATE> 13
<MEAN> 12
 -5.032603e+00 -1.078757e+01 1.497070e+00 1.333564e+00 -7.716185e+00 8.521768e+00 -3.922158e+00 3.037792e+00 -2.540058e+00 -5.228805e+00 1.206669e+01 -7.721971e+00
<VARIANCE> 12
 8.222410e+00 7.361820e+00 5.375992e+00 5.817562e+00 3.836429e+01 8.075383e+00 1.071031e+01 5.370569e+00 1.661661e+01 2.802938e+01 5.273266e+00 3.588753e+01
<GCONST> 5.077531e+01
<STATE> 14
<MEAN> 12
 -1.858746e+00 -7.374659e+00 7.398076e+00 1.127272e+01 6.654661e+00 1.973168e+00 -1.002104e+00 3.502607e+00 -4.175128e+00 7.472381e+00 3.342681e+00 -5.762171e+00
<VARIANCE> 12
 8.222410e+00 7.900243e+00 5.825291e+00 7.402035e+00 1.002212e+01 1.464963e+01 1.163050e+01 1.003560e+01 2.331349e+01 1.215189e+01 1.121318e+01 2.161867e+01
<GCONST> 5.087840e+01
<TRANSP> 15
 0.000000e+00 1.000000e+00 0.000000e+00 0.000000e+00 0.000000e+00 0.000000e+00 0.000000e+00 0.000000e+00 0.000000e+00 0.000000e+00 0.000000e+00 0.000000e+00 0.000000e+00 0.000000e+00 0.000000e+00
 0.000000e+00 8.588279e-01 1.411721e-01 0.000000e+00 0.000000e+00 0.000000e+00 0.000000e+00 0.000000e+00 0.000000e+00 0.000000e+00 0.000000e+00 0.000000e+00 0.000000e+00 0.000000e+00 0.000000e+00
 0.000000e+00 0.000000e+00 7.489927e-01 2.510073e-01 0.000000e+00 0.000000e+00 0.000000e+00 0.000000e+00 0.000000e+00 0.000000e+00 0.000000e+00 0.000000e+00 0.000000e+00 0.000000e+00 0.000000e+00
 0.000000e+00 0.000000e+00 0.000000e+00 8.715140e-01 1.284861e-01 0.000000e+00 0.000000e+00 0.000000e+00 0.000000e+00 0.000000e+00 0.000000e+00 0.000000e+00 0.000000e+00 0.000000e+00 0.000000e+00
 0.000000e+00 0.000000e+00 0.000000e+00 0.000000e+00 9.118111e-01 8.818897e-02 0.000000e+00 0.000000e+00 0.000000e+00 0.000000e+00 0.000000e+00 0.000000e+00 0.000000e+00 0.000000e+00 0.000000e+00
 0.000000e+00 0.000000e+00 0.000000e+00 0.000000e+00 0.000000e+00 8.346890e-01 1.653111e-01 0.000000e+00 0.000000e+00 0.000000e+00 0.000000e+00 0.000000e+00 0.000000e+00 0.000000e+00 0.000000e+00
 0.000000e+00 0.000000e+00 0.000000e+00 0.000000e+00 0.000000e+00 0.000000e+00 8.824231e-01 1.175769e-01 0.000000e+00 0.000000e+00 0.000000e+00 0.000000e+00 0.000000e+00 0.000000e+00 0.000000e+00
 0.000000e+00 0.000000e+00 0.000000e+00 0.000000e+00 0.000000e+00 0.000000e+00 0.000000e+00 8.050929e-01 1.949071e-01 0.000000e+00 0.000000e+00 0.000000e+00 0.000000e+00 0.000000e+00 0.000000e+00
 0.000000e+00 0.000000e+00 0.000000e+00 0.000000e+00 0.000000e+00 0.000000e+00 0.000000e+00 0.000000e+00 8.376039e-01 1.623961e-01 0.000000e+00 0.000000e+00 0.000000e+00 0.000000e+00 0.000000e+00
 0.000000e+00 0.000000e+00 0.000000e+00 0.000000e+00 0.000000e+00 0.000000e+00 0.000000e+00 0.000000e+00 0.000000e+00 8.535704e-01 1.464296e-01 0.000000e+00 0.000000e+00 0.000000e+00 0.000000e+00
 0.000000e+00 0.000000e+00 0.000000e+00 0.000000e+00 0.000000e+00 0.000000e+00 0.000000e+00 0.000000e+00 0.000000e+00 0.000000e+00 9.176158e-01 8.238425e-02 0.000000e+00 0.000000e+00 0.000000e+00
 0.000000e+00 0.000000e+00 0.000000e+00 0.000000e+00 0.000000e+00 0.000000e+00 0.000000e+00 0.000000e+00 0.000000e+00 0.000000e+00 0.000000e+00 8.186057e-01 1.813943e-01 0.000000e+00 0.000000e+00
 0.000000e+00 0.000000e+00 0.000000e+00 0.000000e+00 0.000000e+00 0.000000e+00 0.000000e+00 0.000000e+00 0.000000e+00 0.000000e+00 0.000000e+00 0.000000e+00 7.779129e-01 2.220872e-01 0.000000e+00
 0.000000e+00 0.000000e+00 0.000000e+00 0.000000e+00 0.000000e+00 0.000000e+00 0.000000e+00 0.000000e+00 0.000000e+00 0.000000e+00 0.000000e+00 0.000000e+00 0.000000e+00 8.886973e-01 1.113027e-01
 0.000000e+00 0.000000e+00 0.000000e+00 0.000000e+00 0.000000e+00 0.000000e+00 0.000000e+00 0.000000e+00 0.000000e+00 0.000000e+00 0.000000e+00 0.000000e+00 0.000000e+00 0.000000e+00 0.000000e+00
<ENDHMM>
