~o
<STREAMINFO> 1 12
<VECSIZE> 12<NULLD><MFCC_Z><DIAGC>
~h "s056"
<BEGINHMM>
<NUMSTATES> 9
<STATE> 2
<MEAN> 12
 -8.123652e+00 -2.426182e+00 7.016770e+00 1.180015e+00 8.311223e+00 5.162193e+00 3.676139e+00 1.013705e+01 -8.964081e-01 -9.799067e-01 4.291015e+00 -6.539413e-01
<VARIANCE> 12
 4.061767e+01 1.883992e+01 1.323510e+01 5.236649e+00 8.862910e+00 1.425661e+02 1.825946e+01 2.388516e+01 1.400815e+02 1.455224e+01 4.029922e+01 1.051040e+01
<GCONST> 5.982154e+01
<STATE> 3
<MEAN> 12
 1.509930e+00 -3.744188e+00 -9.272000e+00 1.402274e+00 3.761680e+00 -1.154138e+01 1.386338e-01 2.075060e+00 -2.388326e+00 -6.963527e+00 -7.056009e-01 6.896294e+00
<VARIANCE> 12
 5.614860e+00 1.746706e+01 3.566386e+01 1.427910e+01 1.691390e+01 2.582906e+01 9.447601e+00 1.207691e+01 8.089586e+01 1.455224e+01 4.324385e+00 7.846334e+00
<GCONST> 5.428511e+01
<STATE> 4
<MEAN> 12
 4.025237e+00 7.605026e+00 -1.043646e+01 -4.085923e+00 -3.718044e+00 -1.069795e+00 -3.271221e+00 -1.088806e+00 1.674475e+00 -6.603085e+00 1.316031e+00 3.793264e+00
<VARIANCE> 12
 7.525615e+00 9.383294e+00 2.593820e+01 2.492780e+01 1.989826e+01 3.102386e+01 9.447601e+00 6.391438e+01 8.560008e+00 1.455224e+01 1.623633e+01 1.235336e+01
<GCONST> 5.573819e+01
<STATE> 5
<MEAN> 12
 -5.901084e+00 5.987678e+00 3.412493e+00 -1.956863e-01 -9.825924e+00 4.058333e+00 -1.099545e+01 2.979566e+00 1.481507e+00 -5.928196e+00 1.688704e+00 -2.954954e+00
<VARIANCE> 12
 9.530811e+00 9.383294e+00 1.323510e+01 1.507857e+01 7.684939e+00 1.448603e+01 9.447601e+00 8.476677e+01 1.661028e+01 1.455224e+01 2.141578e+01 1.725320e+01
<GCONST> 5.464214e+01
<STATE> 6
<MEAN> 12
 -2.726550e-01 -1.023711e+01 4.002464e+00 -3.438971e+00 2.185202e-01 -4.720824e+00 -2.314063e+00 -6.745850e+00 -4.261247e+00 -1.103349e+00 -3.391351e+00 -8.498658e+00
<VARIANCE> 12
 5.614860e+00 1.320919e+01 2.230260e+01 5.236649e+00 2.138875e+01 1.448603e+01 9.447601e+00 1.122474e+01 8.560008e+00 5.297530e+01 2.040776e+01 1.398814e+01
<GCONST> 5.329222e+01
<STATE> 7
<MEAN> 12
 -9.218563e-01 -7.093384e+00 5.206607e+00 -4.018973e+00 2.449622e-01 1.515635e+00 1.988473e-01 -4.378198e+00 -1.945687e+00 8.768217e+00 -2.406617e+00 2.119941e+00
<VARIANCE> 12
 5.614860e+00 9.383294e+00 1.323510e+01 5.236649e+00 7.684939e+00 1.448603e+01 1.510400e+01 1.122474e+01 2.565250e+01 1.455224e+01 1.335461e+01 2.002485e+01
<GCONST> 5.161417e+01
<STATE> 8
<MEAN> 12
 4.332196e+00 3.277106e+00 5.432050e+00 6.059309e+00 1.664943e+00 6.510381e+00 9.103748e+00 -2.242891e+00 3.453766e+00 1.219868e+01 -9.904534e-01 -2.424891e+00
<VARIANCE> 12
 5.614860e+00 9.383294e+00 1.323510e+01 1.241022e+01 7.684939e+00 2.973207e+01 1.569718e+01 2.627593e+01 8.560008e+00 1.455224e+01 9.498726e+00 6.562977e+00
<GCONST> 5.153134e+01
<TRANSP> 9
 0.000000e+00 1.000000e+00 0.000000e+00 0.000000e+00 0.000000e+00 0.000000e+00 0.000000e+00 0.000000e+00 0.000000e+00
 0.000000e+00 8.433723e-01 1.566276e-01 0.000000e+00 0.000000e+00 0.000000e+00 0.000000e+00 0.000000e+00 0.000000e+00
 0.000000e+00 0.000000e+00 8.839573e-01 1.160427e-01 0.000000e+00 0.000000e+00 0.000000e+00 0.000000e+00 0.000000e+00
 0.000000e+00 0.000000e+00 0.000000e+00 8.990033e-01 1.009966e-01 0.000000e+00 0.000000e+00 0.000000e+00 0.000000e+00
 0.000000e+00 0.000000e+00 0.000000e+00 0.000000e+00 8.590987e-01 1.409014e-01 0.000000e+00 0.000000e+00 0.000000e+00
 0.000000e+00 0.000000e+00 0.000000e+00 0.000000e+00 0.000000e+00 8.496607e-01 1.503393e-01 0.000000e+00 0.000000e+00
 0.000000e+00 0.000000e+00 0.000000e+00 0.000000e+00 0.000000e+00 0.000000e+00 8.132099e-01 1.867901e-01 0.000000e+00
 0.000000e+00 0.000000e+00 0.000000e+00 0.000000e+00 0.000000e+00 0.000000e+00 0.000000e+00 9.090431e-01 9.095698e-02
 0.000000e+00 0.000000e+00 0.000000e+00 0.000000e+00 0.000000e+00 0.000000e+00 0.000000e+00 0.000000e+00 0.000000e+00
<ENDHMM>
