~o
<STREAMINFO> 1 12
<VECSIZE> 12<NULLD><MFCC_Z><DIAGC>
~h "s055"
<BEGINHMM>
<NUMSTATES> 8
<STATE> 2
<MEAN> 12
 2.641411e+00 -4.115585e+00 -1.207354e+01 1.508889e+01 7.463664e+00 -1.461895e-01 1.705962e+00 -4.557016e+00 7.351622e+00 -4.255085e+00 9.372770e-01 4.139898e+00
<VARIANCE> 12
 1.131586e+01 4.237779e+00 1.149910e+01 2.004081e+01 7.190856e+00 1.840350e+01 1.135935e+01 1.350787e+01 9.496759e+00 1.043626e+01 1.123170e+01 1.582366e+01
<GCONST> 5.105996e+01
<STATE> 3
<MEAN> 12
 -5.908534e-01 -6.200293e+00 -6.110470e+00 7.044332e+00 2.424257e+00 -1.361106e+01 2.635960e+00 3.082932e+00 2.210300e+00 -4.241097e+00 -5.329770e+00 3.995049e+00
<VARIANCE> 12
 3.534281e+00 3.216666e+00 2.893890e+01 2.004081e+01 1.730345e+01 8.484053e+00 3.485557e+01 1.787546e+01 3.491921e+01 2.588783e+01 1.400593e+01 3.678222e+01
<GCONST> 5.532338e+01
<STATE> 4
<MEAN> 12
 -2.310801e-01 -4.754624e+00 3.294248e+00 3.337539e+00 -4.886732e+00 -9.949721e+00 -1.451981e+00 5.548321e+00 -1.931361e+00 1.549561e+00 2.272308e-01 8.183497e-01
<VARIANCE> 12
 5.228498e+00 3.911283e+00 1.535954e+01 2.544503e+01 8.224818e+00 3.715170e+01 1.678720e+01 1.350787e+01 3.379505e+01 6.016425e+00 6.869754e+00 1.601416e+01
<GCONST> 5.220223e+01
<STATE> 5
<MEAN> 12
 -6.535028e+00 4.634878e+00 8.498823e+00 -1.414043e+01 -3.153324e+00 3.593468e+00 -6.365141e+00 1.192422e+01 -2.578444e+00 1.690130e+00 1.227484e-01 -2.919499e+00
<VARIANCE> 12
 3.534281e+00 9.188680e+00 1.116616e+01 2.004081e+01 4.562239e+00 1.931385e+01 6.897614e+00 2.763989e+01 1.152006e+01 1.667312e+01 8.276879e+00 2.824467e+01
<GCONST> 5.138699e+01
<STATE> 6
<MEAN> 12
 -7.652574e-01 3.180489e+00 5.932862e+00 -9.510794e+00 -2.720060e+00 9.286019e+00 -1.583611e+00 -5.213217e+00 -6.049814e+00 1.210786e+01 -3.499686e+00 1.738192e+00
<VARIANCE> 12
 5.924347e+00 3.274937e+00 1.116616e+01 2.004081e+01 6.741230e+00 1.742914e+01 1.070495e+01 3.229053e+01 6.313012e+00 1.114128e+01 8.118748e+00 6.035118e+00
<GCONST> 4.918746e+01
<STATE> 7
<MEAN> 12
 4.645454e+00 2.077540e+00 2.778528e+00 -1.469183e+00 -2.796476e+00 1.741376e+00 4.955844e+00 -9.421503e+00 -3.349041e+00 4.370380e-01 1.453252e+00 -3.126947e+00
<VARIANCE> 12
 3.534281e+00 3.216666e+00 1.116616e+01 2.004081e+01 1.244469e+01 7.243545e+00 9.320967e+00 1.896498e+01 3.237017e+01 2.844407e+01 1.053026e+01 1.877115e+01
<GCONST> 5.168405e+01
<TRANSP> 8
 0.000000e+00 1.000000e+00 0.000000e+00 0.000000e+00 0.000000e+00 0.000000e+00 0.000000e+00 0.000000e+00
 0.000000e+00 9.185917e-01 8.140826e-02 0.000000e+00 0.000000e+00 0.000000e+00 0.000000e+00 0.000000e+00
 0.000000e+00 0.000000e+00 7.476158e-01 2.523842e-01 0.000000e+00 0.000000e+00 0.000000e+00 0.000000e+00
 0.000000e+00 0.000000e+00 0.000000e+00 7.442281e-01 2.557720e-01 0.000000e+00 0.000000e+00 0.000000e+00
 0.000000e+00 0.000000e+00 0.000000e+00 0.000000e+00 9.214724e-01 7.852756e-02 0.000000e+00 0.000000e+00
 0.000000e+00 0.000000e+00 0.000000e+00 0.000000e+00 0.000000e+00 6.654854e-01 3.345146e-01 0.000000e+00
 0.000000e+00 0.000000e+00 0.000000e+00 0.000000e+00 0.000000e+00 0.000000e+00 9.174951e-01 8.250484e-02
 0.000000e+00 0.000000e+00 0.000000e+00 0.000000e+00 0.000000e+00 0.000000e+00 0.000000e+00 0.000000e+00
<ENDHMM>
