~o
<STREAMINFO> 1 12
<VECSIZE> 12<NULLD><MFCC_Z><DIAGC>
~h "s095"
<BEGINHMM>
<NUMSTATES> 9
<STATE> 2
<MEAN> 12
 6.262946e+00 1.031705e+01 -6.000175e+00 -9.572930e+00 1.449460e+00 -2.473060e+00 -9.043202e+00 -3.872365e+00 6.797250e+00 1.455644e+01 -3.515685e+00 -2.124556e+00
<VARIANCE> 12
 3.122007e+00 8.221047e+00 6.075378e+01 1.116603e+01 2.128597e+01 1.701926e+01 2.632499e+01 8.856765e+00 1.208293e+01 5.930082e+01 1.654719e+01 2.155940e+01
<GCONST> 5.561494e+01
<STATE> 3
<MEAN> 12
 8.689614e-01 1.531513e+00 -1.157095e+01 5.804482e-02 3.112252e+00 -8.133927e+00 2.806031e-01 1.333718e+01 6.020519e-02 -6.810833e+00 -9.413424e+00 1.018026e+01
<VARIANCE> 12
 3.122007e+00 8.221047e+00 1.680867e+01 9.076922e+00 1.231905e+01 8.955667e+00 9.631684e+00 2.969720e+01 1.368490e+01 1.212589e+01 2.573907e+01 8.583877e+00
<GCONST> 5.119640e+01
<STATE> 4
<MEAN> 12
 -1.968528e+00 3.970381e+00 3.923079e+00 -7.257813e-01 -1.058929e+01 3.383005e+00 3.127945e+00 1.098017e+00 5.809388e+00 -6.186487e+00 4.632236e-01 2.192440e+00
<VARIANCE> 12
 1.361517e+01 1.112804e+01 8.573014e+00 7.730896e+00 1.077946e+01 4.632888e+01 2.070508e+01 2.831972e+01 1.909090e+01 2.294287e+01 3.772264e+01 7.345874e+00
<GCONST> 5.556299e+01
<STATE> 5
<MEAN> 12
 -4.202298e+00 -1.066746e+01 1.887791e+00 7.391766e+00 5.641989e+00 1.033942e+00 -7.224099e+00 -2.032594e-02 -4.664962e+00 -3.235703e+00 1.072439e+01 -4.179991e+00
<VARIANCE> 12
 3.122007e+00 8.221047e+00 7.047847e+00 7.576098e+00 3.743827e+01 5.141981e+01 1.470628e+01 1.883864e+01 7.403607e+00 4.195545e+01 2.248642e+01 1.410338e+01
<GCONST> 5.396222e+01
<STATE> 6
<MEAN> 12
 -3.232081e+00 -5.403538e+00 1.914422e+00 3.110645e+00 1.206873e+00 7.930556e+00 4.662024e+00 -5.700905e+00 3.220878e+00 -2.061897e+00 4.300757e+00 -2.797528e+00
<VARIANCE> 12
 1.933340e+01 1.039528e+01 3.442887e+01 1.067138e+01 7.714496e+00 2.457610e+01 1.359806e+01 3.930343e+01 1.388445e+01 2.419378e+01 2.095407e+01 3.932082e+01
<GCONST> 5.732124e+01
<STATE> 7
<MEAN> 12
 2.791188e+00 3.741387e+00 7.289221e+00 -2.999167e+00 -5.104856e+00 -4.416195e+00 -3.966905e-01 -4.430129e+00 -3.336530e+00 2.170997e+00 -1.202269e+01 -6.637684e+00
<VARIANCE> 12
 1.163624e+01 8.221047e+00 1.151419e+01 1.346918e+01 1.407229e+01 3.042586e+01 1.344668e+01 2.639728e+01 1.644878e+01 2.663008e+01 1.042170e+01 2.998214e+01
<GCONST> 5.541761e+01
<STATE> 8
<MEAN> 12
 1.319572e+00 -8.774991e-01 -1.703407e+00 1.656091e+00 4.458969e+00 -4.014113e+00 1.189193e+01 6.737840e+00 -1.051209e+01 -2.150082e+00 -1.332412e+00 8.733847e+00
<VARIANCE> 12
 3.122007e+00 8.221047e+00 7.047847e+00 1.457928e+01 2.912145e+01 3.003785e+01 9.631684e+00 1.224601e+01 1.735205e+01 1.212589e+01 1.462158e+01 2.368542e+01
<GCONST> 5.267262e+01
<TRANSP> 9
 0.000000e+00 1.000000e+00 0.000000e+00 0.000000e+00 0.000000e+00 0.000000e+00 0.000000e+00 0.000000e+00 0.000000e+00
 0.000000e+00 9.000000e-01 1.000000e-01 0.000000e+00 0.000000e+00 0.000000e+00 0.000000e+00 0.000000e+00 0.000000e+00
 0.000000e+00 0.000000e+00 7.568757e-01 2.431243e-01 0.000000e+00 0.000000e+00 0.000000e+00 0.000000e+00 0.000000e+00
 0.000000e+00 0.000000e+00 0.000000e+00 8.970064e-01 1.029936e-01 0.000000e+00 0.000000e+00 0.000000e+00 0.000000e+00
 0.000000e+00 0.000000e+00 0.000000e+00 0.000000e+00 9.063544e-01 9.364560e-02 0.000000e+00 0.000000e+00 0.000000e+00
 0.000000e+00 0.000000e+00 0.000000e+00 0.000000e+00 0.000000e+00 8.925045e-01 1.074956e-01 0.000000e+00 0.000000e+00
 0.000000e+00 0.000000e+00 0.000000e+00 0.000000e+00 0.000000e+00 0.000000e+00 8.386048e-01 1.613952e-01 0.000000e+00
 0.000000e+00 0.000000e+00 0.000000e+00 0.000000e+00 0.000000e+00 0.000000e+00 0.000000e+00 8.750047e-01 1.249953e-01
 0.000000e+00 0.000000e+00 0.000000e+00 0.000000e+00 0.000000e+00 0.000000e+00 0.000000e+00 0.000000e+00 0.000000e+00
<ENDHMM>
