~o
<STREAMINFO> 1 12
<VECSIZE> 12<NULLD><MFCC_Z><DIAGC>
~h "s012"
<BEGINHMM>
<NUMSTATES> 15
<STATE> 2
<MEAN> 12
 2.211797e+00 -5.965570e+00 -1.431685e+01 -1.042707e+00 1.559631e+00 -1.347528e+00 -6.500120e+00 -1.166010e+00 5.817381e-01 3.945548e-01 -8.871853e+00 3.984507e-01
<VARIANCE> 12
 5.058423e+00 2.130450e+01 1.398883e+01 1.064291e+01 1.649997e+01 1.467180e+01 2.246523e+01 5.102880e+01 2.044407e+01 9.347659e+00 8.258813e+01 2.327929e+01
<GCONST> 5.708554e+01
<STATE> 3
<MEAN> 12
 3.865822e+00 -1.769940e+00 -1.155409e+01 -1.511582e-01 1.773390e+00 9.084995e-01 -2.932669e+00 -5.579468e+00 4.632605e+00 7.938755e-01 -1.669529e+00 2.690515e+00
<VARIANCE> 12
 8.166997e+00 2.132058e+01 2.964756e+01 2.925517e+01 2.845958e+01 2.473064e+01 5.236043e+01 2.330195e+01 1.368545e+01 1.543374e+01 4.456217e+01 2.976556e+01
<GCONST> 6.018608e+01
<STATE> 4
<MEAN> 12
 4.949893e+00 -5.422246e-01 -8.039384e+00 1.890859e+00 4.061574e+00 1.754189e+00 6.242975e-01 -4.630752e+00 6.211246e+00 2.543711e-01 -4.343394e-01 3.045268e+00
<VARIANCE> 12
 1.102558e+01 2.084894e+01 3.590666e+01 4.560058e+01 4.034425e+01 3.529615e+01 5.755054e+01 2.230481e+01 1.287913e+01 2.333330e+01 2.098977e+01 2.427732e+01
<GCONST> 6.125064e+01
<STATE> 5
<MEAN> 12
 4.485823e+00 -2.024984e+00 -5.478436e+00 3.887153e+00 5.461813e+00 7.804871e-01 1.982946e+00 -2.233621e+00 6.068805e+00 -8.158680e-01 -1.407822e+00 1.853464e+00
<VARIANCE> 12
 1.844373e+01 2.882277e+01 4.300331e+01 3.952763e+01 4.694142e+01 4.682137e+01 4.559270e+01 2.442155e+01 2.097416e+01 3.119934e+01 1.948685e+01 2.094502e+01
<GCONST> 6.297447e+01
<STATE> 6
<MEAN> 12
 2.833400e+00 -4.501109e+00 -3.132100e+00 3.979864e+00 4.235780e+00 -8.105968e-01 1.512002e+00 -1.287874e-02 4.408944e+00 -1.850297e+00 -2.203819e+00 7.036881e-01
<VARIANCE> 12
 2.791307e+01 2.848199e+01 6.061779e+01 2.934609e+01 5.780309e+01 5.065528e+01 3.551693e+01 2.881435e+01 3.661975e+01 3.737215e+01 2.285926e+01 1.876813e+01
<GCONST> 6.441264e+01
<STATE> 7
<MEAN> 12
 9.361145e-01 -6.372890e+00 -8.524879e-02 2.409966e+00 1.173741e+00 -1.377403e+00 1.158875e+00 1.598424e+00 1.809499e+00 -1.783382e+00 -2.426073e+00 -4.586802e-02
<VARIANCE> 12
 3.273168e+01 2.110551e+01 7.395753e+01 2.682937e+01 6.003988e+01 4.875898e+01 2.708898e+01 4.106567e+01 4.953936e+01 4.322013e+01 3.053642e+01 1.879649e+01
<GCONST> 6.520325e+01
<STATE> 8
<MEAN> 12
 -4.970112e-01 -6.840412e+00 3.137558e+00 3.723536e-01 -1.941082e+00 -6.518246e-01 1.702930e+00 2.135629e+00 -6.362172e-01 -5.265605e-01 -2.333933e+00 -2.765467e-01
<VARIANCE> 12
 3.319360e+01 2.007320e+01 6.289296e+01 2.690888e+01 4.616927e+01 4.575676e+01 2.190665e+01 6.117926e+01 5.082911e+01 4.636237e+01 4.211530e+01 1.999283e+01
<GCONST> 6.534715e+01
<STATE> 9
<MEAN> 12
 -1.474246e+00 -5.596663e+00 5.295310e+00 -1.092288e+00 -3.684509e+00 5.827129e-01 2.508256e+00 1.347758e+00 -1.963059e+00 9.605461e-01 -1.712548e+00 1.261843e-01
<VARIANCE> 12
 3.470981e+01 3.271402e+01 3.751803e+01 2.657247e+01 3.205710e+01 4.084409e+01 1.966001e+01 7.985413e+01 4.526723e+01 4.332114e+01 5.589449e+01 2.198448e+01
<GCONST> 6.522515e+01
<STATE> 10
<MEAN> 12
 -2.524920e+00 -2.461350e+00 6.075067e+00 -1.338844e+00 -3.600859e+00 1.706512e+00 2.648144e+00 1.020191e-01 -2.292774e+00 1.678705e+00 1.754961e-01 6.585490e-01
<VARIANCE> 12
 3.916241e+01 5.827399e+01 1.976737e+01 2.594626e+01 2.877866e+01 3.632536e+01 2.137528e+01 7.999352e+01 3.977641e+01 3.904613e+01 6.718081e+01 2.471928e+01
<GCONST> 6.518678e+01
<STATE> 11
<MEAN> 12
 -3.684114e+00 2.508368e+00 6.312970e+00 -6.170930e-01 -2.491533e+00 2.328466e+00 1.615105e+00 -1.541072e-01 -2.727038e+00 1.379052e+00 3.294904e+00 3.667651e-01
<VARIANCE> 12
 3.957098e+01 8.486977e+01 1.301515e+01 2.354487e+01 2.810816e+01 3.308258e+01 2.619590e+01 6.106567e+01 3.462042e+01 3.523963e+01 6.183855e+01 2.932555e+01
<GCONST> 6.472099e+01
<STATE> 12
<MEAN> 12
 -4.155601e+00 8.493353e+00 6.732594e+00 -5.055196e-01 -1.990609e+00 1.722477e+00 -3.987699e-01 1.155969e+00 -3.818150e+00 6.377664e-01 6.155270e+00 -1.232051e+00
<VARIANCE> 12
 3.031982e+01 8.533109e+01 1.301515e+01 2.381248e+01 2.398484e+01 3.207687e+01 2.684460e+01 3.867005e+01 2.682387e+01 2.626941e+01 3.634148e+01 3.167113e+01
<GCONST> 6.284595e+01
<STATE> 13
<MEAN> 12
 -3.762061e+00 1.306152e+01 7.136387e+00 -2.837435e+00 -2.690887e+00 -9.691638e-01 -2.371442e+00 3.386542e+00 -4.985466e+00 3.084054e-01 6.938423e+00 -3.481566e+00
<VARIANCE> 12
 1.615462e+01 4.878672e+01 1.301515e+01 3.482438e+01 2.003318e+01 3.699345e+01 1.862894e+01 2.164921e+01 1.632833e+01 1.396511e+01 1.625587e+01 2.232914e+01
<GCONST> 5.877225e+01
<STATE> 14
<MEAN> 12
 -3.185000e+00 1.201198e+01 7.916265e+00 -4.955343e+00 -1.866523e+00 -4.627042e+00 -1.549807e+00 4.050553e+00 -7.290322e+00 -1.431192e+00 4.495541e+00 -4.806859e+00
<VARIANCE> 12
 5.951342e+00 3.128260e+01 1.301515e+01 3.259619e+01 1.960919e+01 2.815745e+01 2.176670e+01 1.236507e+01 1.705065e+01 2.943044e+01 1.559519e+01 7.511369e+00
<GCONST> 5.622218e+01
<TRANSP> 15
 0.000000e+00 1.000000e+00 0.000000e+00 0.000000e+00 0.000000e+00 0.000000e+00 0.000000e+00 0.000000e+00 0.000000e+00 0.000000e+00 0.000000e+00 0.000000e+00 0.000000e+00 0.000000e+00 0.000000e+00
 0.000000e+00 8.555556e-01 1.444444e-01 0.000000e+00 0.000000e+00 0.000000e+00 0.000000e+00 0.000000e+00 0.000000e+00 0.000000e+00 0.000000e+00 0.000000e+00 0.000000e+00 0.000000e+00 0.000000e+00
 0.000000e+00 0.000000e+00 8.555555e-01 1.444445e-01 0.000000e+00 0.000000e+00 0.000000e+00 0.000000e+00 0.000000e+00 0.000000e+00 0.000000e+00 0.000000e+00 0.000000e+00 0.000000e+00 0.000000e+00
 0.000000e+00 0.000000e+00 0.000000e+00 8.555556e-01 1.444444e-01 0.000000e+00 0.000000e+00 0.000000e+00 0.000000e+00 0.000000e+00 0.000000e+00 0.000000e+00 0.000000e+00 0.000000e+00 0.000000e+00
 0.000000e+00 0.000000e+00 0.000000e+00 0.000000e+00 8.555555e-01 1.444445e-01 0.000000e+00 0.000000e+00 0.000000e+00 0.000000e+00 0.000000e+00 0.000000e+00 0.000000e+00 0.000000e+00 0.000000e+00
 0.000000e+00 0.000000e+00 0.000000e+00 0.000000e+00 0.000000e+00 8.555555e-01 1.444445e-01 0.000000e+00 0.000000e+00 0.000000e+00 0.000000e+00 0.000000e+00 0.000000e+00 0.000000e+00 0.000000e+00
 0.000000e+00 0.000000e+00 0.000000e+00 0.000000e+00 0.000000e+00 0.000000e+00 8.555555e-01 1.444445e-01 0.000000e+00 0.000000e+00 0.000000e+00 0.000000e+00 0.000000e+00 0.000000e+00 0.000000e+00
 0.000000e+00 0.000000e+00 0.000000e+00 0.000000e+00 0.000000e+00 0.000000e+00 0.000000e+00 8.555555e-01 1.444445e-01 0.000000e+00 0.000000e+00 0.000000e+00 0.000000e+00 0.000000e+00 0.000000e+00
 0.000000e+00 0.000000e+00 0.000000e+00 0.000000e+00 0.000000e+00 0.000000e+00 0.000000e+00 0.000000e+00 8.555556e-01 1.444444e-01 0.000000e+00 0.000000e+00 0.000000e+00 0.000000e+00 0.000000e+00
 0.000000e+00 0.000000e+00 0.000000e+00 0.000000e+00 0.000000e+00 0.000000e+00 0.000000e+00 0.000000e+00 0.000000e+00 8.555555e-01 1.444445e-01 0.000000e+00 0.000000e+00 0.000000e+00 0.000000e+00
 0.000000e+00 0.000000e+00 0.000000e+00 0.000000e+00 0.000000e+00 0.000000e+00 0.000000e+00 0.000000e+00 0.000000e+00 0.000000e+00 8.555555e-01 1.444445e-01 0.000000e+00 0.000000e+00 0.000000e+00
 0.000000e+00 0.000000e+00 0.000000e+00 0.000000e+00 0.000000e+00 0.000000e+00 0.000000e+00 0.000000e+00 0.000000e+00 0.000000e+00 0.000000e+00 8.555555e-01 1.444445e-01 0.000000e+00 0.000000e+00
 0.000000e+00 0.000000e+00 0.000000e+00 0.000000e+00 0.000000e+00 0.000000e+00 0.000000e+00 0.000000e+00 0.000000e+00 0.000000e+00 0.000000e+00 0.000000e+00 8.555556e-01 1.444445e-01 0.000000e+00
 0.000000e+00 0.000000e+00 0.000000e+00 0.000000e+00 0.000000e+00 0.000000e+00 0.000000e+00 0.000000e+00 0.000000e+00 0.000000e+00 0.000000e+00 0.000000e+00 0.000000e+00 8.555555e-01 1.444444e-01
 0.000000e+00 0.000000e+00 0.000000e+00 0.000000e+00 0.000000e+00 0.000000e+00 0.000000e+00 0.000000e+00 0.000000e+00 0.000000e+00 0.000000e+00 0.000000e+00 0.000000e+00 0.000000e+00 0.000000e+00
<ENDHMM>
