~o
<STREAMINFO> 1 12
<VECSIZE> 12<NULLD><MFCC_Z><DIAGC>
~h "s082"
<BEGINHMM>
<NUMSTATES> 8
<STATE> 2
<MEAN> 12
 -5.919322e+00 -3.114497e+00 5.169490e+00 2.528063e-01 1.404900e+00 1.042088e+00 3.959621e+00 6.825652e-01 -3.895686e+00 -4.035367e+00 6.274568e+00 1.982223e+00
<VARIANCE> 12
 8.999607e+00 6.270324e+01 6.652959e+01 2.210311e+01 3.645910e+01 6.131364e+01 1.469270e+01 7.205229e+00 8.285705e+01 1.832480e+01 5.737591e+01 1.907853e+01
<GCONST> 6.238140e+01
<STATE> 3
<MEAN> 12
 2.119961e+00 -5.770802e+00 -1.428405e+01 6.789013e+00 9.435493e+00 -7.386019e+00 5.081170e-01 -7.792367e+00 5.904592e-01 -7.846869e+00 -2.618705e+00 -4.294906e+00
<VARIANCE> 12
 1.697298e+01 8.191195e+00 1.418787e+01 1.157595e+01 1.493521e+01 2.100936e+01 9.252302e+00 2.709831e+01 1.600212e+01 1.730490e+01 2.833179e+01 2.264842e+01
<GCONST> 5.545134e+01
<STATE> 4
<MEAN> 12
 8.167277e+00 -1.446367e-01 -6.395133e+00 4.055198e+00 2.721724e+00 -7.407748e-01 4.075478e-02 -5.956198e+00 -1.287941e-01 5.283240e+00 -2.559055e+00 -1.892930e+00
<VARIANCE> 12
 6.623401e+00 4.376494e+00 1.418787e+01 1.554203e+01 1.065136e+01 1.282819e+01 1.671451e+01 1.207762e+01 1.598697e+01 4.701839e+01 2.369796e+01 1.087947e+01
<GCONST> 5.321687e+01
<STATE> 5
<MEAN> 12
 6.074764e+00 3.543605e+00 3.273452e+00 7.382081e+00 -5.321422e-01 -2.992458e+00 -4.146015e+00 4.489346e-01 4.106661e+00 6.650333e+00 1.344629e+00 1.170855e-01
<VARIANCE> 12
 2.098171e+01 4.072548e+00 4.864319e+01 2.057852e+01 3.203050e+01 2.756802e+01 1.011333e+01 2.289178e+01 1.900847e+01 1.617316e+01 1.351343e+01 9.516261e+00
<GCONST> 5.622411e+01
<STATE> 6
<MEAN> 12
 -4.614196e+00 2.914381e+00 5.827464e+00 -6.077929e+00 -1.515450e+01 -2.596674e+00 5.756450e+00 2.939991e+00 -4.544463e+00 5.787517e+00 2.493872e+00 4.366080e-01
<VARIANCE> 12
 6.623401e+00 4.072548e+00 1.418787e+01 3.132219e+01 1.065136e+01 1.838187e+01 1.777654e+01 1.279566e+01 1.956498e+01 1.426928e+01 7.705225e+00 5.589413e+00
<GCONST> 5.154478e+01
<STATE> 7
<MEAN> 12
 -6.103199e+00 3.064506e+00 7.888179e+00 -1.313658e+01 -3.348766e+00 1.117280e+01 -2.499632e+00 8.769978e+00 8.235639e-01 -2.042125e+00 -3.058453e+00 3.572212e+00
<VARIANCE> 12
 1.242774e+01 5.969355e+00 1.418787e+01 1.157595e+01 3.253095e+01 1.433958e+01 2.015022e+01 7.205229e+00 1.064542e+01 7.504915e+00 1.168273e+01 3.884854e+00
<GCONST> 5.078154e+01
<TRANSP> 8
 0.000000e+00 1.000000e+00 0.000000e+00 0.000000e+00 0.000000e+00 0.000000e+00 0.000000e+00 0.000000e+00
 0.000000e+00 8.705618e-01 1.294381e-01 0.000000e+00 0.000000e+00 0.000000e+00 0.000000e+00 0.000000e+00
 0.000000e+00 0.000000e+00 9.037772e-01 9.622280e-02 0.000000e+00 0.000000e+00 0.000000e+00 0.000000e+00
 0.000000e+00 0.000000e+00 0.000000e+00 8.453442e-01 1.546558e-01 0.000000e+00 0.000000e+00 0.000000e+00
 0.000000e+00 0.000000e+00 0.000000e+00 0.000000e+00 9.015546e-01 9.844545e-02 0.000000e+00 0.000000e+00
 0.000000e+00 0.000000e+00 0.000000e+00 0.000000e+00 0.000000e+00 8.229007e-01 1.770993e-01 0.000000e+00
 0.000000e+00 0.000000e+00 0.000000e+00 0.000000e+00 0.000000e+00 0.000000e+00 9.057611e-01 9.423896e-02
 0.000000e+00 0.000000e+00 0.000000e+00 0.000000e+00 0.000000e+00 0.000000e+00 0.000000e+00 0.000000e+00
<ENDHMM>
