~o
<STREAMINFO> 1 12
<VECSIZE> 12<NULLD><MFCC_Z><DIAGC>
~h "T1375423452"
<BEGINHMM>
<NUMSTATES> 11
<STATE> 2
<MEAN> 12
 -4.551627e-07 2.311938e-07 2.745426e-07 -7.947286e-08 -3.323410e-07 -2.311938e-07 -2.600930e-07 -2.889922e-07 1.228217e-07 1.625581e-07 -1.444961e-08 2.889922e-08
<VARIANCE> 12
 4.491142e+01 4.573652e+01 6.043610e+01 7.775298e+01 7.948943e+01 5.928325e+01 4.414459e+01 6.236611e+01 1.863807e+01 3.323764e+01 5.489297e+01 1.608223e+01
<GCONST> 6.772768e+01
<STATE> 3
<MEAN> 12
 -4.551627e-07 2.311938e-07 2.745426e-07 -7.947286e-08 -3.323410e-07 -2.311938e-07 -2.600930e-07 -2.889922e-07 1.228217e-07 1.625581e-07 -1.444961e-08 2.889922e-08
<VARIANCE> 12
 4.491142e+01 4.573652e+01 6.043610e+01 7.775298e+01 7.948943e+01 5.928325e+01 4.414459e+01 6.236611e+01 1.863807e+01 3.323764e+01 5.489297e+01 1.608223e+01
<GCONST> 6.772768e+01
<STATE> 4
<MEAN> 12
 -4.551627e-07 2.311938e-07 2.745426e-07 -7.947286e-08 -3.323410e-07 -2.311938e-07 -2.600930e-07 -2.889922e-07 1.228217e-07 1.625581e-07 -1.444961e-08 2.889922e-08
<VARIANCE> 12
 4.491142e+01 4.573652e+01 6.043610e+01 7.775298e+01 7.948943e+01 5.928325e+01 4.414459e+01 6.236611e+01 1.863807e+01 3.323764e+01 5.489297e+01 1.608223e+01
<GCONST> 6.772768e+01
<STATE> 5
<MEAN> 12
 -4.551627e-07 2.311938e-07 2.745426e-07 -7.947286e-08 -3.323410e-07 -2.311938e-07 -2.600930e-07 -2.889922e-07 1.228217e-07 1.625581e-07 -1.444961e-08 2.889922e-08
<VARIANCE> 12
 4.491142e+01 4.573652e+01 6.043610e+01 7.775298e+01 7.948943e+01 5.928325e+01 4.414459e+01 6.236611e+01 1.863807e+01 3.323764e+01 5.489297e+01 1.608223e+01
<GCONST> 6.772768e+01
<STATE> 6
<MEAN> 12
 -4.551627e-07 2.311938e-07 2.745426e-07 -7.947286e-08 -3.323410e-07 -2.311938e-07 -2.600930e-07 -2.889922e-07 1.228217e-07 1.625581e-07 -1.444961e-08 2.889922e-08
<VARIANCE> 12
 4.491142e+01 4.573652e+01 6.043610e+01 7.775298e+01 7.948943e+01 5.928325e+01 4.414459e+01 6.236611e+01 1.863807e+01 3.323764e+01 5.489297e+01 1.608223e+01
<GCONST> 6.772768e+01
<STATE> 7
<MEAN> 12
 -4.551627e-07 2.311938e-07 2.745426e-07 -7.947286e-08 -3.323410e-07 -2.311938e-07 -2.600930e-07 -2.889922e-07 1.228217e-07 1.625581e-07 -1.444961e-08 2.889922e-08
<VARIANCE> 12
 4.491142e+01 4.573652e+01 6.043610e+01 7.775298e+01 7.948943e+01 5.928325e+01 4.414459e+01 6.236611e+01 1.863807e+01 3.323764e+01 5.489297e+01 1.608223e+01
<GCONST> 6.772768e+01
<STATE> 8
<MEAN> 12
 -4.551627e-07 2.311938e-07 2.745426e-07 -7.947286e-08 -3.323410e-07 -2.311938e-07 -2.600930e-07 -2.889922e-07 1.228217e-07 1.625581e-07 -1.444961e-08 2.889922e-08
<VARIANCE> 12
 4.491142e+01 4.573652e+01 6.043610e+01 7.775298e+01 7.948943e+01 5.928325e+01 4.414459e+01 6.236611e+01 1.863807e+01 3.323764e+01 5.489297e+01 1.608223e+01
<GCONST> 6.772768e+01
<STATE> 9
<MEAN> 12
 -4.551627e-07 2.311938e-07 2.745426e-07 -7.947286e-08 -3.323410e-07 -2.311938e-07 -2.600930e-07 -2.889922e-07 1.228217e-07 1.625581e-07 -1.444961e-08 2.889922e-08
<VARIANCE> 12
 4.491142e+01 4.573652e+01 6.043610e+01 7.775298e+01 7.948943e+01 5.928325e+01 4.414459e+01 6.236611e+01 1.863807e+01 3.323764e+01 5.489297e+01 1.608223e+01
<GCONST> 6.772768e+01
<STATE> 10
<MEAN> 12
 -4.551627e-07 2.311938e-07 2.745426e-07 -7.947286e-08 -3.323410e-07 -2.311938e-07 -2.600930e-07 -2.889922e-07 1.228217e-07 1.625581e-07 -1.444961e-08 2.889922e-08
<VARIANCE> 12
 4.491142e+01 4.573652e+01 6.043610e+01 7.775298e+01 7.948943e+01 5.928325e+01 4.414459e+01 6.236611e+01 1.863807e+01 3.323764e+01 5.489297e+01 1.608223e+01
<GCONST> 6.772768e+01
<TRANSP> 11
 0.000000e+00 1.000000e+00 0.000000e+00 0.000000e+00 0.000000e+00 0.000000e+00 0.000000e+00 0.000000e+00 0.000000e+00 0.000000e+00 0.000000e+00
 0.000000e+00 9.000000e-01 9.999999e-02 0.000000e+00 0.000000e+00 0.000000e+00 0.000000e+00 0.000000e+00 0.000000e+00 0.000000e+00 0.000000e+00
 0.000000e+00 0.000000e+00 9.000000e-01 9.999999e-02 0.000000e+00 0.000000e+00 0.000000e+00 0.000000e+00 0.000000e+00 0.000000e+00 0.000000e+00
 0.000000e+00 0.000000e+00 0.000000e+00 9.000000e-01 9.999999e-02 0.000000e+00 0.000000e+00 0.000000e+00 0.000000e+00 0.000000e+00 0.000000e+00
 0.000000e+00 0.000000e+00 0.000000e+00 0.000000e+00 9.000000e-01 9.999999e-02 0.000000e+00 0.000000e+00 0.000000e+00 0.000000e+00 0.000000e+00
 0.000000e+00 0.000000e+00 0.000000e+00 0.000000e+00 0.000000e+00 9.000000e-01 9.999999e-02 0.000000e+00 0.000000e+00 0.000000e+00 0.000000e+00
 0.000000e+00 0.000000e+00 0.000000e+00 0.000000e+00 0.000000e+00 0.000000e+00 9.000000e-01 9.999999e-02 0.000000e+00 0.000000e+00 0.000000e+00
 0.000000e+00 0.000000e+00 0.000000e+00 0.000000e+00 0.000000e+00 0.000000e+00 0.000000e+00 9.000000e-01 9.999999e-02 0.000000e+00 0.000000e+00
 0.000000e+00 0.000000e+00 0.000000e+00 0.000000e+00 0.000000e+00 0.000000e+00 0.000000e+00 0.000000e+00 9.000000e-01 9.999999e-02 0.000000e+00
 0.000000e+00 0.000000e+00 0.000000e+00 0.000000e+00 0.000000e+00 0.000000e+00 0.000000e+00 0.000000e+00 0.000000e+00 9.000000e-01 9.999999e-02
 0.000000e+00 0.000000e+00 0.000000e+00 0.000000e+00 0.000000e+00 0.000000e+00 0.000000e+00 0.000000e+00 0.000000e+00 0.000000e+00 0.000000e+00
<ENDHMM>
