~o
<STREAMINFO> 1 12
<VECSIZE> 12<NULLD><MFCC_Z><DIAGC>
~h "s067"
<BEGINHMM>
<NUMSTATES> 11
<STATE> 2
<MEAN> 12
 -3.753555e+00 2.496004e+00 5.871903e+00 -1.325792e+01 -5.419237e+00 4.419140e+00 -6.147014e+00 -6.640015e-01 4.055851e-01 2.776196e+00 -5.304550e+00 4.011007e+00
<VARIANCE> 12
 2.868356e+00 1.944905e+01 9.202191e+00 2.944975e+01 1.343933e+01 1.594553e+01 1.515490e+01 1.283410e+01 1.562799e+01 5.721719e+01 1.044822e+01 8.434196e+00
<GCONST> 5.359063e+01
<STATE> 3
<MEAN> 12
 -5.027389e-01 1.342362e+01 -2.861223e+00 -1.418493e+01 -6.184050e+00 -3.186598e+00 -1.150052e+01 1.626990e+00 -1.894699e+00 -1.455771e+00 1.056738e+01 -7.248636e+00
<VARIANCE> 12
 2.868356e+00 1.944905e+01 8.177882e+00 2.745095e+01 1.032445e+01 1.594553e+01 2.136160e+01 4.508648e+00 1.407614e+01 9.740004e+00 2.621742e+01 6.232254e+01
<GCONST> 5.348066e+01
<STATE> 4
<MEAN> 12
 -4.682089e+00 1.456142e+01 5.632123e+00 -7.737905e+00 -4.164051e+00 -3.883353e+00 -7.023696e+00 5.755690e+00 3.927965e+00 -6.892386e-01 1.014818e+00 -2.472113e+00
<VARIANCE> 12
 2.868356e+00 1.944905e+01 2.269452e+01 5.960835e+01 5.773316e+00 1.594553e+01 1.515490e+01 2.492730e+01 2.851028e+01 6.407349e+00 1.098982e+01 2.493066e+01
<GCONST> 5.456348e+01
<STATE> 5
<MEAN> 12
 -4.807361e+00 2.385536e+00 7.534994e+00 -1.335761e+01 -9.039561e-02 1.188884e+01 4.382679e+00 -3.117002e+00 -2.918005e+00 3.173145e-01 -4.805406e+00 6.732233e-01
<VARIANCE> 12
 2.868356e+00 2.073216e+01 6.234772e+00 2.745095e+01 5.773316e+00 1.594553e+01 1.515490e+01 1.264778e+01 3.098262e+01 3.181112e+01 1.044822e+01 8.434196e+00
<GCONST> 5.243269e+01
<STATE> 6
<MEAN> 12
 -2.394493e+00 -8.327514e+00 2.768203e-01 7.225377e-01 5.674352e+00 -2.678504e+00 4.610332e+00 -2.843806e+00 -1.314005e+01 9.577250e+00 7.497388e+00 -2.037809e+00
<VARIANCE> 12
 2.868356e+00 1.944905e+01 6.234772e+00 2.745095e+01 5.773316e+00 2.993139e+01 1.515490e+01 4.508648e+00 7.600976e+00 5.603741e+00 1.044822e+01 8.434196e+00
<GCONST> 4.882552e+01
<STATE> 7
<MEAN> 12
 1.302244e+00 -1.222053e+01 -6.148156e+00 8.456678e+00 4.404953e+00 -1.537837e+01 5.792124e-01 7.645765e-01 -2.142794e+00 -9.205200e-01 1.828415e+00 7.115750e+00
<VARIANCE> 12
 6.544456e+00 1.944905e+01 6.234772e+00 2.745095e+01 1.413481e+01 1.594553e+01 1.708229e+01 1.650542e+01 1.411737e+01 6.949875e+00 1.607256e+01 1.421039e+01
<GCONST> 5.312025e+01
<STATE> 8
<MEAN> 12
 6.055532e+00 -5.281596e+00 -5.132560e+00 1.200956e+01 4.707611e+00 -7.228189e+00 -1.022843e+00 -8.683085e-01 3.826269e+00 -3.620799e+00 -8.609284e+00 3.867331e+00
<VARIANCE> 12
 2.868356e+00 1.944905e+01 6.234772e+00 2.745095e+01 5.773316e+00 2.258240e+01 1.517451e+01 2.283418e+01 1.431330e+01 1.351478e+01 2.501086e+01 2.631378e+01
<GCONST> 5.369127e+01
<STATE> 9
<MEAN> 12
 2.349335e+00 -2.524808e+00 1.396157e+00 1.206245e+01 4.617131e-01 7.519204e+00 6.859804e+00 -2.005684e+00 9.535885e-03 -7.394504e-01 -1.494502e+00 2.850436e-01
<VARIANCE> 12
 3.671410e+00 1.944905e+01 1.728074e+01 2.745095e+01 6.848666e+00 1.594553e+01 2.513785e+01 2.007128e+01 7.278877e+00 1.812548e+01 3.002930e+01 2.547255e+01
<GCONST> 5.492387e+01
<STATE> 10
<MEAN> 12
 1.563038e+00 -1.096383e+01 -2.592629e+00 6.494390e+00 5.232823e+00 1.013205e+01 1.381053e+01 -1.509012e+00 3.107603e+00 1.288962e+00 -8.988530e-01 -2.922016e+00
<VARIANCE> 12
 3.593073e+00 1.944905e+01 1.245851e+01 2.745095e+01 1.110511e+01 1.594553e+01 1.515490e+01 2.093962e+01 5.738201e+00 1.626401e+01 2.216002e+01 8.434196e+00
<GCONST> 5.283937e+01
<TRANSP> 11
 0.000000e+00 1.000000e+00 0.000000e+00 0.000000e+00 0.000000e+00 0.000000e+00 0.000000e+00 0.000000e+00 0.000000e+00 0.000000e+00 0.000000e+00
 0.000000e+00 8.707893e-01 1.292107e-01 0.000000e+00 0.000000e+00 0.000000e+00 0.000000e+00 0.000000e+00 0.000000e+00 0.000000e+00 0.000000e+00
 0.000000e+00 0.000000e+00 9.003754e-01 9.962462e-02 0.000000e+00 0.000000e+00 0.000000e+00 0.000000e+00 0.000000e+00 0.000000e+00 0.000000e+00
 0.000000e+00 0.000000e+00 0.000000e+00 8.787826e-01 1.212174e-01 0.000000e+00 0.000000e+00 0.000000e+00 0.000000e+00 0.000000e+00 0.000000e+00
 0.000000e+00 0.000000e+00 0.000000e+00 0.000000e+00 7.411214e-01 2.588786e-01 0.000000e+00 0.000000e+00 0.000000e+00 0.000000e+00 0.000000e+00
 0.000000e+00 0.000000e+00 0.000000e+00 0.000000e+00 0.000000e+00 7.044303e-01 2.955697e-01 0.000000e+00 0.000000e+00 0.000000e+00 0.000000e+00
 0.000000e+00 0.000000e+00 0.000000e+00 0.000000e+00 0.000000e+00 0.000000e+00 8.711503e-01 1.288497e-01 0.000000e+00 0.000000e+00 0.000000e+00
 0.000000e+00 0.000000e+00 0.000000e+00 0.000000e+00 0.000000e+00 0.000000e+00 0.000000e+00 8.759553e-01 1.240447e-01 0.000000e+00 0.000000e+00
 0.000000e+00 0.000000e+00 0.000000e+00 0.000000e+00 0.000000e+00 0.000000e+00 0.000000e+00 0.000000e+00 9.159686e-01 8.403142e-02 0.000000e+00
 0.000000e+00 0.000000e+00 0.000000e+00 0.000000e+00 0.000000e+00 0.000000e+00 0.000000e+00 0.000000e+00 0.000000e+00 8.750681e-01 1.249318e-01
 0.000000e+00 0.000000e+00 0.000000e+00 0.000000e+00 0.000000e+00 0.000000e+00 0.000000e+00 0.000000e+00 0.000000e+00 0.000000e+00 0.000000e+00
<ENDHMM>
