~o
<STREAMINFO> 1 12
<VECSIZE> 12<NULLD><MFCC_Z><DIAGC>
~h "s010"
<BEGINHMM>
<NUMSTATES> 11
<STATE> 2
<MEAN> 12
 -3.386235e-07 7.947286e-07 -6.219615e-08 4.077303e-07 -2.971594e-07 2.418739e-07 2.073205e-08 -1.520350e-07 1.140263e-07 -2.764273e-07 -1.624011e-07 -2.176865e-07
<VARIANCE> 12
 1.374945e+01 6.312682e+01 2.666911e+01 2.226201e+01 9.874390e+01 8.212868e+01 5.855651e+01 2.375405e+01 3.908924e+01 3.359269e+01 2.944667e+01 3.733816e+01
<GCONST> 6.562837e+01
<STATE> 3
<MEAN> 12
 -3.386235e-07 7.947286e-07 -6.219615e-08 4.077303e-07 -2.971594e-07 2.418739e-07 2.073205e-08 -1.520350e-07 1.140263e-07 -2.764273e-07 -1.624011e-07 -2.176865e-07
<VARIANCE> 12
 1.374945e+01 6.312682e+01 2.666911e+01 2.226201e+01 9.874390e+01 8.212868e+01 5.855651e+01 2.375405e+01 3.908924e+01 3.359269e+01 2.944667e+01 3.733816e+01
<GCONST> 6.562837e+01
<STATE> 4
<MEAN> 12
 -3.386235e-07 7.947286e-07 -6.219615e-08 4.077303e-07 -2.971594e-07 2.418739e-07 2.073205e-08 -1.520350e-07 1.140263e-07 -2.764273e-07 -1.624011e-07 -2.176865e-07
<VARIANCE> 12
 1.374945e+01 6.312682e+01 2.666911e+01 2.226201e+01 9.874390e+01 8.212868e+01 5.855651e+01 2.375405e+01 3.908924e+01 3.359269e+01 2.944667e+01 3.733816e+01
<GCONST> 6.562837e+01
<STATE> 5
<MEAN> 12
 -3.386235e-07 7.947286e-07 -6.219615e-08 4.077303e-07 -2.971594e-07 2.418739e-07 2.073205e-08 -1.520350e-07 1.140263e-07 -2.764273e-07 -1.624011e-07 -2.176865e-07
<VARIANCE> 12
 1.374945e+01 6.312682e+01 2.666911e+01 2.226201e+01 9.874390e+01 8.212868e+01 5.855651e+01 2.375405e+01 3.908924e+01 3.359269e+01 2.944667e+01 3.733816e+01
<GCONST> 6.562837e+01
<STATE> 6
<MEAN> 12
 -3.386235e-07 7.947286e-07 -6.219615e-08 4.077303e-07 -2.971594e-07 2.418739e-07 2.073205e-08 -1.520350e-07 1.140263e-07 -2.764273e-07 -1.624011e-07 -2.176865e-07
<VARIANCE> 12
 1.374945e+01 6.312682e+01 2.666911e+01 2.226201e+01 9.874390e+01 8.212868e+01 5.855651e+01 2.375405e+01 3.908924e+01 3.359269e+01 2.944667e+01 3.733816e+01
<GCONST> 6.562837e+01
<STATE> 7
<MEAN> 12
 -3.386235e-07 7.947286e-07 -6.219615e-08 4.077303e-07 -2.971594e-07 2.418739e-07 2.073205e-08 -1.520350e-07 1.140263e-07 -2.764273e-07 -1.624011e-07 -2.176865e-07
<VARIANCE> 12
 1.374945e+01 6.312682e+01 2.666911e+01 2.226201e+01 9.874390e+01 8.212868e+01 5.855651e+01 2.375405e+01 3.908924e+01 3.359269e+01 2.944667e+01 3.733816e+01
<GCONST> 6.562837e+01
<STATE> 8
<MEAN> 12
 -3.386235e-07 7.947286e-07 -6.219615e-08 4.077303e-07 -2.971594e-07 2.418739e-07 2.073205e-08 -1.520350e-07 1.140263e-07 -2.764273e-07 -1.624011e-07 -2.176865e-07
<VARIANCE> 12
 1.374945e+01 6.312682e+01 2.666911e+01 2.226201e+01 9.874390e+01 8.212868e+01 5.855651e+01 2.375405e+01 3.908924e+01 3.359269e+01 2.944667e+01 3.733816e+01
<GCONST> 6.562837e+01
<STATE> 9
<MEAN> 12
 -3.386235e-07 7.947286e-07 -6.219615e-08 4.077303e-07 -2.971594e-07 2.418739e-07 2.073205e-08 -1.520350e-07 1.140263e-07 -2.764273e-07 -1.624011e-07 -2.176865e-07
<VARIANCE> 12
 1.374945e+01 6.312682e+01 2.666911e+01 2.226201e+01 9.874390e+01 8.212868e+01 5.855651e+01 2.375405e+01 3.908924e+01 3.359269e+01 2.944667e+01 3.733816e+01
<GCONST> 6.562837e+01
<STATE> 10
<MEAN> 12
 -3.386235e-07 7.947286e-07 -6.219615e-08 4.077303e-07 -2.971594e-07 2.418739e-07 2.073205e-08 -1.520350e-07 1.140263e-07 -2.764273e-07 -1.624011e-07 -2.176865e-07
<VARIANCE> 12
 1.374945e+01 6.312682e+01 2.666911e+01 2.226201e+01 9.874390e+01 8.212868e+01 5.855651e+01 2.375405e+01 3.908924e+01 3.359269e+01 2.944667e+01 3.733816e+01
<GCONST> 6.562837e+01
<TRANSP> 11
 0.000000e+00 1.000000e+00 0.000000e+00 0.000000e+00 0.000000e+00 0.000000e+00 0.000000e+00 0.000000e+00 0.000000e+00 0.000000e+00 0.000000e+00
 0.000000e+00 9.000000e-01 9.999999e-02 0.000000e+00 0.000000e+00 0.000000e+00 0.000000e+00 0.000000e+00 0.000000e+00 0.000000e+00 0.000000e+00
 0.000000e+00 0.000000e+00 9.000000e-01 9.999999e-02 0.000000e+00 0.000000e+00 0.000000e+00 0.000000e+00 0.000000e+00 0.000000e+00 0.000000e+00
 0.000000e+00 0.000000e+00 0.000000e+00 9.000000e-01 9.999999e-02 0.000000e+00 0.000000e+00 0.000000e+00 0.000000e+00 0.000000e+00 0.000000e+00
 0.000000e+00 0.000000e+00 0.000000e+00 0.000000e+00 9.000000e-01 9.999999e-02 0.000000e+00 0.000000e+00 0.000000e+00 0.000000e+00 0.000000e+00
 0.000000e+00 0.000000e+00 0.000000e+00 0.000000e+00 0.000000e+00 9.000000e-01 9.999999e-02 0.000000e+00 0.000000e+00 0.000000e+00 0.000000e+00
 0.000000e+00 0.000000e+00 0.000000e+00 0.000000e+00 0.000000e+00 0.000000e+00 9.000000e-01 9.999999e-02 0.000000e+00 0.000000e+00 0.000000e+00
 0.000000e+00 0.000000e+00 0.000000e+00 0.000000e+00 0.000000e+00 0.000000e+00 0.000000e+00 9.000000e-01 9.999999e-02 0.000000e+00 0.000000e+00
 0.000000e+00 0.000000e+00 0.000000e+00 0.000000e+00 0.000000e+00 0.000000e+00 0.000000e+00 0.000000e+00 9.000000e-01 9.999999e-02 0.000000e+00
 0.000000e+00 0.000000e+00 0.000000e+00 0.000000e+00 0.000000e+00 0.000000e+00 0.000000e+00 0.000000e+00 0.000000e+00 9.000000e-01 9.999999e-02
 0.000000e+00 0.000000e+00 0.000000e+00 0.000000e+00 0.000000e+00 0.000000e+00 0.000000e+00 0.000000e+00 0.000000e+00 0.000000e+00 0.000000e+00
<ENDHMM>
