~o
<STREAMINFO> 1 12
<VECSIZE> 12<NULLD><MFCC_Z><DIAGC>
~h "s066"
<BEGINHMM>
<NUMSTATES> 8
<STATE> 2
<MEAN> 12
 -7.381418e-01 -7.024581e+00 4.685986e+00 1.563104e+01 1.246779e+01 -9.703660e+00 -1.287180e+00 -6.642694e+00 6.228520e+00 -1.033496e-01 5.043265e+00 -3.667492e+00
<VARIANCE> 12
 4.267624e+00 1.030077e+01 2.235469e+01 2.120492e+01 1.362010e+01 1.610814e+01 1.121089e+01 2.922567e+01 6.359591e+00 1.534493e+01 3.154833e+01 1.127463e+01
<GCONST> 5.363670e+01
<STATE> 3
<MEAN> 12
 2.938962e+00 -1.207210e+00 -5.205723e+00 1.009454e+01 -4.111025e+00 -9.632433e+00 3.356296e+00 -1.077683e+00 -2.233676e+00 2.687316e+00 5.036594e+00 -4.190098e+00
<VARIANCE> 12
 4.717831e+00 5.575665e+00 6.004177e+00 2.120492e+01 1.362010e+01 1.702638e+01 1.522126e+01 5.920084e+00 8.996380e+00 1.325928e+01 6.400308e+00 1.127463e+01
<GCONST> 4.917875e+01
<STATE> 4
<MEAN> 12
 1.211843e+00 1.092752e+00 -6.547980e+00 7.036936e-01 -4.167928e+00 -5.992489e+00 8.121076e+00 6.888025e+00 -5.776029e+00 -5.496214e+00 2.591744e+00 -2.968567e+00
<VARIANCE> 12
 2.432430e+00 3.168434e+00 1.039465e+01 2.120492e+01 1.362010e+01 1.610814e+01 5.699040e+00 8.819422e+00 6.359591e+00 6.018183e+00 2.941366e+01 1.127463e+01
<GCONST> 4.824907e+01
<STATE> 5
<MEAN> 12
 -1.046175e+00 2.977394e+00 2.085494e+00 -7.421704e+00 -6.045543e+00 3.597709e+00 -2.378327e-02 3.249793e+00 1.540835e+00 1.219308e+00 -3.687320e+00 -1.579086e+00
<VARIANCE> 12
 4.778064e+00 3.168434e+00 4.757503e+00 2.120492e+01 1.362010e+01 1.610814e+01 1.684248e+01 8.205119e+00 4.182740e+01 2.285577e+01 9.761790e+00 4.135898e+01
<GCONST> 5.256881e+01
<STATE> 6
<MEAN> 12
 -6.784972e-01 2.482551e-02 -3.384922e-01 -8.512557e+00 -7.551079e+00 8.948457e+00 3.150945e+00 -2.537034e+00 -6.091616e+00 4.634269e+00 -6.101987e+00 2.416557e+00
<VARIANCE> 12
 4.266849e+00 3.168434e+00 4.078025e+00 2.120492e+01 1.362010e+01 1.834312e+01 5.699040e+00 5.727242e+00 7.672008e+00 4.352786e+01 6.400308e+00 1.036126e+02
<GCONST> 5.043281e+01
<STATE> 7
<MEAN> 12
 -1.056475e+00 1.914973e+00 7.683710e-01 -8.493926e+00 8.587429e+00 1.070504e+01 -6.428559e+00 3.714979e-01 -6.593361e-01 -5.135391e+00 -1.926939e+00 9.953238e+00
<VARIANCE> 12
 1.286440e+01 3.731145e+00 4.078025e+00 2.120492e+01 2.095502e+01 1.610814e+01 1.387803e+01 3.120842e+01 1.447151e+01 1.911210e+01 1.733895e+01 3.206882e+01
<GCONST> 5.422159e+01
<TRANSP> 8
 0.000000e+00 1.000000e+00 0.000000e+00 0.000000e+00 0.000000e+00 0.000000e+00 0.000000e+00 0.000000e+00
 0.000000e+00 8.752552e-01 1.247448e-01 0.000000e+00 0.000000e+00 0.000000e+00 0.000000e+00 0.000000e+00
 0.000000e+00 0.000000e+00 9.087551e-01 9.124497e-02 0.000000e+00 0.000000e+00 0.000000e+00 0.000000e+00
 0.000000e+00 0.000000e+00 0.000000e+00 6.677698e-01 3.322302e-01 0.000000e+00 0.000000e+00 0.000000e+00
 0.000000e+00 0.000000e+00 0.000000e+00 0.000000e+00 9.367935e-01 6.320652e-02 0.000000e+00 0.000000e+00
 0.000000e+00 0.000000e+00 0.000000e+00 0.000000e+00 0.000000e+00 7.646770e-01 2.353229e-01 0.000000e+00
 0.000000e+00 0.000000e+00 0.000000e+00 0.000000e+00 0.000000e+00 0.000000e+00 8.994321e-01 1.005679e-01
 0.000000e+00 0.000000e+00 0.000000e+00 0.000000e+00 0.000000e+00 0.000000e+00 0.000000e+00 0.000000e+00
<ENDHMM>
