~o
<STREAMINFO> 1 12
<VECSIZE> 12<NULLD><MFCC_Z><DIAGC>
~h "T1375867734"
<BEGINHMM>
<NUMSTATES> 15
<STATE> 2
<MEAN> 12
 -1.976865e+01 5.534929e+00 6.382241e+00 -7.006176e-01 2.840587e+00 1.001955e+01 -1.247868e+00 -1.742795e+00 -1.068408e+00 8.174145e+00 -9.288477e+00 4.723773e+00
<VARIANCE> 12
 3.010299e+01 7.800383e+00 1.020841e+01 8.094239e+00 1.902533e+01 1.921227e+01 1.296401e+01 9.273321e+00 1.253041e+01 6.985351e+00 1.003074e+01 3.839469e+01
<GCONST> 5.304388e+01
<STATE> 3
<MEAN> 12
 4.048533e-01 3.688013e+00 2.262574e+00 -1.881979e+00 -1.316803e+01 -1.240968e+01 1.509626e+00 1.051315e+00 -5.137135e+00 -6.700622e+00 7.395883e-01 -2.519372e-01
<VARIANCE> 12
 8.222410e+00 7.361820e+00 2.219624e+01 5.817562e+00 2.554874e+01 1.713135e+01 2.132958e+01 2.480130e+01 2.425089e+01 2.250064e+01 1.992731e+01 7.587705e+00
<GCONST> 5.469161e+01
<STATE> 4
<MEAN> 12
 4.698249e+00 5.539086e+00 -5.762408e+00 -4.561880e+00 5.982218e-01 -1.133298e+01 -1.059552e+01 -7.572574e+00 2.431658e+00 1.481477e+00 2.297553e-01 7.613797e-01
<VARIANCE> 12
 8.222410e+00 7.361820e+00 5.375992e+00 1.445234e+01 2.467130e+01 9.914109e+00 1.962108e+01 4.571178e+01 1.195779e+01 2.268163e+01 9.923907e+00 4.440852e+00
<GCONST> 5.219779e+01
<STATE> 5
<MEAN> 12
 5.309809e+00 7.994549e+00 -1.175043e+00 -6.553431e+00 3.051707e-01 1.100934e-01 -2.784298e+00 -4.885208e+00 4.594550e+00 -8.720985e-01 1.347841e+00 1.110838e+00
<VARIANCE> 12
 8.222410e+00 7.361820e+00 1.802224e+01 1.063774e+01 1.002212e+01 2.529304e+01 1.991998e+01 4.731884e+01 2.110012e+01 1.284585e+01 1.535167e+01 1.930312e+01
<GCONST> 5.509145e+01
<STATE> 6
<MEAN> 12
 6.921756e+00 7.517258e+00 -4.896458e+00 -1.287900e+00 2.553816e+00 3.664526e+00 5.578930e+00 3.099483e+00 5.604301e+00 -5.209536e+00 -3.527073e+00 1.370810e-01
<VARIANCE> 12
 8.222410e+00 7.361820e+00 7.760668e+00 1.469540e+01 1.124289e+01 2.324581e+01 2.456267e+01 5.370569e+00 9.387138e+00 1.831670e+01 8.039627e+00 1.416851e+01
<GCONST> 5.122488e+01
<STATE> 7
<MEAN> 12
 3.182429e+00 4.407705e+00 -1.954493e-01 2.720643e+00 1.239151e+00 1.080240e-01 9.885420e+00 4.026615e+00 4.082432e-01 -4.870838e+00 -4.697340e+00 4.706354e+00
<VARIANCE> 12
 8.222410e+00 7.361820e+00 2.879212e+01 6.190351e+00 4.065078e+01 9.643584e+00 2.755289e+01 1.368926e+01 1.504639e+01 2.147493e+01 7.102491e+00 1.248801e+01
<GCONST> 5.350806e+01
<STATE> 8
<MEAN> 12
 -7.869213e-01 -4.035273e-01 3.587387e+00 3.721419e+00 -3.635910e+00 2.370133e+00 7.103966e+00 1.042402e+00 -1.376936e+00 -2.998444e+00 -3.510504e-01 2.419756e-01
<VARIANCE> 12
 1.086911e+01 2.498254e+01 3.367661e+01 5.817562e+00 8.579562e+01 8.075383e+00 1.446499e+01 4.356505e+01 1.867147e+01 7.367528e+00 3.921555e+01 3.037724e+01
<GCONST> 5.792994e+01
<STATE> 9
<MEAN> 12
 -2.107540e+00 -9.453232e+00 -1.802539e+00 4.587351e+00 4.299746e-01 -4.296065e+00 1.088920e+00 -2.166427e+00 -2.709591e+00 8.877681e-01 1.035107e+00 1.015113e+00
<VARIANCE> 12
 1.033222e+01 1.341237e+01 1.445194e+01 1.519794e+01 8.405746e+01 2.745457e+01 2.561888e+01 1.895865e+01 1.575866e+01 1.521948e+01 3.258111e+01 2.324723e+01
<GCONST> 5.841747e+01
<STATE> 10
<MEAN> 12
 2.751488e+00 -4.915537e+00 -3.906913e+00 -4.979531e-01 5.304320e+00 -3.015068e+00 -1.880153e+00 2.142504e+00 -4.393985e-01 8.775640e-01 -1.845507e+00 5.484999e-01
<VARIANCE> 12
 1.496306e+01 1.356866e+01 2.372301e+01 4.489008e+01 4.163582e+01 1.342221e+01 1.164246e+01 1.964761e+01 2.302415e+01 1.393373e+01 1.468005e+01 1.934181e+01
<GCONST> 5.751663e+01
<STATE> 11
<MEAN> 12
 4.623848e+00 -2.935257e+00 -4.550631e+00 -4.785149e+00 1.660279e+00 -2.821784e+00 1.520101e+00 3.178902e+00 4.447182e-01 -2.632471e-01 8.672022e-03 -1.686160e+00
<VARIANCE> 12
 8.222410e+00 7.361820e+00 2.844444e+01 1.324567e+01 2.114853e+01 1.643909e+01 1.686439e+01 1.311297e+01 1.232562e+01 1.139288e+01 2.062828e+01 8.094141e+00
<GCONST> 5.340182e+01
<STATE> 12
<MEAN> 12
 -3.665825e+00 -5.035071e-01 5.727584e+00 -6.969274e-01 -1.655523e+01 9.206186e+00 3.299136e+00 1.471825e+00 -1.198564e+00 -4.155313e+00 5.896799e+00 -9.703987e-01
<VARIANCE> 12
 1.456366e+01 1.436921e+01 1.139544e+01 6.221009e+00 4.089500e+01 1.566371e+01 2.759467e+01 1.246901e+01 7.578756e+00 4.716669e+01 9.374043e+00 2.342286e+01
<GCONST> 5.523321e+01
<STATE> 13
<MEAN> 12
 -4.535765e+00 -9.780760e+00 2.049937e+00 1.190809e+00 -8.298000e+00 8.719294e+00 -2.649088e+00 2.944019e+00 -2.817845e+00 -5.031927e+00 1.098196e+01 -6.954791e+00
<VARIANCE> 12
 8.222410e+00 1.543363e+01 5.375992e+00 5.908869e+00 5.605932e+01 8.075383e+00 2.081633e+01 5.370569e+00 1.757793e+01 3.230041e+01 1.124563e+01 4.209602e+01
<GCONST> 5.368990e+01
<STATE> 14
<MEAN> 12
 -1.917446e+00 -7.347912e+00 7.403097e+00 1.126624e+01 6.576737e+00 1.923661e+00 -1.129750e+00 3.493590e+00 -4.061350e+00 7.445108e+00 3.450108e+00 -5.713743e+00
<VARIANCE> 12
 8.222410e+00 7.978448e+00 5.879345e+00 7.972252e+00 1.002212e+01 1.439732e+01 1.185881e+01 1.011157e+01 2.269794e+01 1.254771e+01 1.217180e+01 2.169104e+01
<GCONST> 5.107197e+01
<TRANSP> 15
 0.000000e+00 1.000000e+00 0.000000e+00 0.000000e+00 0.000000e+00 0.000000e+00 0.000000e+00 0.000000e+00 0.000000e+00 0.000000e+00 0.000000e+00 0.000000e+00 0.000000e+00 0.000000e+00 0.000000e+00
 0.000000e+00 8.681084e-01 1.318916e-01 0.000000e+00 0.000000e+00 0.000000e+00 0.000000e+00 0.000000e+00 0.000000e+00 0.000000e+00 0.000000e+00 0.000000e+00 0.000000e+00 0.000000e+00 0.000000e+00
 0.000000e+00 0.000000e+00 6.935791e-01 3.064209e-01 0.000000e+00 0.000000e+00 0.000000e+00 0.000000e+00 0.000000e+00 0.000000e+00 0.000000e+00 0.000000e+00 0.000000e+00 0.000000e+00 0.000000e+00
 0.000000e+00 0.000000e+00 0.000000e+00 8.738854e-01 1.261146e-01 0.000000e+00 0.000000e+00 0.000000e+00 0.000000e+00 0.000000e+00 0.000000e+00 0.000000e+00 0.000000e+00 0.000000e+00 0.000000e+00
 0.000000e+00 0.000000e+00 0.000000e+00 0.000000e+00 9.205546e-01 7.944532e-02 0.000000e+00 0.000000e+00 0.000000e+00 0.000000e+00 0.000000e+00 0.000000e+00 0.000000e+00 0.000000e+00 0.000000e+00
 0.000000e+00 0.000000e+00 0.000000e+00 0.000000e+00 0.000000e+00 8.247886e-01 1.752114e-01 0.000000e+00 0.000000e+00 0.000000e+00 0.000000e+00 0.000000e+00 0.000000e+00 0.000000e+00 0.000000e+00
 0.000000e+00 0.000000e+00 0.000000e+00 0.000000e+00 0.000000e+00 0.000000e+00 8.411292e-01 1.588707e-01 0.000000e+00 0.000000e+00 0.000000e+00 0.000000e+00 0.000000e+00 0.000000e+00 0.000000e+00
 0.000000e+00 0.000000e+00 0.000000e+00 0.000000e+00 0.000000e+00 0.000000e+00 0.000000e+00 8.170542e-01 1.829458e-01 0.000000e+00 0.000000e+00 0.000000e+00 0.000000e+00 0.000000e+00 0.000000e+00
 0.000000e+00 0.000000e+00 0.000000e+00 0.000000e+00 0.000000e+00 0.000000e+00 0.000000e+00 0.000000e+00 8.722630e-01 1.277371e-01 0.000000e+00 0.000000e+00 0.000000e+00 0.000000e+00 0.000000e+00
 0.000000e+00 0.000000e+00 0.000000e+00 0.000000e+00 0.000000e+00 0.000000e+00 0.000000e+00 0.000000e+00 0.000000e+00 9.144737e-01 8.552627e-02 0.000000e+00 0.000000e+00 0.000000e+00 0.000000e+00
 0.000000e+00 0.000000e+00 0.000000e+00 0.000000e+00 0.000000e+00 0.000000e+00 0.000000e+00 0.000000e+00 0.000000e+00 0.000000e+00 8.527413e-01 1.472587e-01 0.000000e+00 0.000000e+00 0.000000e+00
 0.000000e+00 0.000000e+00 0.000000e+00 0.000000e+00 0.000000e+00 0.000000e+00 0.000000e+00 0.000000e+00 0.000000e+00 0.000000e+00 0.000000e+00 8.036189e-01 1.963811e-01 0.000000e+00 0.000000e+00
 0.000000e+00 0.000000e+00 0.000000e+00 0.000000e+00 0.000000e+00 0.000000e+00 0.000000e+00 0.000000e+00 0.000000e+00 0.000000e+00 0.000000e+00 0.000000e+00 7.949621e-01 2.050378e-01 0.000000e+00
 0.000000e+00 0.000000e+00 0.000000e+00 0.000000e+00 0.000000e+00 0.000000e+00 0.000000e+00 0.000000e+00 0.000000e+00 0.000000e+00 0.000000e+00 0.000000e+00 0.000000e+00 8.875027e-01 1.124974e-01
 0.000000e+00 0.000000e+00 0.000000e+00 0.000000e+00 0.000000e+00 0.000000e+00 0.000000e+00 0.000000e+00 0.000000e+00 0.000000e+00 0.000000e+00 0.000000e+00 0.000000e+00 0.000000e+00 0.000000e+00
<ENDHMM>
