~o
<STREAMINFO> 1 12
<VECSIZE> 12<NULLD><MFCC_Z><DIAGC>
~h "s092"
<BEGINHMM>
<NUMSTATES> 10
<STATE> 2
<MEAN> 12
 2.838316e-07 1.740834e-07 2.554485e-07 -9.385366e-07 1.059638e-07 -1.513769e-08 3.103226e-07 3.178914e-07 5.033281e-07 -1.665146e-07 6.622739e-08 2.308497e-07
<VARIANCE> 12
 4.068823e+01 1.017463e+02 2.759970e+01 3.501134e+01 1.923253e+01 2.677945e+01 2.394843e+01 3.350834e+01 6.576653e+01 2.254493e+01 3.559224e+01 3.914097e+01
<GCONST> 6.472928e+01
<STATE> 3
<MEAN> 12
 2.838316e-07 1.740834e-07 2.554485e-07 -9.385366e-07 1.059638e-07 -1.513769e-08 3.103226e-07 3.178914e-07 5.033281e-07 -1.665146e-07 6.622739e-08 2.308497e-07
<VARIANCE> 12
 4.068823e+01 1.017463e+02 2.759970e+01 3.501134e+01 1.923253e+01 2.677945e+01 2.394843e+01 3.350834e+01 6.576653e+01 2.254493e+01 3.559224e+01 3.914097e+01
<GCONST> 6.472928e+01
<STATE> 4
<MEAN> 12
 2.838316e-07 1.740834e-07 2.554485e-07 -9.385366e-07 1.059638e-07 -1.513769e-08 3.103226e-07 3.178914e-07 5.033281e-07 -1.665146e-07 6.622739e-08 2.308497e-07
<VARIANCE> 12
 4.068823e+01 1.017463e+02 2.759970e+01 3.501134e+01 1.923253e+01 2.677945e+01 2.394843e+01 3.350834e+01 6.576653e+01 2.254493e+01 3.559224e+01 3.914097e+01
<GCONST> 6.472928e+01
<STATE> 5
<MEAN> 12
 2.838316e-07 1.740834e-07 2.554485e-07 -9.385366e-07 1.059638e-07 -1.513769e-08 3.103226e-07 3.178914e-07 5.033281e-07 -1.665146e-07 6.622739e-08 2.308497e-07
<VARIANCE> 12
 4.068823e+01 1.017463e+02 2.759970e+01 3.501134e+01 1.923253e+01 2.677945e+01 2.394843e+01 3.350834e+01 6.576653e+01 2.254493e+01 3.559224e+01 3.914097e+01
<GCONST> 6.472928e+01
<STATE> 6
<MEAN> 12
 2.838316e-07 1.740834e-07 2.554485e-07 -9.385366e-07 1.059638e-07 -1.513769e-08 3.103226e-07 3.178914e-07 5.033281e-07 -1.665146e-07 6.622739e-08 2.308497e-07
<VARIANCE> 12
 4.068823e+01 1.017463e+02 2.759970e+01 3.501134e+01 1.923253e+01 2.677945e+01 2.394843e+01 3.350834e+01 6.576653e+01 2.254493e+01 3.559224e+01 3.914097e+01
<GCONST> 6.472928e+01
<STATE> 7
<MEAN> 12
 2.838316e-07 1.740834e-07 2.554485e-07 -9.385366e-07 1.059638e-07 -1.513769e-08 3.103226e-07 3.178914e-07 5.033281e-07 -1.665146e-07 6.622739e-08 2.308497e-07
<VARIANCE> 12
 4.068823e+01 1.017463e+02 2.759970e+01 3.501134e+01 1.923253e+01 2.677945e+01 2.394843e+01 3.350834e+01 6.576653e+01 2.254493e+01 3.559224e+01 3.914097e+01
<GCONST> 6.472928e+01
<STATE> 8
<MEAN> 12
 2.838316e-07 1.740834e-07 2.554485e-07 -9.385366e-07 1.059638e-07 -1.513769e-08 3.103226e-07 3.178914e-07 5.033281e-07 -1.665146e-07 6.622739e-08 2.308497e-07
<VARIANCE> 12
 4.068823e+01 1.017463e+02 2.759970e+01 3.501134e+01 1.923253e+01 2.677945e+01 2.394843e+01 3.350834e+01 6.576653e+01 2.254493e+01 3.559224e+01 3.914097e+01
<GCONST> 6.472928e+01
<STATE> 9
<MEAN> 12
 2.838316e-07 1.740834e-07 2.554485e-07 -9.385366e-07 1.059638e-07 -1.513769e-08 3.103226e-07 3.178914e-07 5.033281e-07 -1.665146e-07 6.622739e-08 2.308497e-07
<VARIANCE> 12
 4.068823e+01 1.017463e+02 2.759970e+01 3.501134e+01 1.923253e+01 2.677945e+01 2.394843e+01 3.350834e+01 6.576653e+01 2.254493e+01 3.559224e+01 3.914097e+01
<GCONST> 6.472928e+01
<TRANSP> 10
 0.000000e+00 1.000000e+00 0.000000e+00 0.000000e+00 0.000000e+00 0.000000e+00 0.000000e+00 0.000000e+00 0.000000e+00 0.000000e+00
 0.000000e+00 9.000000e-01 9.999999e-02 0.000000e+00 0.000000e+00 0.000000e+00 0.000000e+00 0.000000e+00 0.000000e+00 0.000000e+00
 0.000000e+00 0.000000e+00 9.000000e-01 9.999999e-02 0.000000e+00 0.000000e+00 0.000000e+00 0.000000e+00 0.000000e+00 0.000000e+00
 0.000000e+00 0.000000e+00 0.000000e+00 9.000000e-01 9.999999e-02 0.000000e+00 0.000000e+00 0.000000e+00 0.000000e+00 0.000000e+00
 0.000000e+00 0.000000e+00 0.000000e+00 0.000000e+00 9.000000e-01 9.999999e-02 0.000000e+00 0.000000e+00 0.000000e+00 0.000000e+00
 0.000000e+00 0.000000e+00 0.000000e+00 0.000000e+00 0.000000e+00 9.000000e-01 9.999999e-02 0.000000e+00 0.000000e+00 0.000000e+00
 0.000000e+00 0.000000e+00 0.000000e+00 0.000000e+00 0.000000e+00 0.000000e+00 9.000000e-01 9.999999e-02 0.000000e+00 0.000000e+00
 0.000000e+00 0.000000e+00 0.000000e+00 0.000000e+00 0.000000e+00 0.000000e+00 0.000000e+00 9.000000e-01 9.999999e-02 0.000000e+00
 0.000000e+00 0.000000e+00 0.000000e+00 0.000000e+00 0.000000e+00 0.000000e+00 0.000000e+00 0.000000e+00 9.000000e-01 9.999999e-02
 0.000000e+00 0.000000e+00 0.000000e+00 0.000000e+00 0.000000e+00 0.000000e+00 0.000000e+00 0.000000e+00 0.000000e+00 0.000000e+00
<ENDHMM>
