~o
<STREAMINFO> 1 12
<VECSIZE> 12<NULLD><MFCC_Z><DIAGC>
~h "s014"
<BEGINHMM>
<NUMSTATES> 10
<STATE> 2
<MEAN> 12
 -3.799796e-07 -6.556511e-07 0.000000e+00 -4.172325e-07 -4.917383e-07 -5.438924e-07 -8.195639e-08 2.346933e-07 -5.960464e-08 -2.235174e-07 1.862645e-08 -1.937151e-07
<VARIANCE> 12
 7.868584e+01 3.884373e+01 1.299112e+02 6.180971e+01 6.219049e+01 4.924559e+01 5.380019e+01 7.545991e+01 2.780334e+01 3.913042e+01 3.429255e+01 3.536093e+01
<GCONST> 6.949894e+01
<STATE> 3
<MEAN> 12
 -3.799796e-07 -6.556511e-07 0.000000e+00 -4.172325e-07 -4.917383e-07 -5.438924e-07 -8.195639e-08 2.346933e-07 -5.960464e-08 -2.235174e-07 1.862645e-08 -1.937151e-07
<VARIANCE> 12
 7.868584e+01 3.884373e+01 1.299112e+02 6.180971e+01 6.219049e+01 4.924559e+01 5.380019e+01 7.545991e+01 2.780334e+01 3.913042e+01 3.429255e+01 3.536093e+01
<GCONST> 6.949894e+01
<STATE> 4
<MEAN> 12
 -3.799796e-07 -6.556511e-07 0.000000e+00 -4.172325e-07 -4.917383e-07 -5.438924e-07 -8.195639e-08 2.346933e-07 -5.960464e-08 -2.235174e-07 1.862645e-08 -1.937151e-07
<VARIANCE> 12
 7.868584e+01 3.884373e+01 1.299112e+02 6.180971e+01 6.219049e+01 4.924559e+01 5.380019e+01 7.545991e+01 2.780334e+01 3.913042e+01 3.429255e+01 3.536093e+01
<GCONST> 6.949894e+01
<STATE> 5
<MEAN> 12
 -3.799796e-07 -6.556511e-07 0.000000e+00 -4.172325e-07 -4.917383e-07 -5.438924e-07 -8.195639e-08 2.346933e-07 -5.960464e-08 -2.235174e-07 1.862645e-08 -1.937151e-07
<VARIANCE> 12
 7.868584e+01 3.884373e+01 1.299112e+02 6.180971e+01 6.219049e+01 4.924559e+01 5.380019e+01 7.545991e+01 2.780334e+01 3.913042e+01 3.429255e+01 3.536093e+01
<GCONST> 6.949894e+01
<STATE> 6
<MEAN> 12
 -3.799796e-07 -6.556511e-07 0.000000e+00 -4.172325e-07 -4.917383e-07 -5.438924e-07 -8.195639e-08 2.346933e-07 -5.960464e-08 -2.235174e-07 1.862645e-08 -1.937151e-07
<VARIANCE> 12
 7.868584e+01 3.884373e+01 1.299112e+02 6.180971e+01 6.219049e+01 4.924559e+01 5.380019e+01 7.545991e+01 2.780334e+01 3.913042e+01 3.429255e+01 3.536093e+01
<GCONST> 6.949894e+01
<STATE> 7
<MEAN> 12
 -3.799796e-07 -6.556511e-07 0.000000e+00 -4.172325e-07 -4.917383e-07 -5.438924e-07 -8.195639e-08 2.346933e-07 -5.960464e-08 -2.235174e-07 1.862645e-08 -1.937151e-07
<VARIANCE> 12
 7.868584e+01 3.884373e+01 1.299112e+02 6.180971e+01 6.219049e+01 4.924559e+01 5.380019e+01 7.545991e+01 2.780334e+01 3.913042e+01 3.429255e+01 3.536093e+01
<GCONST> 6.949894e+01
<STATE> 8
<MEAN> 12
 -3.799796e-07 -6.556511e-07 0.000000e+00 -4.172325e-07 -4.917383e-07 -5.438924e-07 -8.195639e-08 2.346933e-07 -5.960464e-08 -2.235174e-07 1.862645e-08 -1.937151e-07
<VARIANCE> 12
 7.868584e+01 3.884373e+01 1.299112e+02 6.180971e+01 6.219049e+01 4.924559e+01 5.380019e+01 7.545991e+01 2.780334e+01 3.913042e+01 3.429255e+01 3.536093e+01
<GCONST> 6.949894e+01
<STATE> 9
<MEAN> 12
 -3.799796e-07 -6.556511e-07 0.000000e+00 -4.172325e-07 -4.917383e-07 -5.438924e-07 -8.195639e-08 2.346933e-07 -5.960464e-08 -2.235174e-07 1.862645e-08 -1.937151e-07
<VARIANCE> 12
 7.868584e+01 3.884373e+01 1.299112e+02 6.180971e+01 6.219049e+01 4.924559e+01 5.380019e+01 7.545991e+01 2.780334e+01 3.913042e+01 3.429255e+01 3.536093e+01
<GCONST> 6.949894e+01
<TRANSP> 10
 0.000000e+00 1.000000e+00 0.000000e+00 0.000000e+00 0.000000e+00 0.000000e+00 0.000000e+00 0.000000e+00 0.000000e+00 0.000000e+00
 0.000000e+00 9.000000e-01 9.999999e-02 0.000000e+00 0.000000e+00 0.000000e+00 0.000000e+00 0.000000e+00 0.000000e+00 0.000000e+00
 0.000000e+00 0.000000e+00 9.000000e-01 9.999999e-02 0.000000e+00 0.000000e+00 0.000000e+00 0.000000e+00 0.000000e+00 0.000000e+00
 0.000000e+00 0.000000e+00 0.000000e+00 9.000000e-01 9.999999e-02 0.000000e+00 0.000000e+00 0.000000e+00 0.000000e+00 0.000000e+00
 0.000000e+00 0.000000e+00 0.000000e+00 0.000000e+00 9.000000e-01 9.999999e-02 0.000000e+00 0.000000e+00 0.000000e+00 0.000000e+00
 0.000000e+00 0.000000e+00 0.000000e+00 0.000000e+00 0.000000e+00 9.000000e-01 9.999999e-02 0.000000e+00 0.000000e+00 0.000000e+00
 0.000000e+00 0.000000e+00 0.000000e+00 0.000000e+00 0.000000e+00 0.000000e+00 9.000000e-01 9.999999e-02 0.000000e+00 0.000000e+00
 0.000000e+00 0.000000e+00 0.000000e+00 0.000000e+00 0.000000e+00 0.000000e+00 0.000000e+00 9.000000e-01 9.999999e-02 0.000000e+00
 0.000000e+00 0.000000e+00 0.000000e+00 0.000000e+00 0.000000e+00 0.000000e+00 0.000000e+00 0.000000e+00 9.000000e-01 9.999999e-02
 0.000000e+00 0.000000e+00 0.000000e+00 0.000000e+00 0.000000e+00 0.000000e+00 0.000000e+00 0.000000e+00 0.000000e+00 0.000000e+00
<ENDHMM>
