~o
<STREAMINFO> 1 12
<VECSIZE> 12<NULLD><MFCC_Z><DIAGC>
~h "T13771896784"
<BEGINHMM>
<NUMSTATES> 9
<STATE> 2
<MEAN> 12
 3.532127e-07 -1.236244e-07 3.532127e-08 1.766064e-08 4.856675e-07 1.368699e-07 -2.914005e-07 1.589457e-07 5.298191e-08 -1.766063e-07 -1.236244e-07 -1.766063e-07
<VARIANCE> 12
 2.521500e+01 2.481834e+01 5.377846e+01 7.846412e+01 6.146495e+01 1.908948e+01 4.460957e+01 3.274907e+01 3.607563e+01 3.074164e+01 4.191658e+01 1.471372e+01
<GCONST> 6.463119e+01
<STATE> 3
<MEAN> 12
 3.532127e-07 -1.236244e-07 3.532127e-08 1.766064e-08 4.856675e-07 1.368699e-07 -2.914005e-07 1.589457e-07 5.298191e-08 -1.766063e-07 -1.236244e-07 -1.766063e-07
<VARIANCE> 12
 2.521500e+01 2.481834e+01 5.377846e+01 7.846412e+01 6.146495e+01 1.908948e+01 4.460957e+01 3.274907e+01 3.607563e+01 3.074164e+01 4.191658e+01 1.471372e+01
<GCONST> 6.463119e+01
<STATE> 4
<MEAN> 12
 3.532127e-07 -1.236244e-07 3.532127e-08 1.766064e-08 4.856675e-07 1.368699e-07 -2.914005e-07 1.589457e-07 5.298191e-08 -1.766063e-07 -1.236244e-07 -1.766063e-07
<VARIANCE> 12
 2.521500e+01 2.481834e+01 5.377846e+01 7.846412e+01 6.146495e+01 1.908948e+01 4.460957e+01 3.274907e+01 3.607563e+01 3.074164e+01 4.191658e+01 1.471372e+01
<GCONST> 6.463119e+01
<STATE> 5
<MEAN> 12
 3.532127e-07 -1.236244e-07 3.532127e-08 1.766064e-08 4.856675e-07 1.368699e-07 -2.914005e-07 1.589457e-07 5.298191e-08 -1.766063e-07 -1.236244e-07 -1.766063e-07
<VARIANCE> 12
 2.521500e+01 2.481834e+01 5.377846e+01 7.846412e+01 6.146495e+01 1.908948e+01 4.460957e+01 3.274907e+01 3.607563e+01 3.074164e+01 4.191658e+01 1.471372e+01
<GCONST> 6.463119e+01
<STATE> 6
<MEAN> 12
 3.532127e-07 -1.236244e-07 3.532127e-08 1.766064e-08 4.856675e-07 1.368699e-07 -2.914005e-07 1.589457e-07 5.298191e-08 -1.766063e-07 -1.236244e-07 -1.766063e-07
<VARIANCE> 12
 2.521500e+01 2.481834e+01 5.377846e+01 7.846412e+01 6.146495e+01 1.908948e+01 4.460957e+01 3.274907e+01 3.607563e+01 3.074164e+01 4.191658e+01 1.471372e+01
<GCONST> 6.463119e+01
<STATE> 7
<MEAN> 12
 3.532127e-07 -1.236244e-07 3.532127e-08 1.766064e-08 4.856675e-07 1.368699e-07 -2.914005e-07 1.589457e-07 5.298191e-08 -1.766063e-07 -1.236244e-07 -1.766063e-07
<VARIANCE> 12
 2.521500e+01 2.481834e+01 5.377846e+01 7.846412e+01 6.146495e+01 1.908948e+01 4.460957e+01 3.274907e+01 3.607563e+01 3.074164e+01 4.191658e+01 1.471372e+01
<GCONST> 6.463119e+01
<STATE> 8
<MEAN> 12
 3.532127e-07 -1.236244e-07 3.532127e-08 1.766064e-08 4.856675e-07 1.368699e-07 -2.914005e-07 1.589457e-07 5.298191e-08 -1.766063e-07 -1.236244e-07 -1.766063e-07
<VARIANCE> 12
 2.521500e+01 2.481834e+01 5.377846e+01 7.846412e+01 6.146495e+01 1.908948e+01 4.460957e+01 3.274907e+01 3.607563e+01 3.074164e+01 4.191658e+01 1.471372e+01
<GCONST> 6.463119e+01
<TRANSP> 9
 0.000000e+00 1.000000e+00 0.000000e+00 0.000000e+00 0.000000e+00 0.000000e+00 0.000000e+00 0.000000e+00 0.000000e+00
 0.000000e+00 9.000000e-01 9.999999e-02 0.000000e+00 0.000000e+00 0.000000e+00 0.000000e+00 0.000000e+00 0.000000e+00
 0.000000e+00 0.000000e+00 9.000000e-01 9.999999e-02 0.000000e+00 0.000000e+00 0.000000e+00 0.000000e+00 0.000000e+00
 0.000000e+00 0.000000e+00 0.000000e+00 9.000000e-01 9.999999e-02 0.000000e+00 0.000000e+00 0.000000e+00 0.000000e+00
 0.000000e+00 0.000000e+00 0.000000e+00 0.000000e+00 9.000000e-01 9.999999e-02 0.000000e+00 0.000000e+00 0.000000e+00
 0.000000e+00 0.000000e+00 0.000000e+00 0.000000e+00 0.000000e+00 9.000000e-01 9.999999e-02 0.000000e+00 0.000000e+00
 0.000000e+00 0.000000e+00 0.000000e+00 0.000000e+00 0.000000e+00 0.000000e+00 9.000000e-01 9.999999e-02 0.000000e+00
 0.000000e+00 0.000000e+00 0.000000e+00 0.000000e+00 0.000000e+00 0.000000e+00 0.000000e+00 9.000000e-01 9.999999e-02
 0.000000e+00 0.000000e+00 0.000000e+00 0.000000e+00 0.000000e+00 0.000000e+00 0.000000e+00 0.000000e+00 0.000000e+00
<ENDHMM>
