~o
<STREAMINFO> 1 12
<VECSIZE> 12<NULLD><MFCC_Z><DIAGC>
~h "s094"
<BEGINHMM>
<NUMSTATES> 7
<STATE> 2
<MEAN> 12
 -5.357553e+00 1.634287e+00 4.022252e+00 -5.381188e-01 2.312016e+00 2.974021e+00 2.369742e+00 5.202358e+00 -1.487925e-01 -2.914856e+00 -2.479677e+00 1.915312e-01
<VARIANCE> 12
 3.853461e+01 2.569153e+01 4.747078e+01 2.453880e+01 3.983655e+01 7.401057e+01 2.725296e+01 4.110495e+01 2.331579e+01 1.645465e+01 4.751388e+01 2.166537e+01
<GCONST> 6.390937e+01
<STATE> 3
<MEAN> 12
 -1.765126e-02 1.608165e+00 -1.221068e+00 -4.189489e+00 -2.221104e+00 3.939684e-01 -3.804242e-01 1.428793e+00 -2.714487e+00 -1.373529e+00 1.036208e+00 5.968439e-01
<VARIANCE> 12
 3.735118e+01 3.579803e+01 4.783860e+01 4.170303e+01 5.185204e+01 4.628359e+01 1.277341e+01 2.382692e+01 2.559437e+01 2.110527e+01 2.549021e+01 2.639256e+01
<GCONST> 6.315582e+01
<STATE> 4
<MEAN> 12
 1.773448e+00 1.150458e+00 -2.003159e+00 -3.736842e+00 -3.160485e+00 -7.452785e-01 -1.518475e+00 -3.284104e-01 -1.954668e+00 -1.043334e+00 6.158281e-01 1.264154e+00
<VARIANCE> 12
 2.097235e+01 4.581843e+01 2.660207e+01 5.340740e+01 4.996855e+01 3.428089e+01 1.486924e+01 1.574505e+01 2.914401e+01 2.802271e+01 2.231704e+01 3.455276e+01
<GCONST> 6.243626e+01
<STATE> 5
<MEAN> 12
 1.299794e+00 -2.004188e+00 -4.688049e-01 1.242459e+00 6.294214e-01 -2.174634e+00 -8.600902e-01 -2.094222e+00 8.751097e-01 1.090137e+00 3.493411e-01 8.144011e-02
<VARIANCE> 12
 1.286653e+01 3.675635e+01 1.335347e+01 5.169368e+01 4.954089e+01 3.283387e+01 1.696842e+01 1.854887e+01 3.264702e+01 3.665191e+01 2.084449e+01 3.166058e+01
<GCONST> 6.147598e+01
<STATE> 6
<MEAN> 12
 2.301981e+00 -2.388716e+00 -3.292729e-01 7.221959e+00 2.440124e+00 -4.481125e-01 3.892122e-01 -4.208506e+00 3.942797e+00 4.241584e+00 4.783006e-01 -2.133952e+00
<VARIANCE> 12
 7.614376e+00 1.626073e+01 7.065699e+00 3.378992e+01 2.483298e+01 3.433153e+01 1.509396e+01 1.810967e+01 2.079558e+01 3.526931e+01 1.430151e+01 1.579990e+01
<GCONST> 5.672583e+01
<TRANSP> 7
 0.000000e+00 1.000000e+00 0.000000e+00 0.000000e+00 0.000000e+00 0.000000e+00 0.000000e+00
 0.000000e+00 8.913043e-01 1.086956e-01 0.000000e+00 0.000000e+00 0.000000e+00 0.000000e+00
 0.000000e+00 0.000000e+00 8.913043e-01 1.086956e-01 0.000000e+00 0.000000e+00 0.000000e+00
 0.000000e+00 0.000000e+00 0.000000e+00 8.913043e-01 1.086956e-01 0.000000e+00 0.000000e+00
 0.000000e+00 0.000000e+00 0.000000e+00 0.000000e+00 8.913043e-01 1.086956e-01 0.000000e+00
 0.000000e+00 0.000000e+00 0.000000e+00 0.000000e+00 0.000000e+00 8.913044e-01 1.086957e-01
 0.000000e+00 0.000000e+00 0.000000e+00 0.000000e+00 0.000000e+00 0.000000e+00 0.000000e+00
<ENDHMM>
