~o
<STREAMINFO> 1 12
<VECSIZE> 12<NULLD><MFCC_Z><DIAGC>
~h "s038"
<BEGINHMM>
<NUMSTATES> 13
<STATE> 2
<MEAN> 12
 5.755813e+00 4.949834e+00 3.270534e-01 -6.899531e+00 -6.169569e+00 -6.541054e+00 1.662588e-01 -5.911271e+00 9.654872e-02 3.128200e+00 -5.770130e+00 -7.055265e+00
<VARIANCE> 12
 4.446987e+00 8.087338e+00 2.915568e+01 1.853171e+01 1.635680e+01 6.094215e+00 3.863481e+01 8.342813e+00 2.013680e+01 1.889174e+01 1.391144e+01 1.324531e+01
<GCONST> 5.346436e+01
<STATE> 3
<MEAN> 12
 6.593863e+00 3.483613e+00 -2.255773e+00 -9.615382e+00 -3.290653e+00 -4.305533e+00 -4.174737e+00 -6.184131e+00 9.468650e+00 9.502209e+00 1.955485e+00 -8.891155e-01
<VARIANCE> 12
 4.446987e+00 2.258560e+01 6.134128e+00 1.107341e+01 1.652546e+01 1.743623e+01 4.347094e+01 1.543056e+01 3.964421e+01 8.254233e+01 6.303360e+01 4.271508e+01
<GCONST> 5.904585e+01
<STATE> 4
<MEAN> 12
 6.447310e+00 -1.929299e+00 -2.933084e-01 -4.407662e+00 -4.935134e+00 -2.658511e+00 -9.713288e+00 2.705714e+00 1.784565e+01 -5.173825e+00 -3.658251e+00 -2.853330e+00
<VARIANCE> 12
 4.446987e+00 5.813087e+00 1.762397e+01 1.107341e+01 2.520218e+01 6.094215e+00 9.393165e+00 4.991610e+01 3.475590e+01 2.231446e+01 3.111261e+01 7.452657e+01
<GCONST> 5.616762e+01
<STATE> 5
<MEAN> 12
 1.927051e+00 1.641320e+00 -5.385095e+00 -7.516810e-01 -7.767203e-01 -6.465654e+00 -3.892260e+00 5.121551e-01 4.727590e+00 -6.904980e+00 -5.656517e+00 -8.655426e-01
<VARIANCE> 12
 4.446987e+00 5.848448e+00 2.700620e+01 2.069277e+01 2.075927e+01 2.717044e+01 1.862288e+01 4.553827e+01 3.322760e+01 1.172865e+01 6.688980e+00 2.138833e+01
<GCONST> 5.564557e+01
<STATE> 6
<MEAN> 12
 -4.627285e+00 7.257895e+00 7.807566e-01 -4.042755e+00 -2.426882e+00 1.621262e+00 -2.727570e+00 4.283241e+00 4.926508e-01 -7.644594e+00 -1.872875e+00 -7.729111e-01
<VARIANCE> 12
 2.964571e+01 1.159422e+01 1.126165e+01 1.439136e+01 9.801772e+00 2.972757e+01 1.435300e+01 5.636899e+01 1.526970e+01 8.406520e+00 1.366175e+01 5.940413e+00
<GCONST> 5.460416e+01
<STATE> 7
<MEAN> 12
 -8.400251e+00 9.454488e+00 8.517009e+00 -4.551096e+00 -1.322981e+00 5.414420e+00 -2.451374e+00 1.695211e+00 -1.251249e+00 -2.809310e+00 -3.943359e-01 -5.345679e-01
<VARIANCE> 12
 1.373882e+01 9.210891e+00 3.145143e+01 4.497200e+01 8.547129e+00 1.183212e+01 1.812437e+01 2.745834e+01 5.092818e+01 1.248697e+01 1.203240e+01 7.556225e+00
<GCONST> 5.594104e+01
<STATE> 8
<MEAN> 12
 -3.739650e+00 -9.597582e-01 4.004794e+00 4.594710e-01 1.113369e+00 4.487233e+00 1.975797e+00 2.491596e+00 -5.930360e+00 2.318799e+00 1.325232e+00 4.378200e-01
<VARIANCE> 12
 4.492170e+00 3.014655e+01 7.526736e+01 8.359127e+01 3.288612e+01 4.059380e+01 2.217724e+01 1.115034e+01 8.865759e+01 1.571511e+01 4.270118e+01 2.461808e+01
<GCONST> 6.261423e+01
<STATE> 9
<MEAN> 12
 -4.196821e+00 -1.517232e+00 -1.685516e+00 3.836914e+00 1.442885e+00 2.350012e+00 1.274690e+00 1.728196e+00 -5.979876e+00 -2.961388e-01 1.953280e+00 1.383531e+00
<VARIANCE> 12
 9.763684e+00 2.989033e+01 5.462239e+01 5.331451e+01 3.588181e+01 4.181032e+01 2.502036e+01 2.026413e+01 4.324887e+01 2.214176e+01 5.101542e+01 2.966543e+01
<GCONST> 6.343585e+01
<STATE> 10
<MEAN> 12
 -5.001088e+00 -8.565847e-01 6.685975e+00 -7.199459e+00 -5.489326e+00 5.925292e+00 4.673773e+00 2.254892e-01 -5.242060e+00 4.021163e+00 1.057535e+00 -1.113779e+00
<VARIANCE> 12
 4.446987e+00 2.237396e+01 1.468351e+01 3.327283e+01 1.475168e+01 6.094215e+00 1.934467e+01 1.281389e+01 3.200873e+01 2.531124e+01 2.258014e+01 2.787080e+01
<GCONST> 5.599966e+01
<STATE> 11
<MEAN> 12
 -9.689270e-01 -7.043406e+00 1.112451e+00 4.836394e+00 4.644139e+00 1.944963e+00 8.087301e+00 2.303436e+00 -1.470661e+01 5.117864e+00 6.792830e+00 7.869120e+00
<VARIANCE> 12
 6.078268e+00 5.813087e+00 1.017430e+01 2.408614e+01 1.947594e+01 6.680494e+00 1.059032e+01 5.160887e+00 1.526970e+01 1.777106e+01 6.688980e+00 1.289581e+01
<GCONST> 5.005109e+01
<STATE> 12
<MEAN> 12
 1.016891e+00 -7.592502e+00 3.573089e-02 1.229956e+01 9.756601e+00 3.393598e+00 8.214355e+00 -1.118149e+00 -4.341868e+00 2.184015e+00 5.066930e+00 4.889503e+00
<VARIANCE> 12
 4.446987e+00 7.332288e+00 1.296180e+01 1.364059e+01 8.642336e+00 2.262734e+01 7.671580e+00 1.477767e+01 3.105407e+01 1.148363e+01 2.158712e+01 1.325494e+01
<GCONST> 5.225369e+01
<TRANSP> 13
 0.000000e+00 1.000000e+00 0.000000e+00 0.000000e+00 0.000000e+00 0.000000e+00 0.000000e+00 0.000000e+00 0.000000e+00 0.000000e+00 0.000000e+00 0.000000e+00 0.000000e+00
 0.000000e+00 8.815426e-01 1.184574e-01 0.000000e+00 0.000000e+00 0.000000e+00 0.000000e+00 0.000000e+00 0.000000e+00 0.000000e+00 0.000000e+00 0.000000e+00 0.000000e+00
 0.000000e+00 0.000000e+00 8.384050e-01 1.615949e-01 0.000000e+00 0.000000e+00 0.000000e+00 0.000000e+00 0.000000e+00 0.000000e+00 0.000000e+00 0.000000e+00 0.000000e+00
 0.000000e+00 0.000000e+00 0.000000e+00 8.783352e-01 1.216647e-01 0.000000e+00 0.000000e+00 0.000000e+00 0.000000e+00 0.000000e+00 0.000000e+00 0.000000e+00 0.000000e+00
 0.000000e+00 0.000000e+00 0.000000e+00 0.000000e+00 8.682517e-01 1.317483e-01 0.000000e+00 0.000000e+00 0.000000e+00 0.000000e+00 0.000000e+00 0.000000e+00 0.000000e+00
 0.000000e+00 0.000000e+00 0.000000e+00 0.000000e+00 0.000000e+00 7.449558e-01 2.550441e-01 0.000000e+00 0.000000e+00 0.000000e+00 0.000000e+00 0.000000e+00 0.000000e+00
 0.000000e+00 0.000000e+00 0.000000e+00 0.000000e+00 0.000000e+00 0.000000e+00 8.064473e-01 1.935527e-01 0.000000e+00 0.000000e+00 0.000000e+00 0.000000e+00 0.000000e+00
 0.000000e+00 0.000000e+00 0.000000e+00 0.000000e+00 0.000000e+00 0.000000e+00 0.000000e+00 7.452655e-01 2.547345e-01 0.000000e+00 0.000000e+00 0.000000e+00 0.000000e+00
 0.000000e+00 0.000000e+00 0.000000e+00 0.000000e+00 0.000000e+00 0.000000e+00 0.000000e+00 0.000000e+00 9.442198e-01 5.578011e-02 0.000000e+00 0.000000e+00 0.000000e+00
 0.000000e+00 0.000000e+00 0.000000e+00 0.000000e+00 0.000000e+00 0.000000e+00 0.000000e+00 0.000000e+00 0.000000e+00 6.296922e-01 3.703078e-01 0.000000e+00 0.000000e+00
 0.000000e+00 0.000000e+00 0.000000e+00 0.000000e+00 0.000000e+00 0.000000e+00 0.000000e+00 0.000000e+00 0.000000e+00 0.000000e+00 6.797320e-01 3.202681e-01 0.000000e+00
 0.000000e+00 0.000000e+00 0.000000e+00 0.000000e+00 0.000000e+00 0.000000e+00 0.000000e+00 0.000000e+00 0.000000e+00 0.000000e+00 0.000000e+00 9.073802e-01 9.261986e-02
 0.000000e+00 0.000000e+00 0.000000e+00 0.000000e+00 0.000000e+00 0.000000e+00 0.000000e+00 0.000000e+00 0.000000e+00 0.000000e+00 0.000000e+00 0.000000e+00 0.000000e+00
<ENDHMM>
