~o
<STREAMINFO> 1 12
<VECSIZE> 12<NULLD><MFCC_Z><DIAGC>
~h "s078"
<BEGINHMM>
<NUMSTATES> 9
<STATE> 2
<MEAN> 12
 -2.516641e-07 9.625046e-07 1.412851e-07 -1.766063e-07 -2.119276e-07 9.183531e-07 -8.830317e-08 1.589457e-07 1.192093e-07 1.589457e-07 -1.236244e-07 3.885340e-07
<VARIANCE> 12
 2.153590e+01 1.256647e+02 2.372075e+01 9.980319e+01 5.363578e+01 3.360525e+01 5.370590e+01 6.477023e+01 5.879062e+01 8.604811e+01 2.835723e+01 7.424657e+01
<GCONST> 6.955984e+01
<STATE> 3
<MEAN> 12
 -2.516641e-07 9.625046e-07 1.412851e-07 -1.766063e-07 -2.119276e-07 9.183531e-07 -8.830317e-08 1.589457e-07 1.192093e-07 1.589457e-07 -1.236244e-07 3.885340e-07
<VARIANCE> 12
 2.153590e+01 1.256647e+02 2.372075e+01 9.980319e+01 5.363578e+01 3.360525e+01 5.370590e+01 6.477023e+01 5.879062e+01 8.604811e+01 2.835723e+01 7.424657e+01
<GCONST> 6.955984e+01
<STATE> 4
<MEAN> 12
 -2.516641e-07 9.625046e-07 1.412851e-07 -1.766063e-07 -2.119276e-07 9.183531e-07 -8.830317e-08 1.589457e-07 1.192093e-07 1.589457e-07 -1.236244e-07 3.885340e-07
<VARIANCE> 12
 2.153590e+01 1.256647e+02 2.372075e+01 9.980319e+01 5.363578e+01 3.360525e+01 5.370590e+01 6.477023e+01 5.879062e+01 8.604811e+01 2.835723e+01 7.424657e+01
<GCONST> 6.955984e+01
<STATE> 5
<MEAN> 12
 -2.516641e-07 9.625046e-07 1.412851e-07 -1.766063e-07 -2.119276e-07 9.183531e-07 -8.830317e-08 1.589457e-07 1.192093e-07 1.589457e-07 -1.236244e-07 3.885340e-07
<VARIANCE> 12
 2.153590e+01 1.256647e+02 2.372075e+01 9.980319e+01 5.363578e+01 3.360525e+01 5.370590e+01 6.477023e+01 5.879062e+01 8.604811e+01 2.835723e+01 7.424657e+01
<GCONST> 6.955984e+01
<STATE> 6
<MEAN> 12
 -2.516641e-07 9.625046e-07 1.412851e-07 -1.766063e-07 -2.119276e-07 9.183531e-07 -8.830317e-08 1.589457e-07 1.192093e-07 1.589457e-07 -1.236244e-07 3.885340e-07
<VARIANCE> 12
 2.153590e+01 1.256647e+02 2.372075e+01 9.980319e+01 5.363578e+01 3.360525e+01 5.370590e+01 6.477023e+01 5.879062e+01 8.604811e+01 2.835723e+01 7.424657e+01
<GCONST> 6.955984e+01
<STATE> 7
<MEAN> 12
 -2.516641e-07 9.625046e-07 1.412851e-07 -1.766063e-07 -2.119276e-07 9.183531e-07 -8.830317e-08 1.589457e-07 1.192093e-07 1.589457e-07 -1.236244e-07 3.885340e-07
<VARIANCE> 12
 2.153590e+01 1.256647e+02 2.372075e+01 9.980319e+01 5.363578e+01 3.360525e+01 5.370590e+01 6.477023e+01 5.879062e+01 8.604811e+01 2.835723e+01 7.424657e+01
<GCONST> 6.955984e+01
<STATE> 8
<MEAN> 12
 -2.516641e-07 9.625046e-07 1.412851e-07 -1.766063e-07 -2.119276e-07 9.183531e-07 -8.830317e-08 1.589457e-07 1.192093e-07 1.589457e-07 -1.236244e-07 3.885340e-07
<VARIANCE> 12
 2.153590e+01 1.256647e+02 2.372075e+01 9.980319e+01 5.363578e+01 3.360525e+01 5.370590e+01 6.477023e+01 5.879062e+01 8.604811e+01 2.835723e+01 7.424657e+01
<GCONST> 6.955984e+01
<TRANSP> 9
 0.000000e+00 1.000000e+00 0.000000e+00 0.000000e+00 0.000000e+00 0.000000e+00 0.000000e+00 0.000000e+00 0.000000e+00
 0.000000e+00 9.000000e-01 9.999999e-02 0.000000e+00 0.000000e+00 0.000000e+00 0.000000e+00 0.000000e+00 0.000000e+00
 0.000000e+00 0.000000e+00 9.000000e-01 9.999999e-02 0.000000e+00 0.000000e+00 0.000000e+00 0.000000e+00 0.000000e+00
 0.000000e+00 0.000000e+00 0.000000e+00 9.000000e-01 9.999999e-02 0.000000e+00 0.000000e+00 0.000000e+00 0.000000e+00
 0.000000e+00 0.000000e+00 0.000000e+00 0.000000e+00 9.000000e-01 9.999999e-02 0.000000e+00 0.000000e+00 0.000000e+00
 0.000000e+00 0.000000e+00 0.000000e+00 0.000000e+00 0.000000e+00 9.000000e-01 9.999999e-02 0.000000e+00 0.000000e+00
 0.000000e+00 0.000000e+00 0.000000e+00 0.000000e+00 0.000000e+00 0.000000e+00 9.000000e-01 9.999999e-02 0.000000e+00
 0.000000e+00 0.000000e+00 0.000000e+00 0.000000e+00 0.000000e+00 0.000000e+00 0.000000e+00 9.000000e-01 9.999999e-02
 0.000000e+00 0.000000e+00 0.000000e+00 0.000000e+00 0.000000e+00 0.000000e+00 0.000000e+00 0.000000e+00 0.000000e+00
<ENDHMM>
