~o
<STREAMINFO> 1 12
<VECSIZE> 12<NULLD><MFCC_Z><DIAGC>
~h "s039"
<BEGINHMM>
<NUMSTATES> 12
<STATE> 2
<MEAN> 12
 -9.182904e+00 7.797647e-01 -4.061701e-01 1.272183e+00 1.261284e+01 4.174292e+00 5.326480e+00 8.373050e+00 1.568224e+00 2.141640e+00 2.295268e-01 3.252553e+00
<VARIANCE> 12
 4.436708e+01 4.295417e+00 2.579473e+01 5.845773e+01 1.566984e+02 5.148156e+01 9.743096e+01 4.611563e+01 3.301082e+01 2.364530e+01 2.683514e+01 2.868762e+01
<GCONST> 6.533506e+01
<STATE> 3
<MEAN> 12
 -2.795125e+00 5.044997e-01 2.281701e+00 -2.789564e+00 5.091481e-01 -1.097659e+00 -5.626248e-01 3.351287e+00 3.386240e+00 3.871547e+00 -2.308636e+00 2.639771e-01
<VARIANCE> 12
 4.524700e+01 7.191038e+00 2.334672e+01 5.829240e+01 1.742314e+02 3.339041e+01 8.981933e+01 6.222175e+01 3.421984e+01 3.361681e+01 2.900555e+01 3.080347e+01
<GCONST> 6.619553e+01
<STATE> 4
<MEAN> 12
 8.082277e-01 1.065978e-01 1.571173e+00 -4.589388e-01 -6.631399e+00 -2.077492e+00 -1.936646e+00 -1.407400e+00 2.185435e+00 4.255363e+00 -3.469857e+00 -1.312548e+00
<VARIANCE> 12
 2.094927e+01 7.262997e+00 1.833751e+01 6.524358e+01 7.935017e+01 1.675304e+01 4.677219e+01 5.698351e+01 3.881576e+01 3.651780e+01 2.109396e+01 1.737686e+01
<GCONST> 6.240776e+01
<STATE> 5
<MEAN> 12
 1.371064e+00 7.311865e-01 3.591838e-02 3.367629e+00 -7.801348e+00 -1.263739e+00 -1.309532e+00 -3.513595e+00 4.561396e-01 2.222164e+00 -2.811640e+00 -1.992570e+00
<VARIANCE> 12
 1.784955e+01 8.581883e+00 1.364410e+01 5.537568e+01 6.068786e+01 1.530088e+01 3.202763e+01 4.271484e+01 4.515273e+01 4.216685e+01 1.933949e+01 1.440611e+01
<GCONST> 6.094989e+01
<STATE> 6
<MEAN> 12
 3.766828e-02 1.865297e+00 -6.268836e-01 4.565714e+00 -5.194256e+00 -2.478041e-01 -1.390533e+00 -2.316195e+00 -6.457285e-01 -6.177731e-01 -1.379937e+00 -2.641555e+00
<VARIANCE> 12
 2.655182e+01 1.053762e+01 1.058395e+01 5.321857e+01 8.857826e+01 1.747338e+01 2.759700e+01 4.605387e+01 4.959035e+01 3.841292e+01 1.936967e+01 1.995442e+01
<GCONST> 6.202376e+01
<STATE> 7
<MEAN> 12
 -1.545869e+00 2.289513e+00 -4.135993e-01 2.173560e+00 -1.380460e+00 5.061079e-01 -2.028434e+00 5.998106e-01 -1.092575e+00 -2.819059e+00 2.107161e-01 -2.434332e+00
<VARIANCE> 12
 3.079334e+01 1.489495e+01 9.262688e+00 7.664558e+01 8.866129e+01 2.012933e+01 2.705588e+01 5.316125e+01 4.538355e+01 2.752678e+01 1.824696e+01 3.619204e+01
<GCONST> 6.312942e+01
<STATE> 8
<MEAN> 12
 -1.541421e+00 1.091916e+00 -1.687255e-01 -2.195930e+00 1.156523e+00 9.001237e-01 -2.310971e+00 2.397836e+00 -1.175042e+00 -3.867377e+00 1.429184e+00 -5.737982e-01
<VARIANCE> 12
 3.357001e+01 2.453550e+01 8.093731e+00 8.048154e+01 5.502869e+01 2.386181e+01 2.859285e+01 5.529726e+01 3.217320e+01 1.918633e+01 1.402240e+01 5.747083e+01
<GCONST> 6.291068e+01
<STATE> 9
<MEAN> 12
 9.675081e-01 -1.248387e+00 -7.307628e-01 -5.277519e+00 1.823984e+00 5.985034e-01 -1.160730e+00 9.635918e-01 -1.046783e+00 -3.399558e+00 1.993043e+00 1.802903e+00
<VARIANCE> 12
 4.157674e+01 2.680138e+01 7.876881e+00 5.070884e+01 2.440720e+01 2.881678e+01 3.124567e+01 6.210755e+01 1.860425e+01 2.030020e+01 9.908853e+00 5.751416e+01
<GCONST> 6.146662e+01
<STATE> 10
<MEAN> 12
 4.925972e+00 -2.895506e+00 -1.481464e+00 -4.027468e+00 1.883246e+00 -5.073046e-01 1.385351e+00 -2.728060e+00 -1.160417e+00 -1.351615e+00 2.510626e+00 2.251774e+00
<VARIANCE> 12
 3.524052e+01 1.521209e+01 7.215261e+00 4.471420e+01 1.585278e+01 2.858759e+01 2.571312e+01 4.847977e+01 1.328653e+01 2.818417e+01 9.481999e+00 3.689000e+01
<GCONST> 5.914261e+01
<STATE> 11
<MEAN> 12
 6.954688e+00 -3.224889e+00 -6.127557e-02 3.370791e+00 3.022087e+00 -9.848115e-01 3.987851e+00 -5.720292e+00 -2.475546e+00 -4.354315e-01 3.597016e+00 1.383661e+00
<VARIANCE> 12
 1.251322e+01 4.413711e+00 9.304837e+00 7.299012e+01 1.585278e+01 1.565786e+01 1.400136e+01 1.655468e+01 1.810748e+01 2.470864e+01 8.408777e+00 1.797728e+01
<GCONST> 5.466888e+01
<TRANSP> 12
 0.000000e+00 1.000000e+00 0.000000e+00 0.000000e+00 0.000000e+00 0.000000e+00 0.000000e+00 0.000000e+00 0.000000e+00 0.000000e+00 0.000000e+00 0.000000e+00
 0.000000e+00 8.666667e-01 1.333333e-01 0.000000e+00 0.000000e+00 0.000000e+00 0.000000e+00 0.000000e+00 0.000000e+00 0.000000e+00 0.000000e+00 0.000000e+00
 0.000000e+00 0.000000e+00 8.666666e-01 1.333334e-01 0.000000e+00 0.000000e+00 0.000000e+00 0.000000e+00 0.000000e+00 0.000000e+00 0.000000e+00 0.000000e+00
 0.000000e+00 0.000000e+00 0.000000e+00 8.666667e-01 1.333334e-01 0.000000e+00 0.000000e+00 0.000000e+00 0.000000e+00 0.000000e+00 0.000000e+00 0.000000e+00
 0.000000e+00 0.000000e+00 0.000000e+00 0.000000e+00 8.666667e-01 1.333333e-01 0.000000e+00 0.000000e+00 0.000000e+00 0.000000e+00 0.000000e+00 0.000000e+00
 0.000000e+00 0.000000e+00 0.000000e+00 0.000000e+00 0.000000e+00 8.666667e-01 1.333333e-01 0.000000e+00 0.000000e+00 0.000000e+00 0.000000e+00 0.000000e+00
 0.000000e+00 0.000000e+00 0.000000e+00 0.000000e+00 0.000000e+00 0.000000e+00 8.666667e-01 1.333333e-01 0.000000e+00 0.000000e+00 0.000000e+00 0.000000e+00
 0.000000e+00 0.000000e+00 0.000000e+00 0.000000e+00 0.000000e+00 0.000000e+00 0.000000e+00 8.666667e-01 1.333333e-01 0.000000e+00 0.000000e+00 0.000000e+00
 0.000000e+00 0.000000e+00 0.000000e+00 0.000000e+00 0.000000e+00 0.000000e+00 0.000000e+00 0.000000e+00 8.666667e-01 1.333333e-01 0.000000e+00 0.000000e+00
 0.000000e+00 0.000000e+00 0.000000e+00 0.000000e+00 0.000000e+00 0.000000e+00 0.000000e+00 0.000000e+00 0.000000e+00 8.666667e-01 1.333333e-01 0.000000e+00
 0.000000e+00 0.000000e+00 0.000000e+00 0.000000e+00 0.000000e+00 0.000000e+00 0.000000e+00 0.000000e+00 0.000000e+00 0.000000e+00 8.666667e-01 1.333333e-01
 0.000000e+00 0.000000e+00 0.000000e+00 0.000000e+00 0.000000e+00 0.000000e+00 0.000000e+00 0.000000e+00 0.000000e+00 0.000000e+00 0.000000e+00 0.000000e+00
<ENDHMM>
