~o
<STREAMINFO> 1 12
<VECSIZE> 12<NULLD><MFCC_Z><DIAGC>
~h "s062"
<BEGINHMM>
<NUMSTATES> 11
<STATE> 2
<MEAN> 12
 -9.531016e+00 4.543968e+00 3.778492e+00 1.819390e+00 1.754509e+00 4.172666e-01 1.151438e+01 -1.020298e+01 -7.465228e-01 2.754309e+00 -4.365096e+00 1.364020e+00
<VARIANCE> 12
 7.320160e+01 6.842700e+01 1.941384e+01 1.986946e+01 1.203058e+02 2.087601e+01 3.050293e+01 1.007159e+01 1.913712e+01 4.759164e+01 3.087313e+01 1.625620e+01
<GCONST> 6.311750e+01
<STATE> 3
<MEAN> 12
 1.282255e+00 -9.926162e+00 -1.112964e+01 1.473053e+01 3.285778e+00 -6.977424e+00 -2.252543e+00 -3.463649e+00 -5.295055e+00 -1.963494e+00 1.805730e+00 3.886762e+00
<VARIANCE> 12
 1.123118e+01 1.024239e+01 3.610918e+01 2.945514e+01 2.067821e+01 4.560783e+01 1.449367e+01 1.768749e+01 1.086635e+02 1.777489e+01 3.136469e+01 9.460672e+00
<GCONST> 5.942377e+01
<STATE> 4
<MEAN> 12
 6.724829e+00 -3.945457e+00 -1.333573e+01 7.844917e+00 8.002678e-01 -8.183002e+00 -5.271031e+00 -3.312232e+00 4.272992e+00 6.002591e+00 -3.220253e+00 -2.636780e+00
<VARIANCE> 12
 5.245930e+00 1.020239e+01 2.662227e+01 1.986946e+01 2.127570e+01 3.642480e+01 1.386821e+01 7.459193e+01 3.296728e+01 3.963387e+01 4.563853e+01 1.719380e+01
<GCONST> 5.974047e+01
<STATE> 5
<MEAN> 12
 1.636575e-01 -8.021123e+00 2.479013e+00 1.831683e+00 -1.030212e+01 -6.457159e+00 -2.757252e+00 9.406977e+00 -7.673275e+00 1.176802e+01 -4.077326e+00 -9.406749e+00
<VARIANCE> 12
 6.687473e+00 1.020239e+01 1.927569e+01 1.986946e+01 3.474920e+01 6.268758e+01 8.473109e+00 1.007159e+01 2.750316e+01 3.607928e+01 1.081532e+01 1.933669e+01
<GCONST> 5.660134e+01
<STATE> 6
<MEAN> 12
 -3.010412e+00 -2.571644e+00 5.352137e+00 -6.320181e+00 -7.132524e+00 1.278867e+00 -5.834030e+00 8.713695e+00 -6.277053e+00 3.093460e+00 -4.570614e+00 3.939671e-01
<VARIANCE> 12
 5.245930e+00 1.856188e+01 1.324065e+01 1.986946e+01 8.566307e+00 1.715300e+01 8.473109e+00 1.007159e+01 1.005893e+01 4.661625e+01 7.196260e+00 2.077069e+01
<GCONST> 5.279971e+01
<STATE> 7
<MEAN> 12
 -1.222438e+00 7.175581e+00 4.284861e+00 -5.961878e+00 -4.668448e+00 -3.840105e+00 -2.311700e+00 4.857090e+00 1.051794e+00 -1.016448e+00 1.976090e+00 -4.634486e+00
<VARIANCE> 12
 5.245930e+00 1.243028e+01 1.324065e+01 4.773465e+01 8.566307e+00 1.715300e+01 1.599774e+01 2.435107e+01 1.669817e+01 8.389073e+00 2.247466e+01 2.397782e+01
<GCONST> 5.486785e+01
<STATE> 8
<MEAN> 12
 -4.063288e+00 1.124160e+00 3.525282e+00 -1.534562e+01 2.868213e+00 4.021493e+00 -4.500216e+00 4.765451e+00 1.182094e+00 -6.674959e+00 1.958121e+00 4.332200e+00
<VARIANCE> 12
 5.245930e+00 1.371522e+01 1.324065e+01 1.986946e+01 8.566307e+00 1.715300e+01 8.473109e+00 1.007159e+01 8.873531e+00 7.251026e+00 9.062034e+00 1.118112e+01
<GCONST> 5.012212e+01
<STATE> 9
<MEAN> 12
 -6.401576e-01 -3.466414e+00 3.973570e+00 -1.085778e+01 7.542221e+00 1.031231e+01 -8.280711e-01 -2.450708e+00 2.212470e+00 -4.630247e+00 -1.570536e+00 7.870081e+00
<VARIANCE> 12
 6.175082e+00 1.020239e+01 1.324065e+01 1.986946e+01 8.566307e+00 1.715300e+01 8.473109e+00 1.627066e+01 8.873531e+00 7.251026e+00 6.331514e+00 6.946415e+00
<GCONST> 4.963440e+01
<STATE> 10
<MEAN> 12
 3.331085e+00 6.123121e-01 5.306226e+00 6.445282e-01 3.854001e+00 1.411677e+01 7.603920e+00 -2.779856e+00 2.673958e+00 -1.231145e+00 1.131968e+00 3.116671e+00
<VARIANCE> 12
 5.245930e+00 1.020239e+01 1.324065e+01 2.210123e+01 1.107206e+01 1.715300e+01 1.065540e+01 1.217891e+01 1.907757e+01 2.340472e+01 2.974789e+01 7.742606e+00
<GCONST> 5.336684e+01
<TRANSP> 11
 0.000000e+00 1.000000e+00 0.000000e+00 0.000000e+00 0.000000e+00 0.000000e+00 0.000000e+00 0.000000e+00 0.000000e+00 0.000000e+00 0.000000e+00
 0.000000e+00 8.170017e-01 1.829983e-01 0.000000e+00 0.000000e+00 0.000000e+00 0.000000e+00 0.000000e+00 0.000000e+00 0.000000e+00 0.000000e+00
 0.000000e+00 0.000000e+00 9.041728e-01 9.582723e-02 0.000000e+00 0.000000e+00 0.000000e+00 0.000000e+00 0.000000e+00 0.000000e+00 0.000000e+00
 0.000000e+00 0.000000e+00 0.000000e+00 8.635834e-01 1.364166e-01 0.000000e+00 0.000000e+00 0.000000e+00 0.000000e+00 0.000000e+00 0.000000e+00
 0.000000e+00 0.000000e+00 0.000000e+00 0.000000e+00 6.119471e-01 3.880529e-01 0.000000e+00 0.000000e+00 0.000000e+00 0.000000e+00 0.000000e+00
 0.000000e+00 0.000000e+00 0.000000e+00 0.000000e+00 0.000000e+00 6.215121e-01 3.784879e-01 0.000000e+00 0.000000e+00 0.000000e+00 0.000000e+00
 0.000000e+00 0.000000e+00 0.000000e+00 0.000000e+00 0.000000e+00 0.000000e+00 9.484947e-01 5.150525e-02 0.000000e+00 0.000000e+00 0.000000e+00
 0.000000e+00 0.000000e+00 0.000000e+00 0.000000e+00 0.000000e+00 0.000000e+00 0.000000e+00 7.139570e-01 2.860430e-01 0.000000e+00 0.000000e+00
 0.000000e+00 0.000000e+00 0.000000e+00 0.000000e+00 0.000000e+00 0.000000e+00 0.000000e+00 0.000000e+00 7.693540e-01 2.306460e-01 0.000000e+00
 0.000000e+00 0.000000e+00 0.000000e+00 0.000000e+00 0.000000e+00 0.000000e+00 0.000000e+00 0.000000e+00 0.000000e+00 9.115307e-01 8.846935e-02
 0.000000e+00 0.000000e+00 0.000000e+00 0.000000e+00 0.000000e+00 0.000000e+00 0.000000e+00 0.000000e+00 0.000000e+00 0.000000e+00 0.000000e+00
<ENDHMM>
