~o
<STREAMINFO> 1 12
<VECSIZE> 12<NULLD><MFCC_Z><DIAGC>
~h "s007"
<BEGINHMM>
<NUMSTATES> 13
<STATE> 2
<MEAN> 12
 -3.850312e+00 6.723542e+00 1.062452e+01 -1.462173e+01 -1.343372e+01 2.270907e+00 -2.090387e+00 -2.655221e+00 8.886570e+00 7.874017e+00 -2.295566e+00 -8.529696e+00
<VARIANCE> 12
 3.989562e+00 1.181451e+01 1.754182e+01 2.137491e+01 1.743228e+01 6.713819e+00 6.230140e+01 2.246566e+01 2.189918e+01 8.214987e+01 7.135439e+01 4.603295e+01
<GCONST> 5.943282e+01
<STATE> 3
<MEAN> 12
 -3.624307e+00 -1.346497e+00 5.291662e+00 -7.308266e+00 -1.312736e+01 -1.607750e+00 1.103200e+01 -1.264753e+01 3.679962e+00 9.243873e+00 -1.003300e+01 -1.187219e+01
<VARIANCE> 12
 3.989562e+00 1.113132e+01 1.754182e+01 2.137491e+01 1.960172e+01 1.444607e+01 9.019011e+00 1.353763e+01 7.572090e+01 2.265686e+01 3.126480e+01 1.235650e+01
<GCONST> 5.562981e+01
<STATE> 4
<MEAN> 12
 -4.942693e+00 -1.018197e+01 1.948207e+00 2.982243e+00 2.054638e-01 -2.123962e-01 9.869275e+00 -1.589987e+01 -8.132013e+00 2.733443e+00 3.705929e+00 -7.208729e+00
<VARIANCE> 12
 3.989562e+00 8.143701e+00 1.754182e+01 4.199012e+01 1.743228e+01 2.312828e+01 9.876249e+00 1.353763e+01 2.086711e+01 1.269364e+01 2.636637e+01 1.170573e+01
<GCONST> 5.434390e+01
<STATE> 5
<MEAN> 12
 -1.449739e+00 -8.405028e+00 -8.030711e+00 1.391110e+01 4.712572e+00 -4.662360e+00 1.039782e+00 -4.025927e+00 -1.843298e+00 -5.094207e+00 6.767907e+00 3.601932e+00
<VARIANCE> 12
 3.989562e+00 1.399167e+01 2.272062e+01 2.137491e+01 1.743228e+01 1.141459e+01 2.357729e+01 2.292237e+01 2.335485e+01 3.693307e+01 1.738441e+01 2.989333e+01
<GCONST> 5.686090e+01
<STATE> 6
<MEAN> 12
 2.061841e+00 1.252705e-01 -9.644769e+00 5.253611e+00 3.267290e+00 -3.689478e+00 -1.858807e+00 2.116195e+00 2.601086e+00 1.263163e+00 1.188348e+00 2.222643e+00
<VARIANCE> 12
 3.989562e+00 8.395895e+00 1.795227e+01 2.722202e+01 1.743228e+01 1.133301e+01 1.285464e+01 4.714600e+01 2.418422e+01 2.291449e+01 1.290934e+01 1.408476e+01
<GCONST> 5.497120e+01
<STATE> 7
<MEAN> 12
 -1.097204e+00 7.499215e-01 -3.189638e-02 -2.907813e+00 -3.196281e+00 -2.266047e+00 1.510230e-01 7.129044e+00 -4.893747e+00 -1.472169e-01 -3.021598e+00 -2.848408e+00
<VARIANCE> 12
 1.323011e+01 8.143701e+00 3.507991e+01 3.905910e+01 3.295208e+01 3.220555e+01 9.019011e+00 1.849186e+01 2.254012e+01 1.269364e+01 2.201531e+01 3.235982e+01
<GCONST> 5.826588e+01
<STATE> 8
<MEAN> 12
 -3.124038e+00 5.786530e+00 1.146340e+01 -9.869911e+00 -6.576064e+00 7.745747e+00 -4.943179e+00 5.333244e+00 -6.274993e+00 2.191259e-01 -1.086773e+00 3.502279e+00
<VARIANCE> 12
 1.606804e+01 8.143701e+00 1.754182e+01 2.137491e+01 1.743228e+01 1.028182e+01 1.990780e+01 1.353763e+01 1.082351e+01 1.341556e+01 1.463479e+01 2.277362e+01
<GCONST> 5.442783e+01
<STATE> 9
<MEAN> 12
 5.217362e+00 4.790192e+00 3.299246e+00 -5.257805e-01 1.645798e+00 2.615016e-01 -7.939745e+00 7.966104e+00 3.651159e+00 4.071482e+00 2.292438e+00 2.999780e+00
<VARIANCE> 12
 3.989562e+00 8.143701e+00 3.547100e+01 2.137491e+01 3.016606e+01 2.108405e+01 1.241257e+01 1.387275e+01 1.589754e+01 1.269364e+01 1.181554e+01 3.705347e+01
<GCONST> 5.515930e+01
<STATE> 10
<MEAN> 12
 7.018592e+00 5.108781e+00 -6.803185e+00 3.319246e+00 9.968993e+00 -2.932024e+00 -5.190735e+00 8.185447e+00 7.578537e+00 4.489977e+00 -1.930910e+00 -2.740877e+00
<VARIANCE> 12
 3.989562e+00 8.143701e+00 1.754182e+01 2.137491e+01 1.743228e+01 6.273256e+00 1.816951e+01 1.853493e+01 1.082351e+01 1.447644e+01 7.947931e+00 1.170573e+01
<GCONST> 5.156351e+01
<STATE> 11
<MEAN> 12
 4.678414e+00 -2.811754e+00 -1.254263e+01 4.267481e+00 1.173929e+01 -3.223071e+00 4.286177e+00 5.440488e+00 4.807752e+00 -1.008306e+01 1.044807e+00 8.067676e+00
<VARIANCE> 12
 3.989562e+00 8.143701e+00 1.754182e+01 2.137491e+01 1.743228e+01 6.273256e+00 9.019011e+00 1.353763e+01 2.471606e+01 1.615677e+01 1.897284e+01 2.486450e+01
<GCONST> 5.310793e+01
<STATE> 12
<MEAN> 12
 3.165595e+00 -6.502692e+00 -6.017078e+00 1.246790e+01 1.019469e+01 -7.880196e-01 2.773741e+00 -4.182054e+00 -5.078278e+00 -9.561865e+00 2.663043e+00 6.543244e+00
<VARIANCE> 12
 3.989562e+00 8.143701e+00 2.390644e+01 2.137491e+01 1.743228e+01 3.121050e+01 9.019011e+00 2.517353e+01 1.082351e+01 1.898414e+01 2.482598e+01 1.170573e+01
<GCONST> 5.449332e+01
<TRANSP> 13
 0.000000e+00 1.000000e+00 0.000000e+00 0.000000e+00 0.000000e+00 0.000000e+00 0.000000e+00 0.000000e+00 0.000000e+00 0.000000e+00 0.000000e+00 0.000000e+00 0.000000e+00
 0.000000e+00 8.999388e-01 1.000612e-01 0.000000e+00 0.000000e+00 0.000000e+00 0.000000e+00 0.000000e+00 0.000000e+00 0.000000e+00 0.000000e+00 0.000000e+00 0.000000e+00
 0.000000e+00 0.000000e+00 8.090905e-01 1.909095e-01 0.000000e+00 0.000000e+00 0.000000e+00 0.000000e+00 0.000000e+00 0.000000e+00 0.000000e+00 0.000000e+00 0.000000e+00
 0.000000e+00 0.000000e+00 0.000000e+00 7.904204e-01 2.095797e-01 0.000000e+00 0.000000e+00 0.000000e+00 0.000000e+00 0.000000e+00 0.000000e+00 0.000000e+00 0.000000e+00
 0.000000e+00 0.000000e+00 0.000000e+00 0.000000e+00 8.742089e-01 1.257911e-01 0.000000e+00 0.000000e+00 0.000000e+00 0.000000e+00 0.000000e+00 0.000000e+00 0.000000e+00
 0.000000e+00 0.000000e+00 0.000000e+00 0.000000e+00 0.000000e+00 8.568485e-01 1.431515e-01 0.000000e+00 0.000000e+00 0.000000e+00 0.000000e+00 0.000000e+00 0.000000e+00
 0.000000e+00 0.000000e+00 0.000000e+00 0.000000e+00 0.000000e+00 0.000000e+00 8.129160e-01 1.870839e-01 0.000000e+00 0.000000e+00 0.000000e+00 0.000000e+00 0.000000e+00
 0.000000e+00 0.000000e+00 0.000000e+00 0.000000e+00 0.000000e+00 0.000000e+00 0.000000e+00 9.287518e-01 7.124824e-02 0.000000e+00 0.000000e+00 0.000000e+00 0.000000e+00
 0.000000e+00 0.000000e+00 0.000000e+00 0.000000e+00 0.000000e+00 0.000000e+00 0.000000e+00 0.000000e+00 6.940848e-01 3.059153e-01 0.000000e+00 0.000000e+00 0.000000e+00
 0.000000e+00 0.000000e+00 0.000000e+00 0.000000e+00 0.000000e+00 0.000000e+00 0.000000e+00 0.000000e+00 0.000000e+00 8.632097e-01 1.367904e-01 0.000000e+00 0.000000e+00
 0.000000e+00 0.000000e+00 0.000000e+00 0.000000e+00 0.000000e+00 0.000000e+00 0.000000e+00 0.000000e+00 0.000000e+00 0.000000e+00 8.230137e-01 1.769863e-01 0.000000e+00
 0.000000e+00 0.000000e+00 0.000000e+00 0.000000e+00 0.000000e+00 0.000000e+00 0.000000e+00 0.000000e+00 0.000000e+00 0.000000e+00 0.000000e+00 9.043168e-01 9.568317e-02
 0.000000e+00 0.000000e+00 0.000000e+00 0.000000e+00 0.000000e+00 0.000000e+00 0.000000e+00 0.000000e+00 0.000000e+00 0.000000e+00 0.000000e+00 0.000000e+00 0.000000e+00
<ENDHMM>
