~o
<STREAMINFO> 1 12
<VECSIZE> 12<NULLD><MFCC_Z><DIAGC>
~h "s053"
<BEGINHMM>
<NUMSTATES> 10
<STATE> 2
<MEAN> 12
 9.496208e-01 -3.988894e+00 -1.049807e+01 1.014155e+01 1.015748e+01 -3.045957e+00 3.648871e+00 -3.093904e+00 1.109178e+00 -1.013248e+00 -3.845026e+00 7.681890e+00
<VARIANCE> 12
 5.906608e+00 1.087432e+01 5.846468e+01 4.257995e+01 1.585099e+01 4.203795e+01 1.224024e+01 1.149695e+01 8.480493e+00 5.951709e+01 9.856285e+00 1.818658e+01
<GCONST> 5.689825e+01
<STATE> 3
<MEAN> 12
 2.679336e+00 3.870552e-01 -8.128275e+00 -8.043439e+00 2.983882e+00 -5.741187e+00 -6.953004e+00 1.059016e+01 -1.242847e+01 8.678780e-01 -3.173860e+00 6.709835e+00
<VARIANCE> 12
 1.524792e+00 1.055163e+01 1.085577e+01 2.235076e+01 1.765366e+01 6.706284e+00 2.592359e+01 2.466606e+01 1.303895e+01 8.015944e+00 2.980634e+01 6.767285e+00
<GCONST> 5.151499e+01
<STATE> 4
<MEAN> 12
 -2.464472e+00 1.030375e+01 4.568518e-01 -1.316006e+01 -3.710507e+00 -2.603917e+00 -5.505131e+00 8.873813e+00 -7.106139e+00 4.185261e+00 -3.865962e+00 -5.538948e+00
<VARIANCE> 12
 1.414759e+01 3.483562e+01 1.140504e+01 2.235076e+01 8.225767e+00 7.773520e+00 2.148609e+01 1.149695e+01 2.830905e+01 1.843201e+01 4.377929e+01 3.679191e+01
<GCONST> 5.710482e+01
<STATE> 5
<MEAN> 12
 -2.379150e+00 1.121658e+01 1.012644e+01 -1.561399e+01 -6.701577e+00 3.627182e+00 -1.436481e+01 8.943012e+00 7.814800e-01 4.511517e+00 4.268628e+00 -5.220266e+00
<VARIANCE> 12
 7.039035e+00 2.951687e+01 3.162052e+01 2.235076e+01 2.259317e+01 6.251632e+01 4.579359e+01 1.149695e+01 3.162452e+01 9.961429e+00 1.218231e+01 2.127629e+01
<GCONST> 5.878116e+01
<STATE> 6
<MEAN> 12
 3.159689e+00 4.096807e-01 1.171310e+01 -7.152613e+00 -3.632317e+00 1.103629e+01 8.525439e-01 4.829389e+00 -2.060424e+00 5.100156e+00 2.390667e+00 -6.444801e+00
<VARIANCE> 12
 1.552762e+00 1.885510e+01 1.085577e+01 4.765891e+01 6.147039e+01 3.838708e+01 3.804444e+01 1.896354e+01 4.586177e+01 9.021811e+00 4.800781e+00 8.701399e+00
<GCONST> 5.578519e+01
<STATE> 7
<MEAN> 12
 1.531069e+00 -8.522898e+00 4.918763e+00 7.597633e+00 6.412813e+00 4.567884e+00 1.082129e+01 -7.605829e-01 -7.302574e+00 2.976248e+00 3.048614e+00 -7.003729e-01
<VARIANCE> 12
 4.401224e+00 1.055163e+01 1.085577e+01 2.235076e+01 8.225767e+00 1.215912e+01 1.224024e+01 6.464738e+01 2.936448e+01 8.015944e+00 8.648641e+00 7.824565e+00
<GCONST> 5.233917e+01
<STATE> 8
<MEAN> 12
 -7.874499e-01 -7.566908e+00 9.519842e-02 3.207474e+00 5.283645e-01 1.372688e+00 7.249571e+00 -1.118949e+01 3.340014e+00 1.022323e+00 -2.845356e+00 2.669637e+00
<VARIANCE> 12
 6.999606e+00 1.055163e+01 1.085577e+01 2.235076e+01 2.636633e+01 9.810334e+00 1.224024e+01 1.149695e+01 1.707583e+01 4.034096e+01 1.149860e+01 6.670978e+00
<GCONST> 5.322558e+01
<STATE> 9
<MEAN> 12
 1.337342e+00 -4.190005e+00 -3.007782e+00 1.385657e+01 -4.244832e+00 -3.972596e+00 4.475850e+00 -6.337931e+00 8.286392e+00 -1.129944e+01 4.890309e+00 -6.159963e-01
<VARIANCE> 12
 5.373659e+00 1.055163e+01 1.085577e+01 2.235076e+01 1.580161e+01 1.007377e+01 1.224024e+01 2.230450e+01 3.186175e+01 8.015944e+00 2.089040e+01 6.388967e+00
<GCONST> 5.270015e+01
<TRANSP> 10
 0.000000e+00 1.000000e+00 0.000000e+00 0.000000e+00 0.000000e+00 0.000000e+00 0.000000e+00 0.000000e+00 0.000000e+00 0.000000e+00
 0.000000e+00 9.157053e-01 8.429474e-02 0.000000e+00 0.000000e+00 0.000000e+00 0.000000e+00 0.000000e+00 0.000000e+00 0.000000e+00
 0.000000e+00 0.000000e+00 6.984787e-01 3.015213e-01 0.000000e+00 0.000000e+00 0.000000e+00 0.000000e+00 0.000000e+00 0.000000e+00
 0.000000e+00 0.000000e+00 0.000000e+00 8.885298e-01 1.114702e-01 0.000000e+00 0.000000e+00 0.000000e+00 0.000000e+00 0.000000e+00
 0.000000e+00 0.000000e+00 0.000000e+00 0.000000e+00 9.039127e-01 9.608726e-02 0.000000e+00 0.000000e+00 0.000000e+00 0.000000e+00
 0.000000e+00 0.000000e+00 0.000000e+00 0.000000e+00 0.000000e+00 7.722257e-01 2.277742e-01 0.000000e+00 0.000000e+00 0.000000e+00
 0.000000e+00 0.000000e+00 0.000000e+00 0.000000e+00 0.000000e+00 0.000000e+00 7.770715e-01 2.229285e-01 0.000000e+00 0.000000e+00
 0.000000e+00 0.000000e+00 0.000000e+00 0.000000e+00 0.000000e+00 0.000000e+00 0.000000e+00 9.070663e-01 9.293362e-02 0.000000e+00
 0.000000e+00 0.000000e+00 0.000000e+00 0.000000e+00 0.000000e+00 0.000000e+00 0.000000e+00 0.000000e+00 9.074563e-01 9.254364e-02
 0.000000e+00 0.000000e+00 0.000000e+00 0.000000e+00 0.000000e+00 0.000000e+00 0.000000e+00 0.000000e+00 0.000000e+00 0.000000e+00
<ENDHMM>
