~o
<STREAMINFO> 1 12
<VECSIZE> 12<NULLD><MFCC_Z><DIAGC>
~h "s000"
<BEGINHMM>
<NUMSTATES> 15
<STATE> 2
<MEAN> 12
 5.019339e-08 -1.084177e-06 -1.129351e-08 -4.216244e-07 -4.115857e-07 4.818565e-07 3.011603e-07 -1.656382e-07 -2.007735e-08 3.513537e-08 1.882252e-08 1.054061e-07
<VARIANCE> 12
 1.550707e+01 9.794694e+01 3.040276e+01 3.869099e+01 4.834518e+01 4.883075e+01 7.656876e+01 5.487381e+01 3.352704e+01 4.947380e+01 3.525959e+01 2.922435e+01
<GCONST> 6.691187e+01
<STATE> 3
<MEAN> 12
 5.019339e-08 -1.084177e-06 -1.129351e-08 -4.216244e-07 -4.115857e-07 4.818565e-07 3.011603e-07 -1.656382e-07 -2.007735e-08 3.513537e-08 1.882252e-08 1.054061e-07
<VARIANCE> 12
 1.550707e+01 9.794694e+01 3.040276e+01 3.869099e+01 4.834518e+01 4.883075e+01 7.656876e+01 5.487381e+01 3.352704e+01 4.947380e+01 3.525959e+01 2.922435e+01
<GCONST> 6.691187e+01
<STATE> 4
<MEAN> 12
 5.019339e-08 -1.084177e-06 -1.129351e-08 -4.216244e-07 -4.115857e-07 4.818565e-07 3.011603e-07 -1.656382e-07 -2.007735e-08 3.513537e-08 1.882252e-08 1.054061e-07
<VARIANCE> 12
 1.550707e+01 9.794694e+01 3.040276e+01 3.869099e+01 4.834518e+01 4.883075e+01 7.656876e+01 5.487381e+01 3.352704e+01 4.947380e+01 3.525959e+01 2.922435e+01
<GCONST> 6.691187e+01
<STATE> 5
<MEAN> 12
 5.019339e-08 -1.084177e-06 -1.129351e-08 -4.216244e-07 -4.115857e-07 4.818565e-07 3.011603e-07 -1.656382e-07 -2.007735e-08 3.513537e-08 1.882252e-08 1.054061e-07
<VARIANCE> 12
 1.550707e+01 9.794694e+01 3.040276e+01 3.869099e+01 4.834518e+01 4.883075e+01 7.656876e+01 5.487381e+01 3.352704e+01 4.947380e+01 3.525959e+01 2.922435e+01
<GCONST> 6.691187e+01
<STATE> 6
<MEAN> 12
 5.019339e-08 -1.084177e-06 -1.129351e-08 -4.216244e-07 -4.115857e-07 4.818565e-07 3.011603e-07 -1.656382e-07 -2.007735e-08 3.513537e-08 1.882252e-08 1.054061e-07
<VARIANCE> 12
 1.550707e+01 9.794694e+01 3.040276e+01 3.869099e+01 4.834518e+01 4.883075e+01 7.656876e+01 5.487381e+01 3.352704e+01 4.947380e+01 3.525959e+01 2.922435e+01
<GCONST> 6.691187e+01
<STATE> 7
<MEAN> 12
 5.019339e-08 -1.084177e-06 -1.129351e-08 -4.216244e-07 -4.115857e-07 4.818565e-07 3.011603e-07 -1.656382e-07 -2.007735e-08 3.513537e-08 1.882252e-08 1.054061e-07
<VARIANCE> 12
 1.550707e+01 9.794694e+01 3.040276e+01 3.869099e+01 4.834518e+01 4.883075e+01 7.656876e+01 5.487381e+01 3.352704e+01 4.947380e+01 3.525959e+01 2.922435e+01
<GCONST> 6.691187e+01
<STATE> 8
<MEAN> 12
 5.019339e-08 -1.084177e-06 -1.129351e-08 -4.216244e-07 -4.115857e-07 4.818565e-07 3.011603e-07 -1.656382e-07 -2.007735e-08 3.513537e-08 1.882252e-08 1.054061e-07
<VARIANCE> 12
 1.550707e+01 9.794694e+01 3.040276e+01 3.869099e+01 4.834518e+01 4.883075e+01 7.656876e+01 5.487381e+01 3.352704e+01 4.947380e+01 3.525959e+01 2.922435e+01
<GCONST> 6.691187e+01
<STATE> 9
<MEAN> 12
 5.019339e-08 -1.084177e-06 -1.129351e-08 -4.216244e-07 -4.115857e-07 4.818565e-07 3.011603e-07 -1.656382e-07 -2.007735e-08 3.513537e-08 1.882252e-08 1.054061e-07
<VARIANCE> 12
 1.550707e+01 9.794694e+01 3.040276e+01 3.869099e+01 4.834518e+01 4.883075e+01 7.656876e+01 5.487381e+01 3.352704e+01 4.947380e+01 3.525959e+01 2.922435e+01
<GCONST> 6.691187e+01
<STATE> 10
<MEAN> 12
 5.019339e-08 -1.084177e-06 -1.129351e-08 -4.216244e-07 -4.115857e-07 4.818565e-07 3.011603e-07 -1.656382e-07 -2.007735e-08 3.513537e-08 1.882252e-08 1.054061e-07
<VARIANCE> 12
 1.550707e+01 9.794694e+01 3.040276e+01 3.869099e+01 4.834518e+01 4.883075e+01 7.656876e+01 5.487381e+01 3.352704e+01 4.947380e+01 3.525959e+01 2.922435e+01
<GCONST> 6.691187e+01
<STATE> 11
<MEAN> 12
 5.019339e-08 -1.084177e-06 -1.129351e-08 -4.216244e-07 -4.115857e-07 4.818565e-07 3.011603e-07 -1.656382e-07 -2.007735e-08 3.513537e-08 1.882252e-08 1.054061e-07
<VARIANCE> 12
 1.550707e+01 9.794694e+01 3.040276e+01 3.869099e+01 4.834518e+01 4.883075e+01 7.656876e+01 5.487381e+01 3.352704e+01 4.947380e+01 3.525959e+01 2.922435e+01
<GCONST> 6.691187e+01
<STATE> 12
<MEAN> 12
 5.019339e-08 -1.084177e-06 -1.129351e-08 -4.216244e-07 -4.115857e-07 4.818565e-07 3.011603e-07 -1.656382e-07 -2.007735e-08 3.513537e-08 1.882252e-08 1.054061e-07
<VARIANCE> 12
 1.550707e+01 9.794694e+01 3.040276e+01 3.869099e+01 4.834518e+01 4.883075e+01 7.656876e+01 5.487381e+01 3.352704e+01 4.947380e+01 3.525959e+01 2.922435e+01
<GCONST> 6.691187e+01
<STATE> 13
<MEAN> 12
 5.019339e-08 -1.084177e-06 -1.129351e-08 -4.216244e-07 -4.115857e-07 4.818565e-07 3.011603e-07 -1.656382e-07 -2.007735e-08 3.513537e-08 1.882252e-08 1.054061e-07
<VARIANCE> 12
 1.550707e+01 9.794694e+01 3.040276e+01 3.869099e+01 4.834518e+01 4.883075e+01 7.656876e+01 5.487381e+01 3.352704e+01 4.947380e+01 3.525959e+01 2.922435e+01
<GCONST> 6.691187e+01
<STATE> 14
<MEAN> 12
 5.019339e-08 -1.084177e-06 -1.129351e-08 -4.216244e-07 -4.115857e-07 4.818565e-07 3.011603e-07 -1.656382e-07 -2.007735e-08 3.513537e-08 1.882252e-08 1.054061e-07
<VARIANCE> 12
 1.550707e+01 9.794694e+01 3.040276e+01 3.869099e+01 4.834518e+01 4.883075e+01 7.656876e+01 5.487381e+01 3.352704e+01 4.947380e+01 3.525959e+01 2.922435e+01
<GCONST> 6.691187e+01
<TRANSP> 15
 0.000000e+00 1.000000e+00 0.000000e+00 0.000000e+00 0.000000e+00 0.000000e+00 0.000000e+00 0.000000e+00 0.000000e+00 0.000000e+00 0.000000e+00 0.000000e+00 0.000000e+00 0.000000e+00 0.000000e+00
 0.000000e+00 9.000000e-01 9.999999e-02 0.000000e+00 0.000000e+00 0.000000e+00 0.000000e+00 0.000000e+00 0.000000e+00 0.000000e+00 0.000000e+00 0.000000e+00 0.000000e+00 0.000000e+00 0.000000e+00
 0.000000e+00 0.000000e+00 9.000000e-01 9.999999e-02 0.000000e+00 0.000000e+00 0.000000e+00 0.000000e+00 0.000000e+00 0.000000e+00 0.000000e+00 0.000000e+00 0.000000e+00 0.000000e+00 0.000000e+00
 0.000000e+00 0.000000e+00 0.000000e+00 9.000000e-01 9.999999e-02 0.000000e+00 0.000000e+00 0.000000e+00 0.000000e+00 0.000000e+00 0.000000e+00 0.000000e+00 0.000000e+00 0.000000e+00 0.000000e+00
 0.000000e+00 0.000000e+00 0.000000e+00 0.000000e+00 9.000000e-01 9.999999e-02 0.000000e+00 0.000000e+00 0.000000e+00 0.000000e+00 0.000000e+00 0.000000e+00 0.000000e+00 0.000000e+00 0.000000e+00
 0.000000e+00 0.000000e+00 0.000000e+00 0.000000e+00 0.000000e+00 9.000000e-01 9.999999e-02 0.000000e+00 0.000000e+00 0.000000e+00 0.000000e+00 0.000000e+00 0.000000e+00 0.000000e+00 0.000000e+00
 0.000000e+00 0.000000e+00 0.000000e+00 0.000000e+00 0.000000e+00 0.000000e+00 9.000000e-01 9.999999e-02 0.000000e+00 0.000000e+00 0.000000e+00 0.000000e+00 0.000000e+00 0.000000e+00 0.000000e+00
 0.000000e+00 0.000000e+00 0.000000e+00 0.000000e+00 0.000000e+00 0.000000e+00 0.000000e+00 9.000000e-01 9.999999e-02 0.000000e+00 0.000000e+00 0.000000e+00 0.000000e+00 0.000000e+00 0.000000e+00
 0.000000e+00 0.000000e+00 0.000000e+00 0.000000e+00 0.000000e+00 0.000000e+00 0.000000e+00 0.000000e+00 9.000000e-01 9.999999e-02 0.000000e+00 0.000000e+00 0.000000e+00 0.000000e+00 0.000000e+00
 0.000000e+00 0.000000e+00 0.000000e+00 0.000000e+00 0.000000e+00 0.000000e+00 0.000000e+00 0.000000e+00 0.000000e+00 9.000000e-01 9.999999e-02 0.000000e+00 0.000000e+00 0.000000e+00 0.000000e+00
 0.000000e+00 0.000000e+00 0.000000e+00 0.000000e+00 0.000000e+00 0.000000e+00 0.000000e+00 0.000000e+00 0.000000e+00 0.000000e+00 9.000000e-01 9.999999e-02 0.000000e+00 0.000000e+00 0.000000e+00
 0.000000e+00 0.000000e+00 0.000000e+00 0.000000e+00 0.000000e+00 0.000000e+00 0.000000e+00 0.000000e+00 0.000000e+00 0.000000e+00 0.000000e+00 9.000000e-01 9.999999e-02 0.000000e+00 0.000000e+00
 0.000000e+00 0.000000e+00 0.000000e+00 0.000000e+00 0.000000e+00 0.000000e+00 0.000000e+00 0.000000e+00 0.000000e+00 0.000000e+00 0.000000e+00 0.000000e+00 9.000000e-01 9.999999e-02 0.000000e+00
 0.000000e+00 0.000000e+00 0.000000e+00 0.000000e+00 0.000000e+00 0.000000e+00 0.000000e+00 0.000000e+00 0.000000e+00 0.000000e+00 0.000000e+00 0.000000e+00 0.000000e+00 9.000000e-01 9.999999e-02
 0.000000e+00 0.000000e+00 0.000000e+00 0.000000e+00 0.000000e+00 0.000000e+00 0.000000e+00 0.000000e+00 0.000000e+00 0.000000e+00 0.000000e+00 0.000000e+00 0.000000e+00 0.000000e+00 0.000000e+00
<ENDHMM>
