~o
<STREAMINFO> 1 12
<VECSIZE> 12<NULLD><MFCC_Z><DIAGC>
~h "T1375867734"
<BEGINHMM>
<NUMSTATES> 15
<STATE> 2
<MEAN> 12
 -1.345511e+01 5.585007e+00 3.565820e+00 -1.790526e+00 8.061860e-01 4.160524e+00 -2.454584e+00 -2.178503e+00 -6.970744e-01 4.953045e+00 -6.470171e+00 4.536659e+00
<VARIANCE> 12
 1.335235e+02 7.361820e+00 2.789223e+01 1.148321e+01 4.958792e+01 1.166896e+02 2.989465e+01 2.231608e+01 1.749948e+01 4.019688e+01 3.176718e+01 3.801239e+01
<GCONST> 6.353290e+01
<STATE> 3
<MEAN> 12
 -2.565627e+00 5.423345e+00 1.518042e-01 -3.002809e+00 -1.759219e+00 -3.846749e+00 -3.942631e+00 -3.775118e+00 2.317615e-02 1.155727e+00 -2.141974e+00 1.055744e+00
<VARIANCE> 12
 1.169064e+02 8.169986e+00 3.903020e+01 1.532971e+01 5.112653e+01 9.979028e+01 4.272334e+01 4.336031e+01 2.738325e+01 4.304629e+01 3.123718e+01 1.242319e+01
<GCONST> 6.440554e+01
<STATE> 4
<MEAN> 12
 3.098334e+00 6.182106e+00 -2.067766e+00 -4.381828e+00 -8.552118e-01 -4.727946e+00 -4.107058e+00 -4.678862e+00 2.077118e+00 -4.439434e-01 -1.887995e-01 9.683275e-01
<VARIANCE> 12
 3.602939e+01 9.568529e+00 2.634099e+01 1.843205e+01 3.433730e+01 6.027689e+01 5.117069e+01 5.297307e+01 2.616385e+01 2.917275e+01 2.050101e+01 1.182985e+01
<GCONST> 6.175140e+01
<STATE> 5
<MEAN> 12
 4.519393e+00 6.319187e+00 -2.182511e+00 -3.847796e+00 2.753849e-01 -1.941457e+00 -1.379802e+00 -3.236170e+00 3.198396e+00 -1.435469e+00 -2.080607e-01 1.203293e+00
<VARIANCE> 12
 1.224090e+01 1.502578e+01 2.222312e+01 2.397627e+01 2.367383e+01 4.642448e+01 6.074381e+01 5.456398e+01 2.299553e+01 2.364322e+01 1.928166e+01 1.638441e+01
<GCONST> 6.070937e+01
<STATE> 6
<MEAN> 12
 4.065367e+00 4.926058e+00 -1.609493e+00 -1.822377e+00 5.670553e-01 1.232480e-01 2.017342e+00 -8.274344e-01 2.888526e+00 -2.349531e+00 -9.634620e-01 1.327599e+00
<VARIANCE> 12
 1.413031e+01 3.079214e+01 2.485180e+01 2.866731e+01 3.014475e+01 3.202270e+01 5.606131e+01 4.467332e+01 2.469763e+01 2.191233e+01 2.211302e+01 2.007722e+01
<GCONST> 6.178658e+01
<STATE> 7
<MEAN> 12
 2.788918e+00 2.131436e+00 -1.124470e+00 4.322868e-01 5.692800e-01 3.312033e-01 3.877704e+00 6.156920e-01 1.568549e+00 -2.491555e+00 -1.404628e+00 1.401208e+00
<VARIANCE> 12
 1.860645e+01 4.954490e+01 2.783501e+01 2.693914e+01 4.688383e+01 2.633040e+01 4.462261e+01 3.264802e+01 2.689424e+01 2.152052e+01 2.485821e+01 2.238973e+01
<GCONST> 6.258591e+01
<STATE> 8
<MEAN> 12
 1.557312e+00 -1.120380e+00 -1.075819e+00 1.755641e+00 8.950188e-01 -6.023172e-01 3.573482e+00 8.872096e-01 1.323126e-01 -1.732789e+00 -1.291084e+00 1.322465e+00
<VARIANCE> 12
 1.928233e+01 5.351875e+01 2.940583e+01 2.502272e+01 6.296921e+01 2.623879e+01 3.981041e+01 2.789775e+01 2.537092e+01 2.159866e+01 2.661059e+01 2.328406e+01
<GCONST> 6.275260e+01
<STATE> 9
<MEAN> 12
 1.139247e+00 -3.473762e+00 -1.591536e+00 1.592452e+00 1.510434e+00 -1.547087e+00 2.034164e+00 9.686682e-01 -6.520129e-01 -7.307183e-01 -9.713963e-01 9.491025e-01
<VARIANCE> 12
 1.877490e+01 4.044260e+01 3.044913e+01 2.990001e+01 7.191823e+01 2.589113e+01 3.547123e+01 2.600766e+01 2.236775e+01 2.014329e+01 2.619991e+01 2.286454e+01
<GCONST> 6.236322e+01
<STATE> 10
<MEAN> 12
 1.401415e+00 -4.230336e+00 -2.121317e+00 2.656861e-01 1.313874e+00 -1.524488e+00 7.720836e-01 1.480106e+00 -7.233164e-01 -2.909982e-01 -4.261749e-01 2.026437e-01
<VARIANCE> 12
 1.992884e+01 2.606845e+01 3.264169e+01 3.509314e+01 8.083540e+01 2.926278e+01 2.792082e+01 2.301181e+01 1.998434e+01 1.982604e+01 2.658163e+01 2.206650e+01
<GCONST> 6.194135e+01
<STATE> 11
<MEAN> 12
 1.257790e+00 -4.123990e+00 -1.643334e+00 -9.559584e-01 -7.661781e-01 2.350994e-02 4.389285e-01 2.128326e+00 -7.281588e-01 -7.261080e-01 1.008845e+00 -9.596103e-01
<VARIANCE> 12
 2.273817e+01 1.996037e+01 3.732525e+01 3.217567e+01 9.966881e+01 4.022409e+01 2.418988e+01 1.821405e+01 1.807352e+01 2.518365e+01 3.203565e+01 2.399423e+01
<GCONST> 6.241296e+01
<STATE> 12
<MEAN> 12
 1.259917e-02 -4.709334e+00 2.752883e-01 -3.912925e-01 -3.299282e+00 2.676252e+00 2.209339e-01 2.563563e+00 -1.501078e+00 -1.226886e+00 3.436693e+00 -2.724079e+00
<VARIANCE> 12
 2.343404e+01 2.271242e+01 3.814803e+01 3.169552e+01 1.103946e+02 4.476776e+01 2.502124e+01 1.341625e+01 1.871499e+01 3.611026e+01 3.591047e+01 3.145407e+01
<GCONST> 6.329648e+01
<STATE> 13
<MEAN> 12
 -1.466859e+00 -6.239993e+00 3.033428e+00 3.086448e+00 -2.218647e+00 4.449657e+00 -5.756471e-01 3.043487e+00 -3.082645e+00 2.140566e-01 5.099390e+00 -4.762260e+00
<VARIANCE> 12
 1.508801e+01 2.286097e+01 2.773930e+01 4.193040e+01 1.086802e+02 3.131965e+01 2.343438e+01 1.038482e+01 1.901993e+01 4.751623e+01 2.988458e+01 3.414450e+01
<GCONST> 6.231843e+01
<STATE> 14
<MEAN> 12
 -2.353285e+00 -6.669427e+00 6.390095e+00 9.060258e+00 2.961293e+00 2.425790e+00 -4.749514e-01 3.009073e+00 -2.503918e+00 5.105316e+00 4.520830e+00 -4.521082e+00
<VARIANCE> 12
 8.222410e+00 1.162889e+01 1.540421e+01 3.543741e+01 6.319342e+01 2.434805e+01 1.554978e+01 1.022010e+01 2.279367e+01 4.455932e+01 1.854354e+01 2.399162e+01
<GCONST> 5.834547e+01
<TRANSP> 15
 0.000000e+00 1.000000e+00 0.000000e+00 0.000000e+00 0.000000e+00 0.000000e+00 0.000000e+00 0.000000e+00 0.000000e+00 0.000000e+00 0.000000e+00 0.000000e+00 0.000000e+00 0.000000e+00 0.000000e+00
 0.000000e+00 8.617021e-01 1.382979e-01 0.000000e+00 0.000000e+00 0.000000e+00 0.000000e+00 0.000000e+00 0.000000e+00 0.000000e+00 0.000000e+00 0.000000e+00 0.000000e+00 0.000000e+00 0.000000e+00
 0.000000e+00 0.000000e+00 8.617021e-01 1.382979e-01 0.000000e+00 0.000000e+00 0.000000e+00 0.000000e+00 0.000000e+00 0.000000e+00 0.000000e+00 0.000000e+00 0.000000e+00 0.000000e+00 0.000000e+00
 0.000000e+00 0.000000e+00 0.000000e+00 8.617021e-01 1.382979e-01 0.000000e+00 0.000000e+00 0.000000e+00 0.000000e+00 0.000000e+00 0.000000e+00 0.000000e+00 0.000000e+00 0.000000e+00 0.000000e+00
 0.000000e+00 0.000000e+00 0.000000e+00 0.000000e+00 8.617021e-01 1.382978e-01 0.000000e+00 0.000000e+00 0.000000e+00 0.000000e+00 0.000000e+00 0.000000e+00 0.000000e+00 0.000000e+00 0.000000e+00
 0.000000e+00 0.000000e+00 0.000000e+00 0.000000e+00 0.000000e+00 8.617021e-01 1.382979e-01 0.000000e+00 0.000000e+00 0.000000e+00 0.000000e+00 0.000000e+00 0.000000e+00 0.000000e+00 0.000000e+00
 0.000000e+00 0.000000e+00 0.000000e+00 0.000000e+00 0.000000e+00 0.000000e+00 8.617021e-01 1.382979e-01 0.000000e+00 0.000000e+00 0.000000e+00 0.000000e+00 0.000000e+00 0.000000e+00 0.000000e+00
 0.000000e+00 0.000000e+00 0.000000e+00 0.000000e+00 0.000000e+00 0.000000e+00 0.000000e+00 8.617021e-01 1.382979e-01 0.000000e+00 0.000000e+00 0.000000e+00 0.000000e+00 0.000000e+00 0.000000e+00
 0.000000e+00 0.000000e+00 0.000000e+00 0.000000e+00 0.000000e+00 0.000000e+00 0.000000e+00 0.000000e+00 8.617021e-01 1.382979e-01 0.000000e+00 0.000000e+00 0.000000e+00 0.000000e+00 0.000000e+00
 0.000000e+00 0.000000e+00 0.000000e+00 0.000000e+00 0.000000e+00 0.000000e+00 0.000000e+00 0.000000e+00 0.000000e+00 8.617021e-01 1.382979e-01 0.000000e+00 0.000000e+00 0.000000e+00 0.000000e+00
 0.000000e+00 0.000000e+00 0.000000e+00 0.000000e+00 0.000000e+00 0.000000e+00 0.000000e+00 0.000000e+00 0.000000e+00 0.000000e+00 8.617021e-01 1.382979e-01 0.000000e+00 0.000000e+00 0.000000e+00
 0.000000e+00 0.000000e+00 0.000000e+00 0.000000e+00 0.000000e+00 0.000000e+00 0.000000e+00 0.000000e+00 0.000000e+00 0.000000e+00 0.000000e+00 8.617021e-01 1.382979e-01 0.000000e+00 0.000000e+00
 0.000000e+00 0.000000e+00 0.000000e+00 0.000000e+00 0.000000e+00 0.000000e+00 0.000000e+00 0.000000e+00 0.000000e+00 0.000000e+00 0.000000e+00 0.000000e+00 8.617021e-01 1.382979e-01 0.000000e+00
 0.000000e+00 0.000000e+00 0.000000e+00 0.000000e+00 0.000000e+00 0.000000e+00 0.000000e+00 0.000000e+00 0.000000e+00 0.000000e+00 0.000000e+00 0.000000e+00 0.000000e+00 8.617021e-01 1.382979e-01
 0.000000e+00 0.000000e+00 0.000000e+00 0.000000e+00 0.000000e+00 0.000000e+00 0.000000e+00 0.000000e+00 0.000000e+00 0.000000e+00 0.000000e+00 0.000000e+00 0.000000e+00 0.000000e+00 0.000000e+00
<ENDHMM>
