~o
<STREAMINFO> 1 12
<VECSIZE> 12<NULLD><MFCC_Z><DIAGC>
~h "s023"
<BEGINHMM>
<NUMSTATES> 13
<STATE> 2
<MEAN> 12
 5.812101e-01 -1.460704e+01 -4.129527e+00 1.174886e+01 5.694690e+00 3.670558e+00 -1.499950e+00 5.229552e+00 -4.438097e+00 -3.437660e+00 -1.279200e+00 -1.426274e+00
<VARIANCE> 12
 1.062461e+01 2.360458e+01 1.150173e+01 5.590999e+01 2.537337e+01 3.649386e+01 2.052637e+01 7.483060e+01 1.641038e+02 2.203766e+01 2.180801e+01 1.908436e+01
<GCONST> 6.243756e+01
<STATE> 3
<MEAN> 12
 -1.004934e+00 -1.295933e+01 -1.945202e+00 4.695147e+00 1.124851e+00 4.714555e+00 -7.907879e-01 1.255037e+00 -7.903214e+00 -2.676321e+00 -2.212965e+00 1.679750e-01
<VARIANCE> 12
 9.248557e+00 5.271205e+01 1.038611e+01 4.933751e+01 2.089312e+01 4.884779e+01 2.744633e+01 1.265133e+02 1.638670e+02 3.750784e+01 2.002132e+01 3.239009e+01
<GCONST> 6.476196e+01
<STATE> 4
<MEAN> 12
 -9.271621e-01 -8.371530e+00 -9.937745e-01 9.966529e-01 -1.559650e+00 6.342283e+00 1.077769e+00 -4.830651e+00 -3.071858e+00 -1.040789e+00 -8.767506e-01 2.381706e+00
<VARIANCE> 12
 9.892873e+00 8.336231e+01 9.630929e+00 2.787865e+01 2.179188e+01 3.915239e+01 2.863770e+01 9.775674e+01 1.343617e+02 3.725298e+01 2.293418e+01 3.484490e+01
<GCONST> 6.425039e+01
<STATE> 5
<MEAN> 12
 -2.474862e-01 -2.741953e+00 -3.282667e-01 -9.186482e-03 -2.701338e+00 5.546652e+00 1.768490e+00 -6.588449e+00 1.787403e+00 -8.428106e-03 -5.685328e-01 4.091485e+00
<VARIANCE> 12
 1.091492e+01 7.649466e+01 1.325795e+01 2.689789e+01 2.843059e+01 3.680127e+01 3.196046e+01 5.913638e+01 7.541662e+01 2.963345e+01 2.319602e+01 2.668548e+01
<GCONST> 6.329590e+01
<STATE> 6
<MEAN> 12
 3.446422e-01 1.026892e+00 1.906631e-01 -3.864418e-01 -2.327244e+00 3.102386e+00 7.003670e-01 -4.998898e+00 3.093501e+00 5.488999e-01 -1.536240e+00 4.121613e+00
<VARIANCE> 12
 1.318746e+01 4.937236e+01 2.175377e+01 3.431681e+01 3.628244e+01 4.786539e+01 4.048183e+01 5.136960e+01 4.248553e+01 2.255881e+01 2.498406e+01 2.663833e+01
<GCONST> 6.361411e+01
<STATE> 7
<MEAN> 12
 9.645551e-01 2.474464e+00 1.721071e-01 -1.434211e+00 -1.080510e+00 -3.147361e-01 -8.626144e-01 -2.886971e+00 2.384413e+00 2.664162e-01 -2.599907e+00 2.989946e+00
<VARIANCE> 12
 1.792259e+01 3.384165e+01 3.134668e+01 3.889573e+01 3.898509e+01 5.929981e+01 4.385950e+01 4.999058e+01 3.481592e+01 1.893177e+01 2.518369e+01 3.438131e+01
<GCONST> 6.426151e+01
<STATE> 8
<MEAN> 12
 1.337828e+00 3.275098e+00 -1.385302e-01 -3.194535e+00 -3.337095e-02 -3.926951e+00 -1.730176e+00 -1.119763e+00 1.542595e+00 -6.374744e-01 -2.619990e+00 1.284048e+00
<VARIANCE> 12
 2.395697e+01 3.330140e+01 3.623351e+01 3.893897e+01 3.377874e+01 5.327673e+01 4.228751e+01 5.731988e+01 3.036001e+01 1.696637e+01 2.662820e+01 4.223901e+01
<GCONST> 6.454652e+01
<STATE> 9
<MEAN> 12
 6.137954e-01 5.313706e+00 9.547402e-02 -5.036639e+00 -3.469089e-02 -6.437268e+00 -2.008219e+00 1.262884e+00 1.165090e+00 -1.103070e+00 -1.137146e+00 -9.308856e-01
<VARIANCE> 12
 2.919138e+01 4.065350e+01 3.419085e+01 3.535720e+01 2.581815e+01 3.406007e+01 4.019719e+01 6.981374e+01 2.409635e+01 1.659861e+01 3.237298e+01 4.474120e+01
<GCONST> 6.421938e+01
<STATE> 10
<MEAN> 12
 -8.302849e-01 8.346637e+00 1.025713e+00 -5.684507e+00 -1.057122e+00 -6.939062e+00 -1.609956e+00 4.133310e+00 1.251670e+00 2.855967e-02 1.659066e+00 -3.312184e+00
<VARIANCE> 12
 2.533496e+01 3.654405e+01 2.692181e+01 2.996623e+01 1.854884e+01 2.286872e+01 3.863649e+01 6.386565e+01 1.848887e+01 2.339159e+01 3.872096e+01 3.579793e+01
<GCONST> 6.274320e+01
<STATE> 11
<MEAN> 12
 -1.142184e+00 9.921657e+00 2.174107e+00 -3.707202e+00 -1.442553e+00 -5.137696e+00 6.351262e-01 5.188524e+00 1.863335e+00 2.851094e+00 4.815850e+00 -4.804641e+00
<VARIANCE> 12
 1.459253e+01 2.009689e+01 1.772259e+01 3.063368e+01 1.740174e+01 2.502865e+01 3.670673e+01 4.254520e+01 1.553706e+01 3.042052e+01 3.570997e+01 1.931288e+01
<GCONST> 6.015721e+01
<STATE> 12
<MEAN> 12
 3.100199e-01 8.321319e+00 3.877329e+00 2.012357e+00 3.417128e+00 -6.206536e-01 4.319987e+00 3.355702e+00 2.325015e+00 5.208875e+00 6.355852e+00 -4.562937e+00
<VARIANCE> 12
 6.408419e+00 1.641143e+01 1.049651e+01 4.024537e+01 5.943795e+01 2.810448e+01 2.014058e+01 2.481572e+01 1.351978e+01 2.752754e+01 2.081180e+01 7.207064e+00
<GCONST> 5.732115e+01
<TRANSP> 13
 0.000000e+00 1.000000e+00 0.000000e+00 0.000000e+00 0.000000e+00 0.000000e+00 0.000000e+00 0.000000e+00 0.000000e+00 0.000000e+00 0.000000e+00 0.000000e+00 0.000000e+00
 0.000000e+00 8.607595e-01 1.392405e-01 0.000000e+00 0.000000e+00 0.000000e+00 0.000000e+00 0.000000e+00 0.000000e+00 0.000000e+00 0.000000e+00 0.000000e+00 0.000000e+00
 0.000000e+00 0.000000e+00 8.607596e-01 1.392405e-01 0.000000e+00 0.000000e+00 0.000000e+00 0.000000e+00 0.000000e+00 0.000000e+00 0.000000e+00 0.000000e+00 0.000000e+00
 0.000000e+00 0.000000e+00 0.000000e+00 8.607595e-01 1.392405e-01 0.000000e+00 0.000000e+00 0.000000e+00 0.000000e+00 0.000000e+00 0.000000e+00 0.000000e+00 0.000000e+00
 0.000000e+00 0.000000e+00 0.000000e+00 0.000000e+00 8.607596e-01 1.392405e-01 0.000000e+00 0.000000e+00 0.000000e+00 0.000000e+00 0.000000e+00 0.000000e+00 0.000000e+00
 0.000000e+00 0.000000e+00 0.000000e+00 0.000000e+00 0.000000e+00 8.607595e-01 1.392405e-01 0.000000e+00 0.000000e+00 0.000000e+00 0.000000e+00 0.000000e+00 0.000000e+00
 0.000000e+00 0.000000e+00 0.000000e+00 0.000000e+00 0.000000e+00 0.000000e+00 8.607595e-01 1.392405e-01 0.000000e+00 0.000000e+00 0.000000e+00 0.000000e+00 0.000000e+00
 0.000000e+00 0.000000e+00 0.000000e+00 0.000000e+00 0.000000e+00 0.000000e+00 0.000000e+00 8.607595e-01 1.392405e-01 0.000000e+00 0.000000e+00 0.000000e+00 0.000000e+00
 0.000000e+00 0.000000e+00 0.000000e+00 0.000000e+00 0.000000e+00 0.000000e+00 0.000000e+00 0.000000e+00 8.607595e-01 1.392405e-01 0.000000e+00 0.000000e+00 0.000000e+00
 0.000000e+00 0.000000e+00 0.000000e+00 0.000000e+00 0.000000e+00 0.000000e+00 0.000000e+00 0.000000e+00 0.000000e+00 8.607595e-01 1.392405e-01 0.000000e+00 0.000000e+00
 0.000000e+00 0.000000e+00 0.000000e+00 0.000000e+00 0.000000e+00 0.000000e+00 0.000000e+00 0.000000e+00 0.000000e+00 0.000000e+00 8.607596e-01 1.392405e-01 0.000000e+00
 0.000000e+00 0.000000e+00 0.000000e+00 0.000000e+00 0.000000e+00 0.000000e+00 0.000000e+00 0.000000e+00 0.000000e+00 0.000000e+00 0.000000e+00 8.607595e-01 1.392405e-01
 0.000000e+00 0.000000e+00 0.000000e+00 0.000000e+00 0.000000e+00 0.000000e+00 0.000000e+00 0.000000e+00 0.000000e+00 0.000000e+00 0.000000e+00 0.000000e+00 0.000000e+00
<ENDHMM>
