~o
<STREAMINFO> 1 12
<VECSIZE> 12<NULLD><MFCC_Z><DIAGC>
~h "s031"
<BEGINHMM>
<NUMSTATES> 10
<STATE> 2
<MEAN> 12
 8.145968e-08 9.536743e-08 -7.152558e-08 4.053116e-07 -9.536743e-08 1.271566e-07 -1.907349e-07 -1.033147e-07 -1.788139e-08 -2.543132e-07 -2.384186e-08 -1.589457e-07
<VARIANCE> 12
 1.343856e+01 7.604286e+01 2.134458e+01 4.936869e+01 8.349187e+01 6.190487e+01 1.955755e+01 3.711620e+01 2.487284e+01 5.431444e+01 4.060699e+01 5.627282e+01
<GCONST> 6.602454e+01
<STATE> 3
<MEAN> 12
 8.145968e-08 9.536743e-08 -7.152558e-08 4.053116e-07 -9.536743e-08 1.271566e-07 -1.907349e-07 -1.033147e-07 -1.788139e-08 -2.543132e-07 -2.384186e-08 -1.589457e-07
<VARIANCE> 12
 1.343856e+01 7.604286e+01 2.134458e+01 4.936869e+01 8.349187e+01 6.190487e+01 1.955755e+01 3.711620e+01 2.487284e+01 5.431444e+01 4.060699e+01 5.627282e+01
<GCONST> 6.602454e+01
<STATE> 4
<MEAN> 12
 8.145968e-08 9.536743e-08 -7.152558e-08 4.053116e-07 -9.536743e-08 1.271566e-07 -1.907349e-07 -1.033147e-07 -1.788139e-08 -2.543132e-07 -2.384186e-08 -1.589457e-07
<VARIANCE> 12
 1.343856e+01 7.604286e+01 2.134458e+01 4.936869e+01 8.349187e+01 6.190487e+01 1.955755e+01 3.711620e+01 2.487284e+01 5.431444e+01 4.060699e+01 5.627282e+01
<GCONST> 6.602454e+01
<STATE> 5
<MEAN> 12
 8.145968e-08 9.536743e-08 -7.152558e-08 4.053116e-07 -9.536743e-08 1.271566e-07 -1.907349e-07 -1.033147e-07 -1.788139e-08 -2.543132e-07 -2.384186e-08 -1.589457e-07
<VARIANCE> 12
 1.343856e+01 7.604286e+01 2.134458e+01 4.936869e+01 8.349187e+01 6.190487e+01 1.955755e+01 3.711620e+01 2.487284e+01 5.431444e+01 4.060699e+01 5.627282e+01
<GCONST> 6.602454e+01
<STATE> 6
<MEAN> 12
 8.145968e-08 9.536743e-08 -7.152558e-08 4.053116e-07 -9.536743e-08 1.271566e-07 -1.907349e-07 -1.033147e-07 -1.788139e-08 -2.543132e-07 -2.384186e-08 -1.589457e-07
<VARIANCE> 12
 1.343856e+01 7.604286e+01 2.134458e+01 4.936869e+01 8.349187e+01 6.190487e+01 1.955755e+01 3.711620e+01 2.487284e+01 5.431444e+01 4.060699e+01 5.627282e+01
<GCONST> 6.602454e+01
<STATE> 7
<MEAN> 12
 8.145968e-08 9.536743e-08 -7.152558e-08 4.053116e-07 -9.536743e-08 1.271566e-07 -1.907349e-07 -1.033147e-07 -1.788139e-08 -2.543132e-07 -2.384186e-08 -1.589457e-07
<VARIANCE> 12
 1.343856e+01 7.604286e+01 2.134458e+01 4.936869e+01 8.349187e+01 6.190487e+01 1.955755e+01 3.711620e+01 2.487284e+01 5.431444e+01 4.060699e+01 5.627282e+01
<GCONST> 6.602454e+01
<STATE> 8
<MEAN> 12
 8.145968e-08 9.536743e-08 -7.152558e-08 4.053116e-07 -9.536743e-08 1.271566e-07 -1.907349e-07 -1.033147e-07 -1.788139e-08 -2.543132e-07 -2.384186e-08 -1.589457e-07
<VARIANCE> 12
 1.343856e+01 7.604286e+01 2.134458e+01 4.936869e+01 8.349187e+01 6.190487e+01 1.955755e+01 3.711620e+01 2.487284e+01 5.431444e+01 4.060699e+01 5.627282e+01
<GCONST> 6.602454e+01
<STATE> 9
<MEAN> 12
 8.145968e-08 9.536743e-08 -7.152558e-08 4.053116e-07 -9.536743e-08 1.271566e-07 -1.907349e-07 -1.033147e-07 -1.788139e-08 -2.543132e-07 -2.384186e-08 -1.589457e-07
<VARIANCE> 12
 1.343856e+01 7.604286e+01 2.134458e+01 4.936869e+01 8.349187e+01 6.190487e+01 1.955755e+01 3.711620e+01 2.487284e+01 5.431444e+01 4.060699e+01 5.627282e+01
<GCONST> 6.602454e+01
<TRANSP> 10
 0.000000e+00 1.000000e+00 0.000000e+00 0.000000e+00 0.000000e+00 0.000000e+00 0.000000e+00 0.000000e+00 0.000000e+00 0.000000e+00
 0.000000e+00 9.000000e-01 9.999999e-02 0.000000e+00 0.000000e+00 0.000000e+00 0.000000e+00 0.000000e+00 0.000000e+00 0.000000e+00
 0.000000e+00 0.000000e+00 9.000000e-01 9.999999e-02 0.000000e+00 0.000000e+00 0.000000e+00 0.000000e+00 0.000000e+00 0.000000e+00
 0.000000e+00 0.000000e+00 0.000000e+00 9.000000e-01 9.999999e-02 0.000000e+00 0.000000e+00 0.000000e+00 0.000000e+00 0.000000e+00
 0.000000e+00 0.000000e+00 0.000000e+00 0.000000e+00 9.000000e-01 9.999999e-02 0.000000e+00 0.000000e+00 0.000000e+00 0.000000e+00
 0.000000e+00 0.000000e+00 0.000000e+00 0.000000e+00 0.000000e+00 9.000000e-01 9.999999e-02 0.000000e+00 0.000000e+00 0.000000e+00
 0.000000e+00 0.000000e+00 0.000000e+00 0.000000e+00 0.000000e+00 0.000000e+00 9.000000e-01 9.999999e-02 0.000000e+00 0.000000e+00
 0.000000e+00 0.000000e+00 0.000000e+00 0.000000e+00 0.000000e+00 0.000000e+00 0.000000e+00 9.000000e-01 9.999999e-02 0.000000e+00
 0.000000e+00 0.000000e+00 0.000000e+00 0.000000e+00 0.000000e+00 0.000000e+00 0.000000e+00 0.000000e+00 9.000000e-01 9.999999e-02
 0.000000e+00 0.000000e+00 0.000000e+00 0.000000e+00 0.000000e+00 0.000000e+00 0.000000e+00 0.000000e+00 0.000000e+00 0.000000e+00
<ENDHMM>
