~o
<STREAMINFO> 1 12
<VECSIZE> 12<NULLD><MFCC_Z><DIAGC>
~h "s084"
<BEGINHMM>
<NUMSTATES> 9
<STATE> 2
<MEAN> 12
 1.994046e-07 -2.600930e-08 2.600930e-07 -6.242232e-07 1.733953e-08 -7.629395e-07 2.947721e-07 -1.387163e-07 -6.935813e-08 1.300465e-07 2.167442e-08 -1.560558e-07
<VARIANCE> 12
 3.926480e+01 3.606322e+01 5.963808e+01 8.717316e+01 2.176694e+01 3.252608e+01 2.045969e+01 3.344210e+01 3.680046e+01 2.562390e+01 2.317946e+01 2.231379e+01
<GCONST> 6.405453e+01
<STATE> 3
<MEAN> 12
 1.994046e-07 -2.600930e-08 2.600930e-07 -6.242232e-07 1.733953e-08 -7.629395e-07 2.947721e-07 -1.387163e-07 -6.935813e-08 1.300465e-07 2.167442e-08 -1.560558e-07
<VARIANCE> 12
 3.926480e+01 3.606322e+01 5.963808e+01 8.717316e+01 2.176694e+01 3.252608e+01 2.045969e+01 3.344210e+01 3.680046e+01 2.562390e+01 2.317946e+01 2.231379e+01
<GCONST> 6.405453e+01
<STATE> 4
<MEAN> 12
 1.994046e-07 -2.600930e-08 2.600930e-07 -6.242232e-07 1.733953e-08 -7.629395e-07 2.947721e-07 -1.387163e-07 -6.935813e-08 1.300465e-07 2.167442e-08 -1.560558e-07
<VARIANCE> 12
 3.926480e+01 3.606322e+01 5.963808e+01 8.717316e+01 2.176694e+01 3.252608e+01 2.045969e+01 3.344210e+01 3.680046e+01 2.562390e+01 2.317946e+01 2.231379e+01
<GCONST> 6.405453e+01
<STATE> 5
<MEAN> 12
 1.994046e-07 -2.600930e-08 2.600930e-07 -6.242232e-07 1.733953e-08 -7.629395e-07 2.947721e-07 -1.387163e-07 -6.935813e-08 1.300465e-07 2.167442e-08 -1.560558e-07
<VARIANCE> 12
 3.926480e+01 3.606322e+01 5.963808e+01 8.717316e+01 2.176694e+01 3.252608e+01 2.045969e+01 3.344210e+01 3.680046e+01 2.562390e+01 2.317946e+01 2.231379e+01
<GCONST> 6.405453e+01
<STATE> 6
<MEAN> 12
 1.994046e-07 -2.600930e-08 2.600930e-07 -6.242232e-07 1.733953e-08 -7.629395e-07 2.947721e-07 -1.387163e-07 -6.935813e-08 1.300465e-07 2.167442e-08 -1.560558e-07
<VARIANCE> 12
 3.926480e+01 3.606322e+01 5.963808e+01 8.717316e+01 2.176694e+01 3.252608e+01 2.045969e+01 3.344210e+01 3.680046e+01 2.562390e+01 2.317946e+01 2.231379e+01
<GCONST> 6.405453e+01
<STATE> 7
<MEAN> 12
 1.994046e-07 -2.600930e-08 2.600930e-07 -6.242232e-07 1.733953e-08 -7.629395e-07 2.947721e-07 -1.387163e-07 -6.935813e-08 1.300465e-07 2.167442e-08 -1.560558e-07
<VARIANCE> 12
 3.926480e+01 3.606322e+01 5.963808e+01 8.717316e+01 2.176694e+01 3.252608e+01 2.045969e+01 3.344210e+01 3.680046e+01 2.562390e+01 2.317946e+01 2.231379e+01
<GCONST> 6.405453e+01
<STATE> 8
<MEAN> 12
 1.994046e-07 -2.600930e-08 2.600930e-07 -6.242232e-07 1.733953e-08 -7.629395e-07 2.947721e-07 -1.387163e-07 -6.935813e-08 1.300465e-07 2.167442e-08 -1.560558e-07
<VARIANCE> 12
 3.926480e+01 3.606322e+01 5.963808e+01 8.717316e+01 2.176694e+01 3.252608e+01 2.045969e+01 3.344210e+01 3.680046e+01 2.562390e+01 2.317946e+01 2.231379e+01
<GCONST> 6.405453e+01
<TRANSP> 9
 0.000000e+00 1.000000e+00 0.000000e+00 0.000000e+00 0.000000e+00 0.000000e+00 0.000000e+00 0.000000e+00 0.000000e+00
 0.000000e+00 9.000000e-01 9.999999e-02 0.000000e+00 0.000000e+00 0.000000e+00 0.000000e+00 0.000000e+00 0.000000e+00
 0.000000e+00 0.000000e+00 9.000000e-01 9.999999e-02 0.000000e+00 0.000000e+00 0.000000e+00 0.000000e+00 0.000000e+00
 0.000000e+00 0.000000e+00 0.000000e+00 9.000000e-01 9.999999e-02 0.000000e+00 0.000000e+00 0.000000e+00 0.000000e+00
 0.000000e+00 0.000000e+00 0.000000e+00 0.000000e+00 9.000000e-01 9.999999e-02 0.000000e+00 0.000000e+00 0.000000e+00
 0.000000e+00 0.000000e+00 0.000000e+00 0.000000e+00 0.000000e+00 9.000000e-01 9.999999e-02 0.000000e+00 0.000000e+00
 0.000000e+00 0.000000e+00 0.000000e+00 0.000000e+00 0.000000e+00 0.000000e+00 9.000000e-01 9.999999e-02 0.000000e+00
 0.000000e+00 0.000000e+00 0.000000e+00 0.000000e+00 0.000000e+00 0.000000e+00 0.000000e+00 9.000000e-01 9.999999e-02
 0.000000e+00 0.000000e+00 0.000000e+00 0.000000e+00 0.000000e+00 0.000000e+00 0.000000e+00 0.000000e+00 0.000000e+00
<ENDHMM>
