~o
<STREAMINFO> 1 12
<VECSIZE> 12<NULLD><MFCC_Z><DIAGC>
~h "s039"
<BEGINHMM>
<NUMSTATES> 12
<STATE> 2
<MEAN> 12
 -1.319479e+01 1.029015e+00 -2.431241e+00 4.211926e+00 2.017262e+01 7.355272e+00 1.074301e+01 1.079999e+01 9.670157e-01 1.373489e+00 2.155720e+00 6.254457e+00
<VARIANCE> 12
 7.224966e+00 2.510928e+00 9.019133e+00 1.842445e+01 1.585278e+01 1.460302e+01 2.867698e+01 2.595929e+01 2.940065e+01 2.049585e+01 2.323687e+01 1.302244e+01
<GCONST> 5.423660e+01
<STATE> 3
<MEAN> 12
 -2.675230e-02 3.276885e+00 8.472422e+00 -1.135782e+01 -8.728803e-01 -7.870000e+00 -1.104105e+01 4.780610e+00 5.373648e+00 -5.085043e-01 -2.711802e+00 -3.831088e+00
<VARIANCE> 12
 7.224966e+00 5.089219e+00 9.193057e+00 1.084360e+01 5.285378e+01 8.230202e+00 1.406801e+01 1.462729e+01 5.371688e+01 1.806936e+01 6.716094e+00 1.271190e+01
<GCONST> 5.298833e+01
<STATE> 4
<MEAN> 12
 6.850341e-01 -1.721124e+00 2.844243e+00 -5.422196e+00 -9.072097e+00 -2.333805e+00 -3.554405e+00 9.931277e-01 4.746601e+00 8.799705e+00 -5.795555e+00 -1.700634e+00
<VARIANCE> 12
 7.224966e+00 2.330864e+00 1.033585e+01 2.714261e+01 1.585278e+01 6.351343e+00 2.592305e+01 4.270435e+01 9.782303e+00 6.295467e+00 2.047524e+01 1.202834e+01
<GCONST> 5.176336e+01
<STATE> 5
<MEAN> 12
 3.400715e+00 4.152241e-01 -1.200164e+00 6.869668e+00 -1.156737e+01 -1.391212e+00 -8.657595e-01 -6.704548e+00 4.539607e-01 1.457261e+00 -2.762475e+00 -1.756098e+00
<VARIANCE> 12
 7.224966e+00 4.583199e+00 9.984025e+00 1.991917e+01 1.585278e+01 1.218516e+01 3.078269e+01 1.795686e+01 4.422914e+01 3.401981e+01 1.252860e+01 1.058312e+01
<GCONST> 5.462922e+01
<STATE> 6
<MEAN> 12
 -1.522677e-01 4.357088e+00 -3.233828e+00 7.207294e+00 -4.399594e+00 2.362456e+00 -1.609164e+00 -3.743598e+00 -2.158319e+00 -2.274538e-01 -1.442809e+00 -4.242255e+00
<VARIANCE> 12
 7.224966e+00 4.431798e+00 8.487366e+00 2.068565e+01 4.511774e+01 1.471680e+01 8.039702e+00 9.568846e+00 7.267110e+01 3.675434e+01 6.418391e+00 5.356257e+00
<GCONST> 5.295770e+01
<STATE> 7
<MEAN> 12
 -7.507618e+00 5.570689e+00 -5.384145e-01 8.878545e+00 9.385626e+00 1.810081e+00 1.163947e+00 1.511293e+00 -7.457356e+00 -6.112991e+00 5.134081e-01 -4.026659e+00
<VARIANCE> 12
 1.764598e+01 2.330864e+00 3.823953e+00 1.963324e+01 2.099369e+01 1.999838e+01 1.069051e+01 1.356752e+01 3.553075e+01 5.859820e+00 1.649075e+01 1.131366e+01
<GCONST> 5.167402e+01
<STATE> 8
<MEAN> 12
 -3.663283e+00 4.037630e+00 2.029551e+00 -5.269265e+00 3.513950e+00 -8.229771e-01 -4.441784e+00 8.407154e+00 7.791513e-01 -4.618160e+00 3.607814e+00 -5.260441e+00
<VARIANCE> 12
 3.208959e+01 4.841006e+00 2.662691e+00 4.965461e+01 3.242074e+01 2.153140e+01 3.384759e+01 1.876506e+01 1.579601e+01 9.844628e+00 9.791509e+00 4.302981e+01
<GCONST> 5.607688e+01
<STATE> 9
<MEAN> 12
 -1.908256e+00 -3.997000e+00 3.492064e-01 -1.041225e+01 1.694321e+00 4.807714e+00 -4.615040e+00 4.784819e+00 -2.792606e+00 -5.864680e+00 2.278876e+00 8.855834e+00
<VARIANCE> 12
 7.224966e+00 2.267672e+01 2.594418e+00 1.084360e+01 1.585278e+01 1.155765e+01 8.250925e+00 4.325093e+01 6.064970e+00 8.562738e+00 4.668944e+00 2.928264e+01
<GCONST> 5.044625e+01
<STATE> 10
<MEAN> 12
 4.772589e+00 -6.970259e+00 -2.621387e+00 -8.295249e+00 1.403319e+00 2.263789e+00 3.117945e+00 -7.519519e+00 -4.861810e-01 -2.128429e+00 -4.672239e-01 7.008226e+00
<VARIANCE> 12
 1.004363e+01 9.476721e+00 2.366221e+00 1.084360e+01 1.585278e+01 2.780511e+01 1.432537e+01 9.568846e+00 5.382245e+00 9.141627e+00 3.711367e+00 2.750332e+01
<GCONST> 4.938593e+01
<STATE> 11
<MEAN> 12
 8.592628e+00 -2.980646e+00 -1.414404e+00 1.643703e+00 2.429688e+00 -2.573344e+00 4.631604e+00 -6.390032e+00 -1.581109e+00 4.114539e-01 3.535879e+00 3.917024e-01
<VARIANCE> 12
 7.224966e+00 2.330864e+00 9.782564e+00 5.641396e+01 1.585278e+01 1.505064e+01 7.274507e+00 9.568846e+00 1.688362e+01 2.582933e+01 7.937423e+00 6.030701e+00
<GCONST> 5.085559e+01
<TRANSP> 12
 0.000000e+00 1.000000e+00 0.000000e+00 0.000000e+00 0.000000e+00 0.000000e+00 0.000000e+00 0.000000e+00 0.000000e+00 0.000000e+00 0.000000e+00 0.000000e+00
 0.000000e+00 8.723981e-01 1.276019e-01 0.000000e+00 0.000000e+00 0.000000e+00 0.000000e+00 0.000000e+00 0.000000e+00 0.000000e+00 0.000000e+00 0.000000e+00
 0.000000e+00 0.000000e+00 7.253738e-01 2.746262e-01 0.000000e+00 0.000000e+00 0.000000e+00 0.000000e+00 0.000000e+00 0.000000e+00 0.000000e+00 0.000000e+00
 0.000000e+00 0.000000e+00 0.000000e+00 8.870426e-01 1.129573e-01 0.000000e+00 0.000000e+00 0.000000e+00 0.000000e+00 0.000000e+00 0.000000e+00 0.000000e+00
 0.000000e+00 0.000000e+00 0.000000e+00 0.000000e+00 9.376239e-01 6.237616e-02 0.000000e+00 0.000000e+00 0.000000e+00 0.000000e+00 0.000000e+00 0.000000e+00
 0.000000e+00 0.000000e+00 0.000000e+00 0.000000e+00 0.000000e+00 6.353179e-01 3.646821e-01 0.000000e+00 0.000000e+00 0.000000e+00 0.000000e+00 0.000000e+00
 0.000000e+00 0.000000e+00 0.000000e+00 0.000000e+00 0.000000e+00 0.000000e+00 7.975289e-01 2.024711e-01 0.000000e+00 0.000000e+00 0.000000e+00 0.000000e+00
 0.000000e+00 0.000000e+00 0.000000e+00 0.000000e+00 0.000000e+00 0.000000e+00 0.000000e+00 8.826849e-01 1.173151e-01 0.000000e+00 0.000000e+00 0.000000e+00
 0.000000e+00 0.000000e+00 0.000000e+00 0.000000e+00 0.000000e+00 0.000000e+00 0.000000e+00 0.000000e+00 8.498604e-01 1.501396e-01 0.000000e+00 0.000000e+00
 0.000000e+00 0.000000e+00 0.000000e+00 0.000000e+00 0.000000e+00 0.000000e+00 0.000000e+00 0.000000e+00 0.000000e+00 6.579118e-01 3.420882e-01 0.000000e+00
 0.000000e+00 0.000000e+00 0.000000e+00 0.000000e+00 0.000000e+00 0.000000e+00 0.000000e+00 0.000000e+00 0.000000e+00 0.000000e+00 9.221687e-01 7.783125e-02
 0.000000e+00 0.000000e+00 0.000000e+00 0.000000e+00 0.000000e+00 0.000000e+00 0.000000e+00 0.000000e+00 0.000000e+00 0.000000e+00 0.000000e+00 0.000000e+00
<ENDHMM>
