~o
<STREAMINFO> 1 12
<VECSIZE> 12<NULLD><MFCC_Z><DIAGC>
~h "s059"
<BEGINHMM>
<NUMSTATES> 11
<STATE> 2
<MEAN> 12
 3.984945e-01 4.112886e+00 4.115915e+00 1.107707e+00 -3.501365e+00 2.735085e-01 -2.117852e-01 -6.968773e+00 2.715883e-01 4.611779e+00 -6.180694e+00 7.048858e+00
<VARIANCE> 12
 1.727195e+01 5.963027e+00 6.392471e+00 1.038359e+02 5.388158e+00 1.578908e+01 1.991680e+01 2.659682e+01 8.751875e+00 1.454611e+01 1.367062e+01 3.865227e+01
<GCONST> 5.501945e+01
<STATE> 3
<MEAN> 12
 -4.450548e+00 6.474119e+00 1.165830e+00 -1.295913e+01 4.242919e-01 -3.240376e+00 -1.339357e+01 1.218908e+01 1.574465e+00 -6.080068e+00 4.572648e-01 -1.086591e+01
<VARIANCE> 12
 4.011696e+00 7.278705e+00 2.347714e+01 2.051825e+01 4.047255e+00 3.223923e+01 2.863552e+01 3.962728e+01 6.278209e+00 1.063838e+01 2.548891e+01 4.333152e+01
<GCONST> 5.472010e+01
<STATE> 4
<MEAN> 12
 -1.906764e+00 4.521479e+00 9.979486e+00 -1.203824e+01 -3.340753e+00 -1.039385e+00 -1.390183e+01 3.601155e+00 7.258483e+00 -4.192943e+00 5.252893e+00 -3.067067e-01
<VARIANCE> 12
 4.011696e+00 4.553514e+00 6.392471e+00 1.510301e+01 6.779192e+00 1.083002e+01 6.102755e+01 1.431333e+01 1.279690e+01 4.384362e+00 1.112711e+01 1.826382e+01
<GCONST> 4.993990e+01
<STATE> 5
<MEAN> 12
 -4.156179e+00 4.250406e+00 8.234359e+00 1.284154e+00 7.195231e+00 1.396034e+00 4.932709e+00 6.163079e+00 4.522437e+00 3.225699e+00 -3.013241e-01 2.283867e+00
<VARIANCE> 12
 1.478509e+01 1.056206e+01 6.392471e+00 1.510301e+01 9.399483e+00 2.190520e+01 1.507422e+01 1.431333e+01 1.866992e+01 1.545688e+01 1.087592e+01 2.542687e+01
<GCONST> 5.366431e+01
<STATE> 6
<MEAN> 12
 -8.709020e+00 -4.834584e+00 7.869615e+00 7.529678e+00 -1.131503e+00 3.693857e+00 5.488766e+00 3.209856e+00 3.301004e-02 1.730504e+00 3.411906e+00 2.697137e-01
<VARIANCE> 12
 5.711382e+00 4.553514e+00 6.392471e+00 1.510301e+01 5.018158e+00 1.268518e+01 2.752044e+01 1.572511e+01 7.293426e+00 1.184572e+01 4.036546e+00 1.793851e+01
<GCONST> 4.884787e+01
<STATE> 7
<MEAN> 12
 2.259972e+00 -6.498191e+00 -2.995797e+00 1.823168e+00 -1.285537e+00 -9.856136e+00 4.586687e+00 2.560857e+00 -5.145269e+00 -2.601710e+00 -3.775491e+00 2.775244e+00
<VARIANCE> 12
 4.107191e+00 6.339001e+00 6.392471e+00 2.027628e+01 2.956411e+00 1.097480e+01 1.495024e+01 1.431333e+01 6.876263e+00 7.255179e+00 1.387710e+01 2.574543e+01
<GCONST> 4.881234e+01
<STATE> 8
<MEAN> 12
 5.947042e+00 -1.200324e+00 -7.774737e+00 6.430098e-02 -3.108414e+00 -2.257254e+00 5.677743e+00 -1.049412e+01 -2.726812e+00 4.665441e+00 -3.601989e+00 2.998975e+00
<VARIANCE> 12
 5.188927e+00 4.553514e+00 6.392471e+00 1.510301e+01 1.503387e+01 8.329714e+00 1.411878e+01 1.603879e+01 1.330440e+01 5.897154e+00 1.390262e+01 3.437075e+01
<GCONST> 5.057146e+01
<STATE> 9
<MEAN> 12
 7.021119e+00 -2.210063e+00 -4.551818e+00 8.408287e+00 -2.896869e+00 2.512007e+00 3.952987e+00 -1.457407e+01 -2.625915e+00 6.052586e+00 4.068413e+00 5.363886e+00
<VARIANCE> 12
 4.011696e+00 4.553514e+00 9.073267e+00 1.510301e+01 4.355865e+00 7.742969e+00 1.411878e+01 1.431333e+01 3.612728e+00 1.061946e+01 6.711604e+00 9.083648e+00
<GCONST> 4.646433e+01
<STATE> 10
<MEAN> 12
 2.189100e+00 -6.345465e+00 -4.242891e+00 1.419129e+01 4.219285e+00 1.177559e+01 8.071762e+00 -5.008159e+00 -5.306619e-01 -5.428413e-01 3.210649e+00 2.866855e+00
<VARIANCE> 12
 4.011696e+00 4.553514e+00 6.392471e+00 1.510301e+01 2.708002e+00 1.294343e+01 1.411878e+01 1.431333e+01 7.509347e+00 1.788510e+01 1.955228e+01 1.289677e+01
<GCONST> 4.882533e+01
<TRANSP> 11
 0.000000e+00 1.000000e+00 0.000000e+00 0.000000e+00 0.000000e+00 0.000000e+00 0.000000e+00 0.000000e+00 0.000000e+00 0.000000e+00 0.000000e+00
 0.000000e+00 7.680389e-01 2.319612e-01 0.000000e+00 0.000000e+00 0.000000e+00 0.000000e+00 0.000000e+00 0.000000e+00 0.000000e+00 0.000000e+00
 0.000000e+00 0.000000e+00 9.320200e-01 6.797998e-02 0.000000e+00 0.000000e+00 0.000000e+00 0.000000e+00 0.000000e+00 0.000000e+00 0.000000e+00
 0.000000e+00 0.000000e+00 0.000000e+00 7.991443e-01 2.008557e-01 0.000000e+00 0.000000e+00 0.000000e+00 0.000000e+00 0.000000e+00 0.000000e+00
 0.000000e+00 0.000000e+00 0.000000e+00 0.000000e+00 8.582059e-01 1.417941e-01 0.000000e+00 0.000000e+00 0.000000e+00 0.000000e+00 0.000000e+00
 0.000000e+00 0.000000e+00 0.000000e+00 0.000000e+00 0.000000e+00 7.989503e-01 2.010498e-01 0.000000e+00 0.000000e+00 0.000000e+00 0.000000e+00
 0.000000e+00 0.000000e+00 0.000000e+00 0.000000e+00 0.000000e+00 0.000000e+00 8.767066e-01 1.232933e-01 0.000000e+00 0.000000e+00 0.000000e+00
 0.000000e+00 0.000000e+00 0.000000e+00 0.000000e+00 0.000000e+00 0.000000e+00 0.000000e+00 9.158697e-01 8.413029e-02 0.000000e+00 0.000000e+00
 0.000000e+00 0.000000e+00 0.000000e+00 0.000000e+00 0.000000e+00 0.000000e+00 0.000000e+00 0.000000e+00 7.992436e-01 2.007565e-01 0.000000e+00
 0.000000e+00 0.000000e+00 0.000000e+00 0.000000e+00 0.000000e+00 0.000000e+00 0.000000e+00 0.000000e+00 0.000000e+00 8.999543e-01 1.000458e-01
 0.000000e+00 0.000000e+00 0.000000e+00 0.000000e+00 0.000000e+00 0.000000e+00 0.000000e+00 0.000000e+00 0.000000e+00 0.000000e+00 0.000000e+00
<ENDHMM>
