~o
<STREAMINFO> 1 12
<VECSIZE> 12<NULLD><MFCC_Z><DIAGC>
~h "T1375864910"
<BEGINHMM>
<NUMSTATES> 7
<STATE> 2
<MEAN> 12
 -1.983660e+00 1.824819e+01 3.156841e-02 -1.280084e+01 -8.607430e+00 -7.455608e+00 -7.195724e+00 3.527091e+00 7.868550e-01 1.168915e+00 3.518294e+00 -1.520537e+00
<VARIANCE> 12
 5.128463e+00 2.189202e+01 2.537960e+00 1.838995e+01 8.715742e+00 5.944123e+00 4.077159e+00 9.027006e+00 3.824108e+00 1.059154e+01 5.920838e+00 3.516581e+01
<GCONST> 4.721170e+01
<STATE> 3
<MEAN> 12
 -2.278718e+00 5.599773e+00 2.421492e+00 -7.167880e-01 -2.665272e+00 -4.289688e-01 -2.060510e+00 6.096343e+00 5.845070e-01 9.541501e-02 1.383858e+00 -5.756975e-01
<VARIANCE> 12
 6.322978e+00 2.189202e+01 9.332442e+00 1.439506e+01 1.078226e+01 3.613668e+01 2.187223e+01 1.929863e+01 4.278103e+01 2.460622e+01 4.767996e+01 1.049328e+01
<GCONST> 5.707002e+01
<STATE> 4
<MEAN> 12
 -7.459611e+00 -2.943746e+00 2.154018e+00 2.335251e+00 5.297121e+00 1.360257e+00 2.405049e+00 -5.452818e+00 6.733429e-01 1.047816e+01 -2.122802e+00 1.452298e+00
<VARIANCE> 12
 5.784528e+00 2.189202e+01 1.041664e+01 1.415304e+01 1.908528e+01 1.588392e+01 8.934802e+00 2.233932e+01 2.108435e+01 2.565413e+01 1.527175e+01 1.837190e+01
<GCONST> 5.482976e+01
<STATE> 5
<MEAN> 12
 1.740031e+00 -1.104504e+01 -3.386072e+00 1.934010e+00 7.023204e+00 -1.901220e+00 1.870534e+00 -1.655540e+00 -1.899471e+00 -4.260365e+00 -1.035723e+00 -1.886901e+00
<VARIANCE> 12
 1.038624e+01 2.189202e+01 5.203183e+00 1.083387e+01 1.432808e+01 5.944123e+00 5.077912e+00 4.571522e+00 9.824773e+00 4.251617e+01 1.541073e+01 2.191039e+01
<GCONST> 5.095927e+01
<STATE> 6
<MEAN> 12
 7.386840e+00 -9.564462e+00 -7.360328e-01 8.546779e+00 4.445694e-01 6.895631e+00 4.331754e+00 -1.032373e+00 -2.885924e-01 -6.241843e+00 -1.521925e+00 1.719170e+00
<VARIANCE> 12
 7.495112e+00 3.803660e+01 6.316376e+00 1.083387e+01 7.190446e+00 1.011371e+01 6.228443e+00 2.350253e+01 5.128691e+00 9.624362e+00 4.983531e+00 1.455170e+01
<GCONST> 4.938902e+01
<TRANSP> 7
 0.000000e+00 1.000000e+00 0.000000e+00 0.000000e+00 0.000000e+00 0.000000e+00 0.000000e+00
 0.000000e+00 9.061754e-01 9.382460e-02 0.000000e+00 0.000000e+00 0.000000e+00 0.000000e+00
 0.000000e+00 0.000000e+00 8.390127e-01 1.609873e-01 0.000000e+00 0.000000e+00 0.000000e+00
 0.000000e+00 0.000000e+00 0.000000e+00 8.910553e-01 1.089447e-01 0.000000e+00 0.000000e+00
 0.000000e+00 0.000000e+00 0.000000e+00 0.000000e+00 8.705088e-01 1.294912e-01 0.000000e+00
 0.000000e+00 0.000000e+00 0.000000e+00 0.000000e+00 0.000000e+00 9.182248e-01 8.177523e-02
 0.000000e+00 0.000000e+00 0.000000e+00 0.000000e+00 0.000000e+00 0.000000e+00 0.000000e+00
<ENDHMM>
