~o
<STREAMINFO> 1 39
<VECSIZE> 39<NULLD><MFCC_E_D_A_Z><DIAGC>
~h "s000"
<BEGINHMM>
<NUMSTATES> 8
<STATE> 2
<MEAN> 39
 -9.797747e-01 1.130675e+01 6.748598e-01 -3.594735e+00 -5.779978e+00 -2.348470e+00 -8.597340e+00 8.903317e-01 2.529145e-01 5.240728e+00 -8.129519e-01 -1.982368e+00 7.902262e-01 -2.369993e-01 1.488218e-01 -5.394431e-01 3.089436e-01 4.943475e-01 3.396928e-01 -1.086986e-01 9.157348e-02 -2.545936e-02 -5.150294e-01 7.551497e-01 -1.614078e-01 2.259713e-03 5.681911e-02 -1.061411e-02 -5.527695e-02 -3.525016e-02 7.916026e-02 -1.054865e-01 1.482219e-01 -4.891105e-02 1.178330e-01 -7.580191e-02 5.498354e-04 7.271694e-02 -5.178049e-04
<VARIANCE> 39
 9.140059e+00 4.437495e+01 3.654838e+01 3.971677e+01 5.542567e+01 2.250799e+01 4.146718e+01 2.473790e+01 2.978066e+01 4.099652e+01 7.518927e+01 2.796848e+01 2.051481e-02 8.884603e-01 1.757486e+00 2.686653e+00 2.563978e+00 2.187783e+00 2.517061e+00 2.976639e+00 2.218148e+00 3.832484e+00 2.414147e+00 5.624543e+00 3.117653e+00 1.507600e-03 9.074825e-02 1.997679e-01 4.797110e-01 4.706001e-01 3.658496e-01 5.123966e-01 4.907299e-01 4.059555e-01 7.432783e-01 5.130193e-01 1.090521e+00 6.981477e-01 2.147185e-04
<GCONST> 9.598860e+01
<STATE> 3
<MEAN> 39
 -2.013834e-01 6.261738e+00 -1.353808e+00 2.140884e-01 1.260318e-01 -1.257801e+00 -4.055199e+00 -3.894328e-01 5.279379e-01 4.047331e-01 1.698259e+00 1.794235e-01 7.229459e-01 5.942665e-02 -3.881130e-01 -8.587346e-02 2.104936e-01 3.253234e-01 3.409364e-02 3.414716e-01 -4.708583e-02 4.058708e-03 -2.813680e-01 8.384671e-02 1.388701e-01 -4.293229e-03 1.266299e-02 -2.633625e-02 2.679837e-02 -7.191377e-03 -1.623971e-02 -1.384630e-02 1.801907e-02 -2.847882e-03 -2.976881e-03 1.687876e-02 -3.768303e-02 1.089850e-02 -2.761667e-04
<VARIANCE> 39
 1.380954e+01 9.315105e+01 2.440651e+01 3.405119e+01 4.870456e+01 3.115412e+01 7.637157e+01 3.911104e+01 3.974795e+01 4.545850e+01 4.228210e+01 3.410167e+01 2.474975e-02 1.052704e+00 2.793381e+00 1.917974e+00 2.938076e+00 2.925106e+00 4.296056e+00 3.307012e+00 3.688986e+00 4.296666e+00 2.429414e+00 5.520529e+00 3.079868e+00 1.830850e-03 1.504243e-01 3.773047e-01 2.751987e-01 4.844846e-01 4.172318e-01 9.390800e-01 5.672153e-01 7.198194e-01 7.193914e-01 3.908583e-01 1.120869e+00 7.056491e-01 2.968415e-04
<GCONST> 1.023340e+02
<STATE> 4
<MEAN> 39
 5.134823e-01 -2.015455e-01 -1.301520e+00 1.542884e+00 2.143513e+00 -1.947254e+00 1.454445e+00 5.293890e-01 5.490192e-02 -2.237947e+00 5.182272e-01 1.436240e+00 6.814094e-01 2.299923e-02 -3.679038e-01 2.964150e-02 4.266950e-02 4.740823e-02 -1.733974e-02 2.911417e-01 9.027905e-02 -4.678094e-02 -1.158696e-01 -7.352437e-02 1.616869e-02 -2.206393e-03 -3.238060e-03 6.397631e-03 5.547399e-03 -9.847704e-03 -1.473668e-02 2.368276e-03 -9.414509e-03 2.978687e-03 -1.528149e-03 1.052750e-02 -4.619083e-03 -7.763844e-03 1.366026e-04
<VARIANCE> 39
 1.827286e+01 7.469253e+01 2.883768e+01 3.236584e+01 3.440388e+01 3.931497e+01 6.401713e+01 5.989515e+01 4.177316e+01 4.798659e+01 3.269200e+01 2.944546e+01 2.217707e-02 1.542391e+00 2.947559e+00 1.844986e+00 3.071592e+00 2.913933e+00 5.015331e+00 3.373807e+00 4.589706e+00 4.383193e+00 3.342157e+00 4.829165e+00 3.057205e+00 1.930602e-03 2.475087e-01 3.983559e-01 2.179044e-01 5.190532e-01 4.476759e-01 1.048456e+00 6.062980e-01 8.424941e-01 7.343216e-01 4.860666e-01 1.066675e+00 6.989217e-01 3.467339e-04
<GCONST> 1.044428e+02
<STATE> 5
<MEAN> 39
 3.545419e-01 -4.052042e+00 -3.949654e-01 1.277257e+00 1.175980e+00 -1.532746e+00 3.947737e+00 2.239316e+00 -8.667604e-01 -2.687079e+00 -3.211938e-01 3.610912e-01 6.608977e-01 -2.854078e-02 -1.988606e-01 7.932493e-02 -6.158405e-02 -8.033589e-02 1.290105e-01 5.032322e-02 -1.503202e-03 -3.416150e-02 2.921539e-02 -4.062497e-02 -7.021406e-02 -6.853479e-04 3.661652e-04 8.884628e-03 1.967489e-04 -8.391329e-04 2.943499e-03 9.739976e-03 -8.684907e-03 -1.365395e-02 5.355868e-03 8.744264e-03 2.768804e-03 1.896886e-03 -6.417904e-05
<VARIANCE> 39
 1.963984e+01 3.712821e+01 3.295875e+01 3.860940e+01 3.444236e+01 5.670353e+01 4.675290e+01 6.851092e+01 3.415703e+01 4.523964e+01 2.245525e+01 2.867450e+01 1.940676e-02 2.026024e+00 2.260825e+00 2.250599e+00 2.962158e+00 2.753108e+00 5.001322e+00 3.913232e+00 4.861969e+00 3.443795e+00 3.993555e+00 3.550665e+00 2.981038e+00 1.899619e-03 3.740292e-01 2.976242e-01 2.547240e-01 5.201638e-01 4.635965e-01 8.978210e-01 7.026515e-01 8.899198e-01 5.981277e-01 6.361273e-01 8.170319e-01 6.560633e-01 3.545691e-04
<GCONST> 1.035399e+02
<STATE> 6
<MEAN> 39
 -2.168124e-01 -6.256993e+00 9.149176e-01 -4.181596e-02 -3.296538e-02 1.457537e+00 3.428324e+00 8.216597e-01 -9.905092e-01 -1.601570e+00 -7.256707e-01 -5.425879e-01 6.571674e-01 2.174423e-02 -9.258964e-02 4.933290e-02 -8.988846e-04 8.909693e-02 2.630440e-01 1.295914e-02 -2.696948e-01 9.443771e-02 1.411099e-01 6.433995e-03 3.854557e-02 -3.703326e-03 8.238564e-03 2.303449e-02 2.836720e-03 1.618337e-02 1.555944e-02 4.924700e-03 -2.420417e-03 -4.846545e-03 7.474913e-03 5.649559e-03 9.924839e-03 2.177115e-03 -6.067164e-04
<VARIANCE> 39
 1.634235e+01 2.257071e+01 2.877483e+01 3.727167e+01 3.669859e+01 6.800594e+01 4.979419e+01 7.107088e+01 2.656925e+01 3.749934e+01 1.430040e+01 2.428836e+01 1.820178e-02 1.914851e+00 1.624577e+00 2.308367e+00 2.674396e+00 2.700815e+00 4.138755e+00 4.470399e+00 4.481663e+00 2.767035e+00 3.698848e+00 2.143913e+00 2.393648e+00 1.697053e-03 3.738213e-01 2.042671e-01 2.877419e-01 4.853060e-01 4.532579e-01 6.352687e-01 7.853720e-01 8.721910e-01 5.078384e-01 7.070687e-01 4.963016e-01 4.668003e-01 2.769603e-04
<GCONST> 9.841376e+01
<STATE> 7
<MEAN> 39
 5.299714e-01 -7.057940e+00 1.460556e+00 6.023215e-01 2.367439e+00 5.628692e+00 3.822120e+00 -4.091229e+00 1.021554e+00 8.810878e-01 -3.567209e-01 5.482107e-01 5.779004e-01 1.695336e-01 3.393337e-01 1.312452e-01 3.232514e-01 3.580776e-01 3.072964e-01 -5.516072e-02 -2.707553e-01 1.562134e-01 2.310246e-01 1.966341e-01 5.118456e-02 -1.386211e-02 8.885037e-03 3.080480e-02 1.930417e-02 5.243379e-02 5.679573e-02 -2.089623e-04 -4.154714e-02 -2.598208e-02 -7.237127e-02 4.037602e-02 2.239191e-02 2.474301e-02 9.838083e-04
<VARIANCE> 39
 1.180943e+01 1.938857e+01 1.590238e+01 2.365818e+01 3.710841e+01 3.904054e+01 4.747539e+01 5.199557e+01 2.242940e+01 2.348002e+01 9.737437e+00 1.958304e+01 2.992770e-02 1.101433e+00 1.404484e+00 1.660040e+00 1.723541e+00 1.990649e+00 2.171007e+00 3.991472e+00 2.859962e+00 2.321538e+00 2.115489e+00 1.254256e+00 1.492951e+00 1.154472e-03 2.084645e-01 1.602338e-01 2.567283e-01 3.164330e-01 3.385307e-01 3.096844e-01 6.693989e-01 5.570651e-01 4.754117e-01 4.509471e-01 2.727904e-01 2.522134e-01 1.457007e-04
<GCONST> 8.477808e+01
<TRANSP> 8
 0.000000e+00 1.000000e+00 0.000000e+00 0.000000e+00 0.000000e+00 0.000000e+00 0.000000e+00 0.000000e+00
 0.000000e+00 9.405941e-01 5.940596e-02 0.000000e+00 0.000000e+00 0.000000e+00 0.000000e+00 0.000000e+00
 0.000000e+00 0.000000e+00 9.405941e-01 5.940595e-02 0.000000e+00 0.000000e+00 0.000000e+00 0.000000e+00
 0.000000e+00 0.000000e+00 0.000000e+00 9.405941e-01 5.940592e-02 0.000000e+00 0.000000e+00 0.000000e+00
 0.000000e+00 0.000000e+00 0.000000e+00 0.000000e+00 9.405941e-01 5.940595e-02 0.000000e+00 0.000000e+00
 0.000000e+00 0.000000e+00 0.000000e+00 0.000000e+00 0.000000e+00 9.405940e-01 5.940594e-02 0.000000e+00
 0.000000e+00 0.000000e+00 0.000000e+00 0.000000e+00 0.000000e+00 0.000000e+00 9.405940e-01 5.940594e-02
 0.000000e+00 0.000000e+00 0.000000e+00 0.000000e+00 0.000000e+00 0.000000e+00 0.000000e+00 0.000000e+00
<ENDHMM>
