~o
<STREAMINFO> 1 12
<VECSIZE> 12<NULLD><MFCC_Z><DIAGC>
~h "s060"
<BEGINHMM>
<NUMSTATES> 8
<STATE> 2
<MEAN> 12
 2.670288e-07 -5.960464e-07 2.384186e-08 5.149842e-07 -1.859665e-07 -3.814697e-08 -1.907349e-08 -1.144409e-07 5.722046e-08 -9.536743e-09 -1.335144e-07 -3.814697e-08
<VARIANCE> 12
 2.316486e+01 6.297648e+01 3.215819e+01 1.461320e+02 2.685595e+01 3.497930e+01 7.886907e+01 3.737695e+01 3.839799e+01 2.851763e+01 3.370629e+01 1.947527e+01
<GCONST> 6.611455e+01
<STATE> 3
<MEAN> 12
 2.670288e-07 -5.960464e-07 2.384186e-08 5.149842e-07 -1.859665e-07 -3.814697e-08 -1.907349e-08 -1.144409e-07 5.722046e-08 -9.536743e-09 -1.335144e-07 -3.814697e-08
<VARIANCE> 12
 2.316486e+01 6.297648e+01 3.215819e+01 1.461320e+02 2.685595e+01 3.497930e+01 7.886907e+01 3.737695e+01 3.839799e+01 2.851763e+01 3.370629e+01 1.947527e+01
<GCONST> 6.611455e+01
<STATE> 4
<MEAN> 12
 2.670288e-07 -5.960464e-07 2.384186e-08 5.149842e-07 -1.859665e-07 -3.814697e-08 -1.907349e-08 -1.144409e-07 5.722046e-08 -9.536743e-09 -1.335144e-07 -3.814697e-08
<VARIANCE> 12
 2.316486e+01 6.297648e+01 3.215819e+01 1.461320e+02 2.685595e+01 3.497930e+01 7.886907e+01 3.737695e+01 3.839799e+01 2.851763e+01 3.370629e+01 1.947527e+01
<GCONST> 6.611455e+01
<STATE> 5
<MEAN> 12
 2.670288e-07 -5.960464e-07 2.384186e-08 5.149842e-07 -1.859665e-07 -3.814697e-08 -1.907349e-08 -1.144409e-07 5.722046e-08 -9.536743e-09 -1.335144e-07 -3.814697e-08
<VARIANCE> 12
 2.316486e+01 6.297648e+01 3.215819e+01 1.461320e+02 2.685595e+01 3.497930e+01 7.886907e+01 3.737695e+01 3.839799e+01 2.851763e+01 3.370629e+01 1.947527e+01
<GCONST> 6.611455e+01
<STATE> 6
<MEAN> 12
 2.670288e-07 -5.960464e-07 2.384186e-08 5.149842e-07 -1.859665e-07 -3.814697e-08 -1.907349e-08 -1.144409e-07 5.722046e-08 -9.536743e-09 -1.335144e-07 -3.814697e-08
<VARIANCE> 12
 2.316486e+01 6.297648e+01 3.215819e+01 1.461320e+02 2.685595e+01 3.497930e+01 7.886907e+01 3.737695e+01 3.839799e+01 2.851763e+01 3.370629e+01 1.947527e+01
<GCONST> 6.611455e+01
<STATE> 7
<MEAN> 12
 2.670288e-07 -5.960464e-07 2.384186e-08 5.149842e-07 -1.859665e-07 -3.814697e-08 -1.907349e-08 -1.144409e-07 5.722046e-08 -9.536743e-09 -1.335144e-07 -3.814697e-08
<VARIANCE> 12
 2.316486e+01 6.297648e+01 3.215819e+01 1.461320e+02 2.685595e+01 3.497930e+01 7.886907e+01 3.737695e+01 3.839799e+01 2.851763e+01 3.370629e+01 1.947527e+01
<GCONST> 6.611455e+01
<TRANSP> 8
 0.000000e+00 1.000000e+00 0.000000e+00 0.000000e+00 0.000000e+00 0.000000e+00 0.000000e+00 0.000000e+00
 0.000000e+00 9.000000e-01 9.999999e-02 0.000000e+00 0.000000e+00 0.000000e+00 0.000000e+00 0.000000e+00
 0.000000e+00 0.000000e+00 9.000000e-01 9.999999e-02 0.000000e+00 0.000000e+00 0.000000e+00 0.000000e+00
 0.000000e+00 0.000000e+00 0.000000e+00 9.000000e-01 9.999999e-02 0.000000e+00 0.000000e+00 0.000000e+00
 0.000000e+00 0.000000e+00 0.000000e+00 0.000000e+00 9.000000e-01 9.999999e-02 0.000000e+00 0.000000e+00
 0.000000e+00 0.000000e+00 0.000000e+00 0.000000e+00 0.000000e+00 9.000000e-01 9.999999e-02 0.000000e+00
 0.000000e+00 0.000000e+00 0.000000e+00 0.000000e+00 0.000000e+00 0.000000e+00 9.000000e-01 9.999999e-02
 0.000000e+00 0.000000e+00 0.000000e+00 0.000000e+00 0.000000e+00 0.000000e+00 0.000000e+00 0.000000e+00
<ENDHMM>
