~o
<STREAMINFO> 1 12
<VECSIZE> 12<NULLD><MFCC_Z><DIAGC>
~h "s023"
<BEGINHMM>
<NUMSTATES> 13
<STATE> 2
<MEAN> 12
 1.093612e+00 -1.474764e+01 -5.242300e+00 1.352237e+01 6.561602e+00 8.861265e-01 -2.197972e+00 9.271844e+00 -6.770759e+00 -5.845203e+00 -1.786295e+00 -6.559834e-01
<VARIANCE> 12
 7.976964e+00 2.156383e+01 5.705657e+00 2.855215e+01 1.383750e+01 2.802425e+01 2.284063e+01 4.355215e+01 2.170992e+02 1.228787e+01 1.633155e+01 1.324068e+01
<GCONST> 5.842360e+01
<STATE> 3
<MEAN> 12
 -2.654595e+00 -1.883224e+01 1.247523e+00 3.321296e+00 -1.078852e-01 6.829792e+00 -2.549852e+00 3.717916e+00 -1.670026e+01 2.447590e+00 -6.752721e+00 -6.714180e+00
<VARIANCE> 12
 3.813907e+00 1.641143e+01 3.631106e+00 8.963647e+00 5.340348e+00 3.883700e+01 1.000877e+01 5.144258e+01 2.012372e+01 2.262971e+01 5.231117e+00 5.878851e+00
<GCONST> 5.079961e+01
<STATE> 4
<MEAN> 12
 -4.206823e+00 -1.324933e+01 -1.350587e+00 -1.470253e+00 6.999002e-01 1.257754e+01 -2.488380e-01 -1.084170e+01 -5.176513e+00 -1.545125e+00 2.642905e+00 3.218299e+00
<VARIANCE> 12
 2.438859e+00 1.679083e+01 6.142469e+00 8.963647e+00 5.340348e+00 1.239764e+01 2.313854e+01 2.554840e+01 1.452535e+01 4.757300e+01 6.896890e+00 2.564790e+01
<GCONST> 5.206386e+01
<STATE> 5
<MEAN> 12
 2.015522e+00 -2.712337e+00 -1.377381e+00 -1.785595e+00 -6.509241e+00 4.298159e+00 5.550076e+00 -1.155895e+01 7.059323e+00 -1.754836e+00 2.069745e+00 6.949493e+00
<VARIANCE> 12
 2.880595e+00 1.641143e+01 3.631106e+00 8.963647e+00 1.583607e+01 1.657818e+01 5.563140e+00 1.437688e+01 1.648211e+01 2.184208e+01 1.030553e+01 5.878851e+00
<GCONST> 4.933554e+01
<STATE> 6
<MEAN> 12
 -9.660850e-01 7.365755e+00 2.139613e-01 6.886261e+00 -1.298923e-01 7.902263e+00 3.713910e+00 -4.166073e+00 6.470925e+00 5.027534e+00 -2.264688e+00 5.512468e+00
<VARIANCE> 12
 6.028208e+00 1.641143e+01 3.631106e+00 1.775099e+01 2.708477e+01 1.568870e+01 1.491095e+01 2.346569e+01 1.585337e+01 4.638379e+00 2.733407e+01 5.920708e+00
<GCONST> 5.210882e+01
<STATE> 7
<MEAN> 12
 -2.390228e+00 4.304945e+00 6.329762e+00 -5.828146e+00 -3.936177e+00 2.294759e+00 -7.750169e+00 2.675245e+00 -1.078948e+00 3.276841e-01 -4.828892e+00 -9.969554e-01
<VARIANCE> 12
 5.602236e+00 2.656112e+01 1.927549e+01 2.210703e+01 3.739030e+01 9.272816e+00 2.254233e+01 1.234178e+01 1.147197e+01 1.844244e+01 1.132114e+01 2.129961e+01
<GCONST> 5.542867e+01
<STATE> 8
<MEAN> 12
 5.519353e+00 -1.472187e+00 -6.176137e+00 -1.001618e+00 3.706400e+00 -9.843589e+00 -2.076536e+00 -4.376774e+00 2.785952e+00 -1.270939e+00 -4.860267e+00 4.264818e+00
<VARIANCE> 12
 2.438859e+00 1.641143e+01 3.795431e+00 8.963647e+00 1.506949e+01 1.440095e+01 1.455905e+01 3.150568e+01 5.421333e+01 9.413719e+00 2.082118e+01 3.859988e+01
<GCONST> 5.370367e+01
<STATE> 9
<MEAN> 12
 5.598430e+00 1.776908e+00 -9.094303e-01 -3.953038e+00 3.323602e+00 -6.256061e+00 4.998121e+00 -4.658883e+00 -1.499084e+00 -3.878868e+00 -6.971110e-01 2.191271e+00
<VARIANCE> 12
 1.398121e+01 1.641143e+01 3.686549e+01 1.000442e+01 1.104929e+01 9.272816e+00 2.432107e+01 4.867752e+01 1.147197e+01 6.374558e+00 2.268553e+01 1.970804e+01
<GCONST> 5.550151e+01
<STATE> 10
<MEAN> 12
 -5.755229e+00 1.258677e+01 2.798287e+00 -1.138484e+01 -3.085782e+00 -9.448400e+00 -7.220998e+00 1.003537e+01 8.918140e-01 -2.063697e+00 9.505622e-01 -6.821115e+00
<VARIANCE> 12
 2.438859e+00 1.641143e+01 1.204290e+01 1.718992e+01 5.340348e+00 9.272816e+00 5.563140e+00 1.234178e+01 1.147197e+01 5.717050e+00 1.929072e+01 1.920836e+01
<GCONST> 4.930669e+01
<STATE> 11
<MEAN> 12
 -1.631409e+00 1.320479e+01 2.569238e+00 -3.114151e+00 -3.128105e+00 -5.506109e+00 1.218227e+00 7.340143e+00 2.956899e+00 5.420362e+00 7.008420e+00 -6.779547e+00
<VARIANCE> 12
 3.841068e+00 1.641143e+01 1.983206e+01 8.963647e+00 8.081301e+00 2.151365e+01 2.091127e+01 3.970934e+01 1.257296e+01 2.198228e+01 2.327552e+01 5.878851e+00
<GCONST> 5.379940e+01
<STATE> 12
<MEAN> 12
 1.023635e+00 7.082037e+00 4.004394e+00 3.451771e+00 3.806470e+00 8.053834e-01 6.164578e+00 2.285580e+00 2.297524e+00 6.064071e+00 7.326973e+00 -3.992450e+00
<VARIANCE> 12
 2.438859e+00 1.641143e+01 5.699068e+00 2.117311e+01 5.253073e+01 1.320496e+01 5.563140e+00 1.234178e+01 1.411503e+01 2.042031e+01 1.820449e+01 5.878851e+00
<GCONST> 5.164501e+01
<TRANSP> 13
 0.000000e+00 1.000000e+00 0.000000e+00 0.000000e+00 0.000000e+00 0.000000e+00 0.000000e+00 0.000000e+00 0.000000e+00 0.000000e+00 0.000000e+00 0.000000e+00 0.000000e+00
 0.000000e+00 8.890580e-01 1.109420e-01 0.000000e+00 0.000000e+00 0.000000e+00 0.000000e+00 0.000000e+00 0.000000e+00 0.000000e+00 0.000000e+00 0.000000e+00 0.000000e+00
 0.000000e+00 0.000000e+00 7.864916e-01 2.135084e-01 0.000000e+00 0.000000e+00 0.000000e+00 0.000000e+00 0.000000e+00 0.000000e+00 0.000000e+00 0.000000e+00 0.000000e+00
 0.000000e+00 0.000000e+00 0.000000e+00 8.045726e-01 1.954273e-01 0.000000e+00 0.000000e+00 0.000000e+00 0.000000e+00 0.000000e+00 0.000000e+00 0.000000e+00 0.000000e+00
 0.000000e+00 0.000000e+00 0.000000e+00 0.000000e+00 9.030732e-01 9.692681e-02 0.000000e+00 0.000000e+00 0.000000e+00 0.000000e+00 0.000000e+00 0.000000e+00 0.000000e+00
 0.000000e+00 0.000000e+00 0.000000e+00 0.000000e+00 0.000000e+00 8.519549e-01 1.480451e-01 0.000000e+00 0.000000e+00 0.000000e+00 0.000000e+00 0.000000e+00 0.000000e+00
 0.000000e+00 0.000000e+00 0.000000e+00 0.000000e+00 0.000000e+00 0.000000e+00 8.642188e-01 1.357812e-01 0.000000e+00 0.000000e+00 0.000000e+00 0.000000e+00 0.000000e+00
 0.000000e+00 0.000000e+00 0.000000e+00 0.000000e+00 0.000000e+00 0.000000e+00 0.000000e+00 8.767917e-01 1.232083e-01 0.000000e+00 0.000000e+00 0.000000e+00 0.000000e+00
 0.000000e+00 0.000000e+00 0.000000e+00 0.000000e+00 0.000000e+00 0.000000e+00 0.000000e+00 0.000000e+00 8.221788e-01 1.778212e-01 0.000000e+00 0.000000e+00 0.000000e+00
 0.000000e+00 0.000000e+00 0.000000e+00 0.000000e+00 0.000000e+00 0.000000e+00 0.000000e+00 0.000000e+00 0.000000e+00 8.780476e-01 1.219523e-01 0.000000e+00 0.000000e+00
 0.000000e+00 0.000000e+00 0.000000e+00 0.000000e+00 0.000000e+00 0.000000e+00 0.000000e+00 0.000000e+00 0.000000e+00 0.000000e+00 8.318139e-01 1.681861e-01 0.000000e+00
 0.000000e+00 0.000000e+00 0.000000e+00 0.000000e+00 0.000000e+00 0.000000e+00 0.000000e+00 0.000000e+00 0.000000e+00 0.000000e+00 0.000000e+00 8.728285e-01 1.271714e-01
 0.000000e+00 0.000000e+00 0.000000e+00 0.000000e+00 0.000000e+00 0.000000e+00 0.000000e+00 0.000000e+00 0.000000e+00 0.000000e+00 0.000000e+00 0.000000e+00 0.000000e+00
<ENDHMM>
