~o
<STREAMINFO> 1 12
<VECSIZE> 12<NULLD><MFCC_Z><DIAGC>
~h "T1375864910"
<BEGINHMM>
<NUMSTATES> 7
<STATE> 2
<MEAN> 12
 -2.687930e+00 1.502439e+01 4.652247e-01 -1.001917e+01 -6.800683e+00 -5.188961e+00 -5.600261e+00 2.910334e+00 7.445552e-01 1.332060e+00 2.971118e+00 -2.191328e+00
<VARIANCE> 12
 5.370214e+00 6.310477e+01 5.615919e+00 4.785568e+01 2.672478e+01 2.078934e+01 1.467719e+01 1.905783e+01 1.114155e+01 2.050901e+01 1.585921e+01 2.683014e+01
<GCONST> 5.691261e+01
<STATE> 3
<MEAN> 12
 -3.062893e+00 5.439326e+00 1.205468e+00 -3.365519e+00 -1.326723e+00 -2.467927e+00 -2.094169e+00 1.289641e+00 3.586292e-01 3.291667e+00 5.588093e-01 3.383522e-01
<VARIANCE> 12
 1.477765e+01 9.933256e+01 1.006292e+01 5.532309e+01 4.754258e+01 3.578497e+01 2.578669e+01 4.068003e+01 2.201962e+01 4.388398e+01 2.653383e+01 2.364739e+01
<GCONST> 6.337807e+01
<STATE> 4
<MEAN> 12
 -2.357447e+00 -3.412823e+00 2.173314e-01 1.244966e+00 2.919678e+00 -6.043069e-02 1.072617e+00 -1.488226e+00 -5.875880e-02 2.534369e+00 -7.634057e-01 3.840285e-01
<VARIANCE> 12
 2.795437e+01 7.661588e+01 1.364777e+01 2.796770e+01 3.502676e+01 2.669110e+01 1.836821e+01 3.295530e+01 2.059225e+01 7.233173e+01 2.210239e+01 2.130622e+01
<GCONST> 6.237560e+01
<STATE> 5
<MEAN> 12
 1.626460e+00 -9.051378e+00 -1.205996e+00 4.347749e+00 3.135828e+00 2.259869e+00 2.963989e+00 -2.517951e+00 -3.746131e-01 -1.857708e+00 -1.062234e+00 5.290295e-01
<VARIANCE> 12
 3.670988e+01 4.260029e+01 1.048775e+01 2.150854e+01 2.359006e+01 2.784458e+01 1.081930e+01 1.549306e+01 1.169375e+01 6.943658e+01 1.254350e+01 1.975713e+01
<GCONST> 5.864946e+01
<STATE> 6
<MEAN> 12
 6.481799e+00 -7.999529e+00 -6.820307e-01 7.791968e+00 2.071930e+00 5.457450e+00 3.657821e+00 -1.937902e-01 -6.698073e-01 -5.300364e+00 -1.704288e+00 9.399422e-01
<VARIANCE> 12
 1.931370e+01 3.519477e+01 7.880341e+00 1.559538e+01 1.474763e+01 1.911675e+01 7.189846e+00 2.547227e+01 7.232379e+00 2.437410e+01 7.162908e+00 1.804383e+01
<GCONST> 5.427330e+01
<TRANSP> 7
 0.000000e+00 1.000000e+00 0.000000e+00 0.000000e+00 0.000000e+00 0.000000e+00 0.000000e+00
 0.000000e+00 8.913043e-01 1.086956e-01 0.000000e+00 0.000000e+00 0.000000e+00 0.000000e+00
 0.000000e+00 0.000000e+00 8.913043e-01 1.086956e-01 0.000000e+00 0.000000e+00 0.000000e+00
 0.000000e+00 0.000000e+00 0.000000e+00 8.913043e-01 1.086956e-01 0.000000e+00 0.000000e+00
 0.000000e+00 0.000000e+00 0.000000e+00 0.000000e+00 8.913043e-01 1.086956e-01 0.000000e+00
 0.000000e+00 0.000000e+00 0.000000e+00 0.000000e+00 0.000000e+00 8.913044e-01 1.086957e-01
 0.000000e+00 0.000000e+00 0.000000e+00 0.000000e+00 0.000000e+00 0.000000e+00 0.000000e+00
<ENDHMM>
