~o
<STREAMINFO> 1 12
<VECSIZE> 12<NULLD><MFCC_Z><DIAGC>
~h "s026"
<BEGINHMM>
<NUMSTATES> 8
<STATE> 2
<MEAN> 12
 -1.056773e+00 -4.371821e+00 -7.834213e+00 5.348471e+00 -6.252766e+00 -8.087675e+00 4.664237e+00 2.709896e+00 -2.784435e+00 -8.075814e+00 -3.635219e+00 -1.291766e+00
<VARIANCE> 12
 1.673347e+01 1.149915e+01 3.939443e+01 3.262007e+01 6.824586e+01 4.370177e+01 3.784517e+01 4.410587e+01 2.312097e+01 5.627873e+01 2.574493e+01 5.711589e+01
<GCONST> 6.435774e+01
<STATE> 3
<MEAN> 12
 1.914470e+00 -9.404318e-01 -2.821291e+00 3.925722e-01 4.707887e-01 -4.878240e+00 -4.176089e-01 4.441503e+00 -2.026180e-01 -5.465489e+00 1.344470e+00 1.966907e+00
<VARIANCE> 12
 1.262300e+01 1.967140e+01 1.120520e+02 5.690139e+01 3.106262e+01 9.841135e+01 4.555483e+01 3.482755e+01 3.556305e+01 4.694709e+01 3.228809e+01 5.448560e+01
<GCONST> 6.661694e+01
<STATE> 4
<MEAN> 12
 1.545074e+00 2.135259e+00 4.386040e+00 -3.687157e+00 1.689532e+00 2.657381e+00 -2.909224e+00 4.383507e+00 6.003981e-01 -1.407092e+00 3.124565e+00 -3.779520e-01
<VARIANCE> 12
 1.241927e+01 1.323864e+01 9.923871e+01 3.242617e+01 1.564890e+01 9.251205e+01 4.377318e+01 3.303265e+01 4.946642e+01 3.210184e+01 2.772983e+01 5.550592e+01
<GCONST> 6.449688e+01
<STATE> 5
<MEAN> 12
 -1.034310e+00 2.410030e+00 6.061646e+00 -3.434123e+00 1.926866e+00 7.106212e+00 -1.637740e+00 1.976863e+00 -7.132288e-01 2.410390e+00 1.185899e+00 -1.175071e+00
<VARIANCE> 12
 1.815274e+01 1.316167e+01 5.956241e+01 2.647693e+01 1.619080e+01 4.675270e+01 3.916878e+01 4.633518e+01 6.067843e+01 3.717120e+01 2.850009e+01 4.602246e+01
<GCONST> 6.392721e+01
<STATE> 6
<MEAN> 12
 -2.422204e+00 4.475208e-01 2.177991e+00 -6.644591e-01 1.956189e+00 5.169531e+00 1.310524e-01 -3.542909e+00 -3.782918e-01 6.164002e+00 -1.426995e+00 5.869392e-01
<VARIANCE> 12
 2.105495e+01 1.892447e+01 4.664085e+01 2.583663e+01 1.779542e+01 5.782522e+01 2.389796e+01 5.968195e+01 6.296539e+01 3.230429e+01 2.269894e+01 3.024396e+01
<GCONST> 6.348498e+01
<STATE> 7
<MEAN> 12
 1.053749e+00 3.195098e-01 -1.970086e+00 2.044648e+00 2.093723e-01 -1.967133e+00 1.692935e-01 -9.968861e+00 3.478127e+00 6.374052e+00 -5.926876e-01 2.908798e-01
<VARIANCE> 12
 3.038710e+01 1.656337e+01 1.786662e+01 1.425766e+01 1.338175e+01 5.682852e+01 1.495849e+01 4.195077e+01 5.568903e+01 1.916377e+01 1.967764e+01 1.338731e+01
<GCONST> 5.943827e+01
<TRANSP> 8
 0.000000e+00 1.000000e+00 0.000000e+00 0.000000e+00 0.000000e+00 0.000000e+00 0.000000e+00 0.000000e+00
 0.000000e+00 8.775510e-01 1.224490e-01 0.000000e+00 0.000000e+00 0.000000e+00 0.000000e+00 0.000000e+00
 0.000000e+00 0.000000e+00 8.775511e-01 1.224490e-01 0.000000e+00 0.000000e+00 0.000000e+00 0.000000e+00
 0.000000e+00 0.000000e+00 0.000000e+00 8.775510e-01 1.224490e-01 0.000000e+00 0.000000e+00 0.000000e+00
 0.000000e+00 0.000000e+00 0.000000e+00 0.000000e+00 8.775510e-01 1.224490e-01 0.000000e+00 0.000000e+00
 0.000000e+00 0.000000e+00 0.000000e+00 0.000000e+00 0.000000e+00 8.775510e-01 1.224490e-01 0.000000e+00
 0.000000e+00 0.000000e+00 0.000000e+00 0.000000e+00 0.000000e+00 0.000000e+00 8.775510e-01 1.224490e-01
 0.000000e+00 0.000000e+00 0.000000e+00 0.000000e+00 0.000000e+00 0.000000e+00 0.000000e+00 0.000000e+00
<ENDHMM>
