~o
<STREAMINFO> 1 12
<VECSIZE> 12<NULLD><MFCC_Z><DIAGC>
~h "T13771896494"
<BEGINHMM>
<NUMSTATES> 8
<STATE> 2
<MEAN> 12
 -3.625691e+00 -8.026095e+00 2.927960e+00 -1.010647e-01 8.345482e+00 6.460968e+00 3.026455e+00 1.572673e+00 -7.563736e+00 9.742942e-01 -5.264260e-01 -1.746279e+00
<VARIANCE> 12
 4.845942e+00 2.260450e+01 1.358629e+01 1.547406e+01 2.846086e+01 4.585188e+01 9.016636e+00 2.544528e+01 7.460302e+01 2.375747e+01 1.025224e+01 1.219414e+01
<GCONST> 5.701711e+01
<STATE> 3
<MEAN> 12
 -3.521496e+00 -2.995643e+00 2.336853e+00 -1.143835e+00 3.939806e+00 6.708098e+00 2.177688e+00 3.341908e+00 5.943268e-01 4.018064e-01 -1.960276e+00 -1.349080e+00
<VARIANCE> 12
 7.720234e+00 3.424577e+01 1.767598e+01 2.661128e+01 5.420624e+01 7.202616e+01 1.419173e+01 3.975121e+01 6.721436e+01 2.565516e+01 8.886929e+00 7.889974e+00
<GCONST> 6.009340e+01
<STATE> 4
<MEAN> 12
 -1.274482e+00 9.741537e-01 4.058372e-01 -5.724610e-02 -1.163274e+00 1.105848e+00 4.172821e-01 2.283096e+00 2.435289e+00 -5.410389e-01 -8.965679e-01 -1.834565e-01
<VARIANCE> 12
 1.469044e+01 1.777518e+01 2.768384e+01 3.204317e+01 4.608858e+01 8.796497e+01 1.791003e+01 4.402451e+01 5.180415e+01 2.204235e+01 9.498406e+00 9.917336e+00
<GCONST> 6.097092e+01
<STATE> 5
<MEAN> 12
 1.657135e+00 2.596334e+00 -2.326923e+00 -3.732137e-01 -4.196590e+00 -4.065823e+00 -1.772726e+00 -1.049261e+00 5.074531e-01 -6.244904e-01 7.444793e-01 1.262569e+00
<VARIANCE> 12
 1.846595e+01 7.000757e+00 3.847506e+01 3.083382e+01 3.255075e+01 6.035979e+01 1.472958e+01 3.271214e+01 4.528901e+01 2.006607e+01 7.731846e+00 1.312434e+01
<GCONST> 5.918774e+01
<STATE> 6
<MEAN> 12
 3.984180e+00 3.476958e+00 -3.409193e+00 -9.663752e-01 -4.638377e+00 -5.647328e+00 -2.586320e+00 -3.074689e+00 6.571169e-01 -2.234656e-01 1.405562e+00 1.725923e+00
<VARIANCE> 12
 1.345549e+01 4.985609e+00 3.847371e+01 3.140134e+01 2.489815e+01 3.266682e+01 1.050936e+01 1.453056e+01 3.339849e+01 1.530550e+01 8.053231e+00 1.459697e+01
<GCONST> 5.609058e+01
<STATE> 7
<MEAN> 12
 2.780335e+00 3.974302e+00 6.544294e-02 2.641754e+00 -2.287086e+00 -4.561831e+00 -1.262363e+00 -3.073685e+00 3.369551e+00 1.287852e-02 1.233215e+00 2.903163e-01
<VARIANCE> 12
 1.449956e+01 4.985609e+00 3.201549e+01 3.525451e+01 1.827631e+01 1.616286e+01 9.514046e+00 5.831042e+00 1.825233e+01 8.239011e+00 1.275735e+01 1.098843e+01
<GCONST> 5.302442e+01
<TRANSP> 8
 0.000000e+00 1.000000e+00 0.000000e+00 0.000000e+00 0.000000e+00 0.000000e+00 0.000000e+00 0.000000e+00
 0.000000e+00 8.775510e-01 1.224490e-01 0.000000e+00 0.000000e+00 0.000000e+00 0.000000e+00 0.000000e+00
 0.000000e+00 0.000000e+00 8.775511e-01 1.224490e-01 0.000000e+00 0.000000e+00 0.000000e+00 0.000000e+00
 0.000000e+00 0.000000e+00 0.000000e+00 8.775510e-01 1.224490e-01 0.000000e+00 0.000000e+00 0.000000e+00
 0.000000e+00 0.000000e+00 0.000000e+00 0.000000e+00 8.775510e-01 1.224490e-01 0.000000e+00 0.000000e+00
 0.000000e+00 0.000000e+00 0.000000e+00 0.000000e+00 0.000000e+00 8.775510e-01 1.224490e-01 0.000000e+00
 0.000000e+00 0.000000e+00 0.000000e+00 0.000000e+00 0.000000e+00 0.000000e+00 8.775510e-01 1.224490e-01
 0.000000e+00 0.000000e+00 0.000000e+00 0.000000e+00 0.000000e+00 0.000000e+00 0.000000e+00 0.000000e+00
<ENDHMM>
