~o
<STREAMINFO> 1 12
<VECSIZE> 12<NULLD><MFCC_Z><DIAGC>
~h "s079"
<BEGINHMM>
<NUMSTATES> 6
<STATE> 2
<MEAN> 12
 8.259096e-01 -1.841527e+00 5.045831e+00 -1.954942e+00 -7.643913e+00 -2.033975e+00 -7.012306e+00 1.046828e+01 2.223678e+00 5.004036e+00 -6.491089e+00 -3.722293e+00
<VARIANCE> 12
 1.076587e+01 1.912617e+01 8.376896e+00 3.076182e+01 9.499016e+00 1.154016e+01 1.906306e+01 5.238131e+01 4.214532e+01 8.214293e+00 4.409623e+00 2.159233e+01
<GCONST> 5.494017e+01
<STATE> 3
<MEAN> 12
 -6.232801e-01 5.993235e+00 -7.852185e-01 2.123227e+00 -1.995888e+00 -4.615463e+00 -1.189891e+00 -1.351148e+00 -3.732749e+00 -2.100199e+00 1.715536e-01 -7.079038e+00
<VARIANCE> 12
 1.115628e+01 8.631927e+00 1.349306e+01 3.830920e+01 1.051268e+01 8.332314e+00 9.035030e+00 4.329748e+01 1.785536e+01 1.725286e+01 1.042767e+01 2.159233e+01
<GCONST> 5.445887e+01
<STATE> 4
<MEAN> 12
 -4.586514e+00 -1.953444e+00 -3.637675e+00 -6.076948e+00 3.100880e+00 3.057264e+00 -5.816928e-01 2.306435e+00 2.964830e+00 3.226816e+00 4.368613e+00 -1.287853e+00
<VARIANCE> 12
 2.666927e+00 8.631927e+00 3.448067e+00 6.758491e+00 9.499016e+00 8.332314e+00 8.978885e+00 2.076678e+01 9.023423e+00 2.422326e+01 4.409623e+00 2.159233e+01
<GCONST> 4.788236e+01
<STATE> 5
<MEAN> 12
 1.767728e+00 -8.595548e+00 -2.000798e+00 -2.591866e-01 9.512947e+00 9.240906e+00 8.599463e+00 -7.618453e+00 3.864057e+00 -1.652782e+00 4.182942e+00 1.651132e+01
<VARIANCE> 12
 1.271836e+01 8.631927e+00 4.972126e+00 1.471430e+01 1.370284e+01 1.226988e+01 2.548332e+01 1.509382e+01 3.935462e+01 1.234097e+01 4.409623e+00 2.159233e+01
<GCONST> 5.286444e+01
<TRANSP> 6
 0.000000e+00 1.000000e+00 0.000000e+00 0.000000e+00 0.000000e+00 0.000000e+00
 0.000000e+00 8.881524e-01 1.118476e-01 0.000000e+00 0.000000e+00 0.000000e+00
 0.000000e+00 0.000000e+00 9.446266e-01 5.537342e-02 0.000000e+00 0.000000e+00
 0.000000e+00 0.000000e+00 0.000000e+00 6.674681e-01 3.325320e-01 0.000000e+00
 0.000000e+00 0.000000e+00 0.000000e+00 0.000000e+00 8.999282e-01 1.000718e-01
 0.000000e+00 0.000000e+00 0.000000e+00 0.000000e+00 0.000000e+00 0.000000e+00
<ENDHMM>
