~o
<STREAMINFO> 1 12
<VECSIZE> 12<NULLD><MFCC_Z><DIAGC>
~h "s020"
<BEGINHMM>
<NUMSTATES> 9
<STATE> 2
<MEAN> 12
 7.000561e+00 -6.489226e+00 -2.054165e+00 2.143357e+00 -6.394328e+00 -1.500733e+01 -3.696556e+00 1.312889e+01 -4.523797e+00 2.049996e+00 -9.782215e-01 -7.374732e+00
<VARIANCE> 12
 1.923983e+01 1.795561e+01 6.758471e+00 9.407494e+00 1.103677e+01 2.797046e+01 6.736217e+01 3.527210e+01 4.188403e+01 1.665830e+01 5.793542e+00 5.239676e+01
<GCONST> 5.782067e+01
<STATE> 3
<MEAN> 12
 -5.307149e+00 -6.266239e-01 4.808173e-01 -1.040342e+01 -2.322896e+00 -3.837193e+00 -4.462738e+00 7.860423e+00 -5.240636e+00 -3.485233e+00 -3.900304e+00 -5.438766e+00
<VARIANCE> 12
 1.068425e+01 4.234061e+01 1.227310e+01 1.673989e+01 3.732439e+01 1.459845e+01 1.794187e+01 2.553252e+01 1.882960e+01 3.951863e+01 1.391222e+01 2.425691e+01
<GCONST> 5.835557e+01
<STATE> 4
<MEAN> 12
 3.669070e-01 6.690416e+00 1.193290e+00 -4.970108e+00 -1.352719e-01 2.889639e+00 -1.190325e+00 9.237542e+00 -3.474500e-01 1.860892e+00 1.274443e+00 -4.009058e+00
<VARIANCE> 12
 1.074299e+01 6.080556e+00 3.457357e+00 3.176035e+01 5.818765e+00 4.057510e+01 2.461094e+01 2.553252e+01 6.733544e+00 3.669649e+01 1.274840e+01 1.134979e+01
<GCONST> 5.332437e+01
<STATE> 5
<MEAN> 12
 -8.257545e+00 3.530560e+00 1.298530e-01 2.640518e+00 3.420071e+00 2.921184e+00 3.567067e+00 6.884213e+00 5.729940e+00 -2.936881e+00 2.041958e+00 3.193469e+00
<VARIANCE> 12
 2.369823e+01 5.418190e+00 6.932975e+00 1.284219e+01 1.003925e+01 1.727142e+01 1.356859e+01 2.553252e+01 1.716976e+01 1.862313e+01 4.232738e+01 3.434402e+01
<GCONST> 5.545139e+01
<STATE> 6
<MEAN> 12
 -2.619150e+00 -3.780565e+00 5.106518e+00 4.816156e+00 5.502169e+00 7.031142e+00 7.836367e+00 -5.909703e+00 1.192106e+00 1.518535e+00 -1.267173e+00 3.340342e+00
<VARIANCE> 12
 2.914780e+01 7.707862e+00 4.144628e+00 1.023047e+01 1.132960e+01 1.209405e+01 8.144576e+00 2.659658e+01 1.955753e+01 1.411047e+01 1.602460e+01 2.056050e+01
<GCONST> 5.293237e+01
<STATE> 7
<MEAN> 12
 4.480050e+00 5.293458e-01 1.381188e+00 3.226810e+00 -1.454481e+00 4.233780e+00 3.841518e+00 -1.112112e+01 1.109764e-01 5.726320e+00 -3.688814e+00 4.009922e+00
<VARIANCE> 12
 1.068425e+01 5.418190e+00 1.263865e+01 1.192460e+01 5.818765e+00 1.209405e+01 8.144576e+00 2.553252e+01 1.367036e+01 1.074362e+01 1.131768e+01 9.337918e+00
<GCONST> 5.036952e+01
<STATE> 8
<MEAN> 12
 8.417205e+00 2.280351e+00 -4.687119e+00 3.867376e+00 -5.289046e-01 1.754401e+00 -3.841450e+00 -1.490354e+01 2.597680e+00 5.333456e-01 5.278649e+00 4.264884e+00
<VARIANCE> 12
 1.068425e+01 5.418190e+00 7.000854e+00 1.183318e+01 1.403766e+01 3.181783e+01 1.121357e+01 3.056390e+01 1.180498e+01 2.977306e+01 1.714403e+01 1.875363e+01
<GCONST> 5.410387e+01
<TRANSP> 9
 0.000000e+00 1.000000e+00 0.000000e+00 0.000000e+00 0.000000e+00 0.000000e+00 0.000000e+00 0.000000e+00 0.000000e+00
 0.000000e+00 8.390375e-01 1.609625e-01 0.000000e+00 0.000000e+00 0.000000e+00 0.000000e+00 0.000000e+00 0.000000e+00
 0.000000e+00 0.000000e+00 9.117287e-01 8.827128e-02 0.000000e+00 0.000000e+00 0.000000e+00 0.000000e+00 0.000000e+00
 0.000000e+00 0.000000e+00 0.000000e+00 7.177210e-01 2.822790e-01 0.000000e+00 0.000000e+00 0.000000e+00 0.000000e+00
 0.000000e+00 0.000000e+00 0.000000e+00 0.000000e+00 8.849864e-01 1.150137e-01 0.000000e+00 0.000000e+00 0.000000e+00
 0.000000e+00 0.000000e+00 0.000000e+00 0.000000e+00 0.000000e+00 8.880392e-01 1.119607e-01 0.000000e+00 0.000000e+00
 0.000000e+00 0.000000e+00 0.000000e+00 0.000000e+00 0.000000e+00 0.000000e+00 7.833828e-01 2.166172e-01 0.000000e+00
 0.000000e+00 0.000000e+00 0.000000e+00 0.000000e+00 0.000000e+00 0.000000e+00 0.000000e+00 9.063083e-01 9.369169e-02
 0.000000e+00 0.000000e+00 0.000000e+00 0.000000e+00 0.000000e+00 0.000000e+00 0.000000e+00 0.000000e+00 0.000000e+00
<ENDHMM>
