~o
<STREAMINFO> 1 12
<VECSIZE> 12<NULLD><MFCC_Z><DIAGC>
~h "s089"
<BEGINHMM>
<NUMSTATES> 11
<STATE> 2
<MEAN> 12
 -9.525010e+00 -1.475915e+00 9.531085e-01 9.677519e-01 1.555586e+00 -2.317616e+00 1.097140e+01 -4.943490e+00 5.699059e+00 2.924515e+00 -2.392685e-01 -3.608761e+00
<VARIANCE> 12
 3.728860e+01 5.967128e+01 1.415694e+01 3.439995e+01 1.167660e+02 1.359174e+01 1.292767e+01 7.441433e+01 3.199031e+01 2.899570e+01 6.756792e+01 4.555179e+01
<GCONST> 6.505354e+01
<STATE> 3
<MEAN> 12
 -1.174102e+00 -1.430298e+01 -8.316425e+00 1.591273e+01 -1.628086e-01 -7.542720e+00 5.147768e+00 -2.463285e-01 -1.156845e+00 -2.109271e+00 4.737734e-01 1.866937e+00
<VARIANCE> 12
 6.080624e+00 1.523744e+01 4.248874e+00 2.912071e+01 1.126326e+01 4.324338e+01 8.026672e+00 2.476433e+01 5.455527e+01 1.696380e+01 3.843900e+01 3.282981e+01
<GCONST> 5.685276e+01
<STATE> 4
<MEAN> 12
 3.115166e+00 -7.101339e+00 -4.386271e+00 -8.160324e-01 -1.005518e+00 -5.622842e+00 8.308938e-01 1.378257e-01 -4.091285e+00 -7.085667e-01 -2.767040e+00 8.275111e+00
<VARIANCE> 12
 3.898175e+00 1.122982e+01 1.226873e+01 5.329705e+01 7.793054e+00 5.612566e+01 9.563846e+00 1.836365e+01 2.947823e+01 1.194082e+01 5.921257e+00 7.556832e+00
<GCONST> 5.323035e+01
<STATE> 5
<MEAN> 12
 1.922420e+00 -1.382521e+00 6.682927e+00 -1.130407e+01 -3.332075e+00 5.224041e+00 -5.307602e+00 8.188273e+00 -2.896733e-01 -2.193771e+00 -4.065785e-01 3.075773e+00
<VARIANCE> 12
 4.191918e+00 1.381849e+01 1.801550e+01 1.582993e+01 1.410319e+01 3.472575e+01 2.684507e+01 2.397081e+01 2.385992e+01 1.032223e+01 1.401249e+01 1.906548e+01
<GCONST> 5.552196e+01
<STATE> 6
<MEAN> 12
 3.087538e+00 4.453872e+00 2.355175e+00 -2.912382e+00 -1.678484e+00 3.868583e+00 -3.699727e+00 3.391910e+00 6.474250e-03 -2.347169e+00 5.546124e+00 1.465634e+00
<VARIANCE> 12
 1.806796e+01 1.877427e+01 1.234873e+01 2.987463e+01 9.119393e+00 4.720632e+01 5.217072e+01 3.946138e+01 2.180305e+01 7.555484e+00 2.392797e+01 1.465221e+01
<GCONST> 5.845045e+01
<STATE> 7
<MEAN> 12
 -3.733311e+00 8.976240e+00 1.892522e+00 -6.257811e-01 -1.360709e+00 -8.898176e-01 -2.161728e+00 -2.047342e+00 3.849581e+00 -1.297223e+00 1.922469e+00 -6.451756e+00
<VARIANCE> 12
 9.043606e+00 3.579714e+01 4.248874e+00 3.297739e+01 8.307819e+00 4.455160e+01 3.259448e+01 1.137498e+01 1.177033e+01 7.437478e+00 9.756115e+00 4.399198e+01
<GCONST> 5.514035e+01
<STATE> 8
<MEAN> 12
 -3.916452e+00 9.623587e+00 4.974614e-01 -1.188815e+01 5.464139e+00 -5.659630e+00 -5.568726e+00 3.671569e+00 1.486048e+00 2.565712e+00 -3.353581e-01 -1.784631e+00
<VARIANCE> 12
 5.402025e+00 1.311159e+01 4.248874e+00 1.937406e+01 2.402930e+01 1.643826e+01 9.019089e+00 2.393431e+01 2.324648e+01 1.435861e+01 1.302526e+01 3.234010e+01
<GCONST> 5.393262e+01
<STATE> 9
<MEAN> 12
 3.871601e+00 1.893652e+00 -2.483205e+00 -3.116296e+00 4.145204e+00 2.539810e-01 -4.262208e+00 -9.471799e+00 -1.094623e+00 2.838697e+00 -7.918766e+00 -2.034169e+00
<VARIANCE> 12
 4.113276e+00 1.122982e+01 4.248874e+00 1.582993e+01 5.391660e+00 1.476209e+01 9.639901e+00 3.238524e+01 9.962984e+00 5.622755e+00 1.840712e+01 7.769997e+00
<GCONST> 4.920511e+01
<STATE> 10
<MEAN> 12
 2.866581e+00 7.069096e-01 3.393340e+00 7.830495e+00 -2.494681e+00 9.868433e+00 6.381920e+00 -5.211827e+00 -3.041031e+00 3.388072e+00 -3.878576e+00 -2.506186e+00
<VARIANCE> 12
 5.437877e+00 1.122982e+01 5.515660e+00 2.006193e+01 8.178446e+00 4.092753e+01 2.717616e+01 1.642496e+01 1.731374e+01 6.886071e+00 2.692922e+01 9.131316e+00
<GCONST> 5.307327e+01
<TRANSP> 11
 0.000000e+00 1.000000e+00 0.000000e+00 0.000000e+00 0.000000e+00 0.000000e+00 0.000000e+00 0.000000e+00 0.000000e+00 0.000000e+00 0.000000e+00
 0.000000e+00 8.221002e-01 1.778998e-01 0.000000e+00 0.000000e+00 0.000000e+00 0.000000e+00 0.000000e+00 0.000000e+00 0.000000e+00 0.000000e+00
 0.000000e+00 0.000000e+00 9.109650e-01 8.903503e-02 0.000000e+00 0.000000e+00 0.000000e+00 0.000000e+00 0.000000e+00 0.000000e+00 0.000000e+00
 0.000000e+00 0.000000e+00 0.000000e+00 7.611366e-01 2.388634e-01 0.000000e+00 0.000000e+00 0.000000e+00 0.000000e+00 0.000000e+00 0.000000e+00
 0.000000e+00 0.000000e+00 0.000000e+00 0.000000e+00 8.534076e-01 1.465925e-01 0.000000e+00 0.000000e+00 0.000000e+00 0.000000e+00 0.000000e+00
 0.000000e+00 0.000000e+00 0.000000e+00 0.000000e+00 0.000000e+00 9.326289e-01 6.737114e-02 0.000000e+00 0.000000e+00 0.000000e+00 0.000000e+00
 0.000000e+00 0.000000e+00 0.000000e+00 0.000000e+00 0.000000e+00 0.000000e+00 7.884079e-01 2.115920e-01 0.000000e+00 0.000000e+00 0.000000e+00
 0.000000e+00 0.000000e+00 0.000000e+00 0.000000e+00 0.000000e+00 0.000000e+00 0.000000e+00 8.835765e-01 1.164234e-01 0.000000e+00 0.000000e+00
 0.000000e+00 0.000000e+00 0.000000e+00 0.000000e+00 0.000000e+00 0.000000e+00 0.000000e+00 0.000000e+00 8.311012e-01 1.688988e-01 0.000000e+00
 0.000000e+00 0.000000e+00 0.000000e+00 0.000000e+00 0.000000e+00 0.000000e+00 0.000000e+00 0.000000e+00 0.000000e+00 8.759294e-01 1.240707e-01
 0.000000e+00 0.000000e+00 0.000000e+00 0.000000e+00 0.000000e+00 0.000000e+00 0.000000e+00 0.000000e+00 0.000000e+00 0.000000e+00 0.000000e+00
<ENDHMM>
