~o
<STREAMINFO> 1 12
<VECSIZE> 12<NULLD><MFCC_Z><DIAGC>
~h "s063"
<BEGINHMM>
<NUMSTATES> 13
<STATE> 2
<MEAN> 12
 -4.879672e+00 -1.085777e+01 2.467948e-01 1.298302e+01 1.319930e+01 1.154908e+01 6.799619e+00 -9.336064e-01 1.474370e-01 -4.865780e+00 7.818883e+00 4.980222e+00
<VARIANCE> 12
 4.797611e+00 1.075280e+01 8.860104e+00 2.227267e+01 9.660585e+00 1.912460e+01 1.470844e+01 2.478916e+01 2.007407e+01 2.050134e+01 2.457911e+01 2.053933e+01
<GCONST> 5.464474e+01
<STATE> 3
<MEAN> 12
 5.931881e+00 -2.715962e+00 2.872185e+00 4.351182e+00 2.803336e+00 -3.890531e+00 -2.446869e+00 3.831964e+00 5.712899e+00 -3.350807e+00 -3.576617e-01 -1.453406e+00
<VARIANCE> 12
 3.050089e+00 1.075280e+01 5.196895e+00 2.227267e+01 3.996585e+01 3.516568e+01 1.417634e+01 2.693237e+01 1.310250e+01 2.230650e+01 1.469858e+01 8.560167e+00
<GCONST> 5.400183e+01
<STATE> 4
<MEAN> 12
 3.822780e-02 9.799306e-01 8.545530e+00 -6.128450e+00 -5.171491e+00 3.677070e-01 -6.136889e+00 7.508434e+00 3.720463e+00 -3.051755e+00 6.583731e+00 -6.210620e+00
<VARIANCE> 12
 1.871091e+01 2.167367e+01 2.453923e+01 4.973047e+01 1.634009e+01 4.519447e+01 2.734584e+01 1.076440e+01 1.110213e+01 1.400295e+01 2.370213e+01 2.495028e+01
<GCONST> 5.888488e+01
<STATE> 5
<MEAN> 12
 -4.606953e+00 1.264925e+01 4.147787e+00 -1.393113e+01 -4.644378e+00 6.720448e-01 -1.094462e+01 1.008928e+01 5.018648e+00 1.982062e+00 6.986444e+00 -5.222053e+00
<VARIANCE> 12
 2.783672e+00 1.110244e+01 8.531895e+00 2.227267e+01 1.867174e+01 1.018234e+01 8.200278e+00 1.076440e+01 6.868089e+00 3.570337e+01 2.160056e+01 4.386436e+01
<GCONST> 5.281667e+01
<STATE> 6
<MEAN> 12
 -4.002792e+00 5.862895e+00 2.651211e+00 -1.904486e+01 4.380172e-01 3.775000e+00 -5.817645e+00 2.406472e+00 2.207626e+00 1.090195e+01 6.319121e-01 -1.732333e+00
<VARIANCE> 12
 5.691797e+00 1.075280e+01 5.196895e+00 2.227267e+01 1.216545e+01 1.018234e+01 2.735549e+01 2.619942e+01 1.048331e+01 8.703270e+00 8.190986e+00 1.698568e+01
<GCONST> 5.176294e+01
<STATE> 7
<MEAN> 12
 3.523781e+00 3.460291e+00 6.484922e-01 -1.119713e+01 -2.644013e+00 -4.016442e-01 1.781029e+00 -4.627134e+00 6.027122e+00 1.135462e+00 -6.791448e+00 6.907191e-01
<VARIANCE> 12
 7.680963e+00 1.075280e+01 5.508489e+00 2.227267e+01 9.660585e+00 1.160580e+01 1.519508e+01 1.076440e+01 1.175435e+01 3.613694e+01 3.640619e+01 1.833416e+01
<GCONST> 5.364990e+01
<STATE> 8
<MEAN> 12
 5.552812e+00 5.618038e+00 2.704188e-01 -6.251836e+00 -4.609980e+00 -2.081742e+00 6.452107e+00 -5.282690e+00 5.490785e-01 -1.713649e+00 -9.958112e+00 1.323754e+00
<VARIANCE> 12
 2.783672e+00 1.075280e+01 8.772882e+00 2.227267e+01 9.660585e+00 1.049556e+01 1.402666e+01 1.393355e+01 3.610271e+01 3.222956e+01 1.655590e+01 1.044515e+01
<GCONST> 5.283489e+01
<STATE> 9
<MEAN> 12
 1.234518e+00 -6.354094e-01 8.716598e-01 1.979836e+00 -9.636753e+00 -1.071206e+01 4.804574e+00 3.287706e+00 -4.727340e+00 1.035496e+01 -1.530739e+00 -1.199791e+00
<VARIANCE> 12
 2.826135e+00 1.075280e+01 2.820914e+01 2.227267e+01 9.660585e+00 1.653783e+01 8.200278e+00 1.076440e+01 2.553421e+01 2.818800e+01 1.177572e+01 3.702977e+01
<GCONST> 5.412240e+01
<STATE> 10
<MEAN> 12
 -3.199597e-01 -6.904703e+00 -8.300270e+00 8.306786e+00 -4.214922e+00 -1.061610e+01 3.501865e+00 3.255515e+00 -2.159679e-01 5.066788e+00 -2.820688e+00 6.323088e+00
<VARIANCE> 12
 2.783672e+00 1.075280e+01 5.196895e+00 2.227267e+01 1.543828e+01 1.018234e+01 8.200278e+00 1.076440e+01 5.919756e+00 9.441463e+00 8.190986e+00 1.392259e+01
<GCONST> 4.850275e+01
<STATE> 11
<MEAN> 12
 2.235239e+00 -9.792994e+00 -9.130228e+00 1.287146e+01 8.129578e+00 -5.189981e+00 1.252853e+00 -8.661848e+00 -6.489848e+00 -6.325666e+00 -5.781700e+00 2.454873e+00
<VARIANCE> 12
 4.628674e+00 1.075280e+01 5.196895e+00 2.227267e+01 1.657753e+01 2.309359e+01 1.010796e+01 4.591185e+01 1.905614e+01 2.603387e+01 8.190986e+00 1.135083e+01
<GCONST> 5.354015e+01
<STATE> 12
<MEAN> 12
 3.323686e+00 -4.978330e+00 -3.972820e+00 1.523450e+01 6.077393e+00 8.537007e+00 3.992237e+00 -1.326379e+01 -7.497100e+00 -6.898888e+00 -4.165054e+00 2.654437e+00
<VARIANCE> 12
 2.783672e+00 1.075280e+01 1.214930e+01 2.227267e+01 9.660585e+00 4.654280e+01 2.323450e+01 1.414420e+01 2.671809e+01 1.725072e+01 1.217262e+01 7.729898e+00
<GCONST> 5.363494e+01
<TRANSP> 13
 0.000000e+00 1.000000e+00 0.000000e+00 0.000000e+00 0.000000e+00 0.000000e+00 0.000000e+00 0.000000e+00 0.000000e+00 0.000000e+00 0.000000e+00 0.000000e+00 0.000000e+00
 0.000000e+00 8.937032e-01 1.062968e-01 0.000000e+00 0.000000e+00 0.000000e+00 0.000000e+00 0.000000e+00 0.000000e+00 0.000000e+00 0.000000e+00 0.000000e+00 0.000000e+00
 0.000000e+00 0.000000e+00 5.668654e-01 4.331346e-01 0.000000e+00 0.000000e+00 0.000000e+00 0.000000e+00 0.000000e+00 0.000000e+00 0.000000e+00 0.000000e+00 0.000000e+00
 0.000000e+00 0.000000e+00 0.000000e+00 8.408012e-01 1.591988e-01 0.000000e+00 0.000000e+00 0.000000e+00 0.000000e+00 0.000000e+00 0.000000e+00 0.000000e+00 0.000000e+00
 0.000000e+00 0.000000e+00 0.000000e+00 0.000000e+00 9.278893e-01 7.211073e-02 0.000000e+00 0.000000e+00 0.000000e+00 0.000000e+00 0.000000e+00 0.000000e+00 0.000000e+00
 0.000000e+00 0.000000e+00 0.000000e+00 0.000000e+00 0.000000e+00 7.592146e-01 2.407854e-01 0.000000e+00 0.000000e+00 0.000000e+00 0.000000e+00 0.000000e+00 0.000000e+00
 0.000000e+00 0.000000e+00 0.000000e+00 0.000000e+00 0.000000e+00 0.000000e+00 8.190677e-01 1.809323e-01 0.000000e+00 0.000000e+00 0.000000e+00 0.000000e+00 0.000000e+00
 0.000000e+00 0.000000e+00 0.000000e+00 0.000000e+00 0.000000e+00 0.000000e+00 0.000000e+00 8.576440e-01 1.423561e-01 0.000000e+00 0.000000e+00 0.000000e+00 0.000000e+00
 0.000000e+00 0.000000e+00 0.000000e+00 0.000000e+00 0.000000e+00 0.000000e+00 0.000000e+00 0.000000e+00 8.815991e-01 1.184009e-01 0.000000e+00 0.000000e+00 0.000000e+00
 0.000000e+00 0.000000e+00 0.000000e+00 0.000000e+00 0.000000e+00 0.000000e+00 0.000000e+00 0.000000e+00 0.000000e+00 7.958316e-01 2.041684e-01 0.000000e+00 0.000000e+00
 0.000000e+00 0.000000e+00 0.000000e+00 0.000000e+00 0.000000e+00 0.000000e+00 0.000000e+00 0.000000e+00 0.000000e+00 0.000000e+00 8.692538e-01 1.307463e-01 0.000000e+00
 0.000000e+00 0.000000e+00 0.000000e+00 0.000000e+00 0.000000e+00 0.000000e+00 0.000000e+00 0.000000e+00 0.000000e+00 0.000000e+00 0.000000e+00 8.814853e-01 1.185147e-01
 0.000000e+00 0.000000e+00 0.000000e+00 0.000000e+00 0.000000e+00 0.000000e+00 0.000000e+00 0.000000e+00 0.000000e+00 0.000000e+00 0.000000e+00 0.000000e+00 0.000000e+00
<ENDHMM>
