~o
<STREAMINFO> 1 12
<VECSIZE> 12<NULLD><MFCC_Z><DIAGC>
~h "s007"
<BEGINHMM>
<NUMSTATES> 13
<STATE> 2
<MEAN> 12
 -3.984211e+00 5.373531e+00 8.876789e+00 -1.223924e+01 -1.210875e+01 1.930293e+00 -1.947473e+00 -3.343984e+00 7.803613e+00 4.867670e+00 -5.167863e-01 -8.993878e+00
<VARIANCE> 12
 3.989562e+00 3.669098e+01 1.754182e+01 4.866203e+01 2.192437e+01 1.209496e+01 7.809660e+01 3.964416e+01 4.799127e+01 8.194804e+01 6.753458e+01 3.847493e+01
<GCONST> 6.354825e+01
<STATE> 3
<MEAN> 12
 -3.367951e+00 -7.887241e-01 4.822635e+00 -5.451981e+00 -8.205560e+00 -5.930690e-01 4.815090e+00 -7.939600e+00 2.724391e+00 7.142064e+00 -3.213216e+00 -6.811746e+00
<VARIANCE> 12
 3.989562e+00 4.977732e+01 5.203537e+01 1.142642e+02 6.585689e+01 1.735455e+01 5.171728e+01 4.551974e+01 6.946851e+01 6.021730e+01 7.829971e+01 5.366718e+01
<GCONST> 6.752367e+01
<STATE> 4
<MEAN> 12
 -2.534401e+00 -4.128516e+00 -1.688269e-01 1.461920e+00 -3.005146e+00 -1.936785e+00 4.929231e+00 -7.371953e+00 -5.981182e-01 3.152089e+00 -5.373641e-01 -3.931386e+00
<VARIANCE> 12
 6.910416e+00 3.746874e+01 6.592918e+01 1.114573e+02 7.078214e+01 2.040399e+01 4.181588e+01 6.404142e+01 5.892719e+01 6.231208e+01 7.271735e+01 6.106512e+01
<GCONST> 6.828841e+01
<STATE> 5
<MEAN> 12
 -1.650934e+00 -3.607625e+00 -2.753980e+00 3.739933e+00 -9.714311e-02 -2.029920e+00 1.962685e+00 -3.251230e+00 -1.805671e+00 2.399123e-01 1.344431e+00 -7.395970e-01
<VARIANCE> 12
 1.038331e+01 3.603026e+01 6.789747e+01 9.455099e+01 4.495595e+01 2.574563e+01 4.238010e+01 8.026179e+01 4.408437e+01 4.362552e+01 4.643296e+01 4.994538e+01
<GCONST> 6.724283e+01
<STATE> 6
<MEAN> 12
 -1.239507e+00 -8.844169e-01 -1.453474e+00 1.323837e+00 -3.685326e-01 -7.063956e-01 -9.017196e-01 1.198956e+00 -2.435802e+00 -4.211114e-01 8.339630e-01 9.574479e-01
<VARIANCE> 12
 1.410491e+01 3.494268e+01 8.617943e+01 9.948128e+01 3.660255e+01 3.585078e+01 3.308601e+01 6.336261e+01 3.684134e+01 2.998409e+01 3.103407e+01 3.651595e+01
<GCONST> 6.617874e+01
<STATE> 7
<MEAN> 12
 -1.008932e+00 1.974915e+00 1.944732e+00 -2.393494e+00 -1.721018e+00 1.369169e+00 -2.845149e+00 4.214770e+00 -2.925293e+00 7.044234e-02 -2.397361e-01 1.522171e+00
<VARIANCE> 12
 1.938355e+01 2.474256e+01 9.323248e+01 8.518264e+01 4.060464e+01 4.207759e+01 2.606039e+01 3.621900e+01 3.526937e+01 2.295026e+01 2.289325e+01 3.188833e+01
<GCONST> 6.479020e+01
<STATE> 8
<MEAN> 12
 8.645752e-02 3.772749e+00 3.679546e+00 -3.889194e+00 -1.450320e+00 2.566335e+00 -3.869036e+00 5.776009e+00 -2.088271e+00 7.534456e-01 -6.570578e-01 1.768563e+00
<VARIANCE> 12
 2.532317e+01 1.496014e+01 8.769088e+01 6.112777e+01 5.488562e+01 4.079000e+01 2.435378e+01 2.017914e+01 4.128280e+01 2.249358e+01 1.806330e+01 3.158250e+01
<GCONST> 6.366961e+01
<STATE> 9
<MEAN> 12
 2.135286e+00 3.831921e+00 1.327669e+00 -2.142555e+00 1.577399e+00 1.695208e+00 -3.605420e+00 6.321183e+00 2.900055e-01 5.659181e-01 -4.193804e-01 2.102451e+00
<VARIANCE> 12
 2.445823e+01 1.590160e+01 1.008715e+02 5.187605e+01 7.307171e+01 3.897723e+01 2.798863e+01 1.613495e+01 4.709499e+01 3.388230e+01 1.664236e+01 3.384716e+01
<GCONST> 6.435668e+01
<STATE> 10
<MEAN> 12
 3.755790e+00 1.678189e+00 -3.801678e+00 1.626181e+00 5.941494e+00 -6.488553e-01 -1.716776e+00 5.491266e+00 1.935449e+00 -1.714580e+00 4.958033e-01 3.276870e+00
<VARIANCE> 12
 1.451905e+01 2.830647e+01 9.206678e+01 4.468252e+01 6.115466e+01 3.106649e+01 3.245203e+01 2.278183e+01 4.363473e+01 5.439646e+01 1.902518e+01 3.768516e+01
<GCONST> 6.489762e+01
<STATE> 11
<MEAN> 12
 3.980718e+00 -2.148990e+00 -7.298988e+00 6.254185e+00 9.166784e+00 -2.278288e+00 8.432336e-01 2.342700e+00 2.949569e-01 -5.689889e+00 1.666298e+00 5.204727e+00
<VARIANCE> 12
 6.904257e+00 3.070715e+01 4.718239e+01 3.644657e+01 2.707536e+01 1.836654e+01 2.403542e+01 3.722728e+01 4.291096e+01 5.516324e+01 2.297927e+01 3.113793e+01
<GCONST> 6.220920e+01
<STATE> 12
<MEAN> 12
 3.827563e+00 -5.073005e+00 -5.174218e+00 1.171023e+01 1.027065e+01 6.323429e-01 2.335342e+00 -3.438231e+00 -3.195227e+00 -8.966105e+00 1.242924e+00 5.644352e+00
<VARIANCE> 12
 3.989562e+00 1.205010e+01 2.907956e+01 2.615942e+01 1.743228e+01 3.250657e+01 1.294446e+01 4.007702e+01 2.287418e+01 2.970763e+01 2.289911e+01 1.424764e+01
<GCONST> 5.746186e+01
<TRANSP> 13
 0.000000e+00 1.000000e+00 0.000000e+00 0.000000e+00 0.000000e+00 0.000000e+00 0.000000e+00 0.000000e+00 0.000000e+00 0.000000e+00 0.000000e+00 0.000000e+00 0.000000e+00
 0.000000e+00 8.641976e-01 1.358025e-01 0.000000e+00 0.000000e+00 0.000000e+00 0.000000e+00 0.000000e+00 0.000000e+00 0.000000e+00 0.000000e+00 0.000000e+00 0.000000e+00
 0.000000e+00 0.000000e+00 8.641976e-01 1.358024e-01 0.000000e+00 0.000000e+00 0.000000e+00 0.000000e+00 0.000000e+00 0.000000e+00 0.000000e+00 0.000000e+00 0.000000e+00
 0.000000e+00 0.000000e+00 0.000000e+00 8.641975e-01 1.358025e-01 0.000000e+00 0.000000e+00 0.000000e+00 0.000000e+00 0.000000e+00 0.000000e+00 0.000000e+00 0.000000e+00
 0.000000e+00 0.000000e+00 0.000000e+00 0.000000e+00 8.641976e-01 1.358024e-01 0.000000e+00 0.000000e+00 0.000000e+00 0.000000e+00 0.000000e+00 0.000000e+00 0.000000e+00
 0.000000e+00 0.000000e+00 0.000000e+00 0.000000e+00 0.000000e+00 8.641975e-01 1.358025e-01 0.000000e+00 0.000000e+00 0.000000e+00 0.000000e+00 0.000000e+00 0.000000e+00
 0.000000e+00 0.000000e+00 0.000000e+00 0.000000e+00 0.000000e+00 0.000000e+00 8.641976e-01 1.358025e-01 0.000000e+00 0.000000e+00 0.000000e+00 0.000000e+00 0.000000e+00
 0.000000e+00 0.000000e+00 0.000000e+00 0.000000e+00 0.000000e+00 0.000000e+00 0.000000e+00 8.641976e-01 1.358025e-01 0.000000e+00 0.000000e+00 0.000000e+00 0.000000e+00
 0.000000e+00 0.000000e+00 0.000000e+00 0.000000e+00 0.000000e+00 0.000000e+00 0.000000e+00 0.000000e+00 8.641976e-01 1.358025e-01 0.000000e+00 0.000000e+00 0.000000e+00
 0.000000e+00 0.000000e+00 0.000000e+00 0.000000e+00 0.000000e+00 0.000000e+00 0.000000e+00 0.000000e+00 0.000000e+00 8.641976e-01 1.358025e-01 0.000000e+00 0.000000e+00
 0.000000e+00 0.000000e+00 0.000000e+00 0.000000e+00 0.000000e+00 0.000000e+00 0.000000e+00 0.000000e+00 0.000000e+00 0.000000e+00 8.641976e-01 1.358025e-01 0.000000e+00
 0.000000e+00 0.000000e+00 0.000000e+00 0.000000e+00 0.000000e+00 0.000000e+00 0.000000e+00 0.000000e+00 0.000000e+00 0.000000e+00 0.000000e+00 8.641975e-01 1.358025e-01
 0.000000e+00 0.000000e+00 0.000000e+00 0.000000e+00 0.000000e+00 0.000000e+00 0.000000e+00 0.000000e+00 0.000000e+00 0.000000e+00 0.000000e+00 0.000000e+00 0.000000e+00
<ENDHMM>
