~o
<STREAMINFO> 1 12
<VECSIZE> 12<NULLD><MFCC_Z><DIAGC>
~h "T1375423467"
<BEGINHMM>
<NUMSTATES> 10
<STATE> 2
<MEAN> 12
 1.453863e+00 5.223433e-01 1.688681e+00 -4.435805e-01 -4.275030e+00 -6.857741e+00 -1.538884e-01 3.372693e+00 -7.987325e+00 3.334749e+00 6.432251e-01 -3.129373e-01
<VARIANCE> 12
 4.151829e+00 2.822834e+01 1.031079e+01 3.334803e+01 8.383949e+00 3.916569e+00 1.637319e+01 1.406325e+01 3.877528e+01 9.487900e+00 9.487420e+00 2.548741e+01
<GCONST> 5.298529e+01
<STATE> 3
<MEAN> 12
 -6.124011e+00 -2.806133e+00 6.993399e+00 -1.254923e+01 -1.072095e+01 4.521176e+00 1.590570e+00 -1.666882e+00 -9.312681e-01 4.225273e-01 -2.645325e+00 -1.178891e+00
<VARIANCE> 12
 4.151829e+00 4.353450e+01 7.310039e+00 1.508181e+01 7.456765e+00 2.629052e+01 8.891987e+00 9.205921e+00 3.265769e+01 1.309646e+01 7.997596e+00 2.858204e+01
<GCONST> 5.312804e+01
<STATE> 4
<MEAN> 12
 -6.149708e+00 6.539977e+00 9.327889e+00 -1.386388e+01 -5.683925e+00 -9.389011e-01 -4.160833e+00 -7.002288e-01 8.173199e-01 -1.934990e+00 2.578275e+00 6.746894e-01
<VARIANCE> 12
 4.151829e+00 1.231799e+01 7.310039e+00 2.457832e+01 2.102923e+01 1.741588e+01 1.320378e+01 7.223306e+00 1.019809e+01 1.655537e+01 1.207929e+01 7.706143e+00
<GCONST> 5.130378e+01
<STATE> 5
<MEAN> 12
 -3.234942e+00 5.085677e+00 6.777551e+00 2.008829e+00 -3.122763e+00 4.661355e-01 -8.117084e-01 -1.623700e+00 -1.971582e+00 2.576116e+00 6.599697e+00 1.972520e+00
<VARIANCE> 12
 9.513222e+00 6.224465e+00 7.310039e+00 1.508181e+01 7.456765e+00 6.707167e+00 6.316280e+00 3.983632e+00 5.807346e+00 4.152127e+00 4.275911e+01 1.181771e+01
<GCONST> 4.738399e+01
<STATE> 6
<MEAN> 12
 6.511790e+00 4.629345e+00 -5.761160e+00 2.328583e+00 3.218113e+00 3.497192e+00 -3.966237e+00 -3.200204e+00 3.350315e+00 7.373658e+00 9.739876e-01 -5.273208e+00
<VARIANCE> 12
 4.151829e+00 6.224465e+00 7.310039e+00 1.508181e+01 7.456765e+00 2.107146e+01 9.883665e+00 1.067492e+01 5.175230e+00 5.926157e+00 1.906145e+01 6.000917e+00
<GCONST> 4.788796e+01
<STATE> 7
<MEAN> 12
 6.360315e+00 3.194524e+00 -5.657039e+00 1.777771e+00 4.896232e+00 7.765631e-01 -8.656447e-01 8.812406e-02 3.466501e+00 1.732594e-01 -3.823812e+00 -2.696946e+00
<VARIANCE> 12
 4.151829e+00 6.224465e+00 7.310039e+00 1.508181e+01 7.456765e+00 6.496917e+00 3.477558e+00 2.033787e+01 7.331982e+00 1.686163e+01 3.289397e+00 1.029619e+01
<GCONST> 4.648833e+01
<STATE> 8
<MEAN> 12
 4.617570e+00 -5.011135e+00 -6.566751e+00 1.011982e+01 8.132828e+00 -1.515087e+00 2.206752e+00 -4.602457e-01 2.230654e+00 -1.115576e+00 -2.101023e+00 1.002823e+00
<VARIANCE> 12
 4.504616e+00 6.704673e+00 7.310039e+00 1.508181e+01 7.456765e+00 5.022661e+00 6.641933e+00 1.626339e+01 4.192463e+00 1.696881e+01 1.681151e+01 5.876719e+00
<GCONST> 4.732830e+01
<STATE> 9
<MEAN> 12
 -1.238487e+00 -7.780569e+00 -6.134223e+00 1.045053e+01 5.393100e+00 1.125716e+00 5.182984e+00 3.652344e+00 -7.821605e-02 -6.942021e+00 -1.490614e+00 3.731512e+00
<VARIANCE> 12
 6.560328e+00 1.159659e+01 7.310039e+00 1.508181e+01 1.222233e+01 2.072602e+01 3.355877e+01 8.457661e+00 6.797898e+00 4.827879e+00 8.490797e+00 8.085704e+00
<GCONST> 4.999214e+01
<TRANSP> 10
 0.000000e+00 1.000000e+00 0.000000e+00 0.000000e+00 0.000000e+00 0.000000e+00 0.000000e+00 0.000000e+00 0.000000e+00 0.000000e+00
 0.000000e+00 8.580073e-01 1.419928e-01 0.000000e+00 0.000000e+00 0.000000e+00 0.000000e+00 0.000000e+00 0.000000e+00 0.000000e+00
 0.000000e+00 0.000000e+00 8.631949e-01 1.368051e-01 0.000000e+00 0.000000e+00 0.000000e+00 0.000000e+00 0.000000e+00 0.000000e+00
 0.000000e+00 0.000000e+00 0.000000e+00 9.064982e-01 9.350180e-02 0.000000e+00 0.000000e+00 0.000000e+00 0.000000e+00 0.000000e+00
 0.000000e+00 0.000000e+00 0.000000e+00 0.000000e+00 7.980912e-01 2.019088e-01 0.000000e+00 0.000000e+00 0.000000e+00 0.000000e+00
 0.000000e+00 0.000000e+00 0.000000e+00 0.000000e+00 0.000000e+00 8.683909e-01 1.316091e-01 0.000000e+00 0.000000e+00 0.000000e+00
 0.000000e+00 0.000000e+00 0.000000e+00 0.000000e+00 0.000000e+00 0.000000e+00 7.578497e-01 2.421503e-01 0.000000e+00 0.000000e+00
 0.000000e+00 0.000000e+00 0.000000e+00 0.000000e+00 0.000000e+00 0.000000e+00 0.000000e+00 9.108407e-01 8.915924e-02 0.000000e+00
 0.000000e+00 0.000000e+00 0.000000e+00 0.000000e+00 0.000000e+00 0.000000e+00 0.000000e+00 0.000000e+00 8.895783e-01 1.104217e-01
 0.000000e+00 0.000000e+00 0.000000e+00 0.000000e+00 0.000000e+00 0.000000e+00 0.000000e+00 0.000000e+00 0.000000e+00 0.000000e+00
<ENDHMM>
