~o
<STREAMINFO> 1 12
<VECSIZE> 12<NULLD><MFCC_Z><DIAGC>
~h "s065"
<BEGINHMM>
<NUMSTATES> 9
<STATE> 2
<MEAN> 12
 -1.143232e+01 -3.139063e+00 9.421579e+00 1.318151e+01 5.473026e+00 5.551962e+00 8.777873e+00 4.616852e+00 5.243928e-01 -3.954600e-01 9.365242e+00 2.607421e+00
<VARIANCE> 12
 1.921180e+01 4.129184e+00 1.290407e+01 9.308696e+00 6.688701e+00 4.505307e+01 2.499236e+01 1.323606e+01 1.080392e+01 1.550411e+01 1.674434e+01 2.252320e+01
<GCONST> 5.378002e+01
<STATE> 3
<MEAN> 12
 -3.218387e+00 -8.593781e+00 1.157845e-01 7.132047e+00 8.990314e+00 -5.057533e+00 5.466560e-01 3.025821e+00 9.996716e-02 1.810944e+00 5.456895e+00 4.064129e+00
<VARIANCE> 12
 5.829965e+00 1.063074e+01 1.323138e+01 9.308696e+00 1.861959e+01 6.384947e+00 8.652709e+00 8.314343e+00 5.678789e+00 6.290555e+00 1.311258e+01 6.602681e+00
<GCONST> 4.808567e+01
<STATE> 4
<MEAN> 12
 6.280519e+00 3.064332e+00 -2.735644e+00 -7.381590e+00 -7.143943e-01 -5.810364e-02 3.265862e+00 -4.916528e+00 -2.397411e+00 3.580937e+00 8.003901e+00 8.030506e+00
<VARIANCE> 12
 5.829965e+00 1.376950e+01 6.745070e+00 2.609500e+01 6.965516e+00 7.356315e+00 7.756999e+00 1.110057e+01 6.177182e+00 1.315465e+01 1.311258e+01 3.411697e+01
<GCONST> 5.050367e+01
<STATE> 5
<MEAN> 12
 -5.877190e-01 2.631201e+00 7.129836e-01 -4.878000e+00 -5.527973e+00 -4.623944e+00 -6.189117e-01 6.536808e+00 -6.603689e+00 1.012463e+01 -7.346026e-01 -3.930960e+00
<VARIANCE> 12
 6.161094e+00 5.954758e+00 1.114186e+01 9.308696e+00 8.222824e+00 1.814516e+01 1.021856e+01 1.576410e+01 1.589591e+01 5.714637e+01 1.311258e+01 8.105515e+00
<GCONST> 5.186368e+01
<STATE> 6
<MEAN> 12
 -1.180377e+00 -1.243187e+00 -6.220876e+00 1.550412e+00 -2.586170e+00 -7.394245e+00 -7.946843e+00 7.760990e+00 5.863169e+00 -5.877617e+00 -1.441550e+01 -8.963473e-01
<VARIANCE> 12
 5.829965e+00 4.129184e+00 5.402876e+00 9.308696e+00 8.693747e+00 6.384947e+00 2.372628e+01 3.031860e+01 7.400987e+01 8.073288e+00 2.658271e+01 6.602681e+00
<GCONST> 5.130889e+01
<STATE> 7
<MEAN> 12
 4.527777e+00 4.458213e+00 -4.827652e+00 -7.777457e+00 -4.736104e+00 4.116966e+00 -4.398832e+00 -9.619772e+00 3.940790e+00 -6.085996e+00 -8.835263e+00 -4.791743e+00
<VARIANCE> 12
 5.829965e+00 4.129184e+00 5.402876e+00 9.308696e+00 5.374032e+00 6.384947e+00 1.483764e+01 1.662044e+01 8.681890e+00 3.062588e+01 1.311258e+01 6.602681e+00
<GCONST> 4.824095e+01
<STATE> 8
<MEAN> 12
 4.874750e+00 4.367971e+00 3.684190e+00 -3.838005e+00 -3.461996e+00 7.180767e+00 -5.755841e-02 -6.492643e+00 -2.813721e+00 -8.614343e-01 -4.751400e-01 -7.612794e+00
<VARIANCE> 12
 5.829965e+00 5.611390e+00 2.539851e+01 9.308696e+00 1.694626e+01 1.164126e+01 3.038647e+01 1.471761e+01 4.159815e+01 2.326091e+01 3.352874e+01 2.546373e+01
<GCONST> 5.602010e+01
<TRANSP> 9
 0.000000e+00 1.000000e+00 0.000000e+00 0.000000e+00 0.000000e+00 0.000000e+00 0.000000e+00 0.000000e+00 0.000000e+00
 0.000000e+00 8.752525e-01 1.247475e-01 0.000000e+00 0.000000e+00 0.000000e+00 0.000000e+00 0.000000e+00 0.000000e+00
 0.000000e+00 0.000000e+00 8.886949e-01 1.113052e-01 0.000000e+00 0.000000e+00 0.000000e+00 0.000000e+00 0.000000e+00
 0.000000e+00 0.000000e+00 0.000000e+00 8.933426e-01 1.066574e-01 0.000000e+00 0.000000e+00 0.000000e+00 0.000000e+00
 0.000000e+00 0.000000e+00 0.000000e+00 0.000000e+00 8.183309e-01 1.816690e-01 0.000000e+00 0.000000e+00 0.000000e+00
 0.000000e+00 0.000000e+00 0.000000e+00 0.000000e+00 0.000000e+00 8.903349e-01 1.096651e-01 0.000000e+00 0.000000e+00
 0.000000e+00 0.000000e+00 0.000000e+00 0.000000e+00 0.000000e+00 0.000000e+00 8.508365e-01 1.491636e-01 0.000000e+00
 0.000000e+00 0.000000e+00 0.000000e+00 0.000000e+00 0.000000e+00 0.000000e+00 0.000000e+00 8.924320e-01 1.075680e-01
 0.000000e+00 0.000000e+00 0.000000e+00 0.000000e+00 0.000000e+00 0.000000e+00 0.000000e+00 0.000000e+00 0.000000e+00
<ENDHMM>
