~o
<STREAMINFO> 1 12
<VECSIZE> 12<NULLD><MFCC_Z><DIAGC>
~h "s052"
<BEGINHMM>
<NUMSTATES> 12
<STATE> 2
<MEAN> 12
 -1.223733e+01 -7.715313e-02 3.096883e+00 1.235890e+01 1.045719e+00 4.745529e+00 8.205918e+00 1.234837e+01 7.467927e+00 5.577173e+00 1.136868e+01 3.294272e+00
<VARIANCE> 12
 1.343758e+01 1.064705e+01 5.751121e+00 1.491841e+01 1.129045e+01 3.189948e+01 5.918509e+01 1.458851e+01 1.352065e+01 2.688652e+01 1.248950e+01 5.675076e+00
<GCONST> 5.427412e+01
<STATE> 3
<MEAN> 12
 5.504352e+00 4.441179e-01 -6.432429e+00 5.856460e+00 8.217221e-01 -1.055897e+01 -1.468948e+01 -1.607208e+00 -2.536784e+00 -5.819830e+00 -8.744880e-01 -6.018875e+00
<VARIANCE> 12
 1.209047e+01 2.052531e+00 5.246885e+01 1.491841e+01 1.129045e+01 9.553563e+00 1.467383e+01 2.614402e+01 1.228024e+01 2.412333e+01 2.477489e+01 1.512896e+01
<GCONST> 5.417700e+01
<STATE> 4
<MEAN> 12
 4.173560e+00 1.474689e+00 -4.797282e+00 -2.362365e+00 -4.956600e+00 -9.428516e+00 -1.303443e+01 1.123658e+01 -4.547581e+00 -4.693112e+00 -5.929715e+00 -9.531517e+00
<VARIANCE> 12
 2.381423e+01 1.085483e+01 6.265033e+01 7.008262e+01 1.193283e+01 3.678172e+01 1.467383e+01 5.639823e+01 1.658125e+01 1.533175e+01 1.526076e+01 8.013252e+00
<GCONST> 5.914404e+01
<STATE> 5
<MEAN> 12
 -3.068515e+00 4.590714e+00 1.693309e+00 -1.636275e+01 -6.025879e+00 3.466209e+00 -5.610633e+00 7.966144e+00 -3.747506e-01 -5.085939e+00 -7.487565e+00 -3.705901e+00
<VARIANCE> 12
 4.764849e+00 2.397479e+00 7.100885e+00 1.491841e+01 1.129045e+01 3.004007e+01 3.331910e+01 3.350499e+01 6.858141e+00 8.269261e+00 9.950385e+00 1.275008e+01
<GCONST> 5.087847e+01
<STATE> 6
<MEAN> 12
 5.289711e-02 4.670377e-01 -4.385916e+00 -6.815009e+00 -8.224236e+00 2.372463e+00 3.914419e+00 -5.828993e+00 -3.907607e+00 -3.368371e+00 -2.770701e+00 1.717930e+00
<VARIANCE> 12
 5.704482e+00 5.665624e+00 7.352971e+00 2.962803e+01 3.064024e+01 6.360089e+01 3.532293e+01 4.781281e+01 2.488092e+01 1.903891e+01 2.198116e+01 1.692346e+01
<GCONST> 5.800026e+01
<STATE> 7
<MEAN> 12
 -2.853805e+00 3.717164e+00 -1.370658e+00 -9.196060e+00 -1.733798e+00 2.480509e+00 -4.273427e+00 6.166289e+00 1.542005e-01 -7.067633e+00 9.937452e-01 2.051559e+00
<VARIANCE> 12
 4.764849e+00 7.428844e+00 5.751121e+00 1.491841e+01 1.321149e+01 1.453998e+01 3.123586e+01 4.651530e+01 2.459605e+01 1.334575e+01 2.945319e+01 3.154566e+01
<GCONST> 5.524052e+01
<STATE> 8
<MEAN> 12
 6.298303e-01 2.599937e+00 2.419002e+00 -3.693929e+00 1.462899e+00 1.083012e+00 5.536888e+00 1.461694e+00 2.871543e+00 4.996632e-02 1.604383e+00 6.542011e+00
<VARIANCE> 12
 1.184665e+01 2.052531e+00 5.751121e+00 2.938218e+01 1.129045e+01 8.535095e+00 6.116177e+01 3.953323e+01 1.725597e+01 1.893208e+01 1.960011e+01 2.068067e+01
<GCONST> 5.452799e+01
<STATE> 9
<MEAN> 12
 4.381627e+00 1.602900e-01 5.063133e+00 6.790971e+00 4.360635e+00 2.053534e+00 1.419804e+01 -8.200629e+00 4.094387e-01 4.562415e+00 -1.374139e+00 4.576616e-01
<VARIANCE> 12
 4.764849e+00 7.104322e+00 5.751121e+00 2.300114e+01 1.129045e+01 1.327032e+01 1.600521e+01 2.103892e+01 1.582177e+01 2.412161e+01 1.038818e+01 9.912084e+00
<GCONST> 5.186913e+01
<STATE> 10
<MEAN> 12
 2.932722e+00 -5.207323e+00 8.310379e+00 1.285702e+01 9.560487e+00 -2.085839e+00 3.786839e+00 -7.077708e+00 5.234244e+00 1.202625e+01 -5.834188e-01 3.145843e+00
<VARIANCE> 12
 4.764849e+00 2.898016e+00 7.833377e+00 1.604085e+01 2.854978e+01 1.683890e+01 4.489058e+01 1.458851e+01 1.158864e+01 1.472837e+01 9.540536e+00 1.552769e+01
<GCONST> 5.231113e+01
<STATE> 11
<MEAN> 12
 9.821457e-01 -1.968620e+00 2.493014e+00 -4.501070e-01 1.387809e+01 4.002892e+00 -4.513055e+00 -6.570038e+00 1.515866e+00 1.487916e-01 7.145272e+00 1.309266e+00
<VARIANCE> 12
 5.042972e+00 1.375938e+01 5.751121e+00 2.016596e+01 1.980232e+01 1.065054e+01 2.794821e+01 1.458851e+01 1.932311e+01 3.003912e+01 6.725562e+00 4.350796e+01
<GCONST> 5.445229e+01
<TRANSP> 12
 0.000000e+00 1.000000e+00 0.000000e+00 0.000000e+00 0.000000e+00 0.000000e+00 0.000000e+00 0.000000e+00 0.000000e+00 0.000000e+00 0.000000e+00 0.000000e+00
 0.000000e+00 8.749576e-01 1.250425e-01 0.000000e+00 0.000000e+00 0.000000e+00 0.000000e+00 0.000000e+00 0.000000e+00 0.000000e+00 0.000000e+00 0.000000e+00
 0.000000e+00 0.000000e+00 6.586499e-01 3.413501e-01 0.000000e+00 0.000000e+00 0.000000e+00 0.000000e+00 0.000000e+00 0.000000e+00 0.000000e+00 0.000000e+00
 0.000000e+00 0.000000e+00 0.000000e+00 9.085674e-01 9.143255e-02 0.000000e+00 0.000000e+00 0.000000e+00 0.000000e+00 0.000000e+00 0.000000e+00 0.000000e+00
 0.000000e+00 0.000000e+00 0.000000e+00 0.000000e+00 7.015914e-01 2.984087e-01 0.000000e+00 0.000000e+00 0.000000e+00 0.000000e+00 0.000000e+00 0.000000e+00
 0.000000e+00 0.000000e+00 0.000000e+00 0.000000e+00 0.000000e+00 9.495386e-01 5.046140e-02 0.000000e+00 0.000000e+00 0.000000e+00 0.000000e+00 0.000000e+00
 0.000000e+00 0.000000e+00 0.000000e+00 0.000000e+00 0.000000e+00 0.000000e+00 8.037336e-01 1.962664e-01 0.000000e+00 0.000000e+00 0.000000e+00 0.000000e+00
 0.000000e+00 0.000000e+00 0.000000e+00 0.000000e+00 0.000000e+00 0.000000e+00 0.000000e+00 6.531911e-01 3.468090e-01 0.000000e+00 0.000000e+00 0.000000e+00
 0.000000e+00 0.000000e+00 0.000000e+00 0.000000e+00 0.000000e+00 0.000000e+00 0.000000e+00 0.000000e+00 7.856768e-01 2.143232e-01 0.000000e+00 0.000000e+00
 0.000000e+00 0.000000e+00 0.000000e+00 0.000000e+00 0.000000e+00 0.000000e+00 0.000000e+00 0.000000e+00 0.000000e+00 9.005426e-01 9.945735e-02 0.000000e+00
 0.000000e+00 0.000000e+00 0.000000e+00 0.000000e+00 0.000000e+00 0.000000e+00 0.000000e+00 0.000000e+00 0.000000e+00 0.000000e+00 8.790658e-01 1.209343e-01
 0.000000e+00 0.000000e+00 0.000000e+00 0.000000e+00 0.000000e+00 0.000000e+00 0.000000e+00 0.000000e+00 0.000000e+00 0.000000e+00 0.000000e+00 0.000000e+00
<ENDHMM>
