~o
<STREAMINFO> 1 12
<VECSIZE> 12<NULLD><MFCC_Z><DIAGC>
~h "s086"
<BEGINHMM>
<NUMSTATES> 11
<STATE> 2
<MEAN> 12
 -5.943438e+00 6.177397e+00 6.770333e+00 -1.956288e+01 -7.851325e+00 5.735674e+00 -5.838076e+00 3.367924e+00 -4.009718e+00 -3.663628e+00 -7.647649e+00 -7.791688e+00
<VARIANCE> 12
 3.020006e+00 2.939206e+01 9.307086e+00 2.332068e+01 8.676689e+00 2.983981e+01 9.730563e+00 1.646775e+01 2.970385e+01 1.330206e+01 2.201658e+01 6.450718e+00
<GCONST> 5.348897e+01
<STATE> 3
<MEAN> 12
 -3.358252e+00 2.758751e-01 4.600605e+00 -9.212472e+00 -4.590279e+00 8.552773e+00 2.437619e+00 -2.711597e+00 -1.135144e+01 5.049904e+00 -1.125219e+00 1.159034e+00
<VARIANCE> 12
 3.529803e+00 3.862437e+00 1.759369e+01 2.204870e+01 8.515371e+00 2.494374e+01 1.741004e+01 1.248080e+01 1.538507e+01 1.393747e+01 9.395421e+00 1.975498e+01
<GCONST> 5.195921e+01
<STATE> 4
<MEAN> 12
 -3.009843e+00 -3.642176e+00 -3.037420e+00 4.549567e-02 -4.665194e+00 2.642986e+00 9.191074e+00 -5.037746e+00 -1.321604e+01 2.936318e-01 7.172482e+00 -9.060795e-02
<VARIANCE> 12
 3.020006e+00 3.757062e+00 1.014194e+01 1.959234e+01 7.987759e+00 1.255816e+01 8.458336e+00 8.775241e+00 1.933150e+01 1.381956e+01 6.687557e+00 9.197529e+00
<GCONST> 4.839761e+01
<STATE> 5
<MEAN> 12
 -8.923420e-01 -2.018679e+00 -9.176963e+00 3.656736e+00 -1.359174e+00 -1.081580e+00 4.111444e+00 -4.772348e+00 2.437078e-01 -6.802618e+00 2.375098e+00 3.375499e+00
<VARIANCE> 12
 3.020006e+00 3.757062e+00 9.307086e+00 1.959234e+01 7.987759e+00 1.028145e+01 1.809251e+01 8.775241e+00 5.596768e+01 5.922174e+00 1.333843e+01 1.213791e+01
<GCONST> 5.005548e+01
<STATE> 6
<MEAN> 12
 2.034524e+00 2.048202e+00 -1.085520e+00 1.782977e+00 -1.773952e+00 -1.184280e+00 -1.231613e+00 -2.746163e+00 5.697366e+00 -3.766589e+00 1.751716e+00 1.441368e+00
<VARIANCE> 12
 1.578121e+01 9.172264e+00 6.721883e+01 1.959234e+01 8.801299e+00 3.869043e+01 2.497033e+01 4.203442e+01 2.928213e+01 1.970833e+01 4.299340e+01 3.267202e+01
<GCONST> 6.060488e+01
<STATE> 7
<MEAN> 12
 4.055159e+00 -1.696390e-01 -1.023256e+00 8.293708e-02 7.796264e+00 -5.939541e+00 -4.221170e+00 1.057962e+01 8.201885e+00 -2.835893e-01 -6.013786e-01 -4.601736e+00
<VARIANCE> 12
 3.198575e+00 3.757062e+00 4.833217e+01 1.959234e+01 4.036081e+01 2.049237e+01 1.902972e+01 2.792565e+01 1.538507e+01 1.294923e+01 2.849351e+01 1.997898e+01
<GCONST> 5.602636e+01
<STATE> 8
<MEAN> 12
 1.619732e+00 1.594036e+00 -6.055096e+00 3.526276e+00 2.765815e+00 -5.357178e+00 -5.004825e+00 -1.647305e+00 6.679866e+00 -1.449839e+00 -3.972973e+00 3.238307e+00
<VARIANCE> 12
 3.020006e+00 1.279906e+01 1.923618e+01 1.959234e+01 3.987907e+01 1.216156e+01 3.016873e+01 2.596852e+01 1.538507e+01 3.206047e+01 1.225914e+01 7.555420e+00
<GCONST> 5.521847e+01
<STATE> 9
<MEAN> 12
 -1.650372e+00 -3.715372e+00 -4.796856e+00 9.138752e+00 3.703300e+00 -5.027439e+00 -2.037042e+00 -9.377567e-01 5.152072e+00 1.487215e+00 3.821764e+00 2.291403e+00
<VARIANCE> 12
 6.529709e+00 2.219595e+01 1.390542e+01 1.959234e+01 1.405315e+01 1.028145e+01 4.033683e+01 1.199502e+01 2.891632e+01 1.451495e+01 1.213705e+01 5.403710e+00
<GCONST> 5.401609e+01
<STATE> 10
<MEAN> 12
 2.345765e+00 -5.619044e+00 2.518581e+00 1.484883e+01 5.365256e+00 -3.132483e+00 6.729361e+00 2.473066e+00 5.014306e-01 2.529449e+00 4.743020e+00 -6.797574e-01
<VARIANCE> 12
 6.047184e+00 3.890543e+00 9.421187e+00 1.959234e+01 7.997864e+00 1.545238e+01 2.247482e+01 3.804927e+01 2.739070e+01 1.512416e+01 8.478117e+00 1.274226e+01
<GCONST> 5.270789e+01
<TRANSP> 11
 0.000000e+00 1.000000e+00 0.000000e+00 0.000000e+00 0.000000e+00 0.000000e+00 0.000000e+00 0.000000e+00 0.000000e+00 0.000000e+00 0.000000e+00
 0.000000e+00 8.215790e-01 1.784210e-01 0.000000e+00 0.000000e+00 0.000000e+00 0.000000e+00 0.000000e+00 0.000000e+00 0.000000e+00 0.000000e+00
 0.000000e+00 0.000000e+00 9.308940e-01 6.910597e-02 0.000000e+00 0.000000e+00 0.000000e+00 0.000000e+00 0.000000e+00 0.000000e+00 0.000000e+00
 0.000000e+00 0.000000e+00 0.000000e+00 6.539683e-01 3.460318e-01 0.000000e+00 0.000000e+00 0.000000e+00 0.000000e+00 0.000000e+00 0.000000e+00
 0.000000e+00 0.000000e+00 0.000000e+00 0.000000e+00 5.740140e-01 4.259860e-01 0.000000e+00 0.000000e+00 0.000000e+00 0.000000e+00 0.000000e+00
 0.000000e+00 0.000000e+00 0.000000e+00 0.000000e+00 0.000000e+00 9.229401e-01 7.705988e-02 0.000000e+00 0.000000e+00 0.000000e+00 0.000000e+00
 0.000000e+00 0.000000e+00 0.000000e+00 0.000000e+00 0.000000e+00 0.000000e+00 8.630050e-01 1.369950e-01 0.000000e+00 0.000000e+00 0.000000e+00
 0.000000e+00 0.000000e+00 0.000000e+00 0.000000e+00 0.000000e+00 0.000000e+00 0.000000e+00 9.074205e-01 9.257954e-02 0.000000e+00 0.000000e+00
 0.000000e+00 0.000000e+00 0.000000e+00 0.000000e+00 0.000000e+00 0.000000e+00 0.000000e+00 0.000000e+00 6.149055e-01 3.850945e-01 0.000000e+00
 0.000000e+00 0.000000e+00 0.000000e+00 0.000000e+00 0.000000e+00 0.000000e+00 0.000000e+00 0.000000e+00 0.000000e+00 9.001259e-01 9.987412e-02
 0.000000e+00 0.000000e+00 0.000000e+00 0.000000e+00 0.000000e+00 0.000000e+00 0.000000e+00 0.000000e+00 0.000000e+00 0.000000e+00 0.000000e+00
<ENDHMM>
