~o
<STREAMINFO> 1 12
<VECSIZE> 12<NULLD><MFCC_Z><DIAGC>
~h "s058"
<BEGINHMM>
<NUMSTATES> 11
<STATE> 2
<MEAN> 12
 -7.947286e-08 2.962170e-07 -3.612403e-07 -7.224806e-08 -7.224806e-09 2.022946e-07 -1.444961e-08 -1.228217e-07 -9.392247e-08 3.612403e-07 -2.709302e-08 5.237984e-07
<VARIANCE> 12
 1.171302e+01 5.071405e+01 4.992242e+01 2.345779e+01 6.153508e+01 1.170136e+02 4.885776e+01 5.004008e+01 4.221022e+01 3.394390e+01 6.659534e+01 3.380141e+01
<GCONST> 6.717724e+01
<STATE> 3
<MEAN> 12
 -7.947286e-08 2.962170e-07 -3.612403e-07 -7.224806e-08 -7.224806e-09 2.022946e-07 -1.444961e-08 -1.228217e-07 -9.392247e-08 3.612403e-07 -2.709302e-08 5.237984e-07
<VARIANCE> 12
 1.171302e+01 5.071405e+01 4.992242e+01 2.345779e+01 6.153508e+01 1.170136e+02 4.885776e+01 5.004008e+01 4.221022e+01 3.394390e+01 6.659534e+01 3.380141e+01
<GCONST> 6.717724e+01
<STATE> 4
<MEAN> 12
 -7.947286e-08 2.962170e-07 -3.612403e-07 -7.224806e-08 -7.224806e-09 2.022946e-07 -1.444961e-08 -1.228217e-07 -9.392247e-08 3.612403e-07 -2.709302e-08 5.237984e-07
<VARIANCE> 12
 1.171302e+01 5.071405e+01 4.992242e+01 2.345779e+01 6.153508e+01 1.170136e+02 4.885776e+01 5.004008e+01 4.221022e+01 3.394390e+01 6.659534e+01 3.380141e+01
<GCONST> 6.717724e+01
<STATE> 5
<MEAN> 12
 -7.947286e-08 2.962170e-07 -3.612403e-07 -7.224806e-08 -7.224806e-09 2.022946e-07 -1.444961e-08 -1.228217e-07 -9.392247e-08 3.612403e-07 -2.709302e-08 5.237984e-07
<VARIANCE> 12
 1.171302e+01 5.071405e+01 4.992242e+01 2.345779e+01 6.153508e+01 1.170136e+02 4.885776e+01 5.004008e+01 4.221022e+01 3.394390e+01 6.659534e+01 3.380141e+01
<GCONST> 6.717724e+01
<STATE> 6
<MEAN> 12
 -7.947286e-08 2.962170e-07 -3.612403e-07 -7.224806e-08 -7.224806e-09 2.022946e-07 -1.444961e-08 -1.228217e-07 -9.392247e-08 3.612403e-07 -2.709302e-08 5.237984e-07
<VARIANCE> 12
 1.171302e+01 5.071405e+01 4.992242e+01 2.345779e+01 6.153508e+01 1.170136e+02 4.885776e+01 5.004008e+01 4.221022e+01 3.394390e+01 6.659534e+01 3.380141e+01
<GCONST> 6.717724e+01
<STATE> 7
<MEAN> 12
 -7.947286e-08 2.962170e-07 -3.612403e-07 -7.224806e-08 -7.224806e-09 2.022946e-07 -1.444961e-08 -1.228217e-07 -9.392247e-08 3.612403e-07 -2.709302e-08 5.237984e-07
<VARIANCE> 12
 1.171302e+01 5.071405e+01 4.992242e+01 2.345779e+01 6.153508e+01 1.170136e+02 4.885776e+01 5.004008e+01 4.221022e+01 3.394390e+01 6.659534e+01 3.380141e+01
<GCONST> 6.717724e+01
<STATE> 8
<MEAN> 12
 -7.947286e-08 2.962170e-07 -3.612403e-07 -7.224806e-08 -7.224806e-09 2.022946e-07 -1.444961e-08 -1.228217e-07 -9.392247e-08 3.612403e-07 -2.709302e-08 5.237984e-07
<VARIANCE> 12
 1.171302e+01 5.071405e+01 4.992242e+01 2.345779e+01 6.153508e+01 1.170136e+02 4.885776e+01 5.004008e+01 4.221022e+01 3.394390e+01 6.659534e+01 3.380141e+01
<GCONST> 6.717724e+01
<STATE> 9
<MEAN> 12
 -7.947286e-08 2.962170e-07 -3.612403e-07 -7.224806e-08 -7.224806e-09 2.022946e-07 -1.444961e-08 -1.228217e-07 -9.392247e-08 3.612403e-07 -2.709302e-08 5.237984e-07
<VARIANCE> 12
 1.171302e+01 5.071405e+01 4.992242e+01 2.345779e+01 6.153508e+01 1.170136e+02 4.885776e+01 5.004008e+01 4.221022e+01 3.394390e+01 6.659534e+01 3.380141e+01
<GCONST> 6.717724e+01
<STATE> 10
<MEAN> 12
 -7.947286e-08 2.962170e-07 -3.612403e-07 -7.224806e-08 -7.224806e-09 2.022946e-07 -1.444961e-08 -1.228217e-07 -9.392247e-08 3.612403e-07 -2.709302e-08 5.237984e-07
<VARIANCE> 12
 1.171302e+01 5.071405e+01 4.992242e+01 2.345779e+01 6.153508e+01 1.170136e+02 4.885776e+01 5.004008e+01 4.221022e+01 3.394390e+01 6.659534e+01 3.380141e+01
<GCONST> 6.717724e+01
<TRANSP> 11
 0.000000e+00 1.000000e+00 0.000000e+00 0.000000e+00 0.000000e+00 0.000000e+00 0.000000e+00 0.000000e+00 0.000000e+00 0.000000e+00 0.000000e+00
 0.000000e+00 9.000000e-01 9.999999e-02 0.000000e+00 0.000000e+00 0.000000e+00 0.000000e+00 0.000000e+00 0.000000e+00 0.000000e+00 0.000000e+00
 0.000000e+00 0.000000e+00 9.000000e-01 9.999999e-02 0.000000e+00 0.000000e+00 0.000000e+00 0.000000e+00 0.000000e+00 0.000000e+00 0.000000e+00
 0.000000e+00 0.000000e+00 0.000000e+00 9.000000e-01 9.999999e-02 0.000000e+00 0.000000e+00 0.000000e+00 0.000000e+00 0.000000e+00 0.000000e+00
 0.000000e+00 0.000000e+00 0.000000e+00 0.000000e+00 9.000000e-01 9.999999e-02 0.000000e+00 0.000000e+00 0.000000e+00 0.000000e+00 0.000000e+00
 0.000000e+00 0.000000e+00 0.000000e+00 0.000000e+00 0.000000e+00 9.000000e-01 9.999999e-02 0.000000e+00 0.000000e+00 0.000000e+00 0.000000e+00
 0.000000e+00 0.000000e+00 0.000000e+00 0.000000e+00 0.000000e+00 0.000000e+00 9.000000e-01 9.999999e-02 0.000000e+00 0.000000e+00 0.000000e+00
 0.000000e+00 0.000000e+00 0.000000e+00 0.000000e+00 0.000000e+00 0.000000e+00 0.000000e+00 9.000000e-01 9.999999e-02 0.000000e+00 0.000000e+00
 0.000000e+00 0.000000e+00 0.000000e+00 0.000000e+00 0.000000e+00 0.000000e+00 0.000000e+00 0.000000e+00 9.000000e-01 9.999999e-02 0.000000e+00
 0.000000e+00 0.000000e+00 0.000000e+00 0.000000e+00 0.000000e+00 0.000000e+00 0.000000e+00 0.000000e+00 0.000000e+00 9.000000e-01 9.999999e-02
 0.000000e+00 0.000000e+00 0.000000e+00 0.000000e+00 0.000000e+00 0.000000e+00 0.000000e+00 0.000000e+00 0.000000e+00 0.000000e+00 0.000000e+00
<ENDHMM>
