~o
<STREAMINFO> 1 12
<VECSIZE> 12<NULLD><MFCC_Z><DIAGC>
~h "s044"
<BEGINHMM>
<NUMSTATES> 9
<STATE> 2
<MEAN> 12
 -3.117544e-01 4.725105e+00 -2.382596e+00 -1.851360e+00 -8.031020e+00 2.438684e+00 -6.030466e+00 8.007229e+00 -1.028645e+01 -9.396589e-01 -7.287563e+00 -6.503342e+00
<VARIANCE> 12
 5.713025e+00 1.377844e+01 6.484262e+00 4.842384e+00 2.304703e+01 8.094439e+00 7.132237e+00 1.755494e+01 2.796550e+01 1.764895e+01 2.011041e+01 6.789843e+00
<GCONST> 5.104416e+01
<STATE> 3
<MEAN> 12
 4.749006e-01 7.935958e+00 -5.896486e-01 -7.359498e-01 -6.273145e+00 -4.775640e-01 -1.830698e+00 8.104798e+00 -8.119123e+00 4.661275e+00 -1.146747e+00 3.621483e-01
<VARIANCE> 12
 5.713025e+00 8.277757e+00 4.190294e+00 4.842384e+00 1.739133e+01 2.423550e+01 8.615708e+00 1.512193e+01 1.661881e+01 1.442901e+01 8.099609e+00 1.205341e+01
<GCONST> 4.989548e+01
<STATE> 4
<MEAN> 12
 -3.194286e+00 6.401430e+00 2.970669e+00 4.748250e+00 4.237006e+00 4.004463e+00 7.823732e+00 2.479356e+00 6.937061e+00 2.699229e-01 5.383029e+00 1.624309e+00
<VARIANCE> 12
 1.413772e+01 8.277757e+00 5.720724e+00 1.208104e+01 8.195703e+00 9.070406e+00 8.949637e+00 8.057012e+00 2.349197e+01 9.216435e+00 2.415189e+01 1.423314e+01
<GCONST> 5.085705e+01
<STATE> 5
<MEAN> 12
 -7.198482e+00 2.337371e+00 1.656493e+00 2.040549e+00 3.743566e+00 -6.988168e-01 4.095185e+00 -1.683180e+00 4.155498e+00 -5.448351e+00 5.500677e+00 -2.735366e+00
<VARIANCE> 12
 1.852473e+01 1.577078e+01 8.807328e+00 3.943203e+01 1.794703e+01 3.570259e+01 2.670630e+01 1.197865e+01 2.436287e+01 1.142189e+01 1.724137e+01 4.686918e+01
<GCONST> 5.813589e+01
<STATE> 6
<MEAN> 12
 1.528189e-01 5.867119e-01 -3.215117e+00 -1.043865e+01 6.524942e+00 -3.880856e+00 4.939625e-01 -4.126889e+00 -2.883698e+00 -2.020511e+00 1.066766e+01 -1.019350e+00
<VARIANCE> 12
 5.713025e+00 1.908432e+01 1.693085e+01 1.341845e+01 2.298089e+01 9.717611e+00 4.694698e+00 1.798493e+01 9.858329e+00 1.216349e+01 8.859354e+00 1.142513e+01
<GCONST> 5.142052e+01
<STATE> 7
<MEAN> 12
 5.808165e+00 -7.267796e+00 -1.669395e+00 -5.705846e+00 9.277982e+00 -9.008076e+00 -8.477360e-02 -1.098644e+01 5.207753e+00 3.618765e+00 -5.474301e+00 4.304513e+00
<VARIANCE> 12
 5.713025e+00 8.277757e+00 4.516383e+00 8.572528e+00 1.855579e+01 2.474323e+01 4.694698e+00 8.057012e+00 3.799560e+01 4.223691e+00 5.348930e+01 6.789843e+00
<GCONST> 5.030252e+01
<STATE> 8
<MEAN> 12
 8.064677e+00 -1.142215e+01 1.399837e+00 4.108244e+00 -2.085358e+00 2.765799e+00 -1.422860e+00 -4.454820e+00 4.908745e+00 4.810694e+00 -1.361469e+00 8.255870e+00
<VARIANCE> 12
 5.713025e+00 8.277757e+00 5.089222e+00 9.184682e+00 2.496274e+01 3.545371e+01 1.409060e+01 2.713478e+01 9.858329e+00 1.436074e+01 2.232494e+01 1.213808e+01
<GCONST> 5.304232e+01
<TRANSP> 9
 0.000000e+00 1.000000e+00 0.000000e+00 0.000000e+00 0.000000e+00 0.000000e+00 0.000000e+00 0.000000e+00 0.000000e+00
 0.000000e+00 9.180930e-01 8.190696e-02 0.000000e+00 0.000000e+00 0.000000e+00 0.000000e+00 0.000000e+00 0.000000e+00
 0.000000e+00 0.000000e+00 7.951382e-01 2.048617e-01 0.000000e+00 0.000000e+00 0.000000e+00 0.000000e+00 0.000000e+00
 0.000000e+00 0.000000e+00 0.000000e+00 7.944891e-01 2.055109e-01 0.000000e+00 0.000000e+00 0.000000e+00 0.000000e+00
 0.000000e+00 0.000000e+00 0.000000e+00 0.000000e+00 9.297277e-01 7.027230e-02 0.000000e+00 0.000000e+00 0.000000e+00
 0.000000e+00 0.000000e+00 0.000000e+00 0.000000e+00 0.000000e+00 7.079549e-01 2.920451e-01 0.000000e+00 0.000000e+00
 0.000000e+00 0.000000e+00 0.000000e+00 0.000000e+00 0.000000e+00 0.000000e+00 8.294254e-01 1.705746e-01 0.000000e+00
 0.000000e+00 0.000000e+00 0.000000e+00 0.000000e+00 0.000000e+00 0.000000e+00 0.000000e+00 9.050038e-01 9.499616e-02
 0.000000e+00 0.000000e+00 0.000000e+00 0.000000e+00 0.000000e+00 0.000000e+00 0.000000e+00 0.000000e+00 0.000000e+00
<ENDHMM>
