~o
<STREAMINFO> 1 39
<VECSIZE> 39<NULLD><MFCC_E_D_A_Z><DIAGC>
~h "s000"
<BEGINHMM>
<NUMSTATES> 5
<STATE> 2
<MEAN> 39
 -4.555572e-01 7.298968e+00 -2.836840e-01 -1.437826e+00 -2.471819e+00 -1.920255e+00 -5.099644e+00 5.196686e-01 2.497261e-01 2.271735e+00 1.646724e-01 -7.038561e-01 7.472529e-01 -9.864657e-02 -1.071540e-01 -2.870696e-01 2.209427e-01 3.478671e-01 1.839199e-01 9.428727e-02 4.512355e-02 -2.023572e-02 -3.578381e-01 3.896655e-01 -4.012256e-02 -5.234576e-04 3.174118e-02 -1.180351e-02 -1.875640e-02 -2.130340e-02 3.264263e-02 -5.605570e-02 7.767072e-02 -2.554248e-02 5.806404e-02 -3.082161e-02 -1.158444e-02 3.855745e-02 -3.244964e-04
<VARIANCE> 39
 1.276630e+01 8.642911e+01 3.252858e+01 4.170505e+01 6.056396e+01 2.956404e+01 7.256564e+01 3.697694e+01 3.487975e+01 5.332882e+01 5.751957e+01 3.186027e+01 2.410299e-02 1.112232e+00 2.338991e+00 2.373737e+00 2.784918e+00 2.579763e+00 3.574808e+00 3.226998e+00 3.151377e+00 4.035211e+00 2.667285e+00 5.506605e+00 3.107901e+00 1.696188e-03 1.469859e-01 2.878448e-01 3.692322e-01 4.847088e-01 4.006057e-01 7.425650e-01 5.466731e-01 5.903537e-01 7.310865e-01 4.805112e-01 1.082666e+00 6.996095e-01 2.662042e-04
<GCONST> 1.020382e+02
<STATE> 3
<MEAN> 39
 1.767694e-01 -1.275121e+00 -5.967244e-01 8.804919e-01 1.014460e+00 -1.004052e+00 1.495278e+00 9.170559e-01 -3.360659e-01 -1.716870e+00 2.536285e-01 4.665668e-01 6.787149e-01 1.457185e-02 -2.661676e-01 2.538102e-02 3.624544e-02 7.300451e-02 9.292873e-02 1.733261e-01 -3.672229e-02 -4.585506e-03 -5.404701e-02 -1.618937e-02 1.926738e-02 -2.466880e-03 3.318326e-03 3.923917e-03 7.650689e-03 -1.407469e-03 -3.674351e-03 1.848252e-03 -2.310431e-03 -4.742128e-03 2.047277e-03 1.028802e-02 -6.107413e-03 8.545456e-04 -1.548652e-04
<VARIANCE> 39
 1.750727e+01 7.567445e+01 2.990806e+01 3.599499e+01 3.850204e+01 5.021305e+01 6.717793e+01 6.147102e+01 3.640778e+01 4.582614e+01 2.859000e+01 2.961956e+01 2.164706e-02 1.665025e+00 2.459571e+00 2.077411e+00 2.941850e+00 2.845330e+00 4.702471e+00 3.761092e+00 4.485713e+00 3.763608e+00 3.447541e+00 4.050107e+00 2.911520e+00 1.856593e-03 2.913482e-01 3.253735e-01 2.544731e-01 5.058131e-01 4.476343e-01 8.988216e-01 6.633117e-01 8.381678e-01 6.451987e-01 5.562571e-01 8.888220e-01 6.410281e-01 3.252229e-04
<GCONST> 1.039278e+02
<STATE> 4
<MEAN> 39
 2.787879e-01 -6.023848e+00 8.804082e-01 5.573331e-01 1.457358e+00 2.924308e+00 3.604365e+00 -1.436725e+00 8.633929e-02 -5.548643e-01 -4.183015e-01 2.372886e-01 6.193067e-01 8.816085e-02 9.366433e-02 9.380057e-02 1.542573e-01 1.960883e-01 2.510470e-01 -1.590186e-03 -2.119986e-01 9.897272e-02 1.564315e-01 9.047503e-02 2.743054e-02 -8.255223e-03 6.807013e-03 2.396504e-02 1.081129e-02 3.045372e-02 3.277188e-02 2.951229e-03 -2.327227e-02 -1.634590e-02 -3.321435e-02 2.372119e-02 1.435527e-02 1.291875e-02 3.070601e-04
<VARIANCE> 39
 1.477585e+01 2.860068e+01 2.362004e+01 3.065534e+01 3.756647e+01 5.886191e+01 4.917265e+01 6.786383e+01 2.731926e+01 3.435838e+01 1.423747e+01 2.315647e+01 2.618399e-02 1.513080e+00 1.740187e+00 1.953896e+00 2.291105e+00 2.393348e+00 3.335548e+00 4.098704e+00 3.747192e+00 2.731972e+00 2.942520e+00 2.056047e+00 2.066353e+00 1.500180e-03 2.848715e-01 2.060312e-01 2.638640e-01 4.083155e-01 3.977905e-01 5.325315e-01 7.063604e-01 7.159069e-01 5.180317e-01 5.575946e-01 4.612536e-01 3.996479e-01 2.269618e-04
<GCONST> 9.480655e+01
<TRANSP> 5
 0.000000e+00 1.000000e+00 0.000000e+00 0.000000e+00 0.000000e+00
 0.000000e+00 9.702970e-01 2.970297e-02 0.000000e+00 0.000000e+00
 0.000000e+00 0.000000e+00 9.702970e-01 2.970297e-02 0.000000e+00
 0.000000e+00 0.000000e+00 0.000000e+00 9.702970e-01 2.970297e-02
 0.000000e+00 0.000000e+00 0.000000e+00 0.000000e+00 0.000000e+00
<ENDHMM>
