~o
<STREAMINFO> 1 12
<VECSIZE> 12<NULLD><MFCC_Z><DIAGC>
~h "s043"
<BEGINHMM>
<NUMSTATES> 9
<STATE> 2
<MEAN> 12
 -1.329689e+01 -1.248647e+00 -3.927655e+00 1.271154e+01 1.188874e+01 5.311097e+00 1.436370e+01 1.453569e+00 2.779253e+00 2.495095e+00 4.429054e+00 -1.924715e+00
<VARIANCE> 12
 6.465967e+00 1.778594e+00 2.937873e+00 1.194222e+01 5.718330e+00 7.605133e+00 2.352552e+01 1.790971e+01 5.710359e+00 1.455614e+01 9.223225e+00 1.258575e+01
<GCONST> 4.704518e+01
<STATE> 3
<MEAN> 12
 -4.031615e+00 1.957206e+00 1.553424e-01 -7.529242e+00 -1.509322e+00 -7.255631e+00 -2.399212e+00 5.476238e+00 3.101938e+00 -1.888312e+00 -1.510869e+00 -1.020227e+01
<VARIANCE> 12
 6.465967e+00 1.044715e+01 5.452153e+00 1.194222e+01 6.767112e+00 2.617805e+01 1.026535e+01 3.891137e+01 1.554679e+01 3.649078e+01 1.655036e+01 2.326605e+01
<GCONST> 5.390487e+01
<STATE> 4
<MEAN> 12
 4.426241e-02 -1.726328e+00 -1.042099e+00 -5.049998e+00 -3.889432e+00 4.244253e+00 2.379498e+00 1.998024e+00 1.028255e+00 -5.652792e+00 -4.720445e+00 2.139302e+00
<VARIANCE> 12
 1.472203e+01 5.916794e+00 5.787453e+00 2.260460e+01 1.742461e+01 3.138351e+01 2.425345e+01 1.341102e+01 1.493660e+01 1.795316e+01 1.491321e+01 3.365322e+01
<GCONST> 5.529425e+01
<STATE> 5
<MEAN> 12
 -9.589273e-01 2.843917e+00 6.153512e+00 -6.010550e+00 -1.373881e-01 -5.945879e+00 -3.264766e+00 6.349812e+00 -1.530702e+00 -2.061093e+00 2.732406e-01 -3.361298e+00
<VARIANCE> 12
 6.465967e+00 4.533607e+00 1.740646e+01 2.294445e+01 1.425944e+01 4.069373e+01 1.098681e+02 1.237333e+01 4.258444e+00 2.080975e+01 6.046587e+00 2.165334e+01
<GCONST> 5.435981e+01
<STATE> 6
<MEAN> 12
 -4.459621e-01 3.618505e+00 -2.253114e-01 -8.008241e+00 9.510313e-01 -1.562974e+00 -5.434273e+00 1.070883e+00 -3.573678e+00 -8.626506e-01 2.262407e+00 9.327755e+00
<VARIANCE> 12
 6.465967e+00 3.348818e+00 2.116163e+01 1.194222e+01 1.536287e+01 9.944742e+00 1.260061e+01 4.054011e+01 1.250751e+01 9.471594e+00 8.252554e+00 4.589753e+01
<GCONST> 5.263855e+01
<STATE> 7
<MEAN> 12
 6.090146e+00 -5.240088e-01 -4.402856e+00 7.841488e-01 4.024244e+00 -1.401363e+00 -7.358264e+00 -1.011094e+01 -2.192407e-01 3.142364e+00 -2.189971e+00 5.904988e+00
<VARIANCE> 12
 7.388235e+00 1.688485e+00 2.937873e+00 1.551979e+01 1.367448e+01 2.122081e+01 1.026535e+01 2.064214e+01 2.664809e+01 1.174435e+01 2.399480e+01 5.152950e+01
<GCONST> 5.229075e+01
<STATE> 8
<MEAN> 12
 7.825242e+00 -2.099993e+00 -1.022718e-01 1.193780e+01 -4.396691e+00 4.488107e+00 2.085195e-02 -7.428661e+00 -2.452632e+00 7.249895e+00 5.057483e+00 2.908435e+00
<VARIANCE> 12
 6.465967e+00 4.687633e+00 4.285385e+00 1.194222e+01 1.762674e+01 2.261714e+01 1.026535e+01 3.049898e+01 3.110403e+01 5.621095e+00 2.941048e+01 7.739328e+00
<GCONST> 5.172742e+01
<TRANSP> 9
 0.000000e+00 1.000000e+00 0.000000e+00 0.000000e+00 0.000000e+00 0.000000e+00 0.000000e+00 0.000000e+00 0.000000e+00
 0.000000e+00 8.339477e-01 1.660523e-01 0.000000e+00 0.000000e+00 0.000000e+00 0.000000e+00 0.000000e+00 0.000000e+00
 0.000000e+00 0.000000e+00 8.509148e-01 1.490852e-01 0.000000e+00 0.000000e+00 0.000000e+00 0.000000e+00 0.000000e+00
 0.000000e+00 0.000000e+00 0.000000e+00 9.188230e-01 8.117698e-02 0.000000e+00 0.000000e+00 0.000000e+00 0.000000e+00
 0.000000e+00 0.000000e+00 0.000000e+00 0.000000e+00 9.092378e-01 9.076218e-02 0.000000e+00 0.000000e+00 0.000000e+00
 0.000000e+00 0.000000e+00 0.000000e+00 0.000000e+00 0.000000e+00 5.615383e-01 4.384617e-01 0.000000e+00 0.000000e+00
 0.000000e+00 0.000000e+00 0.000000e+00 0.000000e+00 0.000000e+00 0.000000e+00 8.572800e-01 1.427200e-01 0.000000e+00
 0.000000e+00 0.000000e+00 0.000000e+00 0.000000e+00 0.000000e+00 0.000000e+00 0.000000e+00 8.963325e-01 1.036675e-01
 0.000000e+00 0.000000e+00 0.000000e+00 0.000000e+00 0.000000e+00 0.000000e+00 0.000000e+00 0.000000e+00 0.000000e+00
<ENDHMM>
