~o
<STREAMINFO> 1 12
<VECSIZE> 12<NULLD><MFCC_Z><DIAGC>
~h "s022"
<BEGINHMM>
<NUMSTATES> 11
<STATE> 2
<MEAN> 12
 -2.456434e-07 -2.167442e-08 4.334883e-08 3.829147e-07 7.224806e-08 1.589457e-07 1.155969e-07 2.420310e-07 -1.444961e-08 1.444961e-07 -4.045891e-07 2.311938e-07
<VARIANCE> 12
 3.727959e+01 5.861949e+01 6.398823e+01 1.093035e+02 3.128837e+01 7.491060e+01 1.628925e+01 4.802628e+01 3.336992e+01 3.510253e+01 3.867278e+01 3.016658e+01
<GCONST> 6.714647e+01
<STATE> 3
<MEAN> 12
 -2.456434e-07 -2.167442e-08 4.334883e-08 3.829147e-07 7.224806e-08 1.589457e-07 1.155969e-07 2.420310e-07 -1.444961e-08 1.444961e-07 -4.045891e-07 2.311938e-07
<VARIANCE> 12
 3.727959e+01 5.861949e+01 6.398823e+01 1.093035e+02 3.128837e+01 7.491060e+01 1.628925e+01 4.802628e+01 3.336992e+01 3.510253e+01 3.867278e+01 3.016658e+01
<GCONST> 6.714647e+01
<STATE> 4
<MEAN> 12
 -2.456434e-07 -2.167442e-08 4.334883e-08 3.829147e-07 7.224806e-08 1.589457e-07 1.155969e-07 2.420310e-07 -1.444961e-08 1.444961e-07 -4.045891e-07 2.311938e-07
<VARIANCE> 12
 3.727959e+01 5.861949e+01 6.398823e+01 1.093035e+02 3.128837e+01 7.491060e+01 1.628925e+01 4.802628e+01 3.336992e+01 3.510253e+01 3.867278e+01 3.016658e+01
<GCONST> 6.714647e+01
<STATE> 5
<MEAN> 12
 -2.456434e-07 -2.167442e-08 4.334883e-08 3.829147e-07 7.224806e-08 1.589457e-07 1.155969e-07 2.420310e-07 -1.444961e-08 1.444961e-07 -4.045891e-07 2.311938e-07
<VARIANCE> 12
 3.727959e+01 5.861949e+01 6.398823e+01 1.093035e+02 3.128837e+01 7.491060e+01 1.628925e+01 4.802628e+01 3.336992e+01 3.510253e+01 3.867278e+01 3.016658e+01
<GCONST> 6.714647e+01
<STATE> 6
<MEAN> 12
 -2.456434e-07 -2.167442e-08 4.334883e-08 3.829147e-07 7.224806e-08 1.589457e-07 1.155969e-07 2.420310e-07 -1.444961e-08 1.444961e-07 -4.045891e-07 2.311938e-07
<VARIANCE> 12
 3.727959e+01 5.861949e+01 6.398823e+01 1.093035e+02 3.128837e+01 7.491060e+01 1.628925e+01 4.802628e+01 3.336992e+01 3.510253e+01 3.867278e+01 3.016658e+01
<GCONST> 6.714647e+01
<STATE> 7
<MEAN> 12
 -2.456434e-07 -2.167442e-08 4.334883e-08 3.829147e-07 7.224806e-08 1.589457e-07 1.155969e-07 2.420310e-07 -1.444961e-08 1.444961e-07 -4.045891e-07 2.311938e-07
<VARIANCE> 12
 3.727959e+01 5.861949e+01 6.398823e+01 1.093035e+02 3.128837e+01 7.491060e+01 1.628925e+01 4.802628e+01 3.336992e+01 3.510253e+01 3.867278e+01 3.016658e+01
<GCONST> 6.714647e+01
<STATE> 8
<MEAN> 12
 -2.456434e-07 -2.167442e-08 4.334883e-08 3.829147e-07 7.224806e-08 1.589457e-07 1.155969e-07 2.420310e-07 -1.444961e-08 1.444961e-07 -4.045891e-07 2.311938e-07
<VARIANCE> 12
 3.727959e+01 5.861949e+01 6.398823e+01 1.093035e+02 3.128837e+01 7.491060e+01 1.628925e+01 4.802628e+01 3.336992e+01 3.510253e+01 3.867278e+01 3.016658e+01
<GCONST> 6.714647e+01
<STATE> 9
<MEAN> 12
 -2.456434e-07 -2.167442e-08 4.334883e-08 3.829147e-07 7.224806e-08 1.589457e-07 1.155969e-07 2.420310e-07 -1.444961e-08 1.444961e-07 -4.045891e-07 2.311938e-07
<VARIANCE> 12
 3.727959e+01 5.861949e+01 6.398823e+01 1.093035e+02 3.128837e+01 7.491060e+01 1.628925e+01 4.802628e+01 3.336992e+01 3.510253e+01 3.867278e+01 3.016658e+01
<GCONST> 6.714647e+01
<STATE> 10
<MEAN> 12
 -2.456434e-07 -2.167442e-08 4.334883e-08 3.829147e-07 7.224806e-08 1.589457e-07 1.155969e-07 2.420310e-07 -1.444961e-08 1.444961e-07 -4.045891e-07 2.311938e-07
<VARIANCE> 12
 3.727959e+01 5.861949e+01 6.398823e+01 1.093035e+02 3.128837e+01 7.491060e+01 1.628925e+01 4.802628e+01 3.336992e+01 3.510253e+01 3.867278e+01 3.016658e+01
<GCONST> 6.714647e+01
<TRANSP> 11
 0.000000e+00 1.000000e+00 0.000000e+00 0.000000e+00 0.000000e+00 0.000000e+00 0.000000e+00 0.000000e+00 0.000000e+00 0.000000e+00 0.000000e+00
 0.000000e+00 9.000000e-01 9.999999e-02 0.000000e+00 0.000000e+00 0.000000e+00 0.000000e+00 0.000000e+00 0.000000e+00 0.000000e+00 0.000000e+00
 0.000000e+00 0.000000e+00 9.000000e-01 9.999999e-02 0.000000e+00 0.000000e+00 0.000000e+00 0.000000e+00 0.000000e+00 0.000000e+00 0.000000e+00
 0.000000e+00 0.000000e+00 0.000000e+00 9.000000e-01 9.999999e-02 0.000000e+00 0.000000e+00 0.000000e+00 0.000000e+00 0.000000e+00 0.000000e+00
 0.000000e+00 0.000000e+00 0.000000e+00 0.000000e+00 9.000000e-01 9.999999e-02 0.000000e+00 0.000000e+00 0.000000e+00 0.000000e+00 0.000000e+00
 0.000000e+00 0.000000e+00 0.000000e+00 0.000000e+00 0.000000e+00 9.000000e-01 9.999999e-02 0.000000e+00 0.000000e+00 0.000000e+00 0.000000e+00
 0.000000e+00 0.000000e+00 0.000000e+00 0.000000e+00 0.000000e+00 0.000000e+00 9.000000e-01 9.999999e-02 0.000000e+00 0.000000e+00 0.000000e+00
 0.000000e+00 0.000000e+00 0.000000e+00 0.000000e+00 0.000000e+00 0.000000e+00 0.000000e+00 9.000000e-01 9.999999e-02 0.000000e+00 0.000000e+00
 0.000000e+00 0.000000e+00 0.000000e+00 0.000000e+00 0.000000e+00 0.000000e+00 0.000000e+00 0.000000e+00 9.000000e-01 9.999999e-02 0.000000e+00
 0.000000e+00 0.000000e+00 0.000000e+00 0.000000e+00 0.000000e+00 0.000000e+00 0.000000e+00 0.000000e+00 0.000000e+00 9.000000e-01 9.999999e-02
 0.000000e+00 0.000000e+00 0.000000e+00 0.000000e+00 0.000000e+00 0.000000e+00 0.000000e+00 0.000000e+00 0.000000e+00 0.000000e+00 0.000000e+00
<ENDHMM>
