~o
<STREAMINFO> 1 12
<VECSIZE> 12<NULLD><MFCC_Z><DIAGC>
~h "s097"
<BEGINHMM>
<NUMSTATES> 14
<STATE> 2
<MEAN> 12
 -8.201234e+00 6.285712e-01 7.525019e+00 -5.471887e+00 -4.547702e+00 6.791404e+00 1.361125e+00 -5.056328e-01 1.548424e+00 6.091691e+00 1.118862e-01 -2.544542e+00
<VARIANCE> 12
 6.098946e+01 2.826618e+01 1.233264e+01 2.353363e+01 1.075995e+02 9.776941e+01 2.321442e+01 5.508520e+01 5.640634e+01 2.870858e+01 4.168423e+01 3.412030e+01
<GCONST> 6.624205e+01
<STATE> 3
<MEAN> 12
 -2.926157e+00 -9.604256e-01 7.392021e+00 -7.611554e+00 -8.943926e+00 1.793760e+00 1.445992e-01 -5.086079e+00 -4.321148e-01 4.034958e+00 -1.149565e+00 -4.870373e+00
<VARIANCE> 12
 3.345490e+01 4.604908e+01 3.086193e+01 3.823559e+01 7.416557e+01 4.294063e+01 1.640291e+01 3.097352e+01 3.247436e+01 3.904314e+01 3.869333e+01 2.882958e+01
<GCONST> 6.492662e+01
<STATE> 4
<MEAN> 12
 -1.993126e+00 -3.067256e+00 4.366180e+00 -6.026767e+00 -6.337055e+00 7.701983e-01 -1.070998e+00 -4.834050e+00 -1.252612e+00 1.446167e+00 5.449611e-02 -3.935194e+00
<VARIANCE> 12
 2.045839e+01 6.062024e+01 6.216678e+01 6.792236e+01 6.549310e+01 2.508783e+01 1.743505e+01 2.686045e+01 3.197396e+01 6.233549e+01 4.444376e+01 3.555804e+01
<GCONST> 6.604204e+01
<STATE> 5
<MEAN> 12
 -1.527342e+00 -3.985166e+00 4.057557e-01 -3.463089e+00 -2.581563e+00 -8.275354e-01 -2.147982e+00 -3.648614e+00 -2.494235e+00 -1.335968e+00 1.306050e-01 -2.213736e+00
<VARIANCE> 12
 1.686498e+01 7.377946e+01 6.665059e+01 8.096777e+01 5.354761e+01 2.921840e+01 2.361525e+01 3.030861e+01 3.158925e+01 6.008334e+01 4.859185e+01 4.210155e+01
<GCONST> 6.687514e+01
<STATE> 6
<MEAN> 12
 -7.621976e-01 -2.647393e+00 -1.490219e+00 -2.933613e+00 -5.327727e-01 -2.609187e+00 -3.199079e+00 -2.041360e+00 -2.586032e+00 -2.043960e+00 -7.962050e-01 -1.344088e+00
<VARIANCE> 12
 1.264219e+01 9.381845e+01 5.440869e+01 8.277015e+01 3.721627e+01 2.999115e+01 3.190680e+01 4.022090e+01 3.190256e+01 4.983957e+01 5.198658e+01 4.264332e+01
<GCONST> 6.679572e+01
<STATE> 7
<MEAN> 12
 -2.797489e-01 8.935245e-01 -4.532908e-01 -4.059041e+00 -1.267042e-01 -3.031047e+00 -3.764041e+00 3.388003e-01 -1.609998e+00 -5.572093e-01 -1.256570e+00 -1.835838e+00
<VARIANCE> 12
 1.025429e+01 1.098900e+02 5.275457e+01 9.145650e+01 2.681941e+01 3.223138e+01 4.204776e+01 4.748817e+01 3.152859e+01 5.068230e+01 5.069620e+01 4.172932e+01
<GCONST> 6.695810e+01
<STATE> 8
<MEAN> 12
 1.162599e-01 4.230844e+00 1.902218e+00 -3.814496e+00 -2.760063e-01 -1.878131e+00 -2.982359e+00 2.891581e+00 -2.875878e-01 1.702714e+00 -7.253611e-01 -2.447723e+00
<VARIANCE> 12
 1.101036e+01 9.916795e+01 5.130242e+01 1.156072e+02 2.193782e+01 3.785197e+01 5.404609e+01 4.222441e+01 2.882636e+01 5.375019e+01 4.536993e+01 3.995194e+01
<GCONST> 6.704101e+01
<STATE> 9
<MEAN> 12
 1.063253e+00 5.062181e+00 3.011366e+00 -3.446513e-01 2.338158e-01 -4.235002e-01 -7.558230e-01 4.650240e+00 1.005874e+00 2.793986e+00 -8.985950e-02 -1.573953e+00
<VARIANCE> 12
 1.393783e+01 7.904660e+01 5.092475e+01 1.452436e+02 2.483755e+01 3.696969e+01 5.717160e+01 3.048815e+01 2.571610e+01 5.523384e+01 3.701330e+01 4.086161e+01
<GCONST> 6.683395e+01
<STATE> 10
<MEAN> 12
 2.606271e+00 3.548860e+00 1.047166e+00 4.827917e+00 2.213919e+00 -2.225191e-01 1.749001e+00 5.017704e+00 2.150007e+00 1.307860e+00 -9.810629e-03 9.772668e-01
<VARIANCE> 12
 1.483921e+01 5.847397e+01 6.865681e+01 1.252559e+02 3.646254e+01 3.041959e+01 4.141488e+01 2.405088e+01 2.203843e+01 6.083548e+01 3.017700e+01 4.016544e+01
<GCONST> 6.609610e+01
<STATE> 11
<MEAN> 12
 3.927131e+00 1.282367e+00 -3.946311e+00 8.589320e+00 5.548233e+00 -1.433562e+00 3.316633e+00 3.842307e+00 2.643568e+00 -2.339133e+00 1.324981e-01 4.206814e+00
<VARIANCE> 12
 1.037873e+01 3.477533e+01 8.474864e+01 6.314263e+01 4.222288e+01 2.193847e+01 2.053234e+01 2.542480e+01 1.718082e+01 5.502118e+01 2.487076e+01 3.082297e+01
<GCONST> 6.311067e+01
<STATE> 12
<MEAN> 12
 4.272595e+00 -1.219746e+00 -9.516041e+00 9.703289e+00 8.233489e+00 -2.036049e+00 3.762449e+00 1.449102e+00 1.702918e+00 -5.796617e+00 1.136617e+00 7.075852e+00
<VARIANCE> 12
 4.951904e+00 1.918603e+01 6.132177e+01 2.176184e+01 3.037002e+01 2.001194e+01 9.528584e+00 2.652294e+01 1.364170e+01 2.944631e+01 1.756145e+01 1.765267e+01
<GCONST> 5.747916e+01
<STATE> 13
<MEAN> 12
 3.704126e+00 -3.766319e+00 -1.024388e+01 1.060454e+01 7.116223e+00 3.106412e+00 3.586523e+00 -2.073953e+00 -3.880930e-01 -5.304532e+00 2.461348e+00 8.505599e+00
<VARIANCE> 12
 4.377586e+00 1.023674e+01 3.581845e+01 1.683616e+01 2.228761e+01 6.960129e+01 6.169331e+00 2.212626e+01 8.079675e+00 2.028061e+01 8.559572e+00 8.882258e+00
<GCONST> 5.395229e+01
<TRANSP> 14
 0.000000e+00 1.000000e+00 0.000000e+00 0.000000e+00 0.000000e+00 0.000000e+00 0.000000e+00 0.000000e+00 0.000000e+00 0.000000e+00 0.000000e+00 0.000000e+00 0.000000e+00 0.000000e+00
 0.000000e+00 8.636364e-01 1.363636e-01 0.000000e+00 0.000000e+00 0.000000e+00 0.000000e+00 0.000000e+00 0.000000e+00 0.000000e+00 0.000000e+00 0.000000e+00 0.000000e+00 0.000000e+00
 0.000000e+00 0.000000e+00 8.636363e-01 1.363637e-01 0.000000e+00 0.000000e+00 0.000000e+00 0.000000e+00 0.000000e+00 0.000000e+00 0.000000e+00 0.000000e+00 0.000000e+00 0.000000e+00
 0.000000e+00 0.000000e+00 0.000000e+00 8.636364e-01 1.363637e-01 0.000000e+00 0.000000e+00 0.000000e+00 0.000000e+00 0.000000e+00 0.000000e+00 0.000000e+00 0.000000e+00 0.000000e+00
 0.000000e+00 0.000000e+00 0.000000e+00 0.000000e+00 8.636364e-01 1.363637e-01 0.000000e+00 0.000000e+00 0.000000e+00 0.000000e+00 0.000000e+00 0.000000e+00 0.000000e+00 0.000000e+00
 0.000000e+00 0.000000e+00 0.000000e+00 0.000000e+00 0.000000e+00 8.636363e-01 1.363636e-01 0.000000e+00 0.000000e+00 0.000000e+00 0.000000e+00 0.000000e+00 0.000000e+00 0.000000e+00
 0.000000e+00 0.000000e+00 0.000000e+00 0.000000e+00 0.000000e+00 0.000000e+00 8.636364e-01 1.363636e-01 0.000000e+00 0.000000e+00 0.000000e+00 0.000000e+00 0.000000e+00 0.000000e+00
 0.000000e+00 0.000000e+00 0.000000e+00 0.000000e+00 0.000000e+00 0.000000e+00 0.000000e+00 8.636364e-01 1.363636e-01 0.000000e+00 0.000000e+00 0.000000e+00 0.000000e+00 0.000000e+00
 0.000000e+00 0.000000e+00 0.000000e+00 0.000000e+00 0.000000e+00 0.000000e+00 0.000000e+00 0.000000e+00 8.636364e-01 1.363636e-01 0.000000e+00 0.000000e+00 0.000000e+00 0.000000e+00
 0.000000e+00 0.000000e+00 0.000000e+00 0.000000e+00 0.000000e+00 0.000000e+00 0.000000e+00 0.000000e+00 0.000000e+00 8.636364e-01 1.363636e-01 0.000000e+00 0.000000e+00 0.000000e+00
 0.000000e+00 0.000000e+00 0.000000e+00 0.000000e+00 0.000000e+00 0.000000e+00 0.000000e+00 0.000000e+00 0.000000e+00 0.000000e+00 8.636364e-01 1.363636e-01 0.000000e+00 0.000000e+00
 0.000000e+00 0.000000e+00 0.000000e+00 0.000000e+00 0.000000e+00 0.000000e+00 0.000000e+00 0.000000e+00 0.000000e+00 0.000000e+00 0.000000e+00 8.636363e-01 1.363636e-01 0.000000e+00
 0.000000e+00 0.000000e+00 0.000000e+00 0.000000e+00 0.000000e+00 0.000000e+00 0.000000e+00 0.000000e+00 0.000000e+00 0.000000e+00 0.000000e+00 0.000000e+00 8.636364e-01 1.363636e-01
 0.000000e+00 0.000000e+00 0.000000e+00 0.000000e+00 0.000000e+00 0.000000e+00 0.000000e+00 0.000000e+00 0.000000e+00 0.000000e+00 0.000000e+00 0.000000e+00 0.000000e+00 0.000000e+00
<ENDHMM>
