~o
<STREAMINFO> 1 12
<VECSIZE> 12<NULLD><MFCC_Z><DIAGC>
~h "T13771897016"
<BEGINHMM>
<NUMSTATES> 8
<STATE> 2
<MEAN> 12
 -3.605595e+00 1.581833e+01 -1.698369e+00 -1.509637e+01 -1.145554e+01 -7.579223e+00 -5.259336e+00 -5.556228e-02 2.325573e-01 -3.441624e+00 3.515906e+00 -3.450063e-01
<VARIANCE> 12
 4.748789e+00 1.339354e+01 4.134461e+00 1.819757e+01 6.768507e+00 5.683327e+00 4.892783e+00 6.105631e+00 3.744210e+00 1.514130e+01 1.021977e+01 1.768129e+01
<GCONST> 4.680909e+01
<STATE> 3
<MEAN> 12
 -2.138203e+00 6.210086e+00 1.328522e+00 -1.424940e+00 -2.433167e+00 -6.276275e-01 9.151952e-01 -2.449164e-01 6.071807e+00 4.313084e+00 -3.230163e+00 2.169259e+00
<VARIANCE> 12
 5.736657e+00 1.339354e+01 5.672622e+00 1.616313e+01 7.129180e+00 1.682970e+01 2.783860e+01 1.497988e+01 1.048811e+01 7.727355e+00 3.044226e+00 1.732561e+01
<GCONST> 5.009547e+01
<STATE> 4
<MEAN> 12
 -8.328619e+00 -1.555732e+00 3.192277e-01 6.338797e+00 -8.047342e-01 3.814766e+00 -1.027887e+00 1.266074e+00 -1.737633e+00 8.856779e+00 -4.029520e+00 1.379748e+00
<VARIANCE> 12
 9.180479e+00 1.339354e+01 9.941334e+00 9.433968e+00 1.490735e+01 2.257990e+01 1.952114e+01 4.807343e+01 1.319032e+01 1.153290e+01 4.982474e+00 1.403684e+01
<GCONST> 5.334283e+01
<STATE> 5
<MEAN> 12
 3.936745e+00 -1.359487e+01 -2.464266e+00 7.116925e-02 5.799442e+00 2.883714e+00 -5.436532e+00 1.568695e+00 -6.715947e+00 -3.601587e+00 3.991983e+00 -2.111171e+00
<VARIANCE> 12
 4.748789e+00 1.339354e+01 3.551726e+00 8.714316e+00 6.768507e+00 1.620079e+01 5.143485e+00 6.753157e+00 3.744210e+00 5.679443e+00 6.211632e+00 5.793043e+00
<GCONST> 4.452481e+01
<STATE> 6
<MEAN> 12
 8.114591e+00 -6.683728e+00 -2.032762e+00 3.399223e+00 -6.959728e-01 6.004673e+00 4.281900e+00 1.678931e-01 -1.810918e+00 -8.590504e+00 1.978415e+00 1.740331e+00
<VARIANCE> 12
 4.748789e+00 1.339354e+01 1.352203e+00 8.714316e+00 1.629277e+01 2.554034e+01 1.793713e+01 1.601777e+01 2.041058e+01 5.679443e+00 1.062816e+01 5.394049e+00
<GCONST> 4.916715e+01
<STATE> 7
<MEAN> 12
 2.890566e+00 -8.900735e-01 2.898578e+00 5.287795e+00 6.490239e+00 -2.365153e+00 5.609203e+00 -1.980503e+00 2.430585e+00 -3.039035e-02 -1.132210e+00 -1.781091e+00
<VARIANCE> 12
 7.371931e+00 1.339354e+01 4.058238e+00 8.714316e+00 7.561407e+00 2.936295e+01 1.143882e+01 8.353805e+00 7.393265e+00 1.183721e+01 1.665602e+01 1.142587e+01
<GCONST> 4.989568e+01
<TRANSP> 8
 0.000000e+00 1.000000e+00 0.000000e+00 0.000000e+00 0.000000e+00 0.000000e+00 0.000000e+00 0.000000e+00
 0.000000e+00 8.788215e-01 1.211785e-01 0.000000e+00 0.000000e+00 0.000000e+00 0.000000e+00 0.000000e+00
 0.000000e+00 0.000000e+00 8.919611e-01 1.080389e-01 0.000000e+00 0.000000e+00 0.000000e+00 0.000000e+00
 0.000000e+00 0.000000e+00 0.000000e+00 8.822392e-01 1.177609e-01 0.000000e+00 0.000000e+00 0.000000e+00
 0.000000e+00 0.000000e+00 0.000000e+00 0.000000e+00 8.889365e-01 1.110635e-01 0.000000e+00 0.000000e+00
 0.000000e+00 0.000000e+00 0.000000e+00 0.000000e+00 0.000000e+00 8.407571e-01 1.592429e-01 0.000000e+00
 0.000000e+00 0.000000e+00 0.000000e+00 0.000000e+00 0.000000e+00 0.000000e+00 9.146497e-01 8.535025e-02
 0.000000e+00 0.000000e+00 0.000000e+00 0.000000e+00 0.000000e+00 0.000000e+00 0.000000e+00 0.000000e+00
<ENDHMM>
