~o
<STREAMINFO> 1 12
<VECSIZE> 12<NULLD><MFCC_Z><DIAGC>
~h "s006"
<BEGINHMM>
<NUMSTATES> 10
<STATE> 2
<MEAN> 12
 3.162070e+00 -7.442811e+00 -1.290841e+00 2.828800e+00 -1.148086e+00 -2.322921e+00 1.502511e+00 4.657218e+00 -1.966658e+00 -4.356610e-01 -6.006762e+00 2.756701e+00
<VARIANCE> 12
 3.513984e+01 3.803094e+01 6.725040e+00 7.762292e+01 9.431604e+00 1.493164e+02 6.660939e+01 4.873926e+01 4.810201e+01 5.013181e+01 1.723678e+01 3.877676e+01
<GCONST> 6.513828e+01
<STATE> 3
<MEAN> 12
 -1.907284e+00 -4.502431e+00 -1.031077e+00 -3.240219e+00 -2.735885e+00 1.979152e+00 2.200158e+00 4.970954e+00 -3.147658e+00 -2.139798e+00 -4.406233e+00 -2.082499e+00
<VARIANCE> 12
 1.655004e+01 6.640783e+01 6.832600e+00 6.688036e+01 8.631553e+00 1.123684e+02 4.389715e+01 2.873307e+01 3.380078e+01 2.893611e+01 3.528600e+01 2.798875e+01
<GCONST> 6.297931e+01
<STATE> 4
<MEAN> 12
 -3.501665e+00 1.053775e+00 5.831838e-02 -2.763093e+00 -3.023664e+00 6.532936e-01 -3.567843e-01 2.928084e+00 -8.160442e-01 -2.049087e+00 -1.016073e+00 -4.117200e+00
<VARIANCE> 12
 1.169779e+01 4.763528e+01 7.102890e+00 5.789710e+01 1.003781e+01 5.217402e+01 2.351105e+01 2.672668e+01 2.178005e+01 1.861973e+01 3.676234e+01 2.206672e+01
<GCONST> 5.980450e+01
<STATE> 5
<MEAN> 12
 -4.123520e+00 3.870960e+00 5.724454e-01 -2.404234e-01 -1.989500e+00 -1.783600e+00 -1.396995e+00 6.678667e-01 2.640038e-01 -2.213207e+00 1.190988e+00 -4.575438e+00
<VARIANCE> 12
 1.663368e+01 1.716520e+01 7.316051e+00 6.153581e+01 1.750329e+01 2.244296e+01 1.409109e+01 2.592962e+01 1.896822e+01 1.898633e+01 3.807261e+01 3.580698e+01
<GCONST> 5.879694e+01
<STATE> 6
<MEAN> 12
 -3.446662e+00 4.101291e+00 2.778271e-02 -2.809233e-01 6.253791e-02 -2.752403e+00 -1.763111e+00 -1.278002e+00 -1.606527e-01 -1.662575e+00 2.360610e+00 -3.700010e+00
<VARIANCE> 12
 2.742418e+01 8.057399e+00 9.156800e+00 6.342723e+01 2.317935e+01 1.337445e+01 1.297759e+01 1.802107e+01 2.357010e+01 2.759028e+01 5.128506e+01 6.639915e+01
<GCONST> 5.961884e+01
<STATE> 7
<MEAN> 12
 -3.179602e-01 3.079142e+00 -8.405951e-01 -1.552162e+00 2.377693e+00 -2.130960e+00 -1.503288e+00 -2.641305e+00 -2.261820e-01 3.884015e-01 2.925745e+00 -3.800811e-01
<VARIANCE> 12
 4.109823e+01 8.057399e+00 1.051334e+01 5.545482e+01 2.094465e+01 1.911310e+01 1.270131e+01 1.190206e+01 2.606152e+01 3.689204e+01 5.520635e+01 9.586455e+01
<GCONST> 6.067844e+01
<STATE> 8
<MEAN> 12
 3.902070e+00 1.343906e+00 -1.435247e-01 -1.402848e-01 3.610974e+00 8.125443e-01 -1.699220e-01 -3.999008e+00 1.635894e+00 3.288093e+00 2.493217e+00 4.538836e+00
<VARIANCE> 12
 3.099228e+01 8.057399e+00 1.301756e+01 4.415760e+01 1.505871e+01 3.458665e+01 1.297523e+01 9.986095e+00 2.670459e+01 3.226045e+01 3.916903e+01 7.278794e+01
<GCONST> 5.976270e+01
<STATE> 9
<MEAN> 12
 6.232969e+00 -1.503814e+00 2.647556e+00 5.388483e+00 2.845884e+00 5.544812e+00 1.487438e+00 -5.305798e+00 4.417378e+00 4.823854e+00 2.458467e+00 7.559678e+00
<VARIANCE> 12
 8.176735e+00 9.183674e+00 1.114337e+01 4.045476e+01 1.205510e+01 3.124271e+01 1.327467e+01 7.107424e+00 1.702555e+01 2.836536e+01 1.580040e+01 2.218057e+01
<GCONST> 5.500169e+01
<TRANSP> 10
 0.000000e+00 1.000000e+00 0.000000e+00 0.000000e+00 0.000000e+00 0.000000e+00 0.000000e+00 0.000000e+00 0.000000e+00 0.000000e+00
 0.000000e+00 8.688524e-01 1.311475e-01 0.000000e+00 0.000000e+00 0.000000e+00 0.000000e+00 0.000000e+00 0.000000e+00 0.000000e+00
 0.000000e+00 0.000000e+00 8.688524e-01 1.311475e-01 0.000000e+00 0.000000e+00 0.000000e+00 0.000000e+00 0.000000e+00 0.000000e+00
 0.000000e+00 0.000000e+00 0.000000e+00 8.688525e-01 1.311476e-01 0.000000e+00 0.000000e+00 0.000000e+00 0.000000e+00 0.000000e+00
 0.000000e+00 0.000000e+00 0.000000e+00 0.000000e+00 8.688524e-01 1.311475e-01 0.000000e+00 0.000000e+00 0.000000e+00 0.000000e+00
 0.000000e+00 0.000000e+00 0.000000e+00 0.000000e+00 0.000000e+00 8.688525e-01 1.311475e-01 0.000000e+00 0.000000e+00 0.000000e+00
 0.000000e+00 0.000000e+00 0.000000e+00 0.000000e+00 0.000000e+00 0.000000e+00 8.688524e-01 1.311475e-01 0.000000e+00 0.000000e+00
 0.000000e+00 0.000000e+00 0.000000e+00 0.000000e+00 0.000000e+00 0.000000e+00 0.000000e+00 8.688525e-01 1.311475e-01 0.000000e+00
 0.000000e+00 0.000000e+00 0.000000e+00 0.000000e+00 0.000000e+00 0.000000e+00 0.000000e+00 0.000000e+00 8.688524e-01 1.311475e-01
 0.000000e+00 0.000000e+00 0.000000e+00 0.000000e+00 0.000000e+00 0.000000e+00 0.000000e+00 0.000000e+00 0.000000e+00 0.000000e+00
<ENDHMM>
