~o
<STREAMINFO> 1 12
<VECSIZE> 12<NULLD><MFCC_Z><DIAGC>
~h "T1375423452"
<BEGINHMM>
<NUMSTATES> 11
<STATE> 2
<MEAN> 12
 -9.925751e+00 3.059654e+00 -6.396276e+00 -6.009256e-01 5.894997e+00 8.934178e+00 6.765885e+00 7.429722e+00 1.483165e+00 1.230673e+00 4.305818e+00 -1.697676e-01
<VARIANCE> 12
 6.736713e+00 6.860478e+00 9.065414e+00 1.166295e+01 1.192341e+01 3.365199e+01 2.932348e+01 2.427798e+01 1.511990e+01 1.770103e+01 8.383121e+00 1.204546e+01
<GCONST> 5.331583e+01
<STATE> 3
<MEAN> 12
 -1.097708e+01 4.924349e+00 -4.188974e+00 3.347996e+00 6.599192e+00 5.812983e+00 3.781071e+00 3.120813e+00 -4.118509e+00 -5.513389e+00 1.263720e+00 4.011523e-01
<VARIANCE> 12
 6.736713e+00 6.860478e+00 9.065414e+00 1.166295e+01 1.245588e+01 8.892488e+00 7.493056e+00 9.354917e+00 6.714068e+00 9.492186e+00 8.233946e+00 3.316147e+01
<GCONST> 4.927036e+01
<STATE> 4
<MEAN> 12
 -7.783847e-01 1.064014e+01 2.980322e+00 2.889842e-01 4.435574e+00 5.984106e+00 -4.385530e+00 -4.882102e+00 -4.145459e+00 -8.552629e+00 -2.366244e+00 -8.009821e+00
<VARIANCE> 12
 9.051737e+00 6.860478e+00 1.252723e+01 5.552655e+01 1.033024e+02 8.892488e+00 1.360672e+01 9.354917e+00 3.096197e+01 4.985646e+00 8.233946e+00 8.303715e+00
<GCONST> 5.366165e+01
<STATE> 5
<MEAN> 12
 2.265943e+00 7.692901e+00 1.003601e+01 -1.361121e+01 -1.031654e+01 4.091309e+00 -7.766242e+00 -6.089754e+00 4.181656e+00 -4.246675e+00 -6.628275e+00 6.189540e-01
<VARIANCE> 12
 6.736713e+00 7.473228e+00 9.065414e+00 1.166295e+01 1.192341e+01 8.892488e+00 9.356517e+00 9.354917e+00 1.422353e+01 3.037979e+01 1.043439e+01 2.082630e+01
<GCONST> 5.121999e+01
<STATE> 6
<MEAN> 12
 5.328760e+00 2.677361e+00 1.141635e+01 -9.315109e+00 -1.136327e+01 -7.645916e+00 3.057108e+00 -7.830288e+00 1.038486e+00 5.466352e+00 -1.063812e+01 3.190984e-02
<VARIANCE> 12
 6.736713e+00 6.860478e+00 9.065414e+00 1.166295e+01 1.192341e+01 2.346967e+01 1.258261e+01 1.290029e+01 2.795711e+00 1.373339e+01 8.233946e+00 1.103481e+01
<GCONST> 4.942977e+01
<STATE> 7
<MEAN> 12
 3.259068e+00 -5.178742e+00 5.221737e-01 -7.236006e-01 -7.562993e+00 -4.066393e+00 4.425661e+00 -5.809133e+00 -5.710054e+00 -8.814320e-01 -4.780270e+00 -3.510213e+00
<VARIANCE> 12
 6.736713e+00 2.734830e+01 1.121360e+01 1.535113e+01 5.445209e+01 3.977396e+01 1.519548e+01 1.925741e+01 9.887053e+00 1.296880e+01 1.140430e+01 7.052395e+00
<GCONST> 5.501963e+01
<STATE> 8
<MEAN> 12
 5.281209e-01 -1.119988e+01 -1.168069e+00 8.166599e+00 5.268019e+00 -5.725436e-01 1.781826e-02 -8.714508e+00 -5.790888e+00 -5.197240e-01 6.029786e-01 -1.399748e+00
<VARIANCE> 12
 6.736713e+00 6.860478e+00 9.065414e+00 1.166295e+01 1.192341e+01 1.034335e+01 6.621688e+00 9.354917e+00 5.010323e+00 1.475789e+01 1.041136e+01 8.871469e+00
<GCONST> 4.831886e+01
<STATE> 9
<MEAN> 12
 5.925687e+00 -9.264690e+00 -5.689651e+00 1.104541e+01 8.872252e+00 -5.505438e+00 -4.241878e+00 2.813257e+00 6.102521e-01 -3.907331e+00 3.837463e+00 4.447147e-01
<VARIANCE> 12
 9.593812e+00 2.188934e+01 9.065414e+00 1.166295e+01 1.425302e+01 1.469288e+01 9.971827e+00 5.576292e+01 1.169455e+01 2.368731e+01 8.233946e+00 1.531790e+01
<GCONST> 5.418908e+01
<STATE> 10
<MEAN> 12
 2.875596e+00 2.512413e-02 -5.261703e+00 6.559786e+00 4.017903e-01 -2.144761e+00 -6.185246e+00 6.457474e+00 -8.199582e-01 3.566103e+00 1.037570e+01 2.328480e+00
<VARIANCE> 12
 6.736713e+00 6.860478e+00 9.065414e+00 1.311159e+01 2.562425e+01 1.890859e+01 1.931792e+01 9.354917e+00 1.245180e+01 1.484874e+01 8.233946e+00 4.947886e+00
<GCONST> 5.097293e+01
<TRANSP> 11
 0.000000e+00 1.000000e+00 0.000000e+00 0.000000e+00 0.000000e+00 0.000000e+00 0.000000e+00 0.000000e+00 0.000000e+00 0.000000e+00 0.000000e+00
 0.000000e+00 9.295102e-01 7.048983e-02 0.000000e+00 0.000000e+00 0.000000e+00 0.000000e+00 0.000000e+00 0.000000e+00 0.000000e+00 0.000000e+00
 0.000000e+00 0.000000e+00 7.433760e-01 2.566241e-01 0.000000e+00 0.000000e+00 0.000000e+00 0.000000e+00 0.000000e+00 0.000000e+00 0.000000e+00
 0.000000e+00 0.000000e+00 0.000000e+00 2.745275e-01 7.254725e-01 0.000000e+00 0.000000e+00 0.000000e+00 0.000000e+00 0.000000e+00 0.000000e+00
 0.000000e+00 0.000000e+00 0.000000e+00 0.000000e+00 8.654891e-01 1.345109e-01 0.000000e+00 0.000000e+00 0.000000e+00 0.000000e+00 0.000000e+00
 0.000000e+00 0.000000e+00 0.000000e+00 0.000000e+00 0.000000e+00 9.177269e-01 8.227311e-02 0.000000e+00 0.000000e+00 0.000000e+00 0.000000e+00
 0.000000e+00 0.000000e+00 0.000000e+00 0.000000e+00 0.000000e+00 0.000000e+00 6.973737e-01 3.026263e-01 0.000000e+00 0.000000e+00 0.000000e+00
 0.000000e+00 0.000000e+00 0.000000e+00 0.000000e+00 0.000000e+00 0.000000e+00 0.000000e+00 7.598862e-01 2.401138e-01 0.000000e+00 0.000000e+00
 0.000000e+00 0.000000e+00 0.000000e+00 0.000000e+00 0.000000e+00 0.000000e+00 0.000000e+00 0.000000e+00 9.104408e-01 8.955918e-02 0.000000e+00
 0.000000e+00 0.000000e+00 0.000000e+00 0.000000e+00 0.000000e+00 0.000000e+00 0.000000e+00 0.000000e+00 0.000000e+00 8.797284e-01 1.202716e-01
 0.000000e+00 0.000000e+00 0.000000e+00 0.000000e+00 0.000000e+00 0.000000e+00 0.000000e+00 0.000000e+00 0.000000e+00 0.000000e+00 0.000000e+00
<ENDHMM>
