~o
<STREAMINFO> 1 12
<VECSIZE> 12<NULLD><MFCC_Z><DIAGC>
~h "s070"
<BEGINHMM>
<NUMSTATES> 7
<STATE> 2
<MEAN> 12
 -1.948972e+00 -5.027150e+00 3.383377e+00 1.545938e+00 2.326753e-01 -5.886002e+00 3.665520e+00 -2.058955e+00 -7.427334e+00 -1.750144e+00 2.542739e+00 6.458524e+00
<VARIANCE> 12
 2.794162e+00 2.970367e+00 2.818008e+01 1.625663e+01 1.634805e+01 7.836398e+00 1.071866e+01 6.391045e+00 2.273824e+01 1.128891e+01 7.039181e+00 3.133554e+01
<GCONST> 5.032174e+01
<STATE> 3
<MEAN> 12
 1.934895e+00 2.978389e+00 -9.033617e+00 -3.000546e+00 -1.363295e+00 5.856166e+00 -4.412880e+00 -3.445946e+00 8.470115e-01 3.362885e+00 2.124288e+00 -6.661777e+00
<VARIANCE> 12
 2.126800e+00 1.273167e+01 1.443689e+01 1.463146e+01 2.479831e+01 1.964324e+01 1.850244e+01 2.719363e+01 1.483294e+01 2.348773e+01 7.061585e+00 9.679667e+00
<GCONST> 5.319362e+01
<STATE> 4
<MEAN> 12
 -6.608773e-01 1.751165e-01 -1.644174e+00 -4.193382e+00 2.910594e+00 1.086515e+00 -4.884510e+00 4.964061e+00 2.254477e+00 -2.494956e+00 1.740565e+00 -5.755394e+00
<VARIANCE> 12
 3.290781e+00 3.991397e+00 2.073705e+01 8.628265e+01 2.461967e+01 2.529755e+01 3.317745e+01 3.289108e+01 1.241713e+01 3.595544e+01 1.926900e+01 2.407224e+01
<GCONST> 5.778958e+01
<STATE> 5
<MEAN> 12
 -1.625915e+00 -1.763728e+00 1.867272e+00 5.600113e+00 1.720669e+00 -5.062244e+00 1.974045e+00 7.081605e-01 2.636448e+00 -1.430518e+00 1.908647e+00 3.461167e+00
<VARIANCE> 12
 3.068289e+00 2.970367e+00 8.531226e+00 9.566714e+00 4.949096e+01 7.836398e+00 1.141736e+01 3.075888e+01 5.118953e+00 1.426368e+01 2.990804e+01 2.939355e+01
<GCONST> 5.155781e+01
<STATE> 6
<MEAN> 12
 3.135607e+00 4.495138e+00 5.889065e+00 -1.590311e+00 -4.770582e+00 5.972319e+00 3.998171e+00 -8.208601e-01 4.623817e-01 3.187962e+00 -1.018478e+01 2.355016e+00
<VARIANCE> 12
 2.452421e+00 2.970367e+00 8.156707e+00 1.722074e+01 6.567083e+00 1.267980e+01 4.385139e+01 1.711310e+01 8.574142e+00 3.403656e+01 7.039181e+00 1.374043e+01
<GCONST> 5.027599e+01
<TRANSP> 7
 0.000000e+00 1.000000e+00 0.000000e+00 0.000000e+00 0.000000e+00 0.000000e+00 0.000000e+00
 0.000000e+00 8.702812e-01 1.297188e-01 0.000000e+00 0.000000e+00 0.000000e+00 0.000000e+00
 0.000000e+00 0.000000e+00 8.770516e-01 1.229484e-01 0.000000e+00 0.000000e+00 0.000000e+00
 0.000000e+00 0.000000e+00 0.000000e+00 8.823394e-01 1.176606e-01 0.000000e+00 0.000000e+00
 0.000000e+00 0.000000e+00 0.000000e+00 0.000000e+00 9.056494e-01 9.435065e-02 0.000000e+00
 0.000000e+00 0.000000e+00 0.000000e+00 0.000000e+00 0.000000e+00 8.583517e-01 1.416483e-01
 0.000000e+00 0.000000e+00 0.000000e+00 0.000000e+00 0.000000e+00 0.000000e+00 0.000000e+00
<ENDHMM>
