~o
<STREAMINFO> 1 12
<VECSIZE> 12<NULLD><MFCC_Z><DIAGC>
~h "s093"
<BEGINHMM>
<NUMSTATES> 13
<STATE> 2
<MEAN> 12
 -4.427540e+00 4.678219e+00 1.134526e+01 -1.175883e+01 -1.262914e+01 5.896696e-01 1.592514e+00 2.685998e+00 9.548120e+00 -1.580956e+00 4.158357e-01 -8.920565e+00
<VARIANCE> 12
 3.869630e+00 1.282715e+01 1.092053e+01 5.155542e+01 1.684489e+01 1.518636e+01 4.728120e+00 2.352861e+01 6.042786e+00 3.447412e+00 8.159496e+00 1.095380e+01
<GCONST> 5.007810e+01
<STATE> 3
<MEAN> 12
 -2.414296e+00 1.006909e+01 4.789794e+00 -2.023770e+01 -1.147303e+01 5.612839e+00 -4.516187e+00 7.019551e+00 5.824789e+00 -1.099034e+00 8.869383e+00 -4.655649e+00
<VARIANCE> 12
 7.296210e+00 1.282715e+01 4.761548e+00 4.081356e+01 1.684489e+01 7.826387e+00 1.521413e+01 1.275868e+01 6.042786e+00 3.397155e+00 8.159496e+00 5.120244e+00
<GCONST> 4.876721e+01
<STATE> 4
<MEAN> 12
 5.562782e+00 5.902857e+00 2.937618e+00 -5.579563e+00 -1.115088e+01 -4.965499e-01 -9.040501e+00 4.485152e-02 -2.674435e+00 -2.292587e-01 8.538671e+00 2.082631e+00
<VARIANCE> 12
 3.869630e+00 1.282715e+01 4.761548e+00 3.013829e+01 1.684489e+01 7.826387e+00 9.176240e+00 5.236631e+00 1.322811e+01 1.289168e+01 4.330727e+01 2.066400e+01
<GCONST> 5.161510e+01
<STATE> 5
<MEAN> 12
 5.476310e+00 3.208522e+00 -5.273814e+00 -6.392659e+00 -4.208615e+00 -4.405381e+00 -3.055384e+00 -9.625911e-01 -6.777945e-01 2.514862e+00 -6.915783e+00 1.389580e+00
<VARIANCE> 12
 3.869630e+00 1.282715e+01 9.736196e+00 3.013829e+01 1.684489e+01 1.827909e+01 1.295854e+01 2.322906e+01 3.413448e+01 3.050071e+01 5.266551e+01 4.274005e+01
<GCONST> 5.774502e+01
<STATE> 6
<MEAN> 12
 -1.503989e+00 1.102075e+01 4.448058e-01 -1.493663e+01 -1.194183e+00 2.901193e+00 -3.588852e+00 6.937762e+00 -4.175587e+00 3.795765e+00 6.163017e+00 5.415038e-01
<VARIANCE> 12
 1.044193e+01 1.282715e+01 7.992914e+00 3.013829e+01 1.684489e+01 1.183296e+01 4.728120e+00 3.179381e+01 1.021634e+01 8.907431e+00 8.159496e+00 5.557585e+00
<GCONST> 5.106923e+01
<STATE> 7
<MEAN> 12
 -7.902361e+00 8.849764e+00 -1.115426e+00 -1.237379e+01 1.178330e-01 7.558220e+00 -4.195659e+00 4.917377e+00 -8.172609e-01 -8.623478e-01 3.667413e+00 1.823568e+00
<VARIANCE> 12
 4.585580e+00 2.387779e+01 4.761548e+00 3.013829e+01 1.684489e+01 7.826387e+00 4.728120e+00 2.047935e+01 6.042786e+00 7.456276e+00 3.318760e+01 1.059072e+01
<GCONST> 5.084133e+01
<STATE> 8
<MEAN> 12
 -4.577930e+00 -4.038562e+00 -3.568392e+00 2.620150e+00 -3.775624e+00 1.649525e+00 7.468370e+00 -8.419223e+00 -7.721471e+00 -2.355717e+00 -5.454205e+00 -9.959145e-01
<VARIANCE> 12
 9.426421e+00 1.282715e+01 1.220607e+01 3.013829e+01 1.684489e+01 1.640600e+01 1.497697e+01 5.255361e+00 7.412704e+00 4.314781e+01 8.159496e+00 9.232242e+00
<GCONST> 5.283450e+01
<STATE> 9
<MEAN> 12
 1.523903e+00 -1.492400e+00 -4.803455e+00 1.303446e+01 3.004565e+00 8.954021e+00 6.479729e+00 -2.805323e+00 3.945634e+00 -3.145268e+00 -6.871488e+00 -2.142594e+00
<VARIANCE> 12
 3.869630e+00 1.453411e+01 1.105892e+01 3.013829e+01 1.909674e+01 4.027702e+01 1.515058e+01 5.622113e+00 2.353473e+01 4.532845e+01 1.282421e+01 1.555078e+01
<GCONST> 5.525112e+01
<STATE> 10
<MEAN> 12
 5.709455e+00 -2.568863e+00 -2.098965e+00 1.644602e+01 1.665434e+01 4.499947e+00 3.209457e+00 -4.835737e+00 5.763389e+00 6.003444e-01 1.527443e+00 4.949584e+00
<VARIANCE> 12
 3.869630e+00 3.624382e+01 4.761548e+00 3.013829e+01 7.321809e+01 5.095460e+01 4.728120e+00 1.675478e+01 1.724804e+01 2.112278e+01 1.169805e+01 1.331991e+01
<GCONST> 5.550764e+01
<STATE> 11
<MEAN> 12
 -7.259021e-01 -1.468677e+01 1.837766e+00 1.773648e+01 1.806589e+01 -1.012221e+01 4.679986e+00 5.257022e-01 -2.345768e+00 1.384474e-01 4.524883e+00 5.160096e+00
<VARIANCE> 12
 7.825884e+00 1.282715e+01 1.640993e+01 3.013829e+01 3.685649e+01 1.240588e+01 6.010342e+00 7.966931e+00 7.703354e+00 1.574046e+01 8.159496e+00 1.850088e+01
<GCONST> 5.267608e+01
<STATE> 12
<MEAN> 12
 -4.233207e-01 -1.495049e+01 1.320150e-01 1.926024e+01 3.881166e+00 -5.474055e+00 2.464333e+00 -4.950324e+00 -8.125484e+00 4.165554e-01 -3.816534e+00 -1.372695e+00
<VARIANCE> 12
 1.278711e+01 1.282715e+01 8.757459e+00 3.013829e+01 1.684489e+01 9.083162e+00 1.448353e+01 1.389529e+01 7.173042e+00 1.293630e+01 1.554553e+01 1.508372e+01
<GCONST> 5.305301e+01
<TRANSP> 13
 0.000000e+00 1.000000e+00 0.000000e+00 0.000000e+00 0.000000e+00 0.000000e+00 0.000000e+00 0.000000e+00 0.000000e+00 0.000000e+00 0.000000e+00 0.000000e+00 0.000000e+00
 0.000000e+00 8.738083e-01 1.261918e-01 0.000000e+00 0.000000e+00 0.000000e+00 0.000000e+00 0.000000e+00 0.000000e+00 0.000000e+00 0.000000e+00 0.000000e+00 0.000000e+00
 0.000000e+00 0.000000e+00 8.374357e-01 1.625643e-01 0.000000e+00 0.000000e+00 0.000000e+00 0.000000e+00 0.000000e+00 0.000000e+00 0.000000e+00 0.000000e+00 0.000000e+00
 0.000000e+00 0.000000e+00 0.000000e+00 8.172966e-01 1.827034e-01 0.000000e+00 0.000000e+00 0.000000e+00 0.000000e+00 0.000000e+00 0.000000e+00 0.000000e+00 0.000000e+00
 0.000000e+00 0.000000e+00 0.000000e+00 0.000000e+00 9.368576e-01 6.314248e-02 0.000000e+00 0.000000e+00 0.000000e+00 0.000000e+00 0.000000e+00 0.000000e+00 0.000000e+00
 0.000000e+00 0.000000e+00 0.000000e+00 0.000000e+00 0.000000e+00 7.325417e-01 2.674583e-01 0.000000e+00 0.000000e+00 0.000000e+00 0.000000e+00 0.000000e+00 0.000000e+00
 0.000000e+00 0.000000e+00 0.000000e+00 0.000000e+00 0.000000e+00 0.000000e+00 8.890369e-01 1.109631e-01 0.000000e+00 0.000000e+00 0.000000e+00 0.000000e+00 0.000000e+00
 0.000000e+00 0.000000e+00 0.000000e+00 0.000000e+00 0.000000e+00 0.000000e+00 0.000000e+00 7.928183e-01 2.071817e-01 0.000000e+00 0.000000e+00 0.000000e+00 0.000000e+00
 0.000000e+00 0.000000e+00 0.000000e+00 0.000000e+00 0.000000e+00 0.000000e+00 0.000000e+00 0.000000e+00 8.582098e-01 1.417901e-01 0.000000e+00 0.000000e+00 0.000000e+00
 0.000000e+00 0.000000e+00 0.000000e+00 0.000000e+00 0.000000e+00 0.000000e+00 0.000000e+00 0.000000e+00 0.000000e+00 8.177662e-01 1.822338e-01 0.000000e+00 0.000000e+00
 0.000000e+00 0.000000e+00 0.000000e+00 0.000000e+00 0.000000e+00 0.000000e+00 0.000000e+00 0.000000e+00 0.000000e+00 0.000000e+00 8.983042e-01 1.016959e-01 0.000000e+00
 0.000000e+00 0.000000e+00 0.000000e+00 0.000000e+00 0.000000e+00 0.000000e+00 0.000000e+00 0.000000e+00 0.000000e+00 0.000000e+00 0.000000e+00 8.694965e-01 1.305035e-01
 0.000000e+00 0.000000e+00 0.000000e+00 0.000000e+00 0.000000e+00 0.000000e+00 0.000000e+00 0.000000e+00 0.000000e+00 0.000000e+00 0.000000e+00 0.000000e+00 0.000000e+00
<ENDHMM>
