~o
<STREAMINFO> 1 12
<VECSIZE> 12<NULLD><MFCC_Z><DIAGC>
~h "s058"
<BEGINHMM>
<NUMSTATES> 11
<STATE> 2
<MEAN> 12
 2.463453e-01 1.323866e+01 5.344275e+00 -1.219748e+01 -7.078583e+00 -1.159249e+01 1.025756e+01 4.277695e+00 1.600430e+00 1.108328e+01 -5.856616e+00 -8.713775e-02
<VARIANCE> 12
 6.053872e+00 1.890932e+01 4.317245e+01 5.248314e+00 3.540535e+01 2.340272e+01 9.771552e+00 1.994399e+01 8.442043e+00 1.246438e+01 1.349322e+01 6.760282e+00
<GCONST> 5.337946e+01
<STATE> 3
<MEAN> 12
 1.658074e-02 1.356003e+00 -9.742819e+00 -4.893678e-01 1.163381e+01 -7.952879e+00 5.561772e+00 -4.484304e+00 6.500340e+00 -3.841805e+00 3.637660e+00 2.407068e+00
<VARIANCE> 12
 7.289888e+00 1.014281e+01 1.273334e+01 4.691558e+00 1.230702e+01 2.340272e+01 9.771552e+00 1.000802e+01 2.191190e+01 6.788781e+00 1.331907e+01 1.618236e+01
<GCONST> 5.106907e+01
<STATE> 4
<MEAN> 12
 2.134482e+00 8.755613e+00 -8.887904e+00 -1.993366e+00 -1.893487e+00 -7.176686e+00 1.826771e+00 3.299438e+00 6.432842e+00 -8.564178e-01 -5.265648e+00 8.554684e+00
<VARIANCE> 12
 2.392918e+00 1.014281e+01 1.115108e+01 4.691558e+00 1.748002e+01 2.340272e+01 9.771552e+00 1.655382e+01 1.423388e+01 7.844757e+00 1.331907e+01 3.126102e+01
<GCONST> 5.104815e+01
<STATE> 5
<MEAN> 12
 -5.698641e+00 2.369792e+00 -3.080647e+00 1.600790e+00 -6.647276e-01 -4.574833e+00 6.042455e+00 -3.647032e+00 -3.292110e+00 4.613332e+00 -2.487690e+00 6.476638e-01
<VARIANCE> 12
 2.342603e+00 1.014281e+01 9.984484e+00 4.691558e+00 1.230702e+01 2.340272e+01 9.771552e+00 1.000802e+01 8.442043e+00 6.788781e+00 1.331907e+01 1.612531e+01
<GCONST> 4.873332e+01
<STATE> 6
<MEAN> 12
 8.202372e-01 1.309570e+00 3.264336e+00 4.715909e+00 7.196970e-01 -6.914912e+00 9.795225e-01 -5.599290e+00 9.887502e-01 9.496138e-01 -1.081673e+01 -4.401912e+00
<VARIANCE> 12
 2.950233e+00 1.014281e+01 9.984484e+00 1.629691e+01 1.341645e+01 2.340272e+01 2.070492e+01 2.940689e+01 2.877813e+01 8.787894e+00 1.331907e+01 1.158935e+01
<GCONST> 5.327839e+01
<STATE> 7
<MEAN> 12
 2.917251e+00 -7.694333e+00 4.748302e+00 1.837879e+00 7.058600e+00 -4.942508e+00 -6.494272e+00 1.000803e+01 -6.332143e+00 5.333252e+00 -6.509326e-01 -8.419114e-01
<VARIANCE> 12
 3.833967e+00 1.014281e+01 9.984484e+00 3.193958e+01 1.230702e+01 2.340272e+01 9.771552e+00 2.001229e+01 4.488094e+01 6.788781e+00 1.331907e+01 2.173888e+01
<GCONST> 5.380649e+01
<STATE> 8
<MEAN> 12
 -1.989112e+00 -9.527364e+00 6.226352e+00 -3.933535e+00 7.498511e+00 5.735871e+00 -1.008288e+01 1.195988e+01 -1.132968e+01 3.400001e+00 1.332533e+01 2.112644e+00
<VARIANCE> 12
 2.342603e+00 1.014281e+01 9.984484e+00 4.691558e+00 1.230702e+01 2.340272e+01 9.771552e+00 1.778512e+01 1.521621e+01 2.376788e+01 2.992053e+01 1.289761e+01
<GCONST> 5.173649e+01
<STATE> 9
<MEAN> 12
 -1.822963e+00 -9.551544e+00 5.173334e+00 1.698155e-01 -5.570043e+00 1.331718e+01 -1.206875e+01 6.385070e+00 -1.445078e+00 -3.621619e+00 1.432720e+01 -1.926794e+00
<VARIANCE> 12
 2.342603e+00 1.014281e+01 9.984484e+00 4.691558e+00 1.730121e+01 2.560154e+01 9.771552e+00 3.162335e+01 8.442043e+00 9.481622e+00 1.633431e+01 6.760282e+00
<GCONST> 4.998306e+01
<STATE> 10
<MEAN> 12
 3.114728e+00 -3.958221e+00 5.685718e+00 2.345191e+00 -9.396454e+00 1.755491e+01 -3.273882e+00 -3.784620e+00 -6.585948e-01 -5.929722e+00 1.003021e+00 -4.889297e+00
<VARIANCE> 12
 5.765028e+00 2.288255e+01 9.984484e+00 1.203935e+01 1.230702e+01 2.340272e+01 1.159252e+01 1.000802e+01 8.442043e+00 2.259904e+01 1.331907e+01 1.804688e+01
<GCONST> 5.287599e+01
<TRANSP> 11
 0.000000e+00 1.000000e+00 0.000000e+00 0.000000e+00 0.000000e+00 0.000000e+00 0.000000e+00 0.000000e+00 0.000000e+00 0.000000e+00 0.000000e+00
 0.000000e+00 7.499997e-01 2.500003e-01 0.000000e+00 0.000000e+00 0.000000e+00 0.000000e+00 0.000000e+00 0.000000e+00 0.000000e+00 0.000000e+00
 0.000000e+00 0.000000e+00 8.978152e-01 1.021848e-01 0.000000e+00 0.000000e+00 0.000000e+00 0.000000e+00 0.000000e+00 0.000000e+00 0.000000e+00
 0.000000e+00 0.000000e+00 0.000000e+00 8.769438e-01 1.230562e-01 0.000000e+00 0.000000e+00 0.000000e+00 0.000000e+00 0.000000e+00 0.000000e+00
 0.000000e+00 0.000000e+00 0.000000e+00 0.000000e+00 8.898487e-01 1.101513e-01 0.000000e+00 0.000000e+00 0.000000e+00 0.000000e+00 0.000000e+00
 0.000000e+00 0.000000e+00 0.000000e+00 0.000000e+00 0.000000e+00 8.947738e-01 1.052262e-01 0.000000e+00 0.000000e+00 0.000000e+00 0.000000e+00
 0.000000e+00 0.000000e+00 0.000000e+00 0.000000e+00 0.000000e+00 0.000000e+00 6.653062e-01 3.346938e-01 0.000000e+00 0.000000e+00 0.000000e+00
 0.000000e+00 0.000000e+00 0.000000e+00 0.000000e+00 0.000000e+00 0.000000e+00 0.000000e+00 8.344399e-01 1.655601e-01 0.000000e+00 0.000000e+00
 0.000000e+00 0.000000e+00 0.000000e+00 0.000000e+00 0.000000e+00 0.000000e+00 0.000000e+00 0.000000e+00 7.813153e-01 2.186847e-01 0.000000e+00
 0.000000e+00 0.000000e+00 0.000000e+00 0.000000e+00 0.000000e+00 0.000000e+00 0.000000e+00 0.000000e+00 0.000000e+00 9.160015e-01 8.399849e-02
 0.000000e+00 0.000000e+00 0.000000e+00 0.000000e+00 0.000000e+00 0.000000e+00 0.000000e+00 0.000000e+00 0.000000e+00 0.000000e+00 0.000000e+00
<ENDHMM>
