~o
<STREAMINFO> 1 12
<VECSIZE> 12<NULLD><MFCC_Z><DIAGC>
~h "s046"
<BEGINHMM>
<NUMSTATES> 8
<STATE> 2
<MEAN> 12
 -2.134569e+00 5.551240e+00 1.067168e+01 4.376245e+00 -8.511113e+00 5.280574e+00 -6.088252e+00 4.987441e-01 1.094558e+01 -1.079109e+01 7.293063e+00 -5.159408e+00
<VARIANCE> 12
 1.113672e+01 1.478495e+01 1.061117e+01 8.534245e+01 2.369477e+01 3.418076e+01 7.406816e+01 1.955679e+01 9.309717e+00 2.763157e+01 1.946555e+01 9.156885e+00
<GCONST> 5.867535e+01
<STATE> 3
<MEAN> 12
 -4.369520e+00 -1.163026e+01 -1.687253e+00 1.025647e+01 7.182559e+00 -1.177839e+00 7.549018e+00 -6.487250e+00 -2.389923e+00 -5.899119e+00 3.568215e+00 1.902877e+00
<VARIANCE> 12
 5.869479e+00 1.478495e+01 4.280347e+01 3.557035e+01 1.645271e+01 7.463234e+01 8.787586e+00 2.552945e+01 1.889569e+01 1.317714e+01 1.073190e+01 1.227652e+01
<GCONST> 5.677060e+01
<STATE> 4
<MEAN> 12
 4.274226e+00 -5.436836e+00 -3.811117e+00 -1.695410e+00 5.220587e+00 -9.514502e+00 2.209576e+00 -5.978313e+00 1.725604e+00 -1.250887e+00 -3.555633e+00 3.900634e+00
<VARIANCE> 12
 3.656288e+00 1.478495e+01 1.061117e+01 1.868930e+01 8.314728e+00 1.504556e+01 1.236242e+01 3.009344e+01 8.734390e+00 2.527697e+01 1.585298e+01 6.134923e+00
<GCONST> 5.205704e+01
<STATE> 5
<MEAN> 12
 1.169577e+00 1.648267e+00 3.100187e+00 -1.301488e+01 -1.771027e+00 -6.016063e+00 -5.504176e+00 3.464718e+00 1.130200e+00 5.598941e+00 -1.272449e+01 -5.672938e+00
<VARIANCE> 12
 2.595290e+01 4.964700e+01 1.426651e+01 2.261828e+01 8.628642e+00 6.009643e+01 2.112490e+01 2.303952e+01 8.734390e+00 1.077305e+01 1.108654e+01 3.447775e+01
<GCONST> 5.792148e+01
<STATE> 6
<MEAN> 12
 -1.563853e+00 1.033028e+01 -9.231322e+00 -8.419436e+00 -1.880745e+00 1.026607e+00 -4.015794e+00 2.959503e+00 -7.541206e+00 5.150873e+00 4.531426e+00 3.322846e-01
<VARIANCE> 12
 4.624798e+00 1.478495e+01 1.061117e+01 1.868930e+01 8.314728e+00 1.707616e+01 8.787586e+00 1.021538e+01 3.555695e+01 1.232802e+01 9.858733e+00 4.123680e+01
<GCONST> 5.311307e+01
<STATE> 7
<MEAN> 12
 3.476707e+00 3.987238e+00 4.007626e+00 3.829737e+00 -4.116413e+00 8.974880e+00 8.889408e-01 6.521924e+00 4.593824e-01 5.574859e+00 -1.731826e-01 1.885064e+00
<VARIANCE> 12
 3.656288e+00 1.945874e+01 1.892315e+01 1.975237e+01 1.648659e+01 1.504556e+01 1.646854e+01 9.011053e+00 2.459263e+01 2.286102e+01 9.858733e+00 1.324569e+01
<GCONST> 5.396037e+01
<TRANSP> 8
 0.000000e+00 1.000000e+00 0.000000e+00 0.000000e+00 0.000000e+00 0.000000e+00 0.000000e+00 0.000000e+00
 0.000000e+00 8.333334e-01 1.666666e-01 0.000000e+00 0.000000e+00 0.000000e+00 0.000000e+00 0.000000e+00
 0.000000e+00 0.000000e+00 9.122767e-01 8.772330e-02 0.000000e+00 0.000000e+00 0.000000e+00 0.000000e+00
 0.000000e+00 0.000000e+00 0.000000e+00 8.684192e-01 1.315807e-01 0.000000e+00 0.000000e+00 0.000000e+00
 0.000000e+00 0.000000e+00 0.000000e+00 0.000000e+00 8.652863e-01 1.347138e-01 0.000000e+00 0.000000e+00
 0.000000e+00 0.000000e+00 0.000000e+00 0.000000e+00 0.000000e+00 8.831481e-01 1.168519e-01 0.000000e+00
 0.000000e+00 0.000000e+00 0.000000e+00 0.000000e+00 0.000000e+00 0.000000e+00 9.001960e-01 9.980408e-02
 0.000000e+00 0.000000e+00 0.000000e+00 0.000000e+00 0.000000e+00 0.000000e+00 0.000000e+00 0.000000e+00
<ENDHMM>
