~o
<STREAMINFO> 1 12
<VECSIZE> 12<NULLD><MFCC_Z><DIAGC>
~h "s088"
<BEGINHMM>
<NUMSTATES> 10
<STATE> 2
<MEAN> 12
 -3.806089e+00 -6.931443e-01 2.771163e+00 -1.416610e+01 -3.935279e+00 5.371858e+00 -6.918257e+00 7.271388e+00 -6.101317e+00 1.504242e+00 -4.148902e+00 -8.885004e+00
<VARIANCE> 12
 6.748668e+00 1.512175e+01 1.637366e+01 4.110522e+01 9.447303e+00 8.997726e+00 8.117728e+00 7.665709e+01 9.690753e+00 1.735658e+01 1.586663e+01 1.009303e+01
<GCONST> 5.426912e+01
<STATE> 3
<MEAN> 12
 -2.037007e+00 4.635802e+00 6.594159e+00 -1.716318e+01 -1.397805e+00 9.686650e-01 -6.627281e+00 1.130423e+00 -1.176799e+00 -1.614188e+00 -9.943065e+00 -7.834355e+00
<VARIANCE> 12
 1.101778e+01 6.208964e+00 1.637366e+01 3.328050e+01 1.024823e+01 8.328454e+00 1.203200e+01 4.323603e+01 6.664848e+00 1.735658e+01 1.983200e+01 1.080350e+01
<GCONST> 5.339970e+01
<STATE> 4
<MEAN> 12
 -7.153621e-01 4.983641e+00 7.887998e+00 -4.454505e+00 -5.431137e+00 3.941241e+00 -3.517385e+00 -2.913953e+00 -4.702603e-01 7.383392e+00 -3.778005e+00 -1.626500e+00
<VARIANCE> 12
 3.436594e+00 6.208964e+00 1.637366e+01 3.328050e+01 4.112619e+01 8.328454e+00 8.117728e+00 2.899617e+01 1.664296e+01 1.184790e+02 1.382522e+01 1.706846e+01
<GCONST> 5.576363e+01
<STATE> 5
<MEAN> 12
 7.621980e-01 5.486259e+00 8.761053e+00 -3.064769e+00 -6.754161e+00 6.283219e+00 -6.476306e-02 -1.452355e+00 1.220185e+00 1.295368e+01 1.687194e+00 -1.359639e+00
<VARIANCE> 12
 8.111819e+00 6.208964e+00 1.637366e+01 3.328050e+01 2.473960e+01 1.147198e+01 3.264549e+01 1.850712e+01 8.007400e+00 3.585417e+01 1.869434e+01 1.297178e+01
<GCONST> 5.547749e+01
<STATE> 6
<MEAN> 12
 2.010512e+00 8.721632e-01 5.330196e+00 5.180691e+00 -3.233426e+00 6.283468e+00 8.960121e+00 -1.050123e+00 3.400863e+00 8.506921e+00 6.606730e+00 4.495426e-01
<VARIANCE> 12
 2.200140e+00 9.305056e+00 1.637366e+01 3.328050e+01 3.250570e+01 4.562635e+01 8.117728e+00 1.256135e+01 7.344767e+00 1.735658e+01 1.022808e+01 1.009303e+01
<GCONST> 5.278577e+01
<STATE> 7
<MEAN> 12
 4.013176e+00 -1.432526e+00 -1.209153e+00 1.182324e+01 1.315898e+00 -6.240828e+00 1.581363e+00 5.584266e+00 6.367696e+00 -5.595899e-01 2.429528e+00 5.841276e+00
<VARIANCE> 12
 4.234529e+00 2.357298e+01 2.683870e+01 3.328050e+01 2.925410e+01 2.275160e+01 8.117728e+00 1.122710e+01 1.548115e+01 1.735658e+01 1.584891e+01 1.009303e+01
<GCONST> 5.513429e+01
<STATE> 8
<MEAN> 12
 8.467432e-01 -2.857454e+00 -1.370315e+01 9.827188e+00 8.530301e+00 -8.339741e+00 6.676550e+00 3.765412e+00 3.159505e+00 -8.214534e+00 5.393937e+00 8.731485e+00
<VARIANCE> 12
 2.758915e+00 6.248695e+00 1.637366e+01 3.328050e+01 9.447303e+00 8.328454e+00 1.049758e+01 1.734971e+01 2.652671e+01 1.735658e+01 1.420789e+01 1.009303e+01
<GCONST> 5.187028e+01
<STATE> 9
<MEAN> 12
 8.334166e-01 -7.976021e+00 -1.261623e+01 1.486590e+01 7.864443e+00 -5.045819e+00 5.837519e+00 -8.021737e+00 -1.769049e+00 -1.074709e+01 6.832556e+00 6.558712e+00
<VARIANCE> 12
 6.201976e+00 6.208964e+00 1.637366e+01 3.328050e+01 9.447303e+00 1.406867e+01 8.117728e+00 2.046024e+01 7.178669e+00 1.758158e+01 1.847177e+01 1.721526e+01
<GCONST> 5.260825e+01
<TRANSP> 10
 0.000000e+00 1.000000e+00 0.000000e+00 0.000000e+00 0.000000e+00 0.000000e+00 0.000000e+00 0.000000e+00 0.000000e+00 0.000000e+00
 0.000000e+00 8.754945e-01 1.245055e-01 0.000000e+00 0.000000e+00 0.000000e+00 0.000000e+00 0.000000e+00 0.000000e+00 0.000000e+00
 0.000000e+00 0.000000e+00 8.913469e-01 1.086531e-01 0.000000e+00 0.000000e+00 0.000000e+00 0.000000e+00 0.000000e+00 0.000000e+00
 0.000000e+00 0.000000e+00 0.000000e+00 8.923260e-01 1.076740e-01 0.000000e+00 0.000000e+00 0.000000e+00 0.000000e+00 0.000000e+00
 0.000000e+00 0.000000e+00 0.000000e+00 0.000000e+00 8.135245e-01 1.864754e-01 0.000000e+00 0.000000e+00 0.000000e+00 0.000000e+00
 0.000000e+00 0.000000e+00 0.000000e+00 0.000000e+00 0.000000e+00 7.526401e-01 2.473598e-01 0.000000e+00 0.000000e+00 0.000000e+00
 0.000000e+00 0.000000e+00 0.000000e+00 0.000000e+00 0.000000e+00 0.000000e+00 8.653407e-01 1.346594e-01 0.000000e+00 0.000000e+00
 0.000000e+00 0.000000e+00 0.000000e+00 0.000000e+00 0.000000e+00 0.000000e+00 0.000000e+00 8.109521e-01 1.890479e-01 0.000000e+00
 0.000000e+00 0.000000e+00 0.000000e+00 0.000000e+00 0.000000e+00 0.000000e+00 0.000000e+00 0.000000e+00 9.119424e-01 8.805766e-02
 0.000000e+00 0.000000e+00 0.000000e+00 0.000000e+00 0.000000e+00 0.000000e+00 0.000000e+00 0.000000e+00 0.000000e+00 0.000000e+00
<ENDHMM>
