~o <VecSize> 12 <MFCC_Z>
~h "T13771896898"
<BeginHMM>
<NumStates> 9
<State> 2
	<Mean> 12
	0.0 0.0 0.0 0.0 0.0 0.0 0.0 0.0 0.0 0.0 0.0 0.0 
	<Variance> 12
	1.0 1.0 1.0 1.0 1.0 1.0 1.0 1.0 1.0 1.0 1.0 1.0 
<State> 3
	<Mean> 12
	0.0 0.0 0.0 0.0 0.0 0.0 0.0 0.0 0.0 0.0 0.0 0.0 
	<Variance> 12
	1.0 1.0 1.0 1.0 1.0 1.0 1.0 1.0 1.0 1.0 1.0 1.0 
<State> 4
	<Mean> 12
	0.0 0.0 0.0 0.0 0.0 0.0 0.0 0.0 0.0 0.0 0.0 0.0 
	<Variance> 12
	1.0 1.0 1.0 1.0 1.0 1.0 1.0 1.0 1.0 1.0 1.0 1.0 
<State> 5
	<Mean> 12
	0.0 0.0 0.0 0.0 0.0 0.0 0.0 0.0 0.0 0.0 0.0 0.0 
	<Variance> 12
	1.0 1.0 1.0 1.0 1.0 1.0 1.0 1.0 1.0 1.0 1.0 1.0 
<State> 6
	<Mean> 12
	0.0 0.0 0.0 0.0 0.0 0.0 0.0 0.0 0.0 0.0 0.0 0.0 
	<Variance> 12
	1.0 1.0 1.0 1.0 1.0 1.0 1.0 1.0 1.0 1.0 1.0 1.0 
<State> 7
	<Mean> 12
	0.0 0.0 0.0 0.0 0.0 0.0 0.0 0.0 0.0 0.0 0.0 0.0 
	<Variance> 12
	1.0 1.0 1.0 1.0 1.0 1.0 1.0 1.0 1.0 1.0 1.0 1.0 
<State> 8
	<Mean> 12
	0.0 0.0 0.0 0.0 0.0 0.0 0.0 0.0 0.0 0.0 0.0 0.0 
	<Variance> 12
	1.0 1.0 1.0 1.0 1.0 1.0 1.0 1.0 1.0 1.0 1.0 1.0 
<TransP> 9
	0.0 1.0 0.0 0.0 0.0 0.0 0.0 0.0 0.0
	0.0 0.9 0.1 0.0 0.0 0.0 0.0 0.0 0.0
	0.0 0.0 0.9 0.1 0.0 0.0 0.0 0.0 0.0
	0.0 0.0 0.0 0.9 0.1 0.0 0.0 0.0 0.0
	0.0 0.0 0.0 0.0 0.9 0.1 0.0 0.0 0.0
	0.0 0.0 0.0 0.0 0.0 0.9 0.1 0.0 0.0
	0.0 0.0 0.0 0.0 0.0 0.0 0.9 0.1 0.0
	0.0 0.0 0.0 0.0 0.0 0.0 0.0 0.9 0.1
	0.0 0.0 0.0 0.0 0.0 0.0 0.0 0.0 0.0
<EndHMM>
