~o
<STREAMINFO> 1 12
<VECSIZE> 12<NULLD><MFCC_Z><DIAGC>
~h "s052"
<BEGINHMM>
<NUMSTATES> 12
<STATE> 2
<MEAN> 12
 -1.231141e+01 -7.810105e-02 3.099298e+00 1.239765e+01 1.013814e+00 4.802913e+00 8.270808e+00 1.243696e+01 7.536767e+00 5.661067e+00 1.141995e+01 3.324920e+00
<VARIANCE> 12
 1.187681e+01 1.064255e+01 5.751121e+00 1.491841e+01 1.129045e+01 3.046656e+01 5.682100e+01 1.458851e+01 1.268800e+01 2.466539e+01 1.185188e+01 5.675076e+00
<GCONST> 5.386132e+01
<STATE> 3
<MEAN> 12
 6.427777e+00 2.225832e-01 -8.587564e+00 4.820537e+00 7.986743e-01 -1.129172e+01 -1.555541e+01 -2.409187e+00 -3.091465e+00 -4.414018e+00 -2.352224e+00 -6.624714e+00
<VARIANCE> 12
 6.799434e+00 2.052531e+00 4.378395e+01 1.491841e+01 1.129045e+01 8.789443e+00 1.467383e+01 1.458851e+01 1.272431e+01 2.748419e+01 2.447161e+01 1.632102e+01
<GCONST> 5.298320e+01
<STATE> 4
<MEAN> 12
 5.965009e+00 3.582487e-01 -6.673227e+00 9.552442e-01 -5.561418e+00 -1.182248e+01 -1.224089e+01 1.429683e+01 -5.329717e+00 -4.879430e+00 -5.893499e+00 -1.083470e+01
<VARIANCE> 12
 1.187454e+01 8.791098e+00 4.182370e+01 3.138526e+01 1.129045e+01 2.077708e+01 1.467383e+01 2.973532e+01 2.077116e+01 1.528421e+01 1.488021e+01 5.675076e+00
<GCONST> 5.561518e+01
<STATE> 5
<MEAN> 12
 -3.062643e+00 4.951100e+00 2.784084e+00 -1.606661e+01 -6.214072e+00 2.355877e+00 -7.828988e+00 9.085008e+00 -9.056262e-01 -5.347018e+00 -7.381759e+00 -5.020304e+00
<VARIANCE> 12
 4.764849e+00 2.052531e+00 1.047818e+01 1.491841e+01 1.129045e+01 2.493954e+01 3.756702e+01 2.730775e+01 6.588835e+00 8.269261e+00 8.774990e+00 8.374157e+00
<GCONST> 5.025544e+01
<STATE> 6
<MEAN> 12
 7.437445e-01 -2.828958e-01 -4.758080e+00 -5.541118e+00 -9.439200e+00 1.552896e+00 5.602793e+00 -8.141900e+00 -5.321409e+00 -2.707184e+00 -2.712848e+00 2.547290e+00
<VARIANCE> 12
 4.764849e+00 2.813599e+00 7.128562e+00 2.498695e+01 2.657785e+01 7.449492e+01 2.287486e+01 2.037029e+01 1.919521e+01 1.794600e+01 2.064048e+01 1.584432e+01
<GCONST> 5.519974e+01
<STATE> 7
<MEAN> 12
 -3.435523e+00 4.310072e+00 -1.955235e+00 -1.044576e+01 -1.060858e+00 4.132139e+00 -5.581681e+00 7.349136e+00 1.264665e+00 -8.221454e+00 2.339649e-01 3.387199e-01
<VARIANCE> 12
 4.764849e+00 5.398229e+00 5.751121e+00 1.491841e+01 1.129045e+01 8.535095e+00 1.602473e+01 2.892738e+01 1.241288e+01 8.269261e+00 2.804634e+01 2.398573e+01
<GCONST> 5.160352e+01
<STATE> 8
<MEAN> 12
 -3.157096e-01 2.220507e+00 2.181981e+00 -5.066152e+00 1.333727e+00 2.524322e-01 3.819554e+00 2.965943e+00 4.372194e+00 1.645803e+00 3.750872e+00 8.744601e+00
<VARIANCE> 12
 5.697764e+00 2.052531e+00 5.751121e+00 1.823265e+01 1.129045e+01 8.535095e+00 3.447850e+01 1.592106e+01 1.727966e+01 8.269261e+00 8.254369e+00 6.035463e+00
<GCONST> 4.891288e+01
<STATE> 9
<MEAN> 12
 5.167953e+00 9.252290e-01 4.778520e+00 6.437977e+00 4.243686e+00 2.990349e+00 1.498073e+01 -9.490794e+00 -1.015459e+00 4.299993e+00 -1.170231e+00 -1.001368e-01
<VARIANCE> 12
 4.764849e+00 2.385308e+00 5.751121e+00 1.491841e+01 1.129045e+01 8.535095e+00 1.467383e+01 1.458851e+01 6.193259e+00 2.752573e+01 1.164676e+01 8.032980e+00
<GCONST> 4.854872e+01
<STATE> 10
<MEAN> 12
 2.822334e+00 -5.525333e+00 8.445926e+00 1.314161e+01 9.886341e+00 -2.623986e+00 3.543435e+00 -6.654942e+00 5.873040e+00 1.222884e+01 -9.186169e-01 3.220022e+00
<VARIANCE> 12
 4.764849e+00 2.052531e+00 7.564788e+00 1.491841e+01 3.077695e+01 1.317323e+01 3.996774e+01 1.458851e+01 6.768085e+00 1.266427e+01 9.595431e+00 1.434484e+01
<GCONST> 5.080991e+01
<STATE> 11
<MEAN> 12
 7.401407e-01 -1.897817e+00 2.406271e+00 -9.160301e-01 1.361959e+01 4.223377e+00 -4.736197e+00 -6.489040e+00 1.415192e+00 -4.971625e-01 7.352192e+00 1.289864e+00
<VARIANCE> 12
 4.764849e+00 1.418863e+01 5.751121e+00 1.625166e+01 1.947603e+01 1.078019e+01 2.867091e+01 1.458851e+01 2.011554e+01 2.020433e+01 6.725562e+00 4.525098e+01
<GCONST> 5.391436e+01
<TRANSP> 12
 0.000000e+00 1.000000e+00 0.000000e+00 0.000000e+00 0.000000e+00 0.000000e+00 0.000000e+00 0.000000e+00 0.000000e+00 0.000000e+00 0.000000e+00 0.000000e+00
 0.000000e+00 8.749998e-01 1.250001e-01 0.000000e+00 0.000000e+00 0.000000e+00 0.000000e+00 0.000000e+00 0.000000e+00 0.000000e+00 0.000000e+00 0.000000e+00
 0.000000e+00 0.000000e+00 7.792013e-01 2.207987e-01 0.000000e+00 0.000000e+00 0.000000e+00 0.000000e+00 0.000000e+00 0.000000e+00 0.000000e+00 0.000000e+00
 0.000000e+00 0.000000e+00 0.000000e+00 8.543501e-01 1.456499e-01 0.000000e+00 0.000000e+00 0.000000e+00 0.000000e+00 0.000000e+00 0.000000e+00 0.000000e+00
 0.000000e+00 0.000000e+00 0.000000e+00 0.000000e+00 8.499239e-01 1.500761e-01 0.000000e+00 0.000000e+00 0.000000e+00 0.000000e+00 0.000000e+00 0.000000e+00
 0.000000e+00 0.000000e+00 0.000000e+00 0.000000e+00 0.000000e+00 9.410594e-01 5.894059e-02 0.000000e+00 0.000000e+00 0.000000e+00 0.000000e+00 0.000000e+00
 0.000000e+00 0.000000e+00 0.000000e+00 0.000000e+00 0.000000e+00 0.000000e+00 8.575150e-01 1.424850e-01 0.000000e+00 0.000000e+00 0.000000e+00 0.000000e+00
 0.000000e+00 0.000000e+00 0.000000e+00 0.000000e+00 0.000000e+00 0.000000e+00 0.000000e+00 6.172321e-01 3.827679e-01 0.000000e+00 0.000000e+00 0.000000e+00
 0.000000e+00 0.000000e+00 0.000000e+00 0.000000e+00 0.000000e+00 0.000000e+00 0.000000e+00 0.000000e+00 8.036041e-01 1.963959e-01 0.000000e+00 0.000000e+00
 0.000000e+00 0.000000e+00 0.000000e+00 0.000000e+00 0.000000e+00 0.000000e+00 0.000000e+00 0.000000e+00 0.000000e+00 9.023659e-01 9.763414e-02 0.000000e+00
 0.000000e+00 0.000000e+00 0.000000e+00 0.000000e+00 0.000000e+00 0.000000e+00 0.000000e+00 0.000000e+00 0.000000e+00 0.000000e+00 8.751684e-01 1.248316e-01
 0.000000e+00 0.000000e+00 0.000000e+00 0.000000e+00 0.000000e+00 0.000000e+00 0.000000e+00 0.000000e+00 0.000000e+00 0.000000e+00 0.000000e+00 0.000000e+00
<ENDHMM>
