~o
<STREAMINFO> 1 12
<VECSIZE> 12<NULLD><MFCC_Z><DIAGC>
~h "T13771896663"
<BEGINHMM>
<NUMSTATES> 8
<STATE> 2
<MEAN> 12
 -7.402512e-08 -7.114103e-08 -1.518957e-07 -2.355345e-07 7.714956e-08 -3.893529e-08 4.037734e-08 -6.537284e-08 8.844560e-08 -1.076729e-07 0.000000e+00 -1.153638e-08
<VARIANCE> 12
 3.198296e+01 8.443129e+00 8.558505e+01 3.787267e+01 3.330944e+01 2.944979e+01 2.119397e+01 3.362173e+01 1.868583e+01 2.861400e+01 1.777537e+01 1.896262e+01
<GCONST> 6.129619e+01
<STATE> 3
<MEAN> 12
 -7.402512e-08 -7.114103e-08 -1.518957e-07 -2.355345e-07 7.714956e-08 -3.893529e-08 4.037734e-08 -6.537284e-08 8.844560e-08 -1.076729e-07 0.000000e+00 -1.153638e-08
<VARIANCE> 12
 3.198296e+01 8.443129e+00 8.558505e+01 3.787267e+01 3.330944e+01 2.944979e+01 2.119397e+01 3.362173e+01 1.868583e+01 2.861400e+01 1.777537e+01 1.896262e+01
<GCONST> 6.129619e+01
<STATE> 4
<MEAN> 12
 -7.402512e-08 -7.114103e-08 -1.518957e-07 -2.355345e-07 7.714956e-08 -3.893529e-08 4.037734e-08 -6.537284e-08 8.844560e-08 -1.076729e-07 0.000000e+00 -1.153638e-08
<VARIANCE> 12
 3.198296e+01 8.443129e+00 8.558505e+01 3.787267e+01 3.330944e+01 2.944979e+01 2.119397e+01 3.362173e+01 1.868583e+01 2.861400e+01 1.777537e+01 1.896262e+01
<GCONST> 6.129619e+01
<STATE> 5
<MEAN> 12
 -7.402512e-08 -7.114103e-08 -1.518957e-07 -2.355345e-07 7.714956e-08 -3.893529e-08 4.037734e-08 -6.537284e-08 8.844560e-08 -1.076729e-07 0.000000e+00 -1.153638e-08
<VARIANCE> 12
 3.198296e+01 8.443129e+00 8.558505e+01 3.787267e+01 3.330944e+01 2.944979e+01 2.119397e+01 3.362173e+01 1.868583e+01 2.861400e+01 1.777537e+01 1.896262e+01
<GCONST> 6.129619e+01
<STATE> 6
<MEAN> 12
 -7.402512e-08 -7.114103e-08 -1.518957e-07 -2.355345e-07 7.714956e-08 -3.893529e-08 4.037734e-08 -6.537284e-08 8.844560e-08 -1.076729e-07 0.000000e+00 -1.153638e-08
<VARIANCE> 12
 3.198296e+01 8.443129e+00 8.558505e+01 3.787267e+01 3.330944e+01 2.944979e+01 2.119397e+01 3.362173e+01 1.868583e+01 2.861400e+01 1.777537e+01 1.896262e+01
<GCONST> 6.129619e+01
<STATE> 7
<MEAN> 12
 -7.402512e-08 -7.114103e-08 -1.518957e-07 -2.355345e-07 7.714956e-08 -3.893529e-08 4.037734e-08 -6.537284e-08 8.844560e-08 -1.076729e-07 0.000000e+00 -1.153638e-08
<VARIANCE> 12
 3.198296e+01 8.443129e+00 8.558505e+01 3.787267e+01 3.330944e+01 2.944979e+01 2.119397e+01 3.362173e+01 1.868583e+01 2.861400e+01 1.777537e+01 1.896262e+01
<GCONST> 6.129619e+01
<TRANSP> 8
 0.000000e+00 1.000000e+00 0.000000e+00 0.000000e+00 0.000000e+00 0.000000e+00 0.000000e+00 0.000000e+00
 0.000000e+00 9.000000e-01 9.999999e-02 0.000000e+00 0.000000e+00 0.000000e+00 0.000000e+00 0.000000e+00
 0.000000e+00 0.000000e+00 9.000000e-01 9.999999e-02 0.000000e+00 0.000000e+00 0.000000e+00 0.000000e+00
 0.000000e+00 0.000000e+00 0.000000e+00 9.000000e-01 9.999999e-02 0.000000e+00 0.000000e+00 0.000000e+00
 0.000000e+00 0.000000e+00 0.000000e+00 0.000000e+00 9.000000e-01 9.999999e-02 0.000000e+00 0.000000e+00
 0.000000e+00 0.000000e+00 0.000000e+00 0.000000e+00 0.000000e+00 9.000000e-01 9.999999e-02 0.000000e+00
 0.000000e+00 0.000000e+00 0.000000e+00 0.000000e+00 0.000000e+00 0.000000e+00 9.000000e-01 9.999999e-02
 0.000000e+00 0.000000e+00 0.000000e+00 0.000000e+00 0.000000e+00 0.000000e+00 0.000000e+00 0.000000e+00
<ENDHMM>
