~o
<STREAMINFO> 1 12
<VECSIZE> 12<NULLD><MFCC_Z><DIAGC>
~h "s047"
<BEGINHMM>
<NUMSTATES> 12
<STATE> 2
<MEAN> 12
 2.029065e+00 -6.620279e-01 -6.754947e+00 -7.719993e-01 2.226593e+00 -1.119732e+00 -3.480546e+00 -1.092001e+00 1.475313e+00 1.360212e+00 4.906943e+00 1.675985e+00
<VARIANCE> 12
 1.447377e+01 9.060192e+00 9.408751e+01 3.065745e+01 4.202444e+01 8.738510e+00 2.996832e+01 2.154700e+01 1.260388e+01 8.628297e+01 1.679656e+01 8.913813e+00
<GCONST> 5.927464e+01
<STATE> 3
<MEAN> 12
 -6.618394e-01 -2.213007e+00 -1.003832e+01 4.620504e-01 4.651455e+00 -1.000816e+00 -3.519410e-01 -1.929260e-01 -3.149167e-01 -4.001236e+00 2.781019e+00 2.861127e+00
<VARIANCE> 12
 8.907927e+00 8.448111e+00 6.265675e+01 3.868279e+01 2.224332e+01 8.738510e+00 1.039633e+01 2.259143e+01 1.645753e+01 5.159398e+01 2.495726e+01 1.154182e+01
<GCONST> 5.730462e+01
<STATE> 4
<MEAN> 12
 -9.918986e-01 -2.035488e+00 -6.104447e+00 -1.610312e+00 3.300970e+00 -9.324471e-01 1.427844e-01 6.875558e-01 -5.546619e-01 -2.729181e+00 9.034888e-01 1.905947e+00
<VARIANCE> 12
 7.369527e+00 6.541812e+00 8.813322e+01 3.869435e+01 1.746088e+01 1.327203e+01 9.521195e+00 2.192195e+01 1.642388e+01 3.602137e+01 2.535538e+01 1.735244e+01
<GCONST> 5.732084e+01
<STATE> 5
<MEAN> 12
 -7.538046e-01 -1.215853e+00 -3.225629e+00 -2.899010e+00 2.132801e+00 -1.504740e+00 2.009475e-01 1.450976e+00 -3.356010e-01 -6.434688e-01 2.785549e-01 3.978254e-01
<VARIANCE> 12
 8.633675e+00 6.829390e+00 9.532069e+01 3.314923e+01 1.886180e+01 2.082776e+01 8.693478e+00 2.027506e+01 1.431821e+01 2.454775e+01 2.179352e+01 1.807030e+01
<GCONST> 5.717312e+01
<STATE> 6
<MEAN> 12
 -2.996689e-01 -2.050143e-01 -3.155617e+00 -2.310443e+00 6.429228e-01 -2.439299e+00 2.828033e-01 1.764566e+00 6.840260e-02 7.501069e-01 -1.092991e-01 -3.632591e-01
<VARIANCE> 12
 9.177852e+00 8.216508e+00 9.744765e+01 3.167329e+01 2.628745e+01 2.511016e+01 7.989007e+00 1.916369e+01 1.222597e+01 2.301813e+01 1.834797e+01 1.608916e+01
<GCONST> 5.726321e+01
<STATE> 7
<MEAN> 12
 6.626775e-01 1.055575e+00 -2.888260e+00 -1.590084e+00 -1.647280e+00 -3.279521e+00 3.918115e-01 8.047235e-01 8.943077e-01 2.113431e+00 -9.727353e-01 -4.629597e-01
<VARIANCE> 12
 9.025863e+00 8.294654e+00 9.662785e+01 2.921767e+01 2.878700e+01 2.463853e+01 8.044787e+00 2.408194e+01 1.205676e+01 2.694806e+01 1.520215e+01 1.690414e+01
<GCONST> 5.747913e+01
<STATE> 8
<MEAN> 12
 1.675702e+00 2.153057e+00 4.882178e-01 -1.255151e+00 -3.839175e+00 -3.270489e+00 2.236217e-01 -7.998515e-01 1.520416e+00 2.847560e+00 -1.947441e+00 -8.492853e-01
<VARIANCE> 12
 8.200749e+00 5.792978e+00 1.034698e+02 2.760375e+01 2.198982e+01 2.703881e+01 8.663002e+00 2.969931e+01 1.342158e+01 3.079485e+01 1.194816e+01 1.972066e+01
<GCONST> 5.729712e+01
<STATE> 9
<MEAN> 12
 1.601861e+00 2.407262e+00 6.390608e+00 7.406478e-02 -4.764521e+00 -1.078305e+00 -1.263071e-01 -1.567173e+00 8.177595e-01 1.868717e+00 -2.438194e+00 -1.784927e+00
<VARIANCE> 12
 9.523009e+00 3.862940e+00 9.226254e+01 2.898152e+01 1.593311e+01 4.405582e+01 8.901840e+00 3.049789e+01 1.866284e+01 3.649333e+01 1.008250e+01 1.955769e+01
<GCONST> 5.751656e+01
<STATE> 10
<MEAN> 12
 -2.528896e-01 1.430414e+00 1.173266e+01 3.125453e+00 -3.530639e+00 4.021080e+00 2.332961e-01 -1.004405e+00 -1.281247e+00 -3.967705e-01 -2.178105e+00 -2.304505e+00
<VARIANCE> 12
 1.233220e+01 4.607328e+00 4.809267e+01 2.814215e+01 1.866716e+01 6.219611e+01 1.006309e+01 2.559933e+01 2.285534e+01 3.652213e+01 9.830550e+00 1.422763e+01
<GCONST> 5.758107e+01
<STATE> 11
<MEAN> 12
 -3.009202e+00 -7.149502e-01 1.355569e+01 6.775578e+00 8.269678e-01 1.060450e+01 2.483523e+00 -5.151889e-02 -2.289778e+00 -1.169350e+00 -1.224108e+00 -1.075933e+00
<VARIANCE> 12
 7.612355e+00 4.942339e+00 2.731392e+01 1.811305e+01 2.684157e+01 4.580431e+01 1.204724e+01 1.415859e+01 1.912511e+01 2.929907e+01 8.469372e+00 1.311893e+01
<GCONST> 5.517872e+01
<TRANSP> 12
 0.000000e+00 1.000000e+00 0.000000e+00 0.000000e+00 0.000000e+00 0.000000e+00 0.000000e+00 0.000000e+00 0.000000e+00 0.000000e+00 0.000000e+00 0.000000e+00
 0.000000e+00 8.611112e-01 1.388889e-01 0.000000e+00 0.000000e+00 0.000000e+00 0.000000e+00 0.000000e+00 0.000000e+00 0.000000e+00 0.000000e+00 0.000000e+00
 0.000000e+00 0.000000e+00 8.611111e-01 1.388889e-01 0.000000e+00 0.000000e+00 0.000000e+00 0.000000e+00 0.000000e+00 0.000000e+00 0.000000e+00 0.000000e+00
 0.000000e+00 0.000000e+00 0.000000e+00 8.611110e-01 1.388889e-01 0.000000e+00 0.000000e+00 0.000000e+00 0.000000e+00 0.000000e+00 0.000000e+00 0.000000e+00
 0.000000e+00 0.000000e+00 0.000000e+00 0.000000e+00 8.611111e-01 1.388889e-01 0.000000e+00 0.000000e+00 0.000000e+00 0.000000e+00 0.000000e+00 0.000000e+00
 0.000000e+00 0.000000e+00 0.000000e+00 0.000000e+00 0.000000e+00 8.611110e-01 1.388889e-01 0.000000e+00 0.000000e+00 0.000000e+00 0.000000e+00 0.000000e+00
 0.000000e+00 0.000000e+00 0.000000e+00 0.000000e+00 0.000000e+00 0.000000e+00 8.611112e-01 1.388889e-01 0.000000e+00 0.000000e+00 0.000000e+00 0.000000e+00
 0.000000e+00 0.000000e+00 0.000000e+00 0.000000e+00 0.000000e+00 0.000000e+00 0.000000e+00 8.611111e-01 1.388889e-01 0.000000e+00 0.000000e+00 0.000000e+00
 0.000000e+00 0.000000e+00 0.000000e+00 0.000000e+00 0.000000e+00 0.000000e+00 0.000000e+00 0.000000e+00 8.611111e-01 1.388889e-01 0.000000e+00 0.000000e+00
 0.000000e+00 0.000000e+00 0.000000e+00 0.000000e+00 0.000000e+00 0.000000e+00 0.000000e+00 0.000000e+00 0.000000e+00 8.611111e-01 1.388889e-01 0.000000e+00
 0.000000e+00 0.000000e+00 0.000000e+00 0.000000e+00 0.000000e+00 0.000000e+00 0.000000e+00 0.000000e+00 0.000000e+00 0.000000e+00 8.611110e-01 1.388889e-01
 0.000000e+00 0.000000e+00 0.000000e+00 0.000000e+00 0.000000e+00 0.000000e+00 0.000000e+00 0.000000e+00 0.000000e+00 0.000000e+00 0.000000e+00 0.000000e+00
<ENDHMM>
