~o
<STREAMINFO> 1 12
<VECSIZE> 12<NULLD><MFCC_Z><DIAGC>
~h "s053"
<BEGINHMM>
<NUMSTATES> 10
<STATE> 2
<MEAN> 12
 -1.100393e-07 7.335957e-08 4.401574e-08 1.173753e-07 1.907349e-07 -5.868765e-08 -5.208529e-07 -3.007742e-07 -7.335956e-09 2.934383e-08 -1.980708e-07 -3.667978e-08
<VARIANCE> 12
 1.016528e+01 7.034417e+01 7.237183e+01 1.490051e+02 5.483845e+01 4.470856e+01 8.160160e+01 7.664634e+01 5.653661e+01 5.343963e+01 3.200521e+01 4.119009e+01
<GCONST> 6.965585e+01
<STATE> 3
<MEAN> 12
 -1.100393e-07 7.335957e-08 4.401574e-08 1.173753e-07 1.907349e-07 -5.868765e-08 -5.208529e-07 -3.007742e-07 -7.335956e-09 2.934383e-08 -1.980708e-07 -3.667978e-08
<VARIANCE> 12
 1.016528e+01 7.034417e+01 7.237183e+01 1.490051e+02 5.483845e+01 4.470856e+01 8.160160e+01 7.664634e+01 5.653661e+01 5.343963e+01 3.200521e+01 4.119009e+01
<GCONST> 6.965585e+01
<STATE> 4
<MEAN> 12
 -1.100393e-07 7.335957e-08 4.401574e-08 1.173753e-07 1.907349e-07 -5.868765e-08 -5.208529e-07 -3.007742e-07 -7.335956e-09 2.934383e-08 -1.980708e-07 -3.667978e-08
<VARIANCE> 12
 1.016528e+01 7.034417e+01 7.237183e+01 1.490051e+02 5.483845e+01 4.470856e+01 8.160160e+01 7.664634e+01 5.653661e+01 5.343963e+01 3.200521e+01 4.119009e+01
<GCONST> 6.965585e+01
<STATE> 5
<MEAN> 12
 -1.100393e-07 7.335957e-08 4.401574e-08 1.173753e-07 1.907349e-07 -5.868765e-08 -5.208529e-07 -3.007742e-07 -7.335956e-09 2.934383e-08 -1.980708e-07 -3.667978e-08
<VARIANCE> 12
 1.016528e+01 7.034417e+01 7.237183e+01 1.490051e+02 5.483845e+01 4.470856e+01 8.160160e+01 7.664634e+01 5.653661e+01 5.343963e+01 3.200521e+01 4.119009e+01
<GCONST> 6.965585e+01
<STATE> 6
<MEAN> 12
 -1.100393e-07 7.335957e-08 4.401574e-08 1.173753e-07 1.907349e-07 -5.868765e-08 -5.208529e-07 -3.007742e-07 -7.335956e-09 2.934383e-08 -1.980708e-07 -3.667978e-08
<VARIANCE> 12
 1.016528e+01 7.034417e+01 7.237183e+01 1.490051e+02 5.483845e+01 4.470856e+01 8.160160e+01 7.664634e+01 5.653661e+01 5.343963e+01 3.200521e+01 4.119009e+01
<GCONST> 6.965585e+01
<STATE> 7
<MEAN> 12
 -1.100393e-07 7.335957e-08 4.401574e-08 1.173753e-07 1.907349e-07 -5.868765e-08 -5.208529e-07 -3.007742e-07 -7.335956e-09 2.934383e-08 -1.980708e-07 -3.667978e-08
<VARIANCE> 12
 1.016528e+01 7.034417e+01 7.237183e+01 1.490051e+02 5.483845e+01 4.470856e+01 8.160160e+01 7.664634e+01 5.653661e+01 5.343963e+01 3.200521e+01 4.119009e+01
<GCONST> 6.965585e+01
<STATE> 8
<MEAN> 12
 -1.100393e-07 7.335957e-08 4.401574e-08 1.173753e-07 1.907349e-07 -5.868765e-08 -5.208529e-07 -3.007742e-07 -7.335956e-09 2.934383e-08 -1.980708e-07 -3.667978e-08
<VARIANCE> 12
 1.016528e+01 7.034417e+01 7.237183e+01 1.490051e+02 5.483845e+01 4.470856e+01 8.160160e+01 7.664634e+01 5.653661e+01 5.343963e+01 3.200521e+01 4.119009e+01
<GCONST> 6.965585e+01
<STATE> 9
<MEAN> 12
 -1.100393e-07 7.335957e-08 4.401574e-08 1.173753e-07 1.907349e-07 -5.868765e-08 -5.208529e-07 -3.007742e-07 -7.335956e-09 2.934383e-08 -1.980708e-07 -3.667978e-08
<VARIANCE> 12
 1.016528e+01 7.034417e+01 7.237183e+01 1.490051e+02 5.483845e+01 4.470856e+01 8.160160e+01 7.664634e+01 5.653661e+01 5.343963e+01 3.200521e+01 4.119009e+01
<GCONST> 6.965585e+01
<TRANSP> 10
 0.000000e+00 1.000000e+00 0.000000e+00 0.000000e+00 0.000000e+00 0.000000e+00 0.000000e+00 0.000000e+00 0.000000e+00 0.000000e+00
 0.000000e+00 9.000000e-01 9.999999e-02 0.000000e+00 0.000000e+00 0.000000e+00 0.000000e+00 0.000000e+00 0.000000e+00 0.000000e+00
 0.000000e+00 0.000000e+00 9.000000e-01 9.999999e-02 0.000000e+00 0.000000e+00 0.000000e+00 0.000000e+00 0.000000e+00 0.000000e+00
 0.000000e+00 0.000000e+00 0.000000e+00 9.000000e-01 9.999999e-02 0.000000e+00 0.000000e+00 0.000000e+00 0.000000e+00 0.000000e+00
 0.000000e+00 0.000000e+00 0.000000e+00 0.000000e+00 9.000000e-01 9.999999e-02 0.000000e+00 0.000000e+00 0.000000e+00 0.000000e+00
 0.000000e+00 0.000000e+00 0.000000e+00 0.000000e+00 0.000000e+00 9.000000e-01 9.999999e-02 0.000000e+00 0.000000e+00 0.000000e+00
 0.000000e+00 0.000000e+00 0.000000e+00 0.000000e+00 0.000000e+00 0.000000e+00 9.000000e-01 9.999999e-02 0.000000e+00 0.000000e+00
 0.000000e+00 0.000000e+00 0.000000e+00 0.000000e+00 0.000000e+00 0.000000e+00 0.000000e+00 9.000000e-01 9.999999e-02 0.000000e+00
 0.000000e+00 0.000000e+00 0.000000e+00 0.000000e+00 0.000000e+00 0.000000e+00 0.000000e+00 0.000000e+00 9.000000e-01 9.999999e-02
 0.000000e+00 0.000000e+00 0.000000e+00 0.000000e+00 0.000000e+00 0.000000e+00 0.000000e+00 0.000000e+00 0.000000e+00 0.000000e+00
<ENDHMM>
