~o
<STREAMINFO> 1 12
<VECSIZE> 12<NULLD><MFCC_Z><DIAGC>
~h "s024"
<BEGINHMM>
<NUMSTATES> 10
<STATE> 2
<MEAN> 12
 -2.702077e-07 -1.851718e-06 3.496806e-07 3.178914e-07 -4.768372e-08 -2.225240e-07 1.112620e-07 -3.178914e-07 -1.986821e-07 -1.271566e-07 6.834666e-07 -6.437302e-07
<VARIANCE> 12
 1.694633e+01 1.146520e+02 1.010789e+02 8.875388e+01 3.458892e+01 5.059658e+01 1.069907e+02 7.103461e+01 4.206116e+01 6.362638e+01 3.094201e+01 4.742014e+01
<GCONST> 7.031489e+01
<STATE> 3
<MEAN> 12
 -2.702077e-07 -1.851718e-06 3.496806e-07 3.178914e-07 -4.768372e-08 -2.225240e-07 1.112620e-07 -3.178914e-07 -1.986821e-07 -1.271566e-07 6.834666e-07 -6.437302e-07
<VARIANCE> 12
 1.694633e+01 1.146520e+02 1.010789e+02 8.875388e+01 3.458892e+01 5.059658e+01 1.069907e+02 7.103461e+01 4.206116e+01 6.362638e+01 3.094201e+01 4.742014e+01
<GCONST> 7.031489e+01
<STATE> 4
<MEAN> 12
 -2.702077e-07 -1.851718e-06 3.496806e-07 3.178914e-07 -4.768372e-08 -2.225240e-07 1.112620e-07 -3.178914e-07 -1.986821e-07 -1.271566e-07 6.834666e-07 -6.437302e-07
<VARIANCE> 12
 1.694633e+01 1.146520e+02 1.010789e+02 8.875388e+01 3.458892e+01 5.059658e+01 1.069907e+02 7.103461e+01 4.206116e+01 6.362638e+01 3.094201e+01 4.742014e+01
<GCONST> 7.031489e+01
<STATE> 5
<MEAN> 12
 -2.702077e-07 -1.851718e-06 3.496806e-07 3.178914e-07 -4.768372e-08 -2.225240e-07 1.112620e-07 -3.178914e-07 -1.986821e-07 -1.271566e-07 6.834666e-07 -6.437302e-07
<VARIANCE> 12
 1.694633e+01 1.146520e+02 1.010789e+02 8.875388e+01 3.458892e+01 5.059658e+01 1.069907e+02 7.103461e+01 4.206116e+01 6.362638e+01 3.094201e+01 4.742014e+01
<GCONST> 7.031489e+01
<STATE> 6
<MEAN> 12
 -2.702077e-07 -1.851718e-06 3.496806e-07 3.178914e-07 -4.768372e-08 -2.225240e-07 1.112620e-07 -3.178914e-07 -1.986821e-07 -1.271566e-07 6.834666e-07 -6.437302e-07
<VARIANCE> 12
 1.694633e+01 1.146520e+02 1.010789e+02 8.875388e+01 3.458892e+01 5.059658e+01 1.069907e+02 7.103461e+01 4.206116e+01 6.362638e+01 3.094201e+01 4.742014e+01
<GCONST> 7.031489e+01
<STATE> 7
<MEAN> 12
 -2.702077e-07 -1.851718e-06 3.496806e-07 3.178914e-07 -4.768372e-08 -2.225240e-07 1.112620e-07 -3.178914e-07 -1.986821e-07 -1.271566e-07 6.834666e-07 -6.437302e-07
<VARIANCE> 12
 1.694633e+01 1.146520e+02 1.010789e+02 8.875388e+01 3.458892e+01 5.059658e+01 1.069907e+02 7.103461e+01 4.206116e+01 6.362638e+01 3.094201e+01 4.742014e+01
<GCONST> 7.031489e+01
<STATE> 8
<MEAN> 12
 -2.702077e-07 -1.851718e-06 3.496806e-07 3.178914e-07 -4.768372e-08 -2.225240e-07 1.112620e-07 -3.178914e-07 -1.986821e-07 -1.271566e-07 6.834666e-07 -6.437302e-07
<VARIANCE> 12
 1.694633e+01 1.146520e+02 1.010789e+02 8.875388e+01 3.458892e+01 5.059658e+01 1.069907e+02 7.103461e+01 4.206116e+01 6.362638e+01 3.094201e+01 4.742014e+01
<GCONST> 7.031489e+01
<STATE> 9
<MEAN> 12
 -2.702077e-07 -1.851718e-06 3.496806e-07 3.178914e-07 -4.768372e-08 -2.225240e-07 1.112620e-07 -3.178914e-07 -1.986821e-07 -1.271566e-07 6.834666e-07 -6.437302e-07
<VARIANCE> 12
 1.694633e+01 1.146520e+02 1.010789e+02 8.875388e+01 3.458892e+01 5.059658e+01 1.069907e+02 7.103461e+01 4.206116e+01 6.362638e+01 3.094201e+01 4.742014e+01
<GCONST> 7.031489e+01
<TRANSP> 10
 0.000000e+00 1.000000e+00 0.000000e+00 0.000000e+00 0.000000e+00 0.000000e+00 0.000000e+00 0.000000e+00 0.000000e+00 0.000000e+00
 0.000000e+00 9.000000e-01 9.999999e-02 0.000000e+00 0.000000e+00 0.000000e+00 0.000000e+00 0.000000e+00 0.000000e+00 0.000000e+00
 0.000000e+00 0.000000e+00 9.000000e-01 9.999999e-02 0.000000e+00 0.000000e+00 0.000000e+00 0.000000e+00 0.000000e+00 0.000000e+00
 0.000000e+00 0.000000e+00 0.000000e+00 9.000000e-01 9.999999e-02 0.000000e+00 0.000000e+00 0.000000e+00 0.000000e+00 0.000000e+00
 0.000000e+00 0.000000e+00 0.000000e+00 0.000000e+00 9.000000e-01 9.999999e-02 0.000000e+00 0.000000e+00 0.000000e+00 0.000000e+00
 0.000000e+00 0.000000e+00 0.000000e+00 0.000000e+00 0.000000e+00 9.000000e-01 9.999999e-02 0.000000e+00 0.000000e+00 0.000000e+00
 0.000000e+00 0.000000e+00 0.000000e+00 0.000000e+00 0.000000e+00 0.000000e+00 9.000000e-01 9.999999e-02 0.000000e+00 0.000000e+00
 0.000000e+00 0.000000e+00 0.000000e+00 0.000000e+00 0.000000e+00 0.000000e+00 0.000000e+00 9.000000e-01 9.999999e-02 0.000000e+00
 0.000000e+00 0.000000e+00 0.000000e+00 0.000000e+00 0.000000e+00 0.000000e+00 0.000000e+00 0.000000e+00 9.000000e-01 9.999999e-02
 0.000000e+00 0.000000e+00 0.000000e+00 0.000000e+00 0.000000e+00 0.000000e+00 0.000000e+00 0.000000e+00 0.000000e+00 0.000000e+00
<ENDHMM>
