~o
<STREAMINFO> 1 12
<VECSIZE> 12<NULLD><MFCC_Z><DIAGC>
~h "s030"
<BEGINHMM>
<NUMSTATES> 7
<STATE> 2
<MEAN> 12
 5.259261e+00 -4.701164e+00 -1.755416e+01 6.650018e+00 -1.956226e+00 -1.108950e+01 -5.689258e+00 1.396205e+00 1.730232e+00 -3.684857e-01 -6.971590e+00 -1.641865e-01
<VARIANCE> 12
 3.261063e+00 8.749965e+00 3.572836e+01 7.438463e+00 1.028517e+01 1.838882e+01 2.232286e+01 4.884968e+01 3.916825e+01 7.247859e+01 3.713647e+01 8.275921e+00
<GCONST> 5.690415e+01
<STATE> 3
<MEAN> 12
 1.715174e+00 -1.943050e+00 2.205763e+00 3.702653e+00 -1.694752e-01 -3.031425e+00 -3.528009e+00 1.246123e+01 -5.974547e+00 5.646981e+00 8.742531e+00 -9.434621e+00
<VARIANCE> 12
 6.762804e+00 3.112317e+01 1.821645e+01 2.759032e+01 3.854156e+01 3.161554e+01 6.003965e+00 1.626891e+01 1.445028e+01 6.955988e+00 1.687771e+01 5.879132e+00
<GCONST> 5.451849e+01
<STATE> 4
<MEAN> 12
 -3.610833e+00 7.718705e+00 6.424357e+00 1.323530e+00 3.208976e+00 1.109161e+00 1.127730e+00 7.928847e+00 2.019253e+00 3.903077e+00 5.852293e+00 -3.437454e+00
<VARIANCE> 12
 1.250243e+01 6.067628e+00 2.532184e+01 6.028061e+01 6.899683e+00 1.158756e+01 9.959793e+00 2.034607e+01 8.803488e+00 3.397601e+01 6.430975e+00 4.750411e+00
<GCONST> 5.252710e+01
<STATE> 5
<MEAN> 12
 -3.470213e+00 2.255174e+00 9.305018e+00 -6.239046e+00 4.604869e+00 1.092405e+01 -1.883143e-01 1.539879e-01 -4.431256e-01 -5.724538e+00 3.602411e-01 3.787487e+00
<VARIANCE> 12
 3.261063e+00 1.510482e+01 1.821645e+01 1.576240e+01 4.940337e+00 1.158756e+01 4.419148e+00 2.308389e+01 3.672848e+00 2.367455e+01 6.430975e+00 1.099270e+01
<GCONST> 4.900772e+01
<STATE> 6
<MEAN> 12
 1.348927e+00 -5.957582e+00 2.209047e+00 -4.484873e+00 -5.933834e+00 1.919066e+00 6.036387e+00 -1.533013e+01 -2.242776e+00 -1.076370e+00 -2.640561e+00 3.934728e+00
<VARIANCE> 12
 1.735743e+01 6.955211e+00 1.821645e+01 8.491127e+00 1.675051e+01 5.453861e+01 1.401402e+01 2.798081e+01 7.856602e+00 6.955988e+00 1.220180e+01 1.459616e+01
<GCONST> 5.386160e+01
<TRANSP> 7
 0.000000e+00 1.000000e+00 0.000000e+00 0.000000e+00 0.000000e+00 0.000000e+00 0.000000e+00
 0.000000e+00 9.098628e-01 9.013715e-02 0.000000e+00 0.000000e+00 0.000000e+00 0.000000e+00
 0.000000e+00 0.000000e+00 6.701556e-01 3.298444e-01 0.000000e+00 0.000000e+00 0.000000e+00
 0.000000e+00 0.000000e+00 0.000000e+00 9.212893e-01 7.871074e-02 0.000000e+00 0.000000e+00
 0.000000e+00 0.000000e+00 0.000000e+00 0.000000e+00 8.892933e-01 1.107068e-01 0.000000e+00
 0.000000e+00 0.000000e+00 0.000000e+00 0.000000e+00 0.000000e+00 9.013461e-01 9.865385e-02
 0.000000e+00 0.000000e+00 0.000000e+00 0.000000e+00 0.000000e+00 0.000000e+00 0.000000e+00
<ENDHMM>
