~o
<STREAMINFO> 1 12
<VECSIZE> 12<NULLD><MFCC_Z><DIAGC>
~h "s081"
<BEGINHMM>
<NUMSTATES> 7
<STATE> 2
<MEAN> 12
 -8.293896e-01 -6.581409e+00 -1.124919e+01 7.498457e+00 -3.536024e+00 -5.456144e+00 -1.520741e+00 -2.773200e+00 -2.489870e+00 -6.037845e+00 -1.301559e+00 -2.258395e+00
<VARIANCE> 12
 1.035727e+01 1.704931e+01 3.645335e+01 1.777317e+01 4.003672e+01 1.761925e+01 1.585267e+01 1.431445e+01 6.139386e+01 6.087124e+00 1.527509e+01 8.845732e+00
<GCONST> 5.651508e+01
<STATE> 3
<MEAN> 12
 7.590952e+00 9.966818e-01 -9.900408e+00 5.630162e+00 -2.693880e-01 -1.492764e+00 2.111601e+00 -4.737112e+00 7.111202e+00 -1.607326e-01 2.770292e+00 8.746431e-01
<VARIANCE> 12
 6.472248e+00 6.279569e+00 5.228832e+01 1.899704e+01 2.837702e+01 2.908412e+01 1.000619e+01 3.925206e+01 2.084352e+01 1.860982e+01 2.808612e+01 1.091671e+01
<GCONST> 5.703569e+01
<STATE> 4
<MEAN> 12
 -1.689358e+00 -3.941195e+00 9.629226e+00 7.186709e+00 4.283255e+00 5.045141e+00 6.475884e+00 -4.610014e+00 -8.933756e+00 4.287753e+00 1.229700e+00 7.032690e+00
<VARIANCE> 12
 9.770701e+00 5.538190e+00 3.642101e+01 2.524206e+01 6.092128e+00 9.053180e+01 1.988794e+01 5.198423e+01 5.644545e+01 3.001986e+01 1.064698e+01 1.660049e+01
<GCONST> 5.873283e+01
<STATE> 5
<MEAN> 12
 -4.456374e+00 2.739491e-01 1.706610e+01 -4.718202e+00 4.911173e+00 1.337432e+01 -3.290844e+00 -1.294683e+00 -5.658290e+00 3.598432e+00 1.372778e+00 8.321908e+00
<VARIANCE> 12
 6.472248e+00 5.538190e+00 2.929777e+01 2.718312e+01 7.204642e+00 1.105268e+01 2.155440e+01 7.310791e+01 1.289053e+01 5.273524e+00 6.366308e+00 3.227923e+01
<GCONST> 5.359837e+01
<STATE> 6
<MEAN> 12
 -4.578097e+00 5.024345e+00 8.508876e+00 -1.153330e+01 -3.190571e-01 -1.075609e+00 -1.797348e+00 8.582648e+00 -1.329387e-01 1.892303e+00 -2.630470e+00 -4.499754e+00
<VARIANCE> 12
 7.385044e+00 1.007192e+01 2.929777e+01 2.406510e+01 1.812162e+01 1.556487e+01 3.549733e+01 4.455827e+01 4.095109e+01 1.447055e+01 2.136717e+01 7.468456e+00
<GCONST> 5.738743e+01
<TRANSP> 7
 0.000000e+00 1.000000e+00 0.000000e+00 0.000000e+00 0.000000e+00 0.000000e+00 0.000000e+00
 0.000000e+00 9.016722e-01 9.832773e-02 0.000000e+00 0.000000e+00 0.000000e+00 0.000000e+00
 0.000000e+00 0.000000e+00 9.256204e-01 7.437965e-02 0.000000e+00 0.000000e+00 0.000000e+00
 0.000000e+00 0.000000e+00 0.000000e+00 7.746385e-01 2.253615e-01 0.000000e+00 0.000000e+00
 0.000000e+00 0.000000e+00 0.000000e+00 0.000000e+00 8.035451e-01 1.964548e-01 0.000000e+00
 0.000000e+00 0.000000e+00 0.000000e+00 0.000000e+00 0.000000e+00 9.278387e-01 7.216127e-02
 0.000000e+00 0.000000e+00 0.000000e+00 0.000000e+00 0.000000e+00 0.000000e+00 0.000000e+00
<ENDHMM>
