~o
<STREAMINFO> 1 12
<VECSIZE> 12<NULLD><MFCC_Z><DIAGC>
~h "s056"
<BEGINHMM>
<NUMSTATES> 9
<STATE> 2
<MEAN> 12
 -7.595490e+00 -2.848795e+00 6.454645e+00 8.852999e-01 8.328073e+00 3.791346e+00 3.565606e+00 9.950768e+00 -1.842279e+00 -1.262162e+00 4.094335e+00 -3.087945e-01
<VARIANCE> 12
 4.223801e+01 2.050459e+01 1.323510e+01 5.431630e+00 8.416863e+00 1.617364e+02 1.742586e+01 2.355936e+01 1.444952e+02 1.455224e+01 3.832631e+01 1.150388e+01
<GCONST> 6.006710e+01
<STATE> 3
<MEAN> 12
 1.580851e+00 -3.569786e+00 -9.407457e+00 1.372645e+00 3.535588e+00 -1.145545e+01 5.826579e-02 1.759518e+00 -2.375602e+00 -6.956102e+00 -7.087448e-01 6.955114e+00
<VARIANCE> 12
 5.614860e+00 1.807215e+01 3.546569e+01 1.316729e+01 1.910758e+01 2.579382e+01 9.447601e+00 1.235633e+01 6.866203e+01 1.455224e+01 4.324385e+00 8.581341e+00
<GCONST> 5.430156e+01
<STATE> 4
<MEAN> 12
 3.881956e+00 7.307401e+00 -1.069566e+01 -3.317948e+00 -3.699036e+00 -1.675653e+00 -3.372726e+00 -1.326000e+00 2.005441e+00 -6.884022e+00 9.874970e-01 3.735868e+00
<VARIANCE> 12
 8.510037e+00 9.383294e+00 2.699705e+01 2.617305e+01 1.969115e+01 2.730860e+01 9.447601e+00 5.685141e+01 1.196991e+01 1.455224e+01 1.569353e+01 1.191050e+01
<GCONST> 5.595954e+01
<STATE> 5
<MEAN> 12
 -4.979704e+00 5.247974e+00 2.525686e+00 -1.102970e+00 -8.686586e+00 3.660256e+00 -9.831926e+00 3.030342e+00 1.147302e+00 -5.829360e+00 1.208531e+00 -2.669702e+00
<VARIANCE> 12
 1.537132e+01 1.477295e+01 1.323510e+01 1.990343e+01 1.476158e+01 1.448603e+01 1.299193e+01 8.735155e+01 1.604008e+01 1.455224e+01 2.743448e+01 2.525045e+01
<GCONST> 5.744655e+01
<STATE> 6
<MEAN> 12
 -7.408510e-01 -9.400471e+00 4.420958e+00 -3.106442e+00 -3.812072e-01 -3.873898e+00 -2.838315e+00 -6.598215e+00 -4.020566e+00 -6.943904e-01 -2.816350e+00 -7.516797e+00
<VARIANCE> 12
 5.614860e+00 2.185920e+01 1.821655e+01 6.823061e+00 2.649216e+01 1.448603e+01 1.519639e+01 1.122474e+01 8.560008e+00 5.292210e+01 1.956957e+01 2.387214e+01
<GCONST> 5.503902e+01
<STATE> 7
<MEAN> 12
 -8.748924e-01 -7.549328e+00 5.354881e+00 -4.090446e+00 5.387487e-01 1.105711e+00 3.762560e-01 -4.423409e+00 -1.890038e+00 8.669511e+00 -2.050657e+00 1.144123e+00
<VARIANCE> 12
 5.614860e+00 9.383294e+00 1.323510e+01 5.236649e+00 9.744024e+00 1.629104e+01 1.560686e+01 1.122474e+01 2.424184e+01 1.455224e+01 1.321975e+01 2.680538e+01
<GCONST> 5.222667e+01
<STATE> 8
<MEAN> 12
 4.295909e+00 3.123399e+00 5.393063e+00 5.909290e+00 1.641884e+00 6.453933e+00 8.980643e+00 -2.276296e+00 3.440817e+00 1.216621e+01 -1.111615e+00 -2.287611e+00
<VARIANCE> 12
 5.614860e+00 9.383294e+00 1.323510e+01 1.358754e+01 7.684939e+00 2.940613e+01 1.618973e+01 2.593832e+01 8.560008e+00 1.455224e+01 1.028355e+01 6.562977e+00
<GCONST> 5.170830e+01
<TRANSP> 9
 0.000000e+00 1.000000e+00 0.000000e+00 0.000000e+00 0.000000e+00 0.000000e+00 0.000000e+00 0.000000e+00 0.000000e+00
 0.000000e+00 8.531566e-01 1.468434e-01 0.000000e+00 0.000000e+00 0.000000e+00 0.000000e+00 0.000000e+00 0.000000e+00
 0.000000e+00 0.000000e+00 8.716983e-01 1.283018e-01 0.000000e+00 0.000000e+00 0.000000e+00 0.000000e+00 0.000000e+00
 0.000000e+00 0.000000e+00 0.000000e+00 8.995199e-01 1.004802e-01 0.000000e+00 0.000000e+00 0.000000e+00 0.000000e+00
 0.000000e+00 0.000000e+00 0.000000e+00 0.000000e+00 8.684763e-01 1.315237e-01 0.000000e+00 0.000000e+00 0.000000e+00
 0.000000e+00 0.000000e+00 0.000000e+00 0.000000e+00 0.000000e+00 8.475259e-01 1.524741e-01 0.000000e+00 0.000000e+00
 0.000000e+00 0.000000e+00 0.000000e+00 0.000000e+00 0.000000e+00 0.000000e+00 8.045480e-01 1.954520e-01 0.000000e+00
 0.000000e+00 0.000000e+00 0.000000e+00 0.000000e+00 0.000000e+00 0.000000e+00 0.000000e+00 9.104396e-01 8.956035e-02
 0.000000e+00 0.000000e+00 0.000000e+00 0.000000e+00 0.000000e+00 0.000000e+00 0.000000e+00 0.000000e+00 0.000000e+00
<ENDHMM>
