~o
<STREAMINFO> 1 12
<VECSIZE> 12<NULLD><MFCC_Z><DIAGC>
~h "s072"
<BEGINHMM>
<NUMSTATES> 11
<STATE> 2
<MEAN> 12
 -1.622132e+01 5.519121e+00 8.011231e+00 2.957948e+00 2.120980e+01 5.725848e+00 -1.643009e+00 4.228758e+00 8.906762e+00 3.590925e+00 6.190818e+00 7.959455e+00
<VARIANCE> 12
 6.816549e+00 6.250137e+00 4.016364e+00 7.482134e+00 1.108000e+01 1.642387e+01 6.796759e+00 1.582300e+01 2.364548e+01 1.914348e+01 2.968357e+01 1.866576e+01
<GCONST> 5.152358e+01
<STATE> 3
<MEAN> 12
 -1.827824e+00 -8.884220e-01 1.333264e+00 -2.891789e+00 5.363651e-01 -7.087213e+00 -4.380310e+00 -6.811460e+00 -1.933738e+00 -3.591684e+00 -5.653912e+00 1.842849e+00
<VARIANCE> 12
 6.816549e+00 1.218606e+01 4.016364e+00 5.911294e+00 1.964326e+01 9.594077e+00 5.104446e+00 1.582300e+01 8.380169e+00 1.482363e+01 4.711324e+00 3.577984e+00
<GCONST> 4.691873e+01
<STATE> 4
<MEAN> 12
 -1.273181e+00 -7.247956e+00 -1.688904e+00 1.013371e+00 -4.958018e+00 1.015341e+00 3.148388e-01 -1.327676e+01 4.113577e+00 -2.955798e+00 1.179054e+00 4.963746e-01
<VARIANCE> 12
 1.312795e+01 1.439948e+01 5.455907e+00 1.911272e+01 1.518190e+01 1.447364e+01 6.516695e+00 1.806174e+01 3.895772e+01 3.682244e+01 8.794820e+00 1.735499e+01
<GCONST> 5.440073e+01
<STATE> 5
<MEAN> 12
 -3.301216e-01 -1.508823e+00 -1.422154e-01 3.523912e+00 -3.166477e+00 5.585264e+00 -1.863868e+00 -7.131510e-01 3.129337e+00 2.638732e-01 -7.840075e-01 -2.322474e+00
<VARIANCE> 12
 1.320110e+01 6.250137e+00 1.122339e+01 5.911294e+00 2.370915e+01 7.420965e+01 1.539665e+01 3.563567e+01 2.795236e+01 3.029247e+01 1.578672e+01 1.490593e+01
<GCONST> 5.664487e+01
<STATE> 6
<MEAN> 12
 1.979422e-01 -4.014425e+00 -5.542609e+00 4.558739e+00 -5.301405e+00 -1.127204e+01 4.712774e+00 6.722605e+00 -9.094680e+00 -1.437626e+00 -6.103122e-01 -7.961217e-01
<VARIANCE> 12
 6.816549e+00 6.250137e+00 4.721620e+00 5.911294e+00 1.129472e+01 2.606264e+01 3.470688e+01 1.582300e+01 2.819807e+01 5.898276e+00 1.866446e+01 1.001736e+01
<GCONST> 5.147359e+01
<STATE> 7
<MEAN> 12
 2.890834e+00 3.664395e-01 -2.171817e+00 4.850584e+00 -3.786984e+00 -8.576447e+00 1.012806e+01 5.969034e+00 -8.546721e+00 4.573736e+00 2.342323e+00 -4.871124e+00
<VARIANCE> 12
 6.816549e+00 7.529947e+00 1.111847e+01 5.911294e+00 1.035738e+01 1.126846e+01 2.575997e+01 1.582300e+01 8.380169e+00 1.199138e+01 1.812165e+01 1.496372e+01
<GCONST> 5.116102e+01
<STATE> 8
<MEAN> 12
 3.072673e+00 8.738478e+00 5.863829e+00 -8.873923e+00 6.443092e-01 3.199335e+00 -5.766954e-01 1.412695e+01 -3.630468e+00 -3.187799e+00 -2.446616e+00 -2.177329e+00
<VARIANCE> 12
 6.816549e+00 1.307966e+01 6.411162e+00 4.091724e+01 1.035738e+01 1.848431e+01 8.848315e+00 1.778570e+01 1.283342e+01 2.903120e+01 8.576719e+00 1.416373e+01
<GCONST> 5.314793e+01
<STATE> 9
<MEAN> 12
 4.252061e+00 7.688429e+00 2.337044e+00 -7.987227e+00 2.799771e+00 2.827199e+00 -3.442886e+00 6.420120e+00 -3.112498e+00 7.026876e+00 -3.189276e+00 -2.183008e+00
<VARIANCE> 12
 6.816549e+00 1.307118e+01 1.726614e+01 1.643732e+01 1.035738e+01 8.733184e+00 1.566289e+01 4.043272e+01 9.705114e+00 7.737930e+01 8.012115e+00 1.061275e+01
<GCONST> 5.421273e+01
<STATE> 10
<MEAN> 12
 8.435724e+00 1.197384e+00 -3.523728e+00 3.477485e-01 1.305625e-01 1.082483e+00 -3.474673e+00 -5.569385e+00 2.219706e+00 2.163874e+00 -1.266481e+00 6.471972e-01
<VARIANCE> 12
 6.816549e+00 6.250137e+00 1.509329e+01 2.991923e+01 1.035738e+01 4.168522e+01 6.099010e+00 1.582300e+01 1.751171e+01 2.594853e+01 8.741900e+00 1.490316e+01
<GCONST> 5.354536e+01
<TRANSP> 11
 0.000000e+00 1.000000e+00 0.000000e+00 0.000000e+00 0.000000e+00 0.000000e+00 0.000000e+00 0.000000e+00 0.000000e+00 0.000000e+00 0.000000e+00
 0.000000e+00 8.569508e-01 1.430492e-01 0.000000e+00 0.000000e+00 0.000000e+00 0.000000e+00 0.000000e+00 0.000000e+00 0.000000e+00 0.000000e+00
 0.000000e+00 0.000000e+00 2.071722e-01 7.928278e-01 0.000000e+00 0.000000e+00 0.000000e+00 0.000000e+00 0.000000e+00 0.000000e+00 0.000000e+00
 0.000000e+00 0.000000e+00 0.000000e+00 9.391333e-01 6.086672e-02 0.000000e+00 0.000000e+00 0.000000e+00 0.000000e+00 0.000000e+00 0.000000e+00
 0.000000e+00 0.000000e+00 0.000000e+00 0.000000e+00 8.617833e-01 1.382167e-01 0.000000e+00 0.000000e+00 0.000000e+00 0.000000e+00 0.000000e+00
 0.000000e+00 0.000000e+00 0.000000e+00 0.000000e+00 0.000000e+00 9.024566e-01 9.754339e-02 0.000000e+00 0.000000e+00 0.000000e+00 0.000000e+00
 0.000000e+00 0.000000e+00 0.000000e+00 0.000000e+00 0.000000e+00 0.000000e+00 6.834161e-01 3.165839e-01 0.000000e+00 0.000000e+00 0.000000e+00
 0.000000e+00 0.000000e+00 0.000000e+00 0.000000e+00 0.000000e+00 0.000000e+00 0.000000e+00 8.930963e-01 1.069037e-01 0.000000e+00 0.000000e+00
 0.000000e+00 0.000000e+00 0.000000e+00 0.000000e+00 0.000000e+00 0.000000e+00 0.000000e+00 0.000000e+00 8.070744e-01 1.929256e-01 0.000000e+00
 0.000000e+00 0.000000e+00 0.000000e+00 0.000000e+00 0.000000e+00 0.000000e+00 0.000000e+00 0.000000e+00 0.000000e+00 8.905383e-01 1.094617e-01
 0.000000e+00 0.000000e+00 0.000000e+00 0.000000e+00 0.000000e+00 0.000000e+00 0.000000e+00 0.000000e+00 0.000000e+00 0.000000e+00 0.000000e+00
<ENDHMM>
