~o
<STREAMINFO> 1 12
<VECSIZE> 12<NULLD><MFCC_Z><DIAGC>
~h "s085"
<BEGINHMM>
<NUMSTATES> 10
<STATE> 2
<MEAN> 12
 -1.787416e+01 9.907321e+00 -1.140142e-01 1.033671e+01 8.099213e+00 1.166829e+01 1.263607e+01 -1.319279e+00 1.198924e+01 5.380141e+00 2.830174e+00 4.179821e+00
<VARIANCE> 12
 1.641110e+01 1.476277e+01 1.268773e+01 1.423349e+01 4.662953e+01 3.550919e+01 1.039035e+01 7.199135e+01 2.470819e+01 5.862603e+00 1.272576e+01 1.207457e+01
<GCONST> 5.678073e+01
<STATE> 3
<MEAN> 12
 -1.860097e+00 -1.205312e+01 -6.703683e+00 7.634591e+00 -8.245561e-01 -3.954226e+00 -9.678967e-01 -2.173389e+00 -6.122688e+00 -2.146044e+00 -1.914364e+00 -4.011145e+00
<VARIANCE> 12
 6.148884e+00 1.950153e+01 4.077666e+01 7.328053e+01 3.727905e+01 3.687241e+01 2.323787e+01 4.991034e+01 4.148266e+01 2.154381e+01 6.945597e+00 5.914385e+01
<GCONST> 6.193904e+01
<STATE> 4
<MEAN> 12
 5.468653e+00 -6.779413e+00 -1.353543e+01 1.007565e+01 1.604386e+00 -4.168022e+00 3.430356e+00 -2.879744e+00 2.990751e+00 1.435011e+00 -4.264507e+00 9.263358e-01
<VARIANCE> 12
 6.907102e+00 1.476277e+01 3.561208e+01 1.498576e+01 1.729989e+01 2.234189e+01 3.059203e+01 5.312174e+01 3.554574e+01 2.467440e+01 9.224107e+00 1.607104e+01
<GCONST> 5.808488e+01
<STATE> 5
<MEAN> 12
 1.182174e+00 -5.289056e+00 3.731803e+00 -4.349159e+00 -3.753148e+00 3.848660e+00 5.759372e+00 1.209346e+00 -5.239326e+00 1.011697e+01 -9.850277e+00 1.738876e+00
<VARIANCE> 12
 9.600455e+00 1.476277e+01 1.268773e+01 3.299416e+01 6.651654e+00 3.589885e+01 5.158831e+01 3.373051e+01 3.900397e+01 2.258475e+01 9.878416e+00 1.162621e+01
<GCONST> 5.750723e+01
<STATE> 6
<MEAN> 12
 4.895273e+00 3.932977e+00 3.610682e+00 -7.602526e+00 -6.176250e+00 -2.806918e+00 -3.040917e+00 -3.752676e+00 3.004466e+00 -4.819604e+00 3.700716e+00 2.585850e+00
<VARIANCE> 12
 1.543051e+01 1.476277e+01 1.268773e+01 3.334041e+01 7.506225e+00 1.809793e+01 5.700719e+00 7.737520e+01 1.540419e+01 3.075962e+01 4.979735e+01 1.902813e+01
<GCONST> 5.754590e+01
<STATE> 7
<MEAN> 12
 1.203149e+00 1.355358e+01 9.353286e+00 -1.186872e+00 -1.313815e+00 -3.664690e+00 -6.028696e+00 8.060102e+00 -1.243883e-01 1.833608e+00 7.052958e+00 -5.290311e+00
<VARIANCE> 12
 7.704253e+00 3.920206e+01 1.268773e+01 1.524749e+01 4.596653e+00 8.425418e+00 1.027353e+01 2.974065e+01 9.160876e+00 2.301615e+01 8.076382e+00 2.418739e+01
<GCONST> 5.303466e+01
<STATE> 8
<MEAN> 12
 -2.739537e+00 1.143958e+01 7.782603e+00 -9.469541e+00 1.409691e+00 -3.853025e-01 -3.707223e+00 1.125242e+01 3.138794e-01 1.989284e+00 3.313886e+00 -3.703076e+00
<VARIANCE> 12
 6.148884e+00 2.265051e+01 1.268773e+01 1.423349e+01 4.596653e+00 2.880406e+01 5.938467e+00 1.153607e+01 6.664907e+00 4.901987e+00 1.001034e+01 1.034009e+01
<GCONST> 4.942613e+01
<STATE> 9
<MEAN> 12
 -2.238301e+00 -5.018324e+00 6.035419e+00 -9.134650e+00 3.679038e+00 1.010660e+01 7.057000e-01 -3.684138e+00 -4.418859e+00 -2.154876e+00 -3.711440e+00 5.062470e+00
<VARIANCE> 12
 6.148884e+00 1.476277e+01 1.268773e+01 1.896471e+01 1.190638e+01 1.132205e+01 6.551356e+00 5.621579e+01 6.664907e+00 1.134029e+01 5.394274e+00 8.427080e+00
<GCONST> 5.100082e+01
<TRANSP> 10
 0.000000e+00 1.000000e+00 0.000000e+00 0.000000e+00 0.000000e+00 0.000000e+00 0.000000e+00 0.000000e+00 0.000000e+00 0.000000e+00
 0.000000e+00 7.641167e-01 2.358833e-01 0.000000e+00 0.000000e+00 0.000000e+00 0.000000e+00 0.000000e+00 0.000000e+00 0.000000e+00
 0.000000e+00 0.000000e+00 9.038259e-01 9.617405e-02 0.000000e+00 0.000000e+00 0.000000e+00 0.000000e+00 0.000000e+00 0.000000e+00
 0.000000e+00 0.000000e+00 0.000000e+00 9.166040e-01 8.339601e-02 0.000000e+00 0.000000e+00 0.000000e+00 0.000000e+00 0.000000e+00
 0.000000e+00 0.000000e+00 0.000000e+00 0.000000e+00 6.261532e-01 3.738468e-01 0.000000e+00 0.000000e+00 0.000000e+00 0.000000e+00
 0.000000e+00 0.000000e+00 0.000000e+00 0.000000e+00 0.000000e+00 9.068304e-01 9.316961e-02 0.000000e+00 0.000000e+00 0.000000e+00
 0.000000e+00 0.000000e+00 0.000000e+00 0.000000e+00 0.000000e+00 0.000000e+00 8.864764e-01 1.135236e-01 0.000000e+00 0.000000e+00
 0.000000e+00 0.000000e+00 0.000000e+00 0.000000e+00 0.000000e+00 0.000000e+00 0.000000e+00 8.234416e-01 1.765585e-01 0.000000e+00
 0.000000e+00 0.000000e+00 0.000000e+00 0.000000e+00 0.000000e+00 0.000000e+00 0.000000e+00 0.000000e+00 8.946396e-01 1.053604e-01
 0.000000e+00 0.000000e+00 0.000000e+00 0.000000e+00 0.000000e+00 0.000000e+00 0.000000e+00 0.000000e+00 0.000000e+00 0.000000e+00
<ENDHMM>
