~o
<STREAMINFO> 1 12
<VECSIZE> 12<NULLD><MFCC_Z><DIAGC>
~h "s071"
<BEGINHMM>
<NUMSTATES> 7
<STATE> 2
<MEAN> 12
 2.954317e-07 1.451243e-07 2.591506e-07 -2.073205e-07 -3.317128e-07 -1.243923e-07 2.073205e-07 2.073205e-07 -2.073205e-08 8.292820e-08 -3.109808e-08 2.850657e-08
<VARIANCE> 12
 1.465636e+01 3.202901e+01 2.682618e+01 9.766956e+01 7.206678e+01 2.106743e+01 4.911942e+01 3.528763e+01 2.256992e+01 4.973000e+01 4.212445e+01 2.364311e+01
<GCONST> 6.478704e+01
<STATE> 3
<MEAN> 12
 2.954317e-07 1.451243e-07 2.591506e-07 -2.073205e-07 -3.317128e-07 -1.243923e-07 2.073205e-07 2.073205e-07 -2.073205e-08 8.292820e-08 -3.109808e-08 2.850657e-08
<VARIANCE> 12
 1.465636e+01 3.202901e+01 2.682618e+01 9.766956e+01 7.206678e+01 2.106743e+01 4.911942e+01 3.528763e+01 2.256992e+01 4.973000e+01 4.212445e+01 2.364311e+01
<GCONST> 6.478704e+01
<STATE> 4
<MEAN> 12
 2.954317e-07 1.451243e-07 2.591506e-07 -2.073205e-07 -3.317128e-07 -1.243923e-07 2.073205e-07 2.073205e-07 -2.073205e-08 8.292820e-08 -3.109808e-08 2.850657e-08
<VARIANCE> 12
 1.465636e+01 3.202901e+01 2.682618e+01 9.766956e+01 7.206678e+01 2.106743e+01 4.911942e+01 3.528763e+01 2.256992e+01 4.973000e+01 4.212445e+01 2.364311e+01
<GCONST> 6.478704e+01
<STATE> 5
<MEAN> 12
 2.954317e-07 1.451243e-07 2.591506e-07 -2.073205e-07 -3.317128e-07 -1.243923e-07 2.073205e-07 2.073205e-07 -2.073205e-08 8.292820e-08 -3.109808e-08 2.850657e-08
<VARIANCE> 12
 1.465636e+01 3.202901e+01 2.682618e+01 9.766956e+01 7.206678e+01 2.106743e+01 4.911942e+01 3.528763e+01 2.256992e+01 4.973000e+01 4.212445e+01 2.364311e+01
<GCONST> 6.478704e+01
<STATE> 6
<MEAN> 12
 2.954317e-07 1.451243e-07 2.591506e-07 -2.073205e-07 -3.317128e-07 -1.243923e-07 2.073205e-07 2.073205e-07 -2.073205e-08 8.292820e-08 -3.109808e-08 2.850657e-08
<VARIANCE> 12
 1.465636e+01 3.202901e+01 2.682618e+01 9.766956e+01 7.206678e+01 2.106743e+01 4.911942e+01 3.528763e+01 2.256992e+01 4.973000e+01 4.212445e+01 2.364311e+01
<GCONST> 6.478704e+01
<TRANSP> 7
 0.000000e+00 1.000000e+00 0.000000e+00 0.000000e+00 0.000000e+00 0.000000e+00 0.000000e+00
 0.000000e+00 9.000000e-01 9.999999e-02 0.000000e+00 0.000000e+00 0.000000e+00 0.000000e+00
 0.000000e+00 0.000000e+00 9.000000e-01 9.999999e-02 0.000000e+00 0.000000e+00 0.000000e+00
 0.000000e+00 0.000000e+00 0.000000e+00 9.000000e-01 9.999999e-02 0.000000e+00 0.000000e+00
 0.000000e+00 0.000000e+00 0.000000e+00 0.000000e+00 9.000000e-01 9.999999e-02 0.000000e+00
 0.000000e+00 0.000000e+00 0.000000e+00 0.000000e+00 0.000000e+00 9.000000e-01 9.999999e-02
 0.000000e+00 0.000000e+00 0.000000e+00 0.000000e+00 0.000000e+00 0.000000e+00 0.000000e+00
<ENDHMM>
