~o
<STREAMINFO> 1 12
<VECSIZE> 12<NULLD><MFCC_Z><DIAGC>
~h "s016"
<BEGINHMM>
<NUMSTATES> 8
<STATE> 2
<MEAN> 12
 -4.196167e-07 2.956390e-07 -1.525879e-07 -1.106262e-06 -1.156330e-07 1.335144e-07 -3.814697e-07 -1.621246e-07 1.239777e-07 3.242493e-07 -6.675720e-08 -1.144409e-07
<VARIANCE> 12
 5.030799e+01 6.972706e+01 7.857899e+01 1.047605e+02 1.165962e+02 3.046747e+01 8.223438e+01 3.398326e+01 4.543983e+01 3.119262e+01 8.415251e+01 3.648682e+01
<GCONST> 7.063003e+01
<STATE> 3
<MEAN> 12
 -4.196167e-07 2.956390e-07 -1.525879e-07 -1.106262e-06 -1.156330e-07 1.335144e-07 -3.814697e-07 -1.621246e-07 1.239777e-07 3.242493e-07 -6.675720e-08 -1.144409e-07
<VARIANCE> 12
 5.030799e+01 6.972706e+01 7.857899e+01 1.047605e+02 1.165962e+02 3.046747e+01 8.223438e+01 3.398326e+01 4.543983e+01 3.119262e+01 8.415251e+01 3.648682e+01
<GCONST> 7.063003e+01
<STATE> 4
<MEAN> 12
 -4.196167e-07 2.956390e-07 -1.525879e-07 -1.106262e-06 -1.156330e-07 1.335144e-07 -3.814697e-07 -1.621246e-07 1.239777e-07 3.242493e-07 -6.675720e-08 -1.144409e-07
<VARIANCE> 12
 5.030799e+01 6.972706e+01 7.857899e+01 1.047605e+02 1.165962e+02 3.046747e+01 8.223438e+01 3.398326e+01 4.543983e+01 3.119262e+01 8.415251e+01 3.648682e+01
<GCONST> 7.063003e+01
<STATE> 5
<MEAN> 12
 -4.196167e-07 2.956390e-07 -1.525879e-07 -1.106262e-06 -1.156330e-07 1.335144e-07 -3.814697e-07 -1.621246e-07 1.239777e-07 3.242493e-07 -6.675720e-08 -1.144409e-07
<VARIANCE> 12
 5.030799e+01 6.972706e+01 7.857899e+01 1.047605e+02 1.165962e+02 3.046747e+01 8.223438e+01 3.398326e+01 4.543983e+01 3.119262e+01 8.415251e+01 3.648682e+01
<GCONST> 7.063003e+01
<STATE> 6
<MEAN> 12
 -4.196167e-07 2.956390e-07 -1.525879e-07 -1.106262e-06 -1.156330e-07 1.335144e-07 -3.814697e-07 -1.621246e-07 1.239777e-07 3.242493e-07 -6.675720e-08 -1.144409e-07
<VARIANCE> 12
 5.030799e+01 6.972706e+01 7.857899e+01 1.047605e+02 1.165962e+02 3.046747e+01 8.223438e+01 3.398326e+01 4.543983e+01 3.119262e+01 8.415251e+01 3.648682e+01
<GCONST> 7.063003e+01
<STATE> 7
<MEAN> 12
 -4.196167e-07 2.956390e-07 -1.525879e-07 -1.106262e-06 -1.156330e-07 1.335144e-07 -3.814697e-07 -1.621246e-07 1.239777e-07 3.242493e-07 -6.675720e-08 -1.144409e-07
<VARIANCE> 12
 5.030799e+01 6.972706e+01 7.857899e+01 1.047605e+02 1.165962e+02 3.046747e+01 8.223438e+01 3.398326e+01 4.543983e+01 3.119262e+01 8.415251e+01 3.648682e+01
<GCONST> 7.063003e+01
<TRANSP> 8
 0.000000e+00 1.000000e+00 0.000000e+00 0.000000e+00 0.000000e+00 0.000000e+00 0.000000e+00 0.000000e+00
 0.000000e+00 9.000000e-01 9.999999e-02 0.000000e+00 0.000000e+00 0.000000e+00 0.000000e+00 0.000000e+00
 0.000000e+00 0.000000e+00 9.000000e-01 9.999999e-02 0.000000e+00 0.000000e+00 0.000000e+00 0.000000e+00
 0.000000e+00 0.000000e+00 0.000000e+00 9.000000e-01 9.999999e-02 0.000000e+00 0.000000e+00 0.000000e+00
 0.000000e+00 0.000000e+00 0.000000e+00 0.000000e+00 9.000000e-01 9.999999e-02 0.000000e+00 0.000000e+00
 0.000000e+00 0.000000e+00 0.000000e+00 0.000000e+00 0.000000e+00 9.000000e-01 9.999999e-02 0.000000e+00
 0.000000e+00 0.000000e+00 0.000000e+00 0.000000e+00 0.000000e+00 0.000000e+00 9.000000e-01 9.999999e-02
 0.000000e+00 0.000000e+00 0.000000e+00 0.000000e+00 0.000000e+00 0.000000e+00 0.000000e+00 0.000000e+00
<ENDHMM>
