~o
<STREAMINFO> 1 12
<VECSIZE> 12<NULLD><MFCC_Z><DIAGC>
~h "s028"
<BEGINHMM>
<NUMSTATES> 8
<STATE> 2
<MEAN> 12
 4.674874e-09 -7.199306e-07 -9.349748e-08 -3.178914e-07 9.349748e-08 -3.739899e-08 8.040784e-07 -1.963447e-07 -7.479799e-07 -1.495960e-07 1.402462e-07 2.243940e-07
<VARIANCE> 12
 2.038587e+01 1.857367e+02 5.383143e+00 1.239489e+02 4.345712e+01 2.893099e+01 4.587453e+01 2.968826e+01 1.441710e+02 3.101206e+01 6.345164e+01 3.895077e+01
<GCONST> 6.736814e+01
<STATE> 3
<MEAN> 12
 4.674874e-09 -7.199306e-07 -9.349748e-08 -3.178914e-07 9.349748e-08 -3.739899e-08 8.040784e-07 -1.963447e-07 -7.479799e-07 -1.495960e-07 1.402462e-07 2.243940e-07
<VARIANCE> 12
 2.038587e+01 1.857367e+02 5.383143e+00 1.239489e+02 4.345712e+01 2.893099e+01 4.587453e+01 2.968826e+01 1.441710e+02 3.101206e+01 6.345164e+01 3.895077e+01
<GCONST> 6.736814e+01
<STATE> 4
<MEAN> 12
 4.674874e-09 -7.199306e-07 -9.349748e-08 -3.178914e-07 9.349748e-08 -3.739899e-08 8.040784e-07 -1.963447e-07 -7.479799e-07 -1.495960e-07 1.402462e-07 2.243940e-07
<VARIANCE> 12
 2.038587e+01 1.857367e+02 5.383143e+00 1.239489e+02 4.345712e+01 2.893099e+01 4.587453e+01 2.968826e+01 1.441710e+02 3.101206e+01 6.345164e+01 3.895077e+01
<GCONST> 6.736814e+01
<STATE> 5
<MEAN> 12
 4.674874e-09 -7.199306e-07 -9.349748e-08 -3.178914e-07 9.349748e-08 -3.739899e-08 8.040784e-07 -1.963447e-07 -7.479799e-07 -1.495960e-07 1.402462e-07 2.243940e-07
<VARIANCE> 12
 2.038587e+01 1.857367e+02 5.383143e+00 1.239489e+02 4.345712e+01 2.893099e+01 4.587453e+01 2.968826e+01 1.441710e+02 3.101206e+01 6.345164e+01 3.895077e+01
<GCONST> 6.736814e+01
<STATE> 6
<MEAN> 12
 4.674874e-09 -7.199306e-07 -9.349748e-08 -3.178914e-07 9.349748e-08 -3.739899e-08 8.040784e-07 -1.963447e-07 -7.479799e-07 -1.495960e-07 1.402462e-07 2.243940e-07
<VARIANCE> 12
 2.038587e+01 1.857367e+02 5.383143e+00 1.239489e+02 4.345712e+01 2.893099e+01 4.587453e+01 2.968826e+01 1.441710e+02 3.101206e+01 6.345164e+01 3.895077e+01
<GCONST> 6.736814e+01
<STATE> 7
<MEAN> 12
 4.674874e-09 -7.199306e-07 -9.349748e-08 -3.178914e-07 9.349748e-08 -3.739899e-08 8.040784e-07 -1.963447e-07 -7.479799e-07 -1.495960e-07 1.402462e-07 2.243940e-07
<VARIANCE> 12
 2.038587e+01 1.857367e+02 5.383143e+00 1.239489e+02 4.345712e+01 2.893099e+01 4.587453e+01 2.968826e+01 1.441710e+02 3.101206e+01 6.345164e+01 3.895077e+01
<GCONST> 6.736814e+01
<TRANSP> 8
 0.000000e+00 1.000000e+00 0.000000e+00 0.000000e+00 0.000000e+00 0.000000e+00 0.000000e+00 0.000000e+00
 0.000000e+00 9.000000e-01 9.999999e-02 0.000000e+00 0.000000e+00 0.000000e+00 0.000000e+00 0.000000e+00
 0.000000e+00 0.000000e+00 9.000000e-01 9.999999e-02 0.000000e+00 0.000000e+00 0.000000e+00 0.000000e+00
 0.000000e+00 0.000000e+00 0.000000e+00 9.000000e-01 9.999999e-02 0.000000e+00 0.000000e+00 0.000000e+00
 0.000000e+00 0.000000e+00 0.000000e+00 0.000000e+00 9.000000e-01 9.999999e-02 0.000000e+00 0.000000e+00
 0.000000e+00 0.000000e+00 0.000000e+00 0.000000e+00 0.000000e+00 9.000000e-01 9.999999e-02 0.000000e+00
 0.000000e+00 0.000000e+00 0.000000e+00 0.000000e+00 0.000000e+00 0.000000e+00 9.000000e-01 9.999999e-02
 0.000000e+00 0.000000e+00 0.000000e+00 0.000000e+00 0.000000e+00 0.000000e+00 0.000000e+00 0.000000e+00
<ENDHMM>
