~o
<STREAMINFO> 1 12
<VECSIZE> 12<NULLD><MFCC_Z><DIAGC>
~h "s057"
<BEGINHMM>
<NUMSTATES> 10
<STATE> 2
<MEAN> 12
 -2.198114e+00 1.160427e+00 4.781317e+00 3.343925e+00 -2.983255e+00 3.674483e+00 6.593019e-01 -1.387598e+00 4.425781e+00 -1.647751e+00 3.104995e+00 -2.080803e+00
<VARIANCE> 12
 1.144199e+01 1.090369e+02 4.056326e+01 6.016555e+01 8.077586e+01 5.212370e+01 3.674813e+01 3.406554e+01 6.801808e+01 2.905623e+01 2.912226e+01 1.693954e+01
<GCONST> 6.625129e+01
<STATE> 3
<MEAN> 12
 -2.062064e+00 -4.605488e+00 -2.156893e-01 6.823917e-01 1.699579e+00 6.412714e-01 4.890060e-01 -1.561589e+00 -1.131726e+00 1.101831e+00 -1.646156e-01 -2.218915e-01
<VARIANCE> 12
 1.453475e+01 8.215954e+01 5.770559e+01 7.559023e+01 5.425326e+01 7.165958e+01 6.714285e+01 3.408814e+01 6.359146e+01 2.987468e+01 2.528386e+01 2.484409e+01
<GCONST> 6.751404e+01
<STATE> 4
<MEAN> 12
 -8.282022e-01 -1.978003e+00 -4.775998e-01 -2.874166e+00 4.993640e-01 -6.845419e-01 -3.678837e+00 9.669797e-01 -4.446768e+00 1.899901e+00 -1.435997e+00 -5.563421e-01
<VARIANCE> 12
 1.388432e+01 8.380685e+01 6.634663e+01 1.116126e+02 4.132769e+01 5.381234e+01 1.050460e+02 4.399126e+01 5.043296e+01 2.672220e+01 3.457084e+01 2.959746e+01
<GCONST> 6.830599e+01
<STATE> 5
<MEAN> 12
 -1.081722e+00 2.945240e+00 2.266476e+00 -6.467025e+00 -9.945534e-01 -2.089879e-01 -6.650869e+00 4.120909e+00 -4.877613e+00 1.787717e+00 -5.131598e-01 -1.975726e+00
<VARIANCE> 12
 1.317578e+01 8.258510e+01 6.130525e+01 1.035285e+02 3.308226e+01 4.434647e+01 1.046606e+02 4.340629e+01 6.398373e+01 2.682937e+01 4.671772e+01 3.131633e+01
<GCONST> 6.825119e+01
<STATE> 6
<MEAN> 12
 -1.256912e+00 4.291262e+00 2.942501e+00 -5.097385e+00 -2.165352e-01 -3.507515e-01 -4.686163e+00 4.744747e+00 -2.778250e+00 9.132289e-01 1.283145e+00 -1.528056e+00
<VARIANCE> 12
 1.442647e+01 7.842641e+01 5.553673e+01 1.170239e+02 2.859069e+01 3.944087e+01 1.075461e+02 4.763571e+01 7.935310e+01 2.938543e+01 4.458588e+01 3.928047e+01
<GCONST> 6.865711e+01
<STATE> 7
<MEAN> 12
 3.918729e-01 1.428430e+00 -4.073462e-01 2.382803e-01 1.385879e+00 -1.321445e+00 2.450793e-01 1.796510e+00 4.997620e-01 -8.004590e-01 1.179256e+00 1.303352e+00
<VARIANCE> 12
 1.822206e+01 7.489620e+01 7.066067e+01 1.233008e+02 2.315615e+01 3.322947e+01 8.517054e+01 6.716347e+01 7.564219e+01 3.400975e+01 3.683079e+01 4.850837e+01
<GCONST> 6.898399e+01
<STATE> 8
<MEAN> 12
 3.124786e+00 -1.502478e+00 -4.544324e+00 4.446478e+00 1.542048e+00 -1.720424e+00 4.746625e+00 -3.245441e+00 3.199934e+00 -2.580222e+00 -1.146038e+00 3.206264e+00
<VARIANCE> 12
 1.463229e+01 3.890062e+01 5.219395e+01 6.814816e+01 1.778519e+01 2.291666e+01 4.357965e+01 6.809179e+01 5.161491e+01 3.601019e+01 2.966397e+01 3.954293e+01
<GCONST> 6.517602e+01
<STATE> 9
<MEAN> 12
 3.910333e+00 -1.739192e+00 -4.345148e+00 5.727346e+00 -9.326994e-01 -2.949168e-02 8.875799e+00 -5.434414e+00 5.108937e+00 -6.742421e-01 -2.307566e+00 1.853067e+00
<VARIANCE> 12
 7.849794e+00 1.163894e+01 2.306664e+01 1.954745e+01 1.904560e+01 1.310638e+01 2.082603e+01 3.649606e+01 2.751573e+01 4.641150e+01 1.817885e+01 2.848501e+01
<GCONST> 5.823589e+01
<TRANSP> 10
 0.000000e+00 1.000000e+00 0.000000e+00 0.000000e+00 0.000000e+00 0.000000e+00 0.000000e+00 0.000000e+00 0.000000e+00 0.000000e+00
 0.000000e+00 8.688524e-01 1.311475e-01 0.000000e+00 0.000000e+00 0.000000e+00 0.000000e+00 0.000000e+00 0.000000e+00 0.000000e+00
 0.000000e+00 0.000000e+00 8.688524e-01 1.311475e-01 0.000000e+00 0.000000e+00 0.000000e+00 0.000000e+00 0.000000e+00 0.000000e+00
 0.000000e+00 0.000000e+00 0.000000e+00 8.688525e-01 1.311476e-01 0.000000e+00 0.000000e+00 0.000000e+00 0.000000e+00 0.000000e+00
 0.000000e+00 0.000000e+00 0.000000e+00 0.000000e+00 8.688524e-01 1.311475e-01 0.000000e+00 0.000000e+00 0.000000e+00 0.000000e+00
 0.000000e+00 0.000000e+00 0.000000e+00 0.000000e+00 0.000000e+00 8.688525e-01 1.311475e-01 0.000000e+00 0.000000e+00 0.000000e+00
 0.000000e+00 0.000000e+00 0.000000e+00 0.000000e+00 0.000000e+00 0.000000e+00 8.688524e-01 1.311475e-01 0.000000e+00 0.000000e+00
 0.000000e+00 0.000000e+00 0.000000e+00 0.000000e+00 0.000000e+00 0.000000e+00 0.000000e+00 8.688525e-01 1.311475e-01 0.000000e+00
 0.000000e+00 0.000000e+00 0.000000e+00 0.000000e+00 0.000000e+00 0.000000e+00 0.000000e+00 0.000000e+00 8.688524e-01 1.311475e-01
 0.000000e+00 0.000000e+00 0.000000e+00 0.000000e+00 0.000000e+00 0.000000e+00 0.000000e+00 0.000000e+00 0.000000e+00 0.000000e+00
<ENDHMM>
