~o
<STREAMINFO> 1 12
<VECSIZE> 12<NULLD><MFCC_Z><DIAGC>
~h "s082"
<BEGINHMM>
<NUMSTATES> 8
<STATE> 2
<MEAN> 12
 -5.609849e-08 1.121970e-07 -3.739899e-07 -1.495960e-07 -4.674874e-07 -2.617930e-07 -2.804925e-07 -1.869950e-07 1.916698e-07 4.020392e-07 -8.882261e-08 -1.308965e-07
<VARIANCE> 12
 4.415600e+01 2.715032e+01 9.458576e+01 7.717300e+01 7.100906e+01 6.555906e+01 2.522570e+01 4.803486e+01 3.416522e+01 5.003276e+01 3.463143e+01 1.969444e+01
<GCONST> 6.755373e+01
<STATE> 3
<MEAN> 12
 -5.609849e-08 1.121970e-07 -3.739899e-07 -1.495960e-07 -4.674874e-07 -2.617930e-07 -2.804925e-07 -1.869950e-07 1.916698e-07 4.020392e-07 -8.882261e-08 -1.308965e-07
<VARIANCE> 12
 4.415600e+01 2.715032e+01 9.458576e+01 7.717300e+01 7.100906e+01 6.555906e+01 2.522570e+01 4.803486e+01 3.416522e+01 5.003276e+01 3.463143e+01 1.969444e+01
<GCONST> 6.755373e+01
<STATE> 4
<MEAN> 12
 -5.609849e-08 1.121970e-07 -3.739899e-07 -1.495960e-07 -4.674874e-07 -2.617930e-07 -2.804925e-07 -1.869950e-07 1.916698e-07 4.020392e-07 -8.882261e-08 -1.308965e-07
<VARIANCE> 12
 4.415600e+01 2.715032e+01 9.458576e+01 7.717300e+01 7.100906e+01 6.555906e+01 2.522570e+01 4.803486e+01 3.416522e+01 5.003276e+01 3.463143e+01 1.969444e+01
<GCONST> 6.755373e+01
<STATE> 5
<MEAN> 12
 -5.609849e-08 1.121970e-07 -3.739899e-07 -1.495960e-07 -4.674874e-07 -2.617930e-07 -2.804925e-07 -1.869950e-07 1.916698e-07 4.020392e-07 -8.882261e-08 -1.308965e-07
<VARIANCE> 12
 4.415600e+01 2.715032e+01 9.458576e+01 7.717300e+01 7.100906e+01 6.555906e+01 2.522570e+01 4.803486e+01 3.416522e+01 5.003276e+01 3.463143e+01 1.969444e+01
<GCONST> 6.755373e+01
<STATE> 6
<MEAN> 12
 -5.609849e-08 1.121970e-07 -3.739899e-07 -1.495960e-07 -4.674874e-07 -2.617930e-07 -2.804925e-07 -1.869950e-07 1.916698e-07 4.020392e-07 -8.882261e-08 -1.308965e-07
<VARIANCE> 12
 4.415600e+01 2.715032e+01 9.458576e+01 7.717300e+01 7.100906e+01 6.555906e+01 2.522570e+01 4.803486e+01 3.416522e+01 5.003276e+01 3.463143e+01 1.969444e+01
<GCONST> 6.755373e+01
<STATE> 7
<MEAN> 12
 -5.609849e-08 1.121970e-07 -3.739899e-07 -1.495960e-07 -4.674874e-07 -2.617930e-07 -2.804925e-07 -1.869950e-07 1.916698e-07 4.020392e-07 -8.882261e-08 -1.308965e-07
<VARIANCE> 12
 4.415600e+01 2.715032e+01 9.458576e+01 7.717300e+01 7.100906e+01 6.555906e+01 2.522570e+01 4.803486e+01 3.416522e+01 5.003276e+01 3.463143e+01 1.969444e+01
<GCONST> 6.755373e+01
<TRANSP> 8
 0.000000e+00 1.000000e+00 0.000000e+00 0.000000e+00 0.000000e+00 0.000000e+00 0.000000e+00 0.000000e+00
 0.000000e+00 9.000000e-01 9.999999e-02 0.000000e+00 0.000000e+00 0.000000e+00 0.000000e+00 0.000000e+00
 0.000000e+00 0.000000e+00 9.000000e-01 9.999999e-02 0.000000e+00 0.000000e+00 0.000000e+00 0.000000e+00
 0.000000e+00 0.000000e+00 0.000000e+00 9.000000e-01 9.999999e-02 0.000000e+00 0.000000e+00 0.000000e+00
 0.000000e+00 0.000000e+00 0.000000e+00 0.000000e+00 9.000000e-01 9.999999e-02 0.000000e+00 0.000000e+00
 0.000000e+00 0.000000e+00 0.000000e+00 0.000000e+00 0.000000e+00 9.000000e-01 9.999999e-02 0.000000e+00
 0.000000e+00 0.000000e+00 0.000000e+00 0.000000e+00 0.000000e+00 0.000000e+00 9.000000e-01 9.999999e-02
 0.000000e+00 0.000000e+00 0.000000e+00 0.000000e+00 0.000000e+00 0.000000e+00 0.000000e+00 0.000000e+00
<ENDHMM>
