~o
<STREAMINFO> 1 12
<VECSIZE> 12<NULLD><MFCC_Z><DIAGC>
~h "s047"
<BEGINHMM>
<NUMSTATES> 12
<STATE> 2
<MEAN> 12
 4.634812e+00 1.534632e+00 -3.161257e+00 -4.165103e+00 -5.383674e-01 -1.213240e+00 -4.663191e+00 -2.826590e+00 3.751029e+00 7.322978e+00 5.858333e+00 2.864276e-01
<VARIANCE> 12
 4.252959e+00 1.833956e+00 8.042513e+01 7.636924e+00 2.733723e+01 8.738510e+00 3.369660e+01 1.975994e+01 3.430333e+00 2.381730e+01 1.225063e+01 3.620096e+00
<GCONST> 5.070113e+01
<STATE> 3
<MEAN> 12
 -2.406114e+00 -3.940392e+00 -1.518918e+01 5.326171e+00 7.425703e+00 -1.098992e+00 -3.449241e-01 1.795915e+00 -2.386790e+00 -9.567210e+00 4.825324e+00 4.336753e+00
<VARIANCE> 12
 2.397845e+00 5.510745e+00 2.731392e+01 1.524478e+01 1.618054e+01 8.738510e+00 7.731294e+00 1.652734e+01 1.007831e+01 2.330474e+01 1.094808e+01 5.937302e+00
<GCONST> 5.010273e+01
<STATE> 4
<MEAN> 12
 -1.958067e-01 -2.000947e+00 -9.191964e+00 -2.017524e+00 1.234641e+00 -7.104276e-01 -3.979616e-01 -2.915398e+00 2.126588e+00 -1.045261e+00 -3.320480e+00 4.018619e+00
<VARIANCE> 12
 2.481013e+00 3.055559e+00 2.731392e+01 8.500628e+00 6.697025e+00 8.738510e+00 1.610108e+01 1.596974e+01 1.546025e+01 1.316081e+01 2.017889e+01 1.003690e+01
<GCONST> 4.977309e+01
<STATE> 5
<MEAN> 12
 -1.032919e+00 -1.383084e+00 2.129348e+00 -5.646585e+00 3.364096e+00 -1.404710e+00 1.421429e-01 2.280834e+00 -8.646052e-01 -6.700564e-02 1.056398e+00 -9.455276e-01
<VARIANCE> 12
 1.203170e+01 4.677219e+00 7.662235e+01 2.477534e+01 1.100551e+01 2.483086e+01 7.129567e+00 1.814307e+01 1.336969e+01 1.223639e+01 2.068718e+01 1.540887e+01
<GCONST> 5.496840e+01
<STATE> 6
<MEAN> 12
 -2.827969e-01 -1.036266e+00 -1.134916e+01 2.062110e+00 1.936712e+00 -3.086209e+00 -8.509629e-01 4.103378e+00 -1.018582e+00 -1.970068e+00 6.477783e-01 -2.394780e+00
<VARIANCE> 12
 2.327720e+00 8.241308e+00 4.554255e+01 8.419600e+00 1.645943e+01 3.623240e+01 4.983919e+00 6.339695e+00 3.718478e+00 1.901931e+01 6.101963e+00 5.704812e+00
<GCONST> 4.861037e+01
<STATE> 7
<MEAN> 12
 -4.355348e-01 2.127152e+00 -1.175172e+01 3.418998e+00 -5.956153e+00 -3.373454e-01 2.511381e+00 1.143986e+00 2.398596e-01 3.146382e+00 -1.066888e+00 8.927267e-01
<VARIANCE> 12
 2.327720e+00 1.833956e+00 2.731392e+01 7.636924e+00 6.747543e+00 8.738510e+00 6.533769e+00 5.427108e+00 3.430333e+00 8.507983e+00 8.729467e+00 7.153784e+00
<GCONST> 4.399960e+01
<STATE> 8
<MEAN> 12
 2.632874e+00 3.347191e+00 -9.938968e-01 -4.382801e+00 -4.777198e+00 -6.057000e+00 1.309640e+00 -1.935441e+00 3.694746e+00 6.890332e+00 -2.973981e+00 1.571376e+00
<VARIANCE> 12
 2.960548e+00 1.833956e+00 4.401564e+01 2.200577e+01 6.697025e+00 1.207962e+01 4.969362e+00 2.165289e+01 9.237339e+00 9.449382e+00 7.577197e+00 1.886980e+01
<GCONST> 4.912575e+01
<STATE> 9
<MEAN> 12
 4.374494e+00 3.509469e+00 8.382433e+00 -6.840802e-01 -7.634745e+00 -3.221413e+00 -1.758579e+00 -4.544566e+00 2.140121e+00 1.659873e+00 -3.166744e+00 -3.612944e+00
<VARIANCE> 12
 3.844580e+00 2.120596e+00 2.731392e+01 1.445065e+01 9.472756e+00 1.086567e+01 9.693631e+00 3.654757e+01 8.801441e+00 3.285613e+01 9.266757e+00 1.503362e+01
<GCONST> 5.123891e+01
<STATE> 10
<MEAN> 12
 -5.949880e-01 1.670690e+00 1.591299e+01 3.825500e+00 -3.977761e+00 4.284961e+00 -2.813311e-01 4.164256e-01 -2.250948e+00 -1.729561e+00 -3.579841e+00 -4.139192e+00
<VARIANCE> 12
 2.534965e+00 1.833956e+00 2.731392e+01 7.636924e+00 1.206143e+01 2.632200e+01 7.152080e+00 2.087893e+01 1.520067e+01 2.775019e+01 4.879825e+00 1.316497e+01
<GCONST> 4.990539e+01
<STATE> 11
<MEAN> 12
 -3.983403e+00 -1.204910e+00 1.445215e+01 7.884520e+00 1.345752e+00 1.259750e+01 2.617602e+00 2.645382e-01 -3.358603e+00 -2.051577e+00 -4.546553e-01 -6.795831e-01
<VARIANCE> 12
 2.327720e+00 2.396218e+00 2.731392e+01 8.952854e+00 1.739679e+01 1.614280e+01 1.063254e+01 1.093739e+01 1.819121e+01 2.807055e+01 8.085612e+00 8.037603e+00
<GCONST> 5.007642e+01
<TRANSP> 12
 0.000000e+00 1.000000e+00 0.000000e+00 0.000000e+00 0.000000e+00 0.000000e+00 0.000000e+00 0.000000e+00 0.000000e+00 0.000000e+00 0.000000e+00 0.000000e+00
 0.000000e+00 8.120618e-01 1.879382e-01 0.000000e+00 0.000000e+00 0.000000e+00 0.000000e+00 0.000000e+00 0.000000e+00 0.000000e+00 0.000000e+00 0.000000e+00
 0.000000e+00 0.000000e+00 8.865942e-01 1.134057e-01 0.000000e+00 0.000000e+00 0.000000e+00 0.000000e+00 0.000000e+00 0.000000e+00 0.000000e+00 0.000000e+00
 0.000000e+00 0.000000e+00 0.000000e+00 7.876992e-01 2.123009e-01 0.000000e+00 0.000000e+00 0.000000e+00 0.000000e+00 0.000000e+00 0.000000e+00 0.000000e+00
 0.000000e+00 0.000000e+00 0.000000e+00 0.000000e+00 9.304836e-01 6.951637e-02 0.000000e+00 0.000000e+00 0.000000e+00 0.000000e+00 0.000000e+00 0.000000e+00
 0.000000e+00 0.000000e+00 0.000000e+00 0.000000e+00 0.000000e+00 7.922610e-01 2.077390e-01 0.000000e+00 0.000000e+00 0.000000e+00 0.000000e+00 0.000000e+00
 0.000000e+00 0.000000e+00 0.000000e+00 0.000000e+00 0.000000e+00 0.000000e+00 7.149754e-01 2.850246e-01 0.000000e+00 0.000000e+00 0.000000e+00 0.000000e+00
 0.000000e+00 0.000000e+00 0.000000e+00 0.000000e+00 0.000000e+00 0.000000e+00 0.000000e+00 8.963997e-01 1.036003e-01 0.000000e+00 0.000000e+00 0.000000e+00
 0.000000e+00 0.000000e+00 0.000000e+00 0.000000e+00 0.000000e+00 0.000000e+00 0.000000e+00 0.000000e+00 8.462433e-01 1.537567e-01 0.000000e+00 0.000000e+00
 0.000000e+00 0.000000e+00 0.000000e+00 0.000000e+00 0.000000e+00 0.000000e+00 0.000000e+00 0.000000e+00 0.000000e+00 8.145741e-01 1.854260e-01 0.000000e+00
 0.000000e+00 0.000000e+00 0.000000e+00 0.000000e+00 0.000000e+00 0.000000e+00 0.000000e+00 0.000000e+00 0.000000e+00 0.000000e+00 8.875692e-01 1.124308e-01
 0.000000e+00 0.000000e+00 0.000000e+00 0.000000e+00 0.000000e+00 0.000000e+00 0.000000e+00 0.000000e+00 0.000000e+00 0.000000e+00 0.000000e+00 0.000000e+00
<ENDHMM>
