~o
<STREAMINFO> 1 12
<VECSIZE> 12<NULLD><MFCC_Z><DIAGC>
~h "s073"
<BEGINHMM>
<NUMSTATES> 9
<STATE> 2
<MEAN> 12
 -5.747591e-08 2.554485e-08 -1.447541e-07 6.130763e-07 4.598073e-07 3.746578e-07 -1.106943e-07 -7.663454e-07 5.108970e-08 -1.702990e-07 5.960464e-08 4.512923e-07
<VARIANCE> 12
 2.742023e+01 1.226221e+01 5.151454e+01 3.230312e+01 4.897562e+01 7.579353e+01 3.419498e+01 7.227317e+01 4.693865e+01 4.868427e+01 3.063774e+01 4.038582e+01
<GCONST> 6.617613e+01
<STATE> 3
<MEAN> 12
 -5.747591e-08 2.554485e-08 -1.447541e-07 6.130763e-07 4.598073e-07 3.746578e-07 -1.106943e-07 -7.663454e-07 5.108970e-08 -1.702990e-07 5.960464e-08 4.512923e-07
<VARIANCE> 12
 2.742023e+01 1.226221e+01 5.151454e+01 3.230312e+01 4.897562e+01 7.579353e+01 3.419498e+01 7.227317e+01 4.693865e+01 4.868427e+01 3.063774e+01 4.038582e+01
<GCONST> 6.617613e+01
<STATE> 4
<MEAN> 12
 -5.747591e-08 2.554485e-08 -1.447541e-07 6.130763e-07 4.598073e-07 3.746578e-07 -1.106943e-07 -7.663454e-07 5.108970e-08 -1.702990e-07 5.960464e-08 4.512923e-07
<VARIANCE> 12
 2.742023e+01 1.226221e+01 5.151454e+01 3.230312e+01 4.897562e+01 7.579353e+01 3.419498e+01 7.227317e+01 4.693865e+01 4.868427e+01 3.063774e+01 4.038582e+01
<GCONST> 6.617613e+01
<STATE> 5
<MEAN> 12
 -5.747591e-08 2.554485e-08 -1.447541e-07 6.130763e-07 4.598073e-07 3.746578e-07 -1.106943e-07 -7.663454e-07 5.108970e-08 -1.702990e-07 5.960464e-08 4.512923e-07
<VARIANCE> 12
 2.742023e+01 1.226221e+01 5.151454e+01 3.230312e+01 4.897562e+01 7.579353e+01 3.419498e+01 7.227317e+01 4.693865e+01 4.868427e+01 3.063774e+01 4.038582e+01
<GCONST> 6.617613e+01
<STATE> 6
<MEAN> 12
 -5.747591e-08 2.554485e-08 -1.447541e-07 6.130763e-07 4.598073e-07 3.746578e-07 -1.106943e-07 -7.663454e-07 5.108970e-08 -1.702990e-07 5.960464e-08 4.512923e-07
<VARIANCE> 12
 2.742023e+01 1.226221e+01 5.151454e+01 3.230312e+01 4.897562e+01 7.579353e+01 3.419498e+01 7.227317e+01 4.693865e+01 4.868427e+01 3.063774e+01 4.038582e+01
<GCONST> 6.617613e+01
<STATE> 7
<MEAN> 12
 -5.747591e-08 2.554485e-08 -1.447541e-07 6.130763e-07 4.598073e-07 3.746578e-07 -1.106943e-07 -7.663454e-07 5.108970e-08 -1.702990e-07 5.960464e-08 4.512923e-07
<VARIANCE> 12
 2.742023e+01 1.226221e+01 5.151454e+01 3.230312e+01 4.897562e+01 7.579353e+01 3.419498e+01 7.227317e+01 4.693865e+01 4.868427e+01 3.063774e+01 4.038582e+01
<GCONST> 6.617613e+01
<STATE> 8
<MEAN> 12
 -5.747591e-08 2.554485e-08 -1.447541e-07 6.130763e-07 4.598073e-07 3.746578e-07 -1.106943e-07 -7.663454e-07 5.108970e-08 -1.702990e-07 5.960464e-08 4.512923e-07
<VARIANCE> 12
 2.742023e+01 1.226221e+01 5.151454e+01 3.230312e+01 4.897562e+01 7.579353e+01 3.419498e+01 7.227317e+01 4.693865e+01 4.868427e+01 3.063774e+01 4.038582e+01
<GCONST> 6.617613e+01
<TRANSP> 9
 0.000000e+00 1.000000e+00 0.000000e+00 0.000000e+00 0.000000e+00 0.000000e+00 0.000000e+00 0.000000e+00 0.000000e+00
 0.000000e+00 9.000000e-01 9.999999e-02 0.000000e+00 0.000000e+00 0.000000e+00 0.000000e+00 0.000000e+00 0.000000e+00
 0.000000e+00 0.000000e+00 9.000000e-01 9.999999e-02 0.000000e+00 0.000000e+00 0.000000e+00 0.000000e+00 0.000000e+00
 0.000000e+00 0.000000e+00 0.000000e+00 9.000000e-01 9.999999e-02 0.000000e+00 0.000000e+00 0.000000e+00 0.000000e+00
 0.000000e+00 0.000000e+00 0.000000e+00 0.000000e+00 9.000000e-01 9.999999e-02 0.000000e+00 0.000000e+00 0.000000e+00
 0.000000e+00 0.000000e+00 0.000000e+00 0.000000e+00 0.000000e+00 9.000000e-01 9.999999e-02 0.000000e+00 0.000000e+00
 0.000000e+00 0.000000e+00 0.000000e+00 0.000000e+00 0.000000e+00 0.000000e+00 9.000000e-01 9.999999e-02 0.000000e+00
 0.000000e+00 0.000000e+00 0.000000e+00 0.000000e+00 0.000000e+00 0.000000e+00 0.000000e+00 9.000000e-01 9.999999e-02
 0.000000e+00 0.000000e+00 0.000000e+00 0.000000e+00 0.000000e+00 0.000000e+00 0.000000e+00 0.000000e+00 0.000000e+00
<ENDHMM>
