~o
<STREAMINFO> 1 12
<VECSIZE> 12<NULLD><MFCC_Z><DIAGC>
~h "s019"
<BEGINHMM>
<NUMSTATES> 11
<STATE> 2
<MEAN> 12
 -1.761339e+00 1.224301e+01 4.733083e+00 -8.496652e+00 -3.912005e+00 -3.948702e+00 -7.364773e+00 4.697342e+00 -5.566750e+00 -2.106231e+00 4.985001e-01 -5.760911e+00
<VARIANCE> 12
 1.149204e+01 6.965417e+01 3.620430e+01 3.223357e+01 2.184933e+01 5.120217e+01 2.492178e+01 3.060270e+01 2.089810e+01 1.542071e+01 2.151348e+01 6.341630e+01
<GCONST> 6.245247e+01
<STATE> 3
<MEAN> 12
 -6.984447e-01 6.632679e+00 5.859835e-01 -4.517208e+00 -2.987926e+00 -5.689299e+00 -5.198447e+00 4.360193e+00 -5.055509e+00 -9.718161e-01 -3.059359e-02 -3.135213e+00
<VARIANCE> 12
 1.950538e+01 1.539149e+02 6.921544e+01 5.675802e+01 4.185547e+01 4.407514e+01 4.032600e+01 2.836891e+01 3.575877e+01 2.795345e+01 4.394570e+01 8.309017e+01
<GCONST> 6.801026e+01
<STATE> 4
<MEAN> 12
 -9.740372e-02 -1.874126e+00 -2.639370e+00 -1.342894e+00 5.002754e-01 -3.623365e+00 -1.857076e+00 1.738536e+00 -4.097288e+00 -5.395520e-01 -5.582971e-01 1.816135e+00
<VARIANCE> 12
 2.263979e+01 1.341949e+02 7.794456e+01 5.866238e+01 5.152559e+01 8.408628e+01 4.842866e+01 4.744943e+01 5.061242e+01 3.565244e+01 4.854341e+01 6.679624e+01
<GCONST> 7.019713e+01
<STATE> 5
<MEAN> 12
 -1.471695e+00 -5.865244e+00 -3.429714e+00 -8.917884e-01 3.180799e+00 1.085232e+00 8.467309e-01 -1.021350e+00 -2.820157e+00 -1.105756e+00 -3.365964e-01 3.532328e+00
<VARIANCE> 12
 2.566824e+01 7.383502e+01 5.705377e+01 5.218003e+01 3.865586e+01 1.018160e+02 3.503375e+01 5.206548e+01 6.196571e+01 4.005535e+01 3.547853e+01 4.141290e+01
<GCONST> 6.849636e+01
<STATE> 6
<MEAN> 12
 -3.031187e+00 -5.175488e+00 -1.765799e+00 -1.623020e+00 3.699726e+00 4.971056e+00 1.959416e+00 -2.214111e+00 -2.665220e-01 -1.958153e+00 4.982392e-01 2.899022e+00
<VARIANCE> 12
 3.078564e+01 4.675315e+01 3.884697e+01 4.298470e+01 3.735451e+01 8.914531e+01 2.507928e+01 4.645275e+01 6.290979e+01 3.985991e+01 2.203778e+01 2.832050e+01
<GCONST> 6.618154e+01
<STATE> 7
<MEAN> 12
 -3.020892e+00 -2.868692e+00 2.335472e-01 -1.016564e+00 2.275425e+00 4.782872e+00 2.242805e+00 -1.385223e+00 1.884104e+00 -2.005921e+00 5.541138e-01 1.884782e+00
<VARIANCE> 12
 4.740173e+01 2.715838e+01 2.780206e+01 3.401579e+01 4.963000e+01 1.155148e+02 2.280439e+01 4.492669e+01 5.222932e+01 3.725903e+01 1.636583e+01 2.326320e+01
<GCONST> 6.516839e+01
<STATE> 8
<MEAN> 12
 -3.213204e-01 -1.157636e+00 9.760824e-01 1.558847e+00 -1.637119e-01 8.205022e-01 2.157863e+00 -3.010830e-02 2.882641e+00 -4.408163e-01 -5.142237e-01 1.066489e+00
<VARIANCE> 12
 6.772938e+01 1.328980e+01 2.337949e+01 3.295515e+01 4.892234e+01 1.554016e+02 2.114564e+01 4.213523e+01 4.958966e+01 3.609076e+01 1.538690e+01 2.291071e+01
<GCONST> 6.458755e+01
<STATE> 9
<MEAN> 12
 4.110586e+00 -5.118209e-01 7.033924e-01 5.814063e+00 -1.493145e+00 -1.293309e+00 2.447920e+00 -7.983273e-01 5.013522e+00 2.878732e+00 -1.125466e+00 -1.712390e-01
<VARIANCE> 12
 5.384239e+01 1.328980e+01 1.840872e+01 3.626265e+01 3.101339e+01 1.374811e+02 1.957038e+01 4.290010e+01 5.346633e+01 3.723526e+01 1.645392e+01 2.147346e+01
<GCONST> 6.368568e+01
<STATE> 10
<MEAN> 12
 6.291657e+00 -1.422718e+00 6.028808e-01 1.051518e+01 -1.099339e+00 2.895279e+00 4.765567e+00 -5.347160e+00 8.026071e+00 6.249591e+00 1.014372e+00 -2.131546e+00
<VARIANCE> 12
 1.693707e+01 1.328980e+01 9.302063e+00 2.549070e+01 2.527936e+01 8.646043e+01 1.858512e+01 4.266505e+01 3.172459e+01 2.675848e+01 2.336951e+01 1.958296e+01
<GCONST> 6.017502e+01
<TRANSP> 11
 0.000000e+00 1.000000e+00 0.000000e+00 0.000000e+00 0.000000e+00 0.000000e+00 0.000000e+00 0.000000e+00 0.000000e+00 0.000000e+00 0.000000e+00
 0.000000e+00 8.732394e-01 1.267606e-01 0.000000e+00 0.000000e+00 0.000000e+00 0.000000e+00 0.000000e+00 0.000000e+00 0.000000e+00 0.000000e+00
 0.000000e+00 0.000000e+00 8.732395e-01 1.267606e-01 0.000000e+00 0.000000e+00 0.000000e+00 0.000000e+00 0.000000e+00 0.000000e+00 0.000000e+00
 0.000000e+00 0.000000e+00 0.000000e+00 8.732395e-01 1.267605e-01 0.000000e+00 0.000000e+00 0.000000e+00 0.000000e+00 0.000000e+00 0.000000e+00
 0.000000e+00 0.000000e+00 0.000000e+00 0.000000e+00 8.732395e-01 1.267606e-01 0.000000e+00 0.000000e+00 0.000000e+00 0.000000e+00 0.000000e+00
 0.000000e+00 0.000000e+00 0.000000e+00 0.000000e+00 0.000000e+00 8.732394e-01 1.267606e-01 0.000000e+00 0.000000e+00 0.000000e+00 0.000000e+00
 0.000000e+00 0.000000e+00 0.000000e+00 0.000000e+00 0.000000e+00 0.000000e+00 8.732395e-01 1.267605e-01 0.000000e+00 0.000000e+00 0.000000e+00
 0.000000e+00 0.000000e+00 0.000000e+00 0.000000e+00 0.000000e+00 0.000000e+00 0.000000e+00 8.732394e-01 1.267606e-01 0.000000e+00 0.000000e+00
 0.000000e+00 0.000000e+00 0.000000e+00 0.000000e+00 0.000000e+00 0.000000e+00 0.000000e+00 0.000000e+00 8.732394e-01 1.267606e-01 0.000000e+00
 0.000000e+00 0.000000e+00 0.000000e+00 0.000000e+00 0.000000e+00 0.000000e+00 0.000000e+00 0.000000e+00 0.000000e+00 8.732395e-01 1.267606e-01
 0.000000e+00 0.000000e+00 0.000000e+00 0.000000e+00 0.000000e+00 0.000000e+00 0.000000e+00 0.000000e+00 0.000000e+00 0.000000e+00 0.000000e+00
<ENDHMM>
