~o
<STREAMINFO> 1 12
<VECSIZE> 12<NULLD><MFCC_Z><DIAGC>
~h "s093"
<BEGINHMM>
<NUMSTATES> 13
<STATE> 2
<MEAN> 12
 -4.476900e+00 5.251789e+00 1.075847e+01 -1.281187e+01 -1.234929e+01 8.781257e-01 1.249844e+00 3.186228e+00 9.407444e+00 -1.588898e+00 9.701320e-01 -8.369208e+00
<VARIANCE> 12
 3.869630e+00 1.282715e+01 1.360197e+01 5.887584e+01 1.684489e+01 1.497334e+01 4.736627e+00 2.436555e+01 6.042786e+00 3.482788e+00 8.159496e+00 1.334302e+01
<GCONST> 5.066058e+01
<STATE> 3
<MEAN> 12
 -1.242227e+00 9.382334e+00 4.782810e+00 -1.811907e+01 -1.201981e+01 5.070627e+00 -5.817790e+00 6.071653e+00 4.425823e+00 -9.912912e-01 9.400746e+00 -4.361804e+00
<VARIANCE> 12
 1.104271e+01 1.282715e+01 4.761548e+00 5.749570e+01 1.684489e+01 7.826387e+00 2.350650e+01 1.643932e+01 1.299773e+01 3.397155e+00 8.159496e+00 5.120244e+00
<GCONST> 5.097874e+01
<STATE> 4
<MEAN> 12
 5.524670e+00 5.902828e+00 2.041615e+00 -5.909935e+00 -1.028398e+01 -3.242440e-01 -8.363338e+00 -8.158922e-01 -2.188571e+00 1.932306e-01 6.468475e+00 1.406635e+00
<VARIANCE> 12
 3.869630e+00 1.282715e+01 8.015696e+00 3.013829e+01 1.684489e+01 7.826387e+00 5.220876e+00 8.570002e+00 1.639650e+01 1.683861e+01 6.991920e+01 2.948628e+01
<GCONST> 5.338094e+01
<STATE> 5
<MEAN> 12
 5.510929e+00 3.364202e+00 -5.372620e+00 -6.983401e+00 -3.851790e+00 -3.970299e+00 -3.462894e+00 -1.268483e+00 -2.621722e-01 2.394273e+00 -7.500557e+00 5.985230e-01
<VARIANCE> 12
 3.869630e+00 1.282715e+01 1.235757e+01 3.013829e+01 1.684489e+01 1.797146e+01 1.163392e+01 2.008095e+01 3.396874e+01 3.296524e+01 5.685349e+01 3.555104e+01
<GCONST> 5.767818e+01
<STATE> 6
<MEAN> 12
 -1.953242e-01 8.567434e+00 -1.268255e+00 -1.050348e+01 -2.573091e+00 4.769009e-01 -2.494610e+00 5.602699e+00 -3.453283e+00 2.775690e+00 4.372873e+00 2.817391e+00
<VARIANCE> 12
 2.335274e+01 2.458742e+01 7.689372e+00 4.164388e+01 1.684489e+01 4.140722e+01 8.014907e+00 2.880612e+01 1.487726e+01 1.197355e+01 2.688729e+01 2.527206e+01
<GCONST> 5.786974e+01
<STATE> 7
<MEAN> 12
 -7.917827e+00 7.799899e+00 -9.440513e-01 -1.176827e+01 2.320805e-03 7.320486e+00 -3.834138e+00 3.863860e+00 -1.241197e+00 -6.216641e-01 2.574498e+00 2.037944e+00
<VARIANCE> 12
 5.133293e+00 2.820808e+01 4.761548e+00 3.013829e+01 1.684489e+01 7.826387e+00 8.790906e+00 3.448265e+01 6.042786e+00 8.936525e+00 3.488258e+01 9.605264e+00
<GCONST> 5.239529e+01
<STATE> 8
<MEAN> 12
 -4.877187e+00 -3.397634e+00 -3.173207e+00 1.999683e+00 -3.297418e+00 2.620718e+00 6.266647e+00 -7.818336e+00 -6.795446e+00 -1.622476e+00 -5.669026e+00 -5.563270e-01
<VARIANCE> 12
 1.316704e+01 1.282715e+01 1.200381e+01 3.013829e+01 1.684489e+01 1.900560e+01 2.301623e+01 1.059927e+01 1.744469e+01 3.732687e+01 8.159496e+00 1.240431e+01
<GCONST> 5.543657e+01
<STATE> 9
<MEAN> 12
 1.426638e+00 -1.524061e+00 -4.616678e+00 1.258161e+01 2.433828e+00 7.759141e+00 6.482399e+00 -3.939417e+00 2.387299e+00 -3.018891e+00 -5.311674e+00 -1.656134e+00
<VARIANCE> 12
 6.882486e+00 1.699961e+01 1.108271e+01 3.013829e+01 2.877835e+01 4.555929e+01 1.363267e+01 8.703919e+00 3.698640e+01 4.821565e+01 2.230942e+01 1.539108e+01
<GCONST> 5.790779e+01
<STATE> 10
<MEAN> 12
 5.309819e+00 -3.219221e+00 -2.349191e+00 1.612677e+01 1.675553e+01 4.175095e+00 3.743425e+00 -3.974329e+00 5.804221e+00 2.187229e-01 9.851952e-01 4.829632e+00
<VARIANCE> 12
 3.869630e+00 3.485997e+01 4.761548e+00 3.013829e+01 7.491093e+01 5.428273e+01 5.500319e+00 1.895651e+01 2.277482e+01 2.016117e+01 1.355132e+01 1.778694e+01
<GCONST> 5.649721e+01
<STATE> 11
<MEAN> 12
 -2.809114e-01 -1.425520e+01 1.779532e+00 1.784012e+01 1.870140e+01 -9.840716e+00 4.526867e+00 4.816791e-01 -1.919734e+00 -9.723996e-02 3.997478e+00 5.305603e+00
<VARIANCE> 12
 9.602794e+00 1.282715e+01 1.666664e+01 3.013829e+01 3.821539e+01 1.529737e+01 5.873647e+00 8.566130e+00 9.785596e+00 1.664370e+01 1.013764e+01 1.857170e+01
<GCONST> 5.370739e+01
<STATE> 12
<MEAN> 12
 -6.018475e-01 -1.506701e+01 1.064569e-01 1.883487e+01 4.388268e+00 -5.674647e+00 2.712561e+00 -4.828218e+00 -7.788075e+00 5.097066e-01 -3.120634e+00 -1.070108e+00
<VARIANCE> 12
 1.249225e+01 1.282715e+01 8.726315e+00 3.013829e+01 1.684489e+01 9.254068e+00 1.468841e+01 1.308926e+01 8.719604e+00 1.202084e+01 2.165563e+01 1.564687e+01
<GCONST> 5.348905e+01
<TRANSP> 13
 0.000000e+00 1.000000e+00 0.000000e+00 0.000000e+00 0.000000e+00 0.000000e+00 0.000000e+00 0.000000e+00 0.000000e+00 0.000000e+00 0.000000e+00 0.000000e+00 0.000000e+00
 0.000000e+00 8.846840e-01 1.153160e-01 0.000000e+00 0.000000e+00 0.000000e+00 0.000000e+00 0.000000e+00 0.000000e+00 0.000000e+00 0.000000e+00 0.000000e+00 0.000000e+00
 0.000000e+00 0.000000e+00 8.373381e-01 1.626619e-01 0.000000e+00 0.000000e+00 0.000000e+00 0.000000e+00 0.000000e+00 0.000000e+00 0.000000e+00 0.000000e+00 0.000000e+00
 0.000000e+00 0.000000e+00 0.000000e+00 7.967324e-01 2.032676e-01 0.000000e+00 0.000000e+00 0.000000e+00 0.000000e+00 0.000000e+00 0.000000e+00 0.000000e+00 0.000000e+00
 0.000000e+00 0.000000e+00 0.000000e+00 0.000000e+00 9.258012e-01 7.419888e-02 0.000000e+00 0.000000e+00 0.000000e+00 0.000000e+00 0.000000e+00 0.000000e+00 0.000000e+00
 0.000000e+00 0.000000e+00 0.000000e+00 0.000000e+00 0.000000e+00 8.577377e-01 1.422623e-01 0.000000e+00 0.000000e+00 0.000000e+00 0.000000e+00 0.000000e+00 0.000000e+00
 0.000000e+00 0.000000e+00 0.000000e+00 0.000000e+00 0.000000e+00 0.000000e+00 8.772866e-01 1.227134e-01 0.000000e+00 0.000000e+00 0.000000e+00 0.000000e+00 0.000000e+00
 0.000000e+00 0.000000e+00 0.000000e+00 0.000000e+00 0.000000e+00 0.000000e+00 0.000000e+00 7.213789e-01 2.786211e-01 0.000000e+00 0.000000e+00 0.000000e+00 0.000000e+00
 0.000000e+00 0.000000e+00 0.000000e+00 0.000000e+00 0.000000e+00 0.000000e+00 0.000000e+00 0.000000e+00 8.846223e-01 1.153776e-01 0.000000e+00 0.000000e+00 0.000000e+00
 0.000000e+00 0.000000e+00 0.000000e+00 0.000000e+00 0.000000e+00 0.000000e+00 0.000000e+00 0.000000e+00 0.000000e+00 7.758717e-01 2.241283e-01 0.000000e+00 0.000000e+00
 0.000000e+00 0.000000e+00 0.000000e+00 0.000000e+00 0.000000e+00 0.000000e+00 0.000000e+00 0.000000e+00 0.000000e+00 0.000000e+00 8.970616e-01 1.029385e-01 0.000000e+00
 0.000000e+00 0.000000e+00 0.000000e+00 0.000000e+00 0.000000e+00 0.000000e+00 0.000000e+00 0.000000e+00 0.000000e+00 0.000000e+00 0.000000e+00 8.776405e-01 1.223596e-01
 0.000000e+00 0.000000e+00 0.000000e+00 0.000000e+00 0.000000e+00 0.000000e+00 0.000000e+00 0.000000e+00 0.000000e+00 0.000000e+00 0.000000e+00 0.000000e+00 0.000000e+00
<ENDHMM>
