~o
<STREAMINFO> 1 12
<VECSIZE> 12<NULLD><MFCC_Z><DIAGC>
~h "s069"
<BEGINHMM>
<NUMSTATES> 9
<STATE> 2
<MEAN> 12
 2.189959e+00 -7.685449e+00 -1.737424e+00 2.953699e+00 8.892283e-01 -8.479547e+00 -1.652544e+00 3.934344e+00 3.048878e+00 -2.519399e+00 6.266342e-01 2.890633e-01
<VARIANCE> 12
 1.507915e+01 2.907820e+01 3.419160e+01 2.522874e+01 6.527557e+01 6.779995e+01 3.910369e+01 2.968083e+01 3.462860e+01 2.580290e+01 2.257716e+01 1.546859e+01
<GCONST> 6.300061e+01
<STATE> 3
<MEAN> 12
 -1.256392e+00 -3.114185e+00 -2.135028e+00 1.679188e-01 -1.627171e+00 -3.004665e+00 -6.779147e-01 1.926657e+00 -5.413348e-01 -2.576762e+00 -2.667732e-01 -1.766442e+00
<VARIANCE> 12
 1.501771e+01 8.117152e+01 1.803980e+01 2.624198e+01 7.973511e+01 9.974427e+01 5.389841e+01 2.885676e+01 3.958196e+01 2.211094e+01 2.392989e+01 3.136290e+01
<GCONST> 6.504623e+01
<STATE> 4
<MEAN> 12
 -2.447586e+00 2.946421e+00 5.590770e-02 -7.395330e-01 -4.413925e+00 5.707119e-01 -1.690906e+00 5.463476e-01 -1.509189e+00 -1.984262e+00 3.779993e-01 -3.435580e+00
<VARIANCE> 12
 7.137056e+00 6.790343e+01 1.670950e+01 2.901704e+01 6.183411e+01 5.251574e+01 5.091972e+01 2.793653e+01 3.056660e+01 1.803793e+01 2.421017e+01 3.918370e+01
<GCONST> 6.293494e+01
<STATE> 5
<MEAN> 12
 -1.906653e+00 5.714590e+00 2.155101e+00 -9.596512e-01 -2.238152e+00 1.027573e+00 -1.728189e+00 6.979107e-01 -7.574354e-01 -2.694435e-01 3.469498e-01 -3.157921e+00
<VARIANCE> 12
 6.270105e+00 2.979047e+01 2.124540e+01 3.906068e+01 5.453524e+01 3.315572e+01 4.201517e+01 3.380693e+01 2.601755e+01 2.114287e+01 1.898943e+01 3.644688e+01
<GCONST> 6.161433e+01
<STATE> 6
<MEAN> 12
 -1.173154e+00 4.507719e+00 3.240436e+00 -2.123156e+00 1.030905e+00 1.975145e+00 -2.989670e-01 1.460592e+00 -1.286082e-01 1.794741e+00 1.332673e-01 -5.585532e-01
<VARIANCE> 12
 8.218503e+00 2.879372e+01 2.569695e+01 4.793765e+01 3.239077e+01 4.229053e+01 3.144310e+01 4.133000e+01 2.490938e+01 2.206976e+01 1.218196e+01 3.406555e+01
<GCONST> 6.136725e+01
<STATE> 7
<MEAN> 12
 4.562247e-01 5.181295e-01 1.066719e+00 -2.048588e+00 2.514606e+00 3.478358e+00 1.671801e+00 -4.149744e-01 -1.441406e-01 3.289742e+00 -5.867194e-02 3.078754e+00
<VARIANCE> 12
 1.536759e+01 3.792914e+01 3.520478e+01 4.749414e+01 1.444741e+01 4.616622e+01 2.139568e+01 6.562984e+01 2.889464e+01 1.923698e+01 8.456450e+00 3.143445e+01
<GCONST> 6.149760e+01
<STATE> 8
<MEAN> 12
 4.137668e+00 -2.887108e+00 -2.645683e+00 2.749379e+00 3.844499e+00 4.432312e+00 4.376657e+00 -8.150880e+00 3.190839e-02 2.265425e+00 -1.159375e+00 5.550574e+00
<VARIANCE> 12
 1.597651e+01 1.713149e+01 2.258513e+01 4.386443e+01 1.313621e+01 2.910131e+01 1.328327e+01 8.946741e+01 3.062493e+01 1.787993e+01 1.020142e+01 1.834368e+01
<GCONST> 5.912881e+01
<TRANSP> 9
 0.000000e+00 1.000000e+00 0.000000e+00 0.000000e+00 0.000000e+00 0.000000e+00 0.000000e+00 0.000000e+00 0.000000e+00
 0.000000e+00 8.727273e-01 1.272727e-01 0.000000e+00 0.000000e+00 0.000000e+00 0.000000e+00 0.000000e+00 0.000000e+00
 0.000000e+00 0.000000e+00 8.727273e-01 1.272728e-01 0.000000e+00 0.000000e+00 0.000000e+00 0.000000e+00 0.000000e+00
 0.000000e+00 0.000000e+00 0.000000e+00 8.727272e-01 1.272728e-01 0.000000e+00 0.000000e+00 0.000000e+00 0.000000e+00
 0.000000e+00 0.000000e+00 0.000000e+00 0.000000e+00 8.727273e-01 1.272727e-01 0.000000e+00 0.000000e+00 0.000000e+00
 0.000000e+00 0.000000e+00 0.000000e+00 0.000000e+00 0.000000e+00 8.727273e-01 1.272728e-01 0.000000e+00 0.000000e+00
 0.000000e+00 0.000000e+00 0.000000e+00 0.000000e+00 0.000000e+00 0.000000e+00 8.727273e-01 1.272727e-01 0.000000e+00
 0.000000e+00 0.000000e+00 0.000000e+00 0.000000e+00 0.000000e+00 0.000000e+00 0.000000e+00 8.727272e-01 1.272727e-01
 0.000000e+00 0.000000e+00 0.000000e+00 0.000000e+00 0.000000e+00 0.000000e+00 0.000000e+00 0.000000e+00 0.000000e+00
<ENDHMM>
