~o
<STREAMINFO> 1 39
<VECSIZE> 39<NULLD><MFCC_E_D_A_Z><DIAGC>
~h "s000"
<BEGINHMM>
<NUMSTATES> 10
<STATE> 2
<MEAN> 39
 -1.123631e+00 1.216675e+01 1.328502e+00 -4.648272e+00 -7.361856e+00 -2.782686e+00 -9.411220e+00 1.309186e+00 1.424020e-01 6.447282e+00 -1.785533e+00 -2.425725e+00 8.070352e-01 -3.370236e-01 3.132575e-01 -6.731861e-01 3.189403e-01 5.165107e-01 4.245602e-01 -2.483599e-01 1.579474e-01 -4.199191e-02 -5.754381e-01 9.446743e-01 -2.686762e-01 4.721447e-03 6.847907e-02 1.199405e-06 -8.649619e-02 -4.562351e-02 1.103101e-01 -1.342619e-01 1.876640e-01 -6.153697e-02 1.580268e-01 -1.079264e-01 1.848589e-02 8.946296e-02 -5.101242e-04
<VARIANCE> 39
 8.158734e+00 2.934366e+01 3.928085e+01 3.675599e+01 4.644358e+01 1.961984e+01 3.006420e+01 2.149037e+01 2.716561e+01 3.538305e+01 8.146212e+01 2.487754e+01 1.783734e-02 8.371354e-01 1.369399e+00 2.828934e+00 2.475078e+00 1.964808e+00 2.026714e+00 2.787012e+00 1.849778e+00 3.754107e+00 2.493729e+00 5.473674e+00 3.064329e+00 1.395860e-03 7.777987e-02 1.509089e-01 5.321435e-01 4.718295e-01 3.491051e-01 3.959733e-01 4.640201e-01 3.215535e-01 7.556891e-01 5.575904e-01 1.082792e+00 6.910281e-01 1.946029e-04
<GCONST> 9.235177e+01
<STATE> 3
<MEAN> 39
 -6.797561e-01 9.585975e+00 -1.256562e+00 -6.877624e-01 -1.507951e+00 -9.980834e-01 -6.878982e+00 -2.881061e-01 5.852453e-01 2.083430e+00 2.233766e+00 -1.001881e+00 7.461342e-01 6.233612e-02 -3.176707e-01 -1.596683e-01 3.052647e-01 4.631197e-01 1.078881e-01 2.901234e-01 -1.277083e-01 3.088595e-02 -3.497230e-01 2.331650e-01 1.609466e-01 -5.438982e-03 2.580616e-02 -4.863676e-02 4.336618e-02 -2.490729e-03 -1.319766e-02 -2.077263e-02 3.421338e-02 -1.507591e-02 -2.584902e-03 2.223426e-02 -5.923519e-02 2.732479e-02 -6.636238e-04
<VARIANCE> 39
 1.112198e+01 7.384595e+01 2.290043e+01 3.581781e+01 5.304947e+01 2.816135e+01 6.319941e+01 3.035540e+01 3.644579e+01 3.790085e+01 4.593397e+01 3.479353e+01 2.523439e-02 8.859790e-01 2.504483e+00 2.107838e+00 2.779605e+00 2.810019e+00 3.732365e+00 3.304561e+00 3.109504e+00 3.951852e+00 2.040647e+00 5.668609e+00 3.176718e+00 1.742418e-03 1.221806e-01 3.291924e-01 3.254519e-01 4.577986e-01 3.995961e-01 8.120257e-01 5.447656e-01 6.310332e-01 6.714398e-01 3.601068e-01 1.101582e+00 7.224934e-01 2.665834e-04
<GCONST> 9.957641e+01
<STATE> 4
<MEAN> 39
 2.401155e-01 3.571496e+00 -1.464504e+00 1.088426e+00 1.807907e+00 -1.332757e+00 -1.818222e+00 -8.361887e-01 5.800593e-01 -1.150486e+00 1.331075e+00 1.445388e+00 7.018378e-01 6.778812e-02 -5.055143e-01 -9.870274e-03 1.213007e-01 2.165520e-01 -5.202425e-02 4.321067e-01 1.302097e-02 -1.646691e-02 -2.380809e-01 -9.287518e-02 1.574161e-01 -3.245966e-03 -1.833344e-03 -5.274217e-03 8.622118e-03 -1.392484e-02 -2.082932e-02 -9.487660e-03 4.190916e-03 1.328956e-02 -3.702180e-03 1.032985e-02 -1.743801e-02 -6.544560e-03 1.910219e-04
<VARIANCE> 39
 1.539182e+01 9.011103e+01 2.511327e+01 2.934730e+01 3.869342e+01 3.331002e+01 7.290704e+01 4.424673e+01 4.367190e+01 4.619171e+01 3.884347e+01 3.028476e+01 2.300506e-02 1.140397e+00 3.123906e+00 1.648581e+00 3.099385e+00 3.043314e+00 4.896252e+00 3.332664e+00 4.218298e+00 4.736835e+00 2.665854e+00 5.420439e+00 2.916670e+00 1.931883e-03 1.623000e-01 4.382072e-01 2.211775e-01 5.123174e-01 4.334719e-01 1.089930e+00 5.954867e-01 8.137662e-01 7.779351e-01 4.074168e-01 1.158048e+00 6.770529e-01 3.252575e-04
<GCONST> 1.032378e+02
<STATE> 5
<MEAN> 39
 7.191001e-01 -1.391405e+00 -1.470946e+00 1.808995e+00 2.689737e+00 -2.306775e+00 2.607267e+00 5.933599e-01 6.789975e-02 -2.804629e+00 2.445640e-01 1.866179e+00 6.773561e-01 1.699639e-02 -3.489429e-01 2.974898e-02 3.385663e-02 -1.237850e-03 -4.775403e-02 2.961143e-01 1.557817e-01 -6.172048e-02 -8.391012e-02 -7.373317e-02 -3.336433e-02 -2.056669e-03 -4.757769e-03 1.493569e-02 4.515895e-03 -8.246855e-03 -1.612477e-02 6.258745e-03 -1.688099e-02 4.469090e-03 -2.537559e-03 1.192997e-02 2.627224e-03 -1.308867e-02 1.041370e-04
<VARIANCE> 39
 1.933200e+01 6.185376e+01 2.948066e+01 3.173993e+01 3.100023e+01 3.747287e+01 5.284827e+01 6.408583e+01 4.294135e+01 4.835119e+01 3.149005e+01 2.820146e+01 2.189162e-02 1.591933e+00 3.063802e+00 1.806823e+00 3.090068e+00 2.865348e+00 5.055256e+00 3.191191e+00 4.735882e+00 4.544324e+00 3.516482e+00 4.873526e+00 3.106355e+00 1.921123e-03 2.501985e-01 4.092001e-01 2.010420e-01 5.248852e-01 4.511465e-01 1.070818e+00 5.820591e-01 8.488984e-01 7.639711e-01 4.891070e-01 1.088086e+00 7.138247e-01 3.517941e-04
<GCONST> 1.041729e+02
<STATE> 6
<MEAN> 39
 5.578359e-01 -4.110149e+00 -6.910405e-01 1.768153e+00 1.610396e+00 -2.252464e+00 4.603215e+00 2.677570e+00 -8.464053e-01 -2.917111e+00 -2.891749e-01 5.610810e-01 6.554700e-01 -3.964586e-02 -1.765043e-01 9.530234e-02 -7.075550e-02 -1.372214e-01 1.012865e-01 4.624638e-02 8.804291e-02 -6.743106e-02 2.390503e-02 -4.088596e-02 -1.201677e-01 -7.726964e-04 -2.537841e-03 8.772289e-03 2.478116e-03 -6.260548e-03 -1.800781e-03 1.434640e-02 -1.714955e-02 -1.719104e-02 4.117107e-03 8.049055e-03 2.253918e-03 8.633549e-04 1.108586e-04
<VARIANCE> 39
 2.074547e+01 3.283706e+01 3.328518e+01 3.811148e+01 3.299310e+01 5.202654e+01 4.111558e+01 6.986272e+01 3.500003e+01 4.717476e+01 2.294097e+01 2.939934e+01 1.996617e-02 2.105967e+00 2.352252e+00 2.241704e+00 2.965033e+00 2.709002e+00 5.116105e+00 3.714498e+00 4.897899e+00 3.469199e+00 4.074256e+00 3.753206e+00 3.136429e+00 1.943518e-03 3.841381e-01 3.098772e-01 2.461440e-01 5.185718e-01 4.641774e-01 9.342184e-01 6.723136e-01 8.769915e-01 6.022843e-01 6.110622e-01 8.711476e-01 7.054343e-01 3.724036e-04
<GCONST> 1.037298e+02
<STATE> 7
<MEAN> 39
 -1.081142e-01 -5.578858e+00 6.059266e-01 3.692565e-01 -2.534823e-01 -2.046542e-01 3.965559e+00 2.700995e+00 -1.452031e+00 -2.340596e+00 -6.990632e-01 -7.819257e-01 6.575340e-01 -4.253259e-02 -1.356501e-01 8.992040e-02 -1.078441e-01 -5.954279e-02 2.683384e-01 -9.225954e-02 -2.033274e-01 2.229583e-02 1.034670e-01 -2.048228e-02 -3.236668e-02 2.422479e-04 6.923261e-03 5.388706e-03 -5.138014e-03 1.010405e-02 2.007970e-02 6.300476e-03 6.397380e-03 -2.028287e-02 1.158168e-02 7.662633e-03 3.470653e-03 1.213117e-02 -3.751303e-04
<VARIANCE> 39
 1.815443e+01 2.085684e+01 3.285258e+01 4.204411e+01 3.460135e+01 7.110985e+01 4.826527e+01 6.747480e+01 2.700761e+01 4.085852e+01 1.611550e+01 2.537466e+01 1.703460e-02 2.188981e+00 1.651229e+00 2.525595e+00 2.874273e+00 2.730637e+00 4.792191e+00 4.528371e+00 4.829341e+00 2.748031e+00 4.169753e+00 2.512676e+00 2.714140e+00 1.832039e-03 4.361313e-01 2.159437e-01 2.971802e-01 5.190507e-01 4.698334e-01 7.503107e-01 8.110612e-01 9.297988e-01 4.935526e-01 7.544112e-01 5.894600e-01 5.619130e-01 3.346834e-04
<GCONST> 1.010167e+02
<STATE> 8
<MEAN> 39
 -4.442154e-01 -7.138553e+00 1.442128e+00 -6.779132e-01 -2.145859e-01 3.307636e+00 2.835313e+00 -8.023910e-01 -7.116049e-01 -8.458324e-01 -8.307214e-01 -6.037410e-01 6.572630e-01 7.687022e-02 -4.708805e-02 1.308286e-02 8.437100e-02 2.334406e-01 2.918585e-01 7.644815e-02 -3.854654e-01 1.748946e-01 1.896517e-01 3.384473e-02 1.175480e-01 -6.919653e-03 1.127092e-02 3.765053e-02 8.227723e-03 2.473197e-02 1.600914e-02 2.128097e-03 -5.360104e-03 7.909753e-03 5.395713e-03 3.833273e-03 1.574973e-02 -4.198755e-03 -9.047412e-04
<VARIANCE> 39
 1.407413e+01 1.965218e+01 2.429673e+01 3.275000e+01 3.823201e+01 6.111539e+01 5.172604e+01 6.802915e+01 2.436683e+01 3.204294e+01 1.131236e+01 2.225628e+01 1.862677e-02 1.687330e+00 1.456576e+00 2.174053e+00 2.467168e+00 2.633472e+00 3.501586e+00 4.571317e+00 4.124701e+00 2.624059e+00 3.303780e+00 1.574531e+00 2.016849e+00 1.535329e-03 3.301856e-01 1.748987e-01 2.897011e-01 4.559591e-01 4.399474e-01 4.987572e-01 7.907516e-01 8.324790e-01 4.984555e-01 6.947079e-01 3.591641e-01 3.555541e-01 2.191653e-04
<GCONST> 9.432546e+01
<STATE> 9
<MEAN> 39
 8.386909e-01 -7.105349e+00 1.506483e+00 9.791398e-01 3.229853e+00 6.569604e+00 4.097205e+00 -5.354306e+00 1.634450e+00 1.527923e+00 -2.049905e-01 9.406599e-01 5.514359e-01 2.061270e-01 4.723535e-01 1.669669e-01 4.120420e-01 4.135826e-01 3.135897e-01 -9.099432e-02 -2.411910e-01 1.572518e-01 2.489291e-01 2.534766e-01 3.620790e-02 -1.651763e-02 8.295280e-03 3.005363e-02 2.363288e-02 6.236950e-02 7.020622e-02 -1.180162e-03 -5.415995e-02 -3.593944e-02 -9.858137e-02 5.237419e-02 2.518556e-02 3.360739e-02 1.587789e-03
<VARIANCE> 39
 1.047434e+01 1.913655e+01 1.266000e+01 1.957198e+01 3.393189e+01 2.716168e+01 4.586992e+01 3.979493e+01 2.013282e+01 1.844139e+01 8.891264e+00 1.792616e+01 3.096885e-02 8.762872e-01 1.306749e+00 1.466618e+00 1.423247e+00 1.755915e+00 1.665770e+00 3.793905e+00 2.399974e+00 2.213844e+00 1.676556e+00 1.089795e+00 1.283301e+00 9.830673e-04 1.628409e-01 1.533444e-01 2.452976e-01 2.665134e-01 3.025846e-01 2.346694e-01 6.273333e-01 4.601936e-01 4.652218e-01 3.662745e-01 2.329976e-01 2.076160e-01 1.142280e-04
<GCONST> 7.903431e+01
<TRANSP> 10
 0.000000e+00 1.000000e+00 0.000000e+00 0.000000e+00 0.000000e+00 0.000000e+00 0.000000e+00 0.000000e+00 0.000000e+00 0.000000e+00
 0.000000e+00 9.207922e-01 7.920789e-02 0.000000e+00 0.000000e+00 0.000000e+00 0.000000e+00 0.000000e+00 0.000000e+00 0.000000e+00
 0.000000e+00 0.000000e+00 9.207921e-01 7.920791e-02 0.000000e+00 0.000000e+00 0.000000e+00 0.000000e+00 0.000000e+00 0.000000e+00
 0.000000e+00 0.000000e+00 0.000000e+00 9.207921e-01 7.920793e-02 0.000000e+00 0.000000e+00 0.000000e+00 0.000000e+00 0.000000e+00
 0.000000e+00 0.000000e+00 0.000000e+00 0.000000e+00 9.207921e-01 7.920793e-02 0.000000e+00 0.000000e+00 0.000000e+00 0.000000e+00
 0.000000e+00 0.000000e+00 0.000000e+00 0.000000e+00 0.000000e+00 9.207921e-01 7.920792e-02 0.000000e+00 0.000000e+00 0.000000e+00
 0.000000e+00 0.000000e+00 0.000000e+00 0.000000e+00 0.000000e+00 0.000000e+00 9.207921e-01 7.920792e-02 0.000000e+00 0.000000e+00
 0.000000e+00 0.000000e+00 0.000000e+00 0.000000e+00 0.000000e+00 0.000000e+00 0.000000e+00 9.207920e-01 7.920789e-02 0.000000e+00
 0.000000e+00 0.000000e+00 0.000000e+00 0.000000e+00 0.000000e+00 0.000000e+00 0.000000e+00 0.000000e+00 9.207921e-01 7.920792e-02
 0.000000e+00 0.000000e+00 0.000000e+00 0.000000e+00 0.000000e+00 0.000000e+00 0.000000e+00 0.000000e+00 0.000000e+00 0.000000e+00
<ENDHMM>
