~o
<STREAMINFO> 1 12
<VECSIZE> 12<NULLD><MFCC_Z><DIAGC>
~h "s008"
<BEGINHMM>
<NUMSTATES> 11
<STATE> 2
<MEAN> 12
 -8.342402e-01 1.223146e+01 1.428574e+01 -1.369749e+01 -1.384003e+01 2.276660e+00 5.138500e-01 1.465018e+00 -3.144660e-01 2.693224e+00 2.280824e+00 -3.182602e+00
<VARIANCE> 12
 1.017442e+01 9.778551e+00 2.770462e+01 3.346791e+01 1.076479e+01 1.421226e+01 7.273343e+00 5.199044e+01 1.671140e+01 1.651119e+01 7.236786e+00 6.623483e+01
<GCONST> 5.624496e+01
<STATE> 3
<MEAN> 12
 -1.403687e-01 5.066216e+00 2.050959e+00 -9.837120e+00 -1.081525e+01 -8.796039e+00 3.231193e+00 1.354678e+01 -2.480506e+00 -3.254572e+00 4.041885e+00 -9.251123e+00
<VARIANCE> 12
 2.140186e+00 8.088401e+00 2.770462e+01 2.051257e+01 2.922932e+01 1.412084e+01 6.239980e+00 1.048573e+01 7.455360e+00 3.133320e+01 1.128797e+01 2.071165e+01
<GCONST> 5.236035e+01
<STATE> 4
<MEAN> 12
 2.794757e+00 8.705737e-01 -4.199667e+00 -8.151612e+00 -3.114232e+00 -7.938016e+00 -1.460615e+00 5.636999e+00 5.193830e+00 -7.410699e+00 -3.201275e+00 -4.413138e+00
<VARIANCE> 12
 2.140186e+00 1.481454e+01 3.942157e+01 1.594423e+01 2.091743e+01 1.737435e+01 8.537787e+00 1.880303e+01 1.668739e+01 1.651119e+01 6.001072e+00 7.932124e+00
<GCONST> 5.241009e+01
<STATE> 5
<MEAN> 12
 -4.582148e-01 -6.001258e+00 -6.690068e+00 -5.070763e-01 3.157921e+00 -8.769009e+00 2.638747e+00 -1.343365e+00 2.448745e+00 -1.077121e+01 5.142498e+00 4.172985e+00
<VARIANCE> 12
 2.140186e+00 8.088401e+00 2.770462e+01 1.968836e+01 1.076479e+01 1.694630e+01 5.120450e+00 1.048573e+01 2.482355e+01 1.651119e+01 4.706262e+00 1.259768e+01
<GCONST> 5.049530e+01
<STATE> 6
<MEAN> 12
 1.044212e+00 -2.116859e+00 -1.403397e+01 5.529917e+00 5.366298e+00 -3.323231e+00 -4.232901e+00 5.314914e-01 2.010601e+00 -7.413828e+00 1.577073e+00 3.964479e+00
<VARIANCE> 12
 8.738614e+00 1.290041e+01 2.770462e+01 1.942345e+01 1.076479e+01 1.412084e+01 1.680382e+01 1.471148e+01 2.800885e+01 1.651119e+01 2.203385e+01 1.663070e+01
<GCONST> 5.564217e+01
<STATE> 7
<MEAN> 12
 2.307997e+00 -2.973551e-01 -7.926217e+00 2.957056e+00 3.086812e+00 -1.441779e+00 1.307528e+00 3.801809e+00 -4.084966e+00 -3.069390e+00 4.591196e-01 6.134403e+00
<VARIANCE> 12
 1.767867e+01 1.871258e+01 2.770462e+01 1.522841e+01 1.076479e+01 2.654676e+01 2.146541e+01 4.479939e+01 5.518430e+01 1.651119e+01 3.158192e+01 1.438378e+01
<GCONST> 5.935807e+01
<STATE> 8
<MEAN> 12
 -4.217104e+00 -5.010274e+00 1.028338e+00 6.950110e+00 5.764417e+00 -2.246409e-01 7.585248e-02 -2.058257e+00 -9.878420e+00 8.239061e+00 5.074646e+00 -5.235209e-01
<VARIANCE> 12
 2.140186e+00 8.088401e+00 2.770462e+01 1.522841e+01 1.076479e+01 1.412084e+01 9.336843e+00 1.663127e+01 7.455360e+00 1.977018e+01 2.154431e+01 2.016560e+01
<GCONST> 5.208699e+01
<STATE> 9
<MEAN> 12
 -4.214417e+00 -5.914157e+00 8.421233e+00 6.500268e+00 3.849212e+00 4.096637e+00 1.872394e+00 -3.510137e+00 -6.182433e+00 1.429647e+01 -4.006883e+00 -1.763472e+00
<VARIANCE> 12
 2.140186e+00 8.088401e+00 2.770462e+01 1.522841e+01 1.076479e+01 1.412084e+01 1.316994e+01 1.219062e+01 9.786486e+00 1.651119e+01 2.043673e+01 9.508833e+00
<GCONST> 5.140775e+01
<STATE> 10
<MEAN> 12
 -7.974584e-02 -1.637790e+00 1.408101e+01 5.904531e+00 2.371047e+00 1.520597e+01 5.089367e+00 -1.034767e+01 1.554873e+00 9.702927e+00 -3.198454e+00 1.758717e+00
<VARIANCE> 12
 5.190182e+00 1.822138e+01 2.770462e+01 1.522841e+01 1.076479e+01 2.778926e+01 3.797026e+01 1.235474e+01 1.320151e+01 3.162845e+01 4.706262e+00 7.062813e+00
<GCONST> 5.403854e+01
<TRANSP> 11
 0.000000e+00 1.000000e+00 0.000000e+00 0.000000e+00 0.000000e+00 0.000000e+00 0.000000e+00 0.000000e+00 0.000000e+00 0.000000e+00 0.000000e+00
 0.000000e+00 8.867166e-01 1.132834e-01 0.000000e+00 0.000000e+00 0.000000e+00 0.000000e+00 0.000000e+00 0.000000e+00 0.000000e+00 0.000000e+00
 0.000000e+00 0.000000e+00 6.557170e-01 3.442830e-01 0.000000e+00 0.000000e+00 0.000000e+00 0.000000e+00 0.000000e+00 0.000000e+00 0.000000e+00
 0.000000e+00 0.000000e+00 0.000000e+00 9.113190e-01 8.868105e-02 0.000000e+00 0.000000e+00 0.000000e+00 0.000000e+00 0.000000e+00 0.000000e+00
 0.000000e+00 0.000000e+00 0.000000e+00 0.000000e+00 5.788441e-01 4.211559e-01 0.000000e+00 0.000000e+00 0.000000e+00 0.000000e+00 0.000000e+00
 0.000000e+00 0.000000e+00 0.000000e+00 0.000000e+00 0.000000e+00 9.418744e-01 5.812559e-02 0.000000e+00 0.000000e+00 0.000000e+00 0.000000e+00
 0.000000e+00 0.000000e+00 0.000000e+00 0.000000e+00 0.000000e+00 0.000000e+00 7.442822e-01 2.557178e-01 0.000000e+00 0.000000e+00 0.000000e+00
 0.000000e+00 0.000000e+00 0.000000e+00 0.000000e+00 0.000000e+00 0.000000e+00 0.000000e+00 7.797433e-01 2.202567e-01 0.000000e+00 0.000000e+00
 0.000000e+00 0.000000e+00 0.000000e+00 0.000000e+00 0.000000e+00 0.000000e+00 0.000000e+00 0.000000e+00 8.581415e-01 1.418585e-01 0.000000e+00
 0.000000e+00 0.000000e+00 0.000000e+00 0.000000e+00 0.000000e+00 0.000000e+00 0.000000e+00 0.000000e+00 0.000000e+00 8.991233e-01 1.008767e-01
 0.000000e+00 0.000000e+00 0.000000e+00 0.000000e+00 0.000000e+00 0.000000e+00 0.000000e+00 0.000000e+00 0.000000e+00 0.000000e+00 0.000000e+00
<ENDHMM>
