~o
<STREAMINFO> 1 12
<VECSIZE> 12<NULLD><MFCC_Z><DIAGC>
~h "s084"
<BEGINHMM>
<NUMSTATES> 9
<STATE> 2
<MEAN> 12
 -9.294040e+00 -7.175984e+00 9.647463e+00 9.988803e+00 3.888431e+00 -4.280406e+00 3.472599e+00 6.999974e+00 1.097088e+00 -5.335106e-01 4.852977e-01 4.275394e+00
<VARIANCE> 12
 3.137642e+01 1.117628e+01 4.007602e+01 1.773771e+01 1.943835e+01 1.277188e+01 2.764112e+01 4.506407e+01 3.732314e+01 1.792868e+01 1.416740e+01 3.072369e+01
<GCONST> 5.970472e+01
<STATE> 3
<MEAN> 12
 -4.735074e+00 -5.825053e+00 3.429783e+00 6.739160e+00 1.997202e+00 -4.493355e+00 -4.486105e-01 2.546883e+00 -2.782600e+00 -3.907349e-02 4.226902e-01 1.059855e+00
<VARIANCE> 12
 2.121752e+01 2.205326e+01 2.918657e+01 2.150291e+01 2.840994e+01 1.731948e+01 1.942121e+01 2.288234e+01 3.399819e+01 3.125517e+01 2.275699e+01 1.645174e+01
<GCONST> 5.983381e+01
<STATE> 4
<MEAN> 12
 -1.137985e+00 -1.936938e+00 -6.619500e-01 4.493363e+00 -2.904061e-01 -3.075334e+00 -1.130898e+00 1.396737e+00 -1.923986e+00 -1.623865e+00 -6.304443e-01 -1.139228e+00
<VARIANCE> 12
 2.296637e+01 2.923195e+01 2.637082e+01 4.105347e+01 2.212386e+01 2.630204e+01 1.885992e+01 1.968737e+01 4.160669e+01 3.333065e+01 2.833371e+01 1.473223e+01
<GCONST> 6.110310e+01
<STATE> 5
<MEAN> 12
 1.929757e+00 1.867151e+00 -4.103041e+00 6.638095e-01 -4.384238e-01 -3.323844e-01 -4.615110e-01 -3.265544e-02 1.329516e+00 -1.705496e+00 8.949972e-02 -1.992255e+00
<VARIANCE> 12
 1.368330e+01 2.248400e+01 3.198063e+01 7.453358e+01 1.522156e+01 3.044645e+01 2.038248e+01 1.729925e+01 4.121501e+01 2.747811e+01 2.783523e+01 1.313539e+01
<GCONST> 6.049771e+01
<STATE> 6
<MEAN> 12
 3.801347e+00 4.311708e+00 -6.081017e+00 -4.891945e+00 -1.804568e-01 2.571647e+00 -4.432952e-01 -1.827530e+00 2.938388e+00 1.465235e-01 6.607994e-01 -1.179784e+00
<VARIANCE> 12
 5.889720e+00 1.036101e+01 3.086598e+01 7.015389e+01 1.154880e+01 2.011788e+01 1.779358e+01 1.194677e+01 2.685985e+01 2.274393e+01 2.306069e+01 1.636525e+01
<GCONST> 5.700184e+01
<STATE> 7
<MEAN> 12
 4.893919e+00 4.852963e+00 -4.146385e+00 -8.877084e+00 -1.305503e+00 4.099304e+00 -8.496398e-01 -3.699043e+00 1.367799e+00 1.716639e+00 -6.240723e-01 -5.727211e-01
<VARIANCE> 12
 5.889720e+00 5.409484e+00 3.933364e+01 3.117166e+01 1.191144e+01 9.831687e+00 1.438101e+01 8.787361e+00 2.528800e+01 1.727215e+01 2.116332e+01 1.826182e+01
<GCONST> 5.426632e+01
<STATE> 8
<MEAN> 12
 4.542049e+00 3.906172e+00 1.915209e+00 -8.116028e+00 -3.670881e+00 5.510538e+00 -1.385540e-01 -5.384295e+00 -2.026168e+00 2.038686e+00 -4.037607e-01 -4.513022e-01
<VARIANCE> 12
 5.889720e+00 5.409484e+00 3.970496e+01 1.963216e+01 9.117116e+00 9.029434e+00 1.004918e+01 5.016315e+00 2.228640e+01 1.640211e+01 2.313021e+01 1.993382e+01
<GCONST> 5.254031e+01
<TRANSP> 9
 0.000000e+00 1.000000e+00 0.000000e+00 0.000000e+00 0.000000e+00 0.000000e+00 0.000000e+00 0.000000e+00 0.000000e+00
 0.000000e+00 8.727273e-01 1.272727e-01 0.000000e+00 0.000000e+00 0.000000e+00 0.000000e+00 0.000000e+00 0.000000e+00
 0.000000e+00 0.000000e+00 8.727273e-01 1.272728e-01 0.000000e+00 0.000000e+00 0.000000e+00 0.000000e+00 0.000000e+00
 0.000000e+00 0.000000e+00 0.000000e+00 8.727272e-01 1.272728e-01 0.000000e+00 0.000000e+00 0.000000e+00 0.000000e+00
 0.000000e+00 0.000000e+00 0.000000e+00 0.000000e+00 8.727273e-01 1.272727e-01 0.000000e+00 0.000000e+00 0.000000e+00
 0.000000e+00 0.000000e+00 0.000000e+00 0.000000e+00 0.000000e+00 8.727273e-01 1.272728e-01 0.000000e+00 0.000000e+00
 0.000000e+00 0.000000e+00 0.000000e+00 0.000000e+00 0.000000e+00 0.000000e+00 8.727273e-01 1.272727e-01 0.000000e+00
 0.000000e+00 0.000000e+00 0.000000e+00 0.000000e+00 0.000000e+00 0.000000e+00 0.000000e+00 8.727272e-01 1.272727e-01
 0.000000e+00 0.000000e+00 0.000000e+00 0.000000e+00 0.000000e+00 0.000000e+00 0.000000e+00 0.000000e+00 0.000000e+00
<ENDHMM>
