~o
<STREAMINFO> 1 12
<VECSIZE> 12<NULLD><MFCC_Z><DIAGC>
~h "s056"
<BEGINHMM>
<NUMSTATES> 9
<STATE> 2
<MEAN> 12
 -2.644279e-07 -4.334883e-07 -4.334883e-09 -1.560558e-07 -4.985116e-08 4.855069e-07 8.669767e-08 6.675720e-07 2.600930e-08 -1.196428e-06 1.820651e-07 -5.201860e-08
<VARIANCE> 12
 2.807430e+01 4.691647e+01 6.617551e+01 2.618324e+01 3.842469e+01 7.243016e+01 4.723801e+01 5.612369e+01 4.280004e+01 7.276118e+01 2.162192e+01 3.281488e+01
<GCONST> 6.711757e+01
<STATE> 3
<MEAN> 12
 -2.644279e-07 -4.334883e-07 -4.334883e-09 -1.560558e-07 -4.985116e-08 4.855069e-07 8.669767e-08 6.675720e-07 2.600930e-08 -1.196428e-06 1.820651e-07 -5.201860e-08
<VARIANCE> 12
 2.807430e+01 4.691647e+01 6.617551e+01 2.618324e+01 3.842469e+01 7.243016e+01 4.723801e+01 5.612369e+01 4.280004e+01 7.276118e+01 2.162192e+01 3.281488e+01
<GCONST> 6.711757e+01
<STATE> 4
<MEAN> 12
 -2.644279e-07 -4.334883e-07 -4.334883e-09 -1.560558e-07 -4.985116e-08 4.855069e-07 8.669767e-08 6.675720e-07 2.600930e-08 -1.196428e-06 1.820651e-07 -5.201860e-08
<VARIANCE> 12
 2.807430e+01 4.691647e+01 6.617551e+01 2.618324e+01 3.842469e+01 7.243016e+01 4.723801e+01 5.612369e+01 4.280004e+01 7.276118e+01 2.162192e+01 3.281488e+01
<GCONST> 6.711757e+01
<STATE> 5
<MEAN> 12
 -2.644279e-07 -4.334883e-07 -4.334883e-09 -1.560558e-07 -4.985116e-08 4.855069e-07 8.669767e-08 6.675720e-07 2.600930e-08 -1.196428e-06 1.820651e-07 -5.201860e-08
<VARIANCE> 12
 2.807430e+01 4.691647e+01 6.617551e+01 2.618324e+01 3.842469e+01 7.243016e+01 4.723801e+01 5.612369e+01 4.280004e+01 7.276118e+01 2.162192e+01 3.281488e+01
<GCONST> 6.711757e+01
<STATE> 6
<MEAN> 12
 -2.644279e-07 -4.334883e-07 -4.334883e-09 -1.560558e-07 -4.985116e-08 4.855069e-07 8.669767e-08 6.675720e-07 2.600930e-08 -1.196428e-06 1.820651e-07 -5.201860e-08
<VARIANCE> 12
 2.807430e+01 4.691647e+01 6.617551e+01 2.618324e+01 3.842469e+01 7.243016e+01 4.723801e+01 5.612369e+01 4.280004e+01 7.276118e+01 2.162192e+01 3.281488e+01
<GCONST> 6.711757e+01
<STATE> 7
<MEAN> 12
 -2.644279e-07 -4.334883e-07 -4.334883e-09 -1.560558e-07 -4.985116e-08 4.855069e-07 8.669767e-08 6.675720e-07 2.600930e-08 -1.196428e-06 1.820651e-07 -5.201860e-08
<VARIANCE> 12
 2.807430e+01 4.691647e+01 6.617551e+01 2.618324e+01 3.842469e+01 7.243016e+01 4.723801e+01 5.612369e+01 4.280004e+01 7.276118e+01 2.162192e+01 3.281488e+01
<GCONST> 6.711757e+01
<STATE> 8
<MEAN> 12
 -2.644279e-07 -4.334883e-07 -4.334883e-09 -1.560558e-07 -4.985116e-08 4.855069e-07 8.669767e-08 6.675720e-07 2.600930e-08 -1.196428e-06 1.820651e-07 -5.201860e-08
<VARIANCE> 12
 2.807430e+01 4.691647e+01 6.617551e+01 2.618324e+01 3.842469e+01 7.243016e+01 4.723801e+01 5.612369e+01 4.280004e+01 7.276118e+01 2.162192e+01 3.281488e+01
<GCONST> 6.711757e+01
<TRANSP> 9
 0.000000e+00 1.000000e+00 0.000000e+00 0.000000e+00 0.000000e+00 0.000000e+00 0.000000e+00 0.000000e+00 0.000000e+00
 0.000000e+00 9.000000e-01 9.999999e-02 0.000000e+00 0.000000e+00 0.000000e+00 0.000000e+00 0.000000e+00 0.000000e+00
 0.000000e+00 0.000000e+00 9.000000e-01 9.999999e-02 0.000000e+00 0.000000e+00 0.000000e+00 0.000000e+00 0.000000e+00
 0.000000e+00 0.000000e+00 0.000000e+00 9.000000e-01 9.999999e-02 0.000000e+00 0.000000e+00 0.000000e+00 0.000000e+00
 0.000000e+00 0.000000e+00 0.000000e+00 0.000000e+00 9.000000e-01 9.999999e-02 0.000000e+00 0.000000e+00 0.000000e+00
 0.000000e+00 0.000000e+00 0.000000e+00 0.000000e+00 0.000000e+00 9.000000e-01 9.999999e-02 0.000000e+00 0.000000e+00
 0.000000e+00 0.000000e+00 0.000000e+00 0.000000e+00 0.000000e+00 0.000000e+00 9.000000e-01 9.999999e-02 0.000000e+00
 0.000000e+00 0.000000e+00 0.000000e+00 0.000000e+00 0.000000e+00 0.000000e+00 0.000000e+00 9.000000e-01 9.999999e-02
 0.000000e+00 0.000000e+00 0.000000e+00 0.000000e+00 0.000000e+00 0.000000e+00 0.000000e+00 0.000000e+00 0.000000e+00
<ENDHMM>
