~o
<STREAMINFO> 1 12
<VECSIZE> 12<NULLD><MFCC_Z><DIAGC>
~h "s040"
<BEGINHMM>
<NUMSTATES> 9
<STATE> 2
<MEAN> 12
 -6.944468e+00 5.409062e+00 3.138613e+00 -3.449372e+00 7.903802e-01 4.983826e+00 8.448026e-01 3.799702e+00 2.959442e+00 1.931573e+00 2.984676e+00 6.298990e-01
<VARIANCE> 12
 4.459464e+01 5.060831e+01 1.511555e+01 5.819502e+01 5.246249e+01 2.949397e+01 5.956890e+01 5.651065e+01 7.920087e+01 2.943645e+01 6.036892e+01 2.697401e+01
<GCONST> 6.717120e+01
<STATE> 3
<MEAN> 12
 -1.571197e+00 1.343411e+00 1.526775e+00 -5.419847e+00 -2.205429e+00 1.957450e+00 9.035484e-01 4.247544e-01 -3.115785e+00 1.618640e+00 -4.787448e-01 8.936580e-01
<VARIANCE> 12
 2.241850e+01 4.770053e+01 2.015809e+01 3.515018e+01 2.529953e+01 3.479602e+01 4.413897e+01 1.948846e+01 6.319322e+01 2.460395e+01 3.106713e+01 4.025351e+01
<GCONST> 6.361050e+01
<STATE> 4
<MEAN> 12
 -4.414203e-01 1.529650e+00 9.394789e-01 -4.624194e+00 -1.023141e+00 9.493097e-01 9.846675e-01 1.436592e-01 -3.996799e+00 1.223550e+00 7.265155e-01 -8.979669e-01
<VARIANCE> 12
 1.557080e+01 4.468146e+01 2.042277e+01 2.660139e+01 2.055606e+01 3.130756e+01 2.878659e+01 1.568221e+01 4.623586e+01 1.980587e+01 3.852402e+01 4.244255e+01
<GCONST> 6.169571e+01
<STATE> 5
<MEAN> 12
 -7.714400e-01 1.145321e+00 8.620727e-01 -2.553044e+00 -3.499705e-01 6.643203e-01 -3.188169e-01 4.512543e-02 -3.208796e+00 3.924932e-01 9.886112e-01 -1.189866e+00
<VARIANCE> 12
 1.646870e+01 5.818593e+01 2.838417e+01 4.389837e+01 1.926750e+01 2.921229e+01 2.094098e+01 1.496761e+01 5.550924e+01 2.102887e+01 3.598088e+01 4.081819e+01
<GCONST> 6.248251e+01
<STATE> 6
<MEAN> 12
 3.631489e-01 -1.968530e+00 -1.061627e+00 1.509476e+00 -5.227850e-01 -1.194515e+00 -9.242719e-01 -6.015487e-02 -1.582432e+00 -1.179263e+00 -7.267341e-01 4.717209e-01
<VARIANCE> 12
 2.076864e+01 5.747668e+01 3.599798e+01 5.690805e+01 1.558252e+01 2.786094e+01 1.383453e+01 1.372896e+01 7.661590e+01 3.066813e+01 2.821624e+01 3.772222e+01
<GCONST> 6.281647e+01
<STATE> 7
<MEAN> 12
 3.609587e+00 -4.168471e+00 -3.466419e+00 5.916283e+00 3.314426e-01 -3.636181e+00 -9.416603e-01 -1.082058e+00 2.258007e+00 -3.099728e+00 -2.506487e+00 7.733759e-01
<VARIANCE> 12
 2.358152e+01 2.727138e+01 2.456841e+01 3.579827e+01 1.584412e+01 1.897305e+01 7.825086e+00 1.568304e+01 7.906414e+01 3.815150e+01 2.001995e+01 2.847829e+01
<GCONST> 6.017361e+01
<STATE> 8
<MEAN> 12
 5.755713e+00 -3.290303e+00 -1.938780e+00 8.620698e+00 2.979633e+00 -3.724183e+00 -5.482727e-01 -3.270984e+00 6.686442e+00 -8.871675e-01 -9.877111e-01 -6.809427e-01
<VARIANCE> 12
 1.249333e+01 1.030237e+01 2.025362e+01 1.281723e+01 1.438238e+01 1.610035e+01 5.270895e+00 1.411825e+01 3.865457e+01 4.460153e+01 2.616409e+01 2.055898e+01
<GCONST> 5.596585e+01
<TRANSP> 9
 0.000000e+00 1.000000e+00 0.000000e+00 0.000000e+00 0.000000e+00 0.000000e+00 0.000000e+00 0.000000e+00 0.000000e+00
 0.000000e+00 8.703704e-01 1.296296e-01 0.000000e+00 0.000000e+00 0.000000e+00 0.000000e+00 0.000000e+00 0.000000e+00
 0.000000e+00 0.000000e+00 8.703703e-01 1.296296e-01 0.000000e+00 0.000000e+00 0.000000e+00 0.000000e+00 0.000000e+00
 0.000000e+00 0.000000e+00 0.000000e+00 8.703704e-01 1.296296e-01 0.000000e+00 0.000000e+00 0.000000e+00 0.000000e+00
 0.000000e+00 0.000000e+00 0.000000e+00 0.000000e+00 8.703704e-01 1.296296e-01 0.000000e+00 0.000000e+00 0.000000e+00
 0.000000e+00 0.000000e+00 0.000000e+00 0.000000e+00 0.000000e+00 8.703704e-01 1.296296e-01 0.000000e+00 0.000000e+00
 0.000000e+00 0.000000e+00 0.000000e+00 0.000000e+00 0.000000e+00 0.000000e+00 8.703704e-01 1.296297e-01 0.000000e+00
 0.000000e+00 0.000000e+00 0.000000e+00 0.000000e+00 0.000000e+00 0.000000e+00 0.000000e+00 8.703704e-01 1.296296e-01
 0.000000e+00 0.000000e+00 0.000000e+00 0.000000e+00 0.000000e+00 0.000000e+00 0.000000e+00 0.000000e+00 0.000000e+00
<ENDHMM>
