~o
<STREAMINFO> 1 12
<VECSIZE> 12<NULLD><MFCC_Z><DIAGC>
~h "s055"
<BEGINHMM>
<NUMSTATES> 8
<STATE> 2
<MEAN> 12
 2.733589e+00 -4.082911e+00 -1.208051e+01 1.514126e+01 7.506362e+00 2.958466e-01 1.686543e+00 -4.737520e+00 7.206487e+00 -4.055078e+00 1.174191e+00 3.909458e+00
<VARIANCE> 12
 1.121438e+01 4.299931e+00 1.180512e+01 2.004081e+01 7.275584e+00 1.187765e+01 1.139230e+01 1.350787e+01 8.223005e+00 9.017457e+00 9.378659e+00 1.458594e+01
<GCONST> 5.011661e+01
<STATE> 3
<MEAN> 12
 -1.160154e+00 -6.173762e+00 -9.318576e+00 8.578780e+00 4.937100e+00 -1.453556e+01 5.324726e+00 1.647340e+00 3.281567e+00 -6.969081e+00 -7.765071e+00 7.468580e+00
<VARIANCE> 12
 3.534281e+00 3.216666e+00 1.116616e+01 2.004081e+01 4.562239e+00 7.243545e+00 1.548628e+01 1.350787e+01 5.439486e+01 2.090304e+01 2.073661e+00 2.156200e+01
<GCONST> 4.957360e+01
<STATE> 4
<MEAN> 12
 2.966170e-01 -5.073252e+00 2.629788e+00 4.266142e+00 -4.569675e+00 -1.125926e+01 -1.877755e+00 5.448672e+00 -7.836047e-01 1.429110e+00 5.779021e-01 1.391890e-01
<VARIANCE> 12
 3.534281e+00 3.443717e+00 1.245778e+01 2.004081e+01 7.557433e+00 1.975941e+01 1.733725e+01 1.350787e+01 2.826659e+01 6.094508e+00 4.609759e+00 1.738047e+01
<GCONST> 5.006858e+01
<STATE> 5
<MEAN> 12
 -6.868209e+00 4.593498e+00 8.509784e+00 -1.434954e+01 -3.033304e+00 3.260130e+00 -6.751610e+00 1.293154e+01 -2.362708e+00 1.054159e+00 1.485894e-01 -3.246011e+00
<VARIANCE> 12
 3.534281e+00 1.002347e+01 1.116616e+01 2.004081e+01 4.562239e+00 1.247011e+01 5.084671e+00 1.452638e+01 1.192071e+01 1.070797e+01 8.235900e+00 2.789149e+01
<GCONST> 4.966206e+01
<STATE> 6
<MEAN> 12
 -1.097158e+00 3.302167e+00 6.179107e+00 -1.017758e+01 -3.018301e+00 9.976459e+00 -1.197134e+00 -4.661542e+00 -6.662395e+00 1.234952e+01 -4.084853e+00 2.021524e+00
<VARIANCE> 12
 5.014641e+00 3.292008e+00 1.116616e+01 2.060391e+01 5.908151e+00 1.437466e+01 9.215631e+00 2.150030e+01 6.165349e+00 7.304543e+00 3.869458e+00 4.751335e+00
<GCONST> 4.674650e+01
<STATE> 7
<MEAN> 12
 4.692113e+00 2.120902e+00 2.823456e+00 -1.447356e+00 -2.830461e+00 1.670941e+00 4.916341e+00 -9.474388e+00 -3.204962e+00 2.053736e-01 1.727021e+00 -3.265870e+00
<VARIANCE> 12
 3.534281e+00 3.216666e+00 1.116616e+01 2.004081e+01 1.253310e+01 7.243545e+00 9.769853e+00 1.951690e+01 3.311082e+01 2.557627e+01 8.762862e+00 1.784086e+01
<GCONST> 5.144864e+01
<TRANSP> 8
 0.000000e+00 1.000000e+00 0.000000e+00 0.000000e+00 0.000000e+00 0.000000e+00 0.000000e+00 0.000000e+00
 0.000000e+00 9.166728e-01 8.332717e-02 0.000000e+00 0.000000e+00 0.000000e+00 0.000000e+00 0.000000e+00
 0.000000e+00 0.000000e+00 6.731032e-01 3.268969e-01 0.000000e+00 0.000000e+00 0.000000e+00 0.000000e+00
 0.000000e+00 0.000000e+00 0.000000e+00 8.019598e-01 1.980402e-01 0.000000e+00 0.000000e+00 0.000000e+00
 0.000000e+00 0.000000e+00 0.000000e+00 0.000000e+00 9.170140e-01 8.298603e-02 0.000000e+00 0.000000e+00
 0.000000e+00 0.000000e+00 0.000000e+00 0.000000e+00 0.000000e+00 7.405717e-01 2.594283e-01 0.000000e+00
 0.000000e+00 0.000000e+00 0.000000e+00 0.000000e+00 0.000000e+00 0.000000e+00 9.165673e-01 8.343267e-02
 0.000000e+00 0.000000e+00 0.000000e+00 0.000000e+00 0.000000e+00 0.000000e+00 0.000000e+00 0.000000e+00
<ENDHMM>
