~o
<STREAMINFO> 1 12
<VECSIZE> 12<NULLD><MFCC_Z><DIAGC>
~h "s020"
<BEGINHMM>
<NUMSTATES> 9
<STATE> 2
<MEAN> 12
 2.458853e+00 -4.333347e+00 -8.029345e-01 -1.868957e+00 -5.390718e+00 -1.008680e+01 -4.658766e+00 1.041516e+01 -4.082468e+00 -3.705041e-01 -2.275884e+00 -5.896718e+00
<VARIANCE> 12
 5.646053e+01 2.979169e+01 1.169458e+01 4.366143e+01 2.709458e+01 6.353736e+01 5.315439e+01 3.616286e+01 3.341119e+01 3.166693e+01 1.211640e+01 4.214329e+01
<GCONST> 6.392988e+01
<STATE> 3
<MEAN> 12
 -3.186558e+00 -1.186107e+00 3.616165e-01 -5.729614e+00 -1.949926e+00 -3.765006e+00 -1.930258e+00 8.644148e+00 -3.872547e+00 -1.436026e+00 -2.040208e+00 -5.180163e+00
<VARIANCE> 12
 3.172562e+01 4.591440e+01 1.142725e+01 4.864264e+01 3.286187e+01 5.420715e+01 3.086931e+01 2.727956e+01 3.685740e+01 4.188739e+01 2.208858e+01 4.189079e+01
<GCONST> 6.405212e+01
<STATE> 4
<MEAN> 12
 -4.511435e+00 1.947787e+00 7.754929e-01 -3.666314e+00 1.000446e+00 2.298431e-01 1.513287e-01 6.625325e+00 -1.427184e-01 -1.583324e+00 -3.661210e-01 -1.555011e+00
<VARIANCE> 12
 2.611730e+01 2.937993e+01 1.034011e+01 5.734962e+01 2.433730e+01 4.029557e+01 3.475137e+01 3.754737e+01 3.718628e+01 3.579102e+01 2.727948e+01 4.048782e+01
<GCONST> 6.334548e+01
<STATE> 5
<MEAN> 12
 -4.146869e+00 1.480604e+00 1.579374e+00 4.153282e-01 2.765025e+00 3.030339e+00 3.078804e+00 2.267995e+00 2.118687e+00 -3.640335e-01 7.558998e-02 1.527404e+00
<VARIANCE> 12
 3.714880e+01 2.190691e+01 1.280796e+01 4.342202e+01 1.804769e+01 2.999871e+01 2.795503e+01 7.315314e+01 2.717041e+01 2.927007e+01 2.794872e+01 3.563076e+01
<GCONST> 6.257689e+01
<STATE> 6
<MEAN> 12
 -1.302418e+00 2.749173e-02 1.521926e+00 2.829548e+00 2.513654e+00 3.951532e+00 4.135720e+00 -4.232072e+00 2.078958e+00 1.382914e+00 -3.955497e-01 3.405262e+00
<VARIANCE> 12
 5.022387e+01 1.732248e+01 1.982895e+01 2.079880e+01 1.920992e+01 2.065976e+01 2.185183e+01 8.510428e+01 2.173536e+01 2.492964e+01 2.590322e+01 2.365668e+01
<GCONST> 6.106985e+01
<STATE> 7
<MEAN> 12
 3.526692e+00 2.611960e-01 -7.102886e-01 3.340151e+00 8.707876e-01 2.732305e+00 1.738033e+00 -1.067550e+01 1.768741e+00 2.292592e+00 9.712670e-01 4.395564e+00
<VARIANCE> 12
 4.070074e+01 1.119582e+01 2.667884e+01 1.161530e+01 1.863848e+01 2.001007e+01 3.145454e+01 6.109116e+01 1.710501e+01 2.510638e+01 2.993418e+01 1.509852e+01
<GCONST> 5.957097e+01
<STATE> 8
<MEAN> 12
 7.161816e+00 1.802379e+00 -2.725209e+00 4.679978e+00 1.907873e-01 3.907794e+00 -2.514834e+00 -1.304498e+01 2.131392e+00 7.832522e-02 4.031058e+00 3.303684e+00
<VARIANCE> 12
 1.239701e+01 5.418190e+00 1.411072e+01 1.277113e+01 1.484504e+01 3.107959e+01 2.364257e+01 3.901665e+01 1.404241e+01 2.780640e+01 3.067188e+01 1.973184e+01
<GCONST> 5.679005e+01
<TRANSP> 9
 0.000000e+00 1.000000e+00 0.000000e+00 0.000000e+00 0.000000e+00 0.000000e+00 0.000000e+00 0.000000e+00 0.000000e+00
 0.000000e+00 8.703704e-01 1.296296e-01 0.000000e+00 0.000000e+00 0.000000e+00 0.000000e+00 0.000000e+00 0.000000e+00
 0.000000e+00 0.000000e+00 8.703703e-01 1.296296e-01 0.000000e+00 0.000000e+00 0.000000e+00 0.000000e+00 0.000000e+00
 0.000000e+00 0.000000e+00 0.000000e+00 8.703704e-01 1.296296e-01 0.000000e+00 0.000000e+00 0.000000e+00 0.000000e+00
 0.000000e+00 0.000000e+00 0.000000e+00 0.000000e+00 8.703704e-01 1.296296e-01 0.000000e+00 0.000000e+00 0.000000e+00
 0.000000e+00 0.000000e+00 0.000000e+00 0.000000e+00 0.000000e+00 8.703704e-01 1.296296e-01 0.000000e+00 0.000000e+00
 0.000000e+00 0.000000e+00 0.000000e+00 0.000000e+00 0.000000e+00 0.000000e+00 8.703704e-01 1.296297e-01 0.000000e+00
 0.000000e+00 0.000000e+00 0.000000e+00 0.000000e+00 0.000000e+00 0.000000e+00 0.000000e+00 8.703704e-01 1.296296e-01
 0.000000e+00 0.000000e+00 0.000000e+00 0.000000e+00 0.000000e+00 0.000000e+00 0.000000e+00 0.000000e+00 0.000000e+00
<ENDHMM>
