~o
<STREAMINFO> 1 12
<VECSIZE> 12<NULLD><MFCC_Z><DIAGC>
~h "s086"
<BEGINHMM>
<NUMSTATES> 11
<STATE> 2
<MEAN> 12
 3.697216e-07 3.939089e-07 -1.624011e-07 -1.796778e-07 3.800876e-08 2.349632e-07 3.455342e-07 2.142312e-07 -5.528547e-08 2.004098e-07 -3.628109e-07 1.382137e-08
<VARIANCE> 12
 1.510003e+01 1.878531e+01 4.653543e+01 9.796172e+01 3.993879e+01 5.140723e+01 4.229168e+01 4.387621e+01 7.692537e+01 2.961087e+01 3.343778e+01 2.701855e+01
<GCONST> 6.581736e+01
<STATE> 3
<MEAN> 12
 3.697216e-07 3.939089e-07 -1.624011e-07 -1.796778e-07 3.800876e-08 2.349632e-07 3.455342e-07 2.142312e-07 -5.528547e-08 2.004098e-07 -3.628109e-07 1.382137e-08
<VARIANCE> 12
 1.510003e+01 1.878531e+01 4.653543e+01 9.796172e+01 3.993879e+01 5.140723e+01 4.229168e+01 4.387621e+01 7.692537e+01 2.961087e+01 3.343778e+01 2.701855e+01
<GCONST> 6.581736e+01
<STATE> 4
<MEAN> 12
 3.697216e-07 3.939089e-07 -1.624011e-07 -1.796778e-07 3.800876e-08 2.349632e-07 3.455342e-07 2.142312e-07 -5.528547e-08 2.004098e-07 -3.628109e-07 1.382137e-08
<VARIANCE> 12
 1.510003e+01 1.878531e+01 4.653543e+01 9.796172e+01 3.993879e+01 5.140723e+01 4.229168e+01 4.387621e+01 7.692537e+01 2.961087e+01 3.343778e+01 2.701855e+01
<GCONST> 6.581736e+01
<STATE> 5
<MEAN> 12
 3.697216e-07 3.939089e-07 -1.624011e-07 -1.796778e-07 3.800876e-08 2.349632e-07 3.455342e-07 2.142312e-07 -5.528547e-08 2.004098e-07 -3.628109e-07 1.382137e-08
<VARIANCE> 12
 1.510003e+01 1.878531e+01 4.653543e+01 9.796172e+01 3.993879e+01 5.140723e+01 4.229168e+01 4.387621e+01 7.692537e+01 2.961087e+01 3.343778e+01 2.701855e+01
<GCONST> 6.581736e+01
<STATE> 6
<MEAN> 12
 3.697216e-07 3.939089e-07 -1.624011e-07 -1.796778e-07 3.800876e-08 2.349632e-07 3.455342e-07 2.142312e-07 -5.528547e-08 2.004098e-07 -3.628109e-07 1.382137e-08
<VARIANCE> 12
 1.510003e+01 1.878531e+01 4.653543e+01 9.796172e+01 3.993879e+01 5.140723e+01 4.229168e+01 4.387621e+01 7.692537e+01 2.961087e+01 3.343778e+01 2.701855e+01
<GCONST> 6.581736e+01
<STATE> 7
<MEAN> 12
 3.697216e-07 3.939089e-07 -1.624011e-07 -1.796778e-07 3.800876e-08 2.349632e-07 3.455342e-07 2.142312e-07 -5.528547e-08 2.004098e-07 -3.628109e-07 1.382137e-08
<VARIANCE> 12
 1.510003e+01 1.878531e+01 4.653543e+01 9.796172e+01 3.993879e+01 5.140723e+01 4.229168e+01 4.387621e+01 7.692537e+01 2.961087e+01 3.343778e+01 2.701855e+01
<GCONST> 6.581736e+01
<STATE> 8
<MEAN> 12
 3.697216e-07 3.939089e-07 -1.624011e-07 -1.796778e-07 3.800876e-08 2.349632e-07 3.455342e-07 2.142312e-07 -5.528547e-08 2.004098e-07 -3.628109e-07 1.382137e-08
<VARIANCE> 12
 1.510003e+01 1.878531e+01 4.653543e+01 9.796172e+01 3.993879e+01 5.140723e+01 4.229168e+01 4.387621e+01 7.692537e+01 2.961087e+01 3.343778e+01 2.701855e+01
<GCONST> 6.581736e+01
<STATE> 9
<MEAN> 12
 3.697216e-07 3.939089e-07 -1.624011e-07 -1.796778e-07 3.800876e-08 2.349632e-07 3.455342e-07 2.142312e-07 -5.528547e-08 2.004098e-07 -3.628109e-07 1.382137e-08
<VARIANCE> 12
 1.510003e+01 1.878531e+01 4.653543e+01 9.796172e+01 3.993879e+01 5.140723e+01 4.229168e+01 4.387621e+01 7.692537e+01 2.961087e+01 3.343778e+01 2.701855e+01
<GCONST> 6.581736e+01
<STATE> 10
<MEAN> 12
 3.697216e-07 3.939089e-07 -1.624011e-07 -1.796778e-07 3.800876e-08 2.349632e-07 3.455342e-07 2.142312e-07 -5.528547e-08 2.004098e-07 -3.628109e-07 1.382137e-08
<VARIANCE> 12
 1.510003e+01 1.878531e+01 4.653543e+01 9.796172e+01 3.993879e+01 5.140723e+01 4.229168e+01 4.387621e+01 7.692537e+01 2.961087e+01 3.343778e+01 2.701855e+01
<GCONST> 6.581736e+01
<TRANSP> 11
 0.000000e+00 1.000000e+00 0.000000e+00 0.000000e+00 0.000000e+00 0.000000e+00 0.000000e+00 0.000000e+00 0.000000e+00 0.000000e+00 0.000000e+00
 0.000000e+00 9.000000e-01 9.999999e-02 0.000000e+00 0.000000e+00 0.000000e+00 0.000000e+00 0.000000e+00 0.000000e+00 0.000000e+00 0.000000e+00
 0.000000e+00 0.000000e+00 9.000000e-01 9.999999e-02 0.000000e+00 0.000000e+00 0.000000e+00 0.000000e+00 0.000000e+00 0.000000e+00 0.000000e+00
 0.000000e+00 0.000000e+00 0.000000e+00 9.000000e-01 9.999999e-02 0.000000e+00 0.000000e+00 0.000000e+00 0.000000e+00 0.000000e+00 0.000000e+00
 0.000000e+00 0.000000e+00 0.000000e+00 0.000000e+00 9.000000e-01 9.999999e-02 0.000000e+00 0.000000e+00 0.000000e+00 0.000000e+00 0.000000e+00
 0.000000e+00 0.000000e+00 0.000000e+00 0.000000e+00 0.000000e+00 9.000000e-01 9.999999e-02 0.000000e+00 0.000000e+00 0.000000e+00 0.000000e+00
 0.000000e+00 0.000000e+00 0.000000e+00 0.000000e+00 0.000000e+00 0.000000e+00 9.000000e-01 9.999999e-02 0.000000e+00 0.000000e+00 0.000000e+00
 0.000000e+00 0.000000e+00 0.000000e+00 0.000000e+00 0.000000e+00 0.000000e+00 0.000000e+00 9.000000e-01 9.999999e-02 0.000000e+00 0.000000e+00
 0.000000e+00 0.000000e+00 0.000000e+00 0.000000e+00 0.000000e+00 0.000000e+00 0.000000e+00 0.000000e+00 9.000000e-01 9.999999e-02 0.000000e+00
 0.000000e+00 0.000000e+00 0.000000e+00 0.000000e+00 0.000000e+00 0.000000e+00 0.000000e+00 0.000000e+00 0.000000e+00 9.000000e-01 9.999999e-02
 0.000000e+00 0.000000e+00 0.000000e+00 0.000000e+00 0.000000e+00 0.000000e+00 0.000000e+00 0.000000e+00 0.000000e+00 0.000000e+00 0.000000e+00
<ENDHMM>
