~o
<STREAMINFO> 1 12
<VECSIZE> 12<NULLD><MFCC_Z><DIAGC>
~h "s040"
<BEGINHMM>
<NUMSTATES> 9
<STATE> 2
<MEAN> 12
 -1.002227e+01 1.043550e+01 4.844660e+00 -2.779224e+00 3.150859e+00 5.952214e+00 -1.352806e+00 5.292300e+00 8.751804e+00 2.467453e-01 5.247036e+00 -1.460468e+00
<VARIANCE> 12
 3.243996e+01 1.030237e+01 8.826480e+00 8.660767e+01 5.837445e+01 2.049772e+01 7.164709e+01 6.237519e+01 1.530063e+01 2.922975e+01 5.629276e+01 1.887770e+01
<GCONST> 6.306918e+01
<STATE> 3
<MEAN> 12
 -2.387121e+00 -2.749758e+00 1.714691e+00 -6.337040e+00 -5.169209e+00 4.718399e+00 1.944339e+00 1.819502e-01 -6.827466e+00 4.510703e+00 -2.788850e+00 5.108215e+00
<VARIANCE> 12
 7.247684e+00 2.592465e+01 1.919846e+01 2.546966e+01 5.123247e+00 2.767787e+01 4.784957e+01 1.818147e+01 5.601458e+01 2.434102e+01 7.393414e+00 1.400642e+01
<GCONST> 5.706348e+01
<STATE> 4
<MEAN> 12
 1.076686e+00 1.694476e+00 -3.552049e-01 -4.750196e+00 -2.184572e-01 -4.431628e-01 2.454963e+00 2.799236e-01 -4.465124e+00 1.061007e+00 1.372007e+00 -1.603586e+00
<VARIANCE> 12
 1.436002e+01 3.001946e+01 1.144314e+01 1.320264e+01 1.749241e+01 3.123492e+01 1.811469e+01 1.624720e+01 2.528903e+01 1.551278e+01 4.926012e+01 3.927185e+01
<GCONST> 5.866623e+01
<STATE> 5
<MEAN> 12
 -3.524534e+00 5.285295e+00 5.271768e+00 -5.891119e+00 -1.337312e+00 3.637259e+00 -2.964550e+00 -1.319622e+00 -5.304139e-01 2.758581e-01 1.044935e+00 -3.951889e+00
<VARIANCE> 12
 9.449489e+00 4.164531e+01 1.631964e+01 2.269596e+01 2.610861e+01 1.406800e+01 2.073524e+01 1.427850e+01 5.916049e+01 1.794370e+01 3.266011e+01 2.829654e+01
<GCONST> 5.933737e+01
<STATE> 6
<MEAN> 12
 -8.184682e-01 -8.810534e+00 -1.938745e+00 3.667114e+00 1.305811e+00 -2.730071e+00 2.463161e+00 3.166307e+00 -1.217991e+01 4.537776e+00 4.708324e-01 5.500756e+00
<VARIANCE> 12
 7.247684e+00 1.030237e+01 1.174220e+01 1.281723e+01 6.432414e+00 1.349126e+01 5.270895e+00 1.162605e+01 1.530063e+01 8.760914e+00 7.393414e+00 6.912846e+00
<GCONST> 4.879257e+01
<STATE> 7
<MEAN> 12
 2.981801e+00 -7.795206e+00 -6.719810e+00 8.575060e+00 -1.386108e+00 -5.058694e+00 -9.765478e-01 5.698391e-01 2.615974e-01 -4.607005e+00 -3.215074e+00 4.509373e+00
<VARIANCE> 12
 7.247684e+00 1.030237e+01 5.588881e+00 1.281723e+01 5.123247e+00 7.036436e+00 5.270895e+00 5.048374e+00 7.663745e+01 1.917658e+01 1.268810e+01 2.075274e+01
<GCONST> 5.037143e+01
<STATE> 8
<MEAN> 12
 7.294853e+00 -2.772177e+00 -2.329557e+00 9.039192e+00 3.599480e+00 -4.415421e+00 -6.641802e-01 -3.882478e+00 8.364532e+00 -2.030273e+00 -1.670809e+00 -1.890286e+00
<VARIANCE> 12
 7.870515e+00 1.030237e+01 1.545399e+01 1.281723e+01 1.252010e+01 1.454412e+01 5.270895e+00 1.350798e+01 1.530063e+01 5.136965e+01 2.551280e+01 1.227578e+01
<GCONST> 5.362244e+01
<TRANSP> 9
 0.000000e+00 1.000000e+00 0.000000e+00 0.000000e+00 0.000000e+00 0.000000e+00 0.000000e+00 0.000000e+00 0.000000e+00
 0.000000e+00 8.321937e-01 1.678063e-01 0.000000e+00 0.000000e+00 0.000000e+00 0.000000e+00 0.000000e+00 0.000000e+00
 0.000000e+00 0.000000e+00 8.345426e-01 1.654574e-01 0.000000e+00 0.000000e+00 0.000000e+00 0.000000e+00 0.000000e+00
 0.000000e+00 0.000000e+00 0.000000e+00 9.196586e-01 8.034145e-02 0.000000e+00 0.000000e+00 0.000000e+00 0.000000e+00
 0.000000e+00 0.000000e+00 0.000000e+00 0.000000e+00 8.890163e-01 1.109837e-01 0.000000e+00 0.000000e+00 0.000000e+00
 0.000000e+00 0.000000e+00 0.000000e+00 0.000000e+00 0.000000e+00 6.379052e-01 3.620948e-01 0.000000e+00 0.000000e+00
 0.000000e+00 0.000000e+00 0.000000e+00 0.000000e+00 0.000000e+00 0.000000e+00 8.764842e-01 1.235158e-01 0.000000e+00
 0.000000e+00 0.000000e+00 0.000000e+00 0.000000e+00 0.000000e+00 0.000000e+00 0.000000e+00 8.967140e-01 1.032860e-01
 0.000000e+00 0.000000e+00 0.000000e+00 0.000000e+00 0.000000e+00 0.000000e+00 0.000000e+00 0.000000e+00 0.000000e+00
<ENDHMM>
