~o
<STREAMINFO> 1 12
<VECSIZE> 12<NULLD><MFCC_Z><DIAGC>
~h "s009"
<BEGINHMM>
<NUMSTATES> 11
<STATE> 2
<MEAN> 12
 -5.893375e+00 -1.583787e+00 -2.171216e+00 3.760705e+00 -1.020635e+00 -4.795789e+00 8.503862e-02 -3.490749e+00 5.767727e-01 -1.533992e+00 5.507228e+00 -2.837224e+00
<VARIANCE> 12
 4.670537e+01 4.585804e+01 5.296333e+01 1.811896e+01 9.289895e+01 2.803284e+01 2.580694e+01 3.630917e+01 8.873493e+01 2.768869e+01 6.173441e+01 2.751099e+01
<GCONST> 6.654220e+01
<STATE> 3
<MEAN> 12
 -5.178673e-01 -2.511843e+00 -8.492460e+00 2.070128e+00 -2.333045e-01 -7.566630e+00 -2.539990e+00 -2.242840e+00 -2.438488e+00 -3.061664e+00 -3.154339e-01 -1.437899e+00
<VARIANCE> 12
 1.274078e+01 4.928279e+01 3.483738e+01 2.933997e+01 6.256126e+01 2.834132e+01 2.106554e+01 2.466745e+01 5.886706e+01 3.654202e+01 6.877122e+01 2.599504e+01
<GCONST> 6.432258e+01
<STATE> 4
<MEAN> 12
 1.687593e+00 7.806901e-01 -1.027127e+01 -5.317743e-02 1.418443e+00 -8.329528e+00 -2.478759e+00 -1.253407e+00 -4.958476e-01 -1.884429e+00 -3.025674e+00 6.437937e-01
<VARIANCE> 12
 9.573132e+00 4.361693e+01 3.190343e+01 2.707418e+01 3.931692e+01 3.349826e+01 1.643057e+01 2.473724e+01 4.118708e+01 4.457106e+01 3.594376e+01 2.372247e+01
<GCONST> 6.230442e+01
<STATE> 5
<MEAN> 12
 2.780073e+00 3.055851e+00 -9.182798e+00 -8.446835e-01 3.134235e+00 -7.389279e+00 -1.288002e+00 -3.154441e-01 7.902402e-01 -4.833208e-02 -2.442044e+00 1.840228e+00
<VARIANCE> 12
 1.584102e+01 2.288545e+01 6.984216e+01 2.194498e+01 4.200282e+01 5.404432e+01 1.657530e+01 2.959393e+01 2.433021e+01 3.917351e+01 2.380707e+01 2.606434e+01
<GCONST> 6.249570e+01
<STATE> 6
<MEAN> 12
 2.307960e+00 3.415611e+00 -5.077533e+00 -9.358850e-01 4.642925e+00 -3.841208e+00 -3.476450e-01 8.784116e-01 1.507256e+00 1.713487e+00 -9.196354e-01 2.383815e+00
<VARIANCE> 12
 3.539239e+01 1.221962e+01 1.485077e+02 1.828716e+01 4.836665e+01 8.111030e+01 1.593777e+01 2.846789e+01 1.846978e+01 3.122926e+01 2.443913e+01 2.768833e+01
<GCONST> 6.329768e+01
<STATE> 7
<MEAN> 12
 2.321806e-01 2.697766e+00 2.227978e+00 -1.197134e+00 3.583836e+00 1.236253e+00 1.002262e-01 1.803203e+00 1.878115e+00 2.948639e+00 2.721398e-01 1.729584e+00
<VARIANCE> 12
 5.813587e+01 1.247111e+01 1.982823e+02 1.690697e+01 7.430521e+01 7.913084e+01 1.655775e+01 2.299372e+01 1.662983e+01 2.703151e+01 2.605921e+01 2.867191e+01
<GCONST> 6.410399e+01
<STATE> 8
<MEAN> 12
 -1.395324e+00 8.270408e-01 9.456643e+00 -1.840316e+00 -9.043534e-01 5.868201e+00 6.295506e-01 2.177592e+00 1.505159e+00 2.722550e+00 7.430677e-01 -9.905172e-02
<VARIANCE> 12
 5.875566e+01 1.951150e+01 1.370086e+02 1.776624e+01 1.104143e+02 5.406689e+01 1.873509e+01 1.723559e+01 1.501593e+01 2.926549e+01 2.418400e+01 2.669814e+01
<GCONST> 6.392390e+01
<STATE> 9
<MEAN> 12
 -4.546931e-01 -2.127858e+00 1.222913e+01 -1.689149e+00 -5.447367e+00 1.017393e+01 2.258564e+00 1.863917e+00 -8.057924e-02 4.969816e-01 4.252464e-01 -1.361317e+00
<VARIANCE> 12
 4.010746e+01 2.099215e+01 5.211023e+01 1.829532e+01 8.828224e+01 4.461030e+01 1.968106e+01 1.308935e+01 1.620863e+01 3.075252e+01 2.307052e+01 2.036709e+01
<GCONST> 6.184420e+01
<STATE> 10
<MEAN> 12
 1.253497e+00 -4.553416e+00 1.128145e+01 7.295565e-01 -5.173645e+00 1.464412e+01 3.581095e+00 5.792034e-01 -3.242684e+00 -1.353240e+00 -2.447847e-01 -8.618801e-01
<VARIANCE> 12
 1.315256e+01 1.076327e+01 2.344000e+01 1.420633e+01 3.951634e+01 3.271125e+01 1.276178e+01 1.101350e+01 1.612839e+01 1.643902e+01 2.156468e+01 1.475590e+01
<GCONST> 5.626837e+01
<TRANSP> 11
 0.000000e+00 1.000000e+00 0.000000e+00 0.000000e+00 0.000000e+00 0.000000e+00 0.000000e+00 0.000000e+00 0.000000e+00 0.000000e+00 0.000000e+00
 0.000000e+00 8.732394e-01 1.267606e-01 0.000000e+00 0.000000e+00 0.000000e+00 0.000000e+00 0.000000e+00 0.000000e+00 0.000000e+00 0.000000e+00
 0.000000e+00 0.000000e+00 8.732395e-01 1.267606e-01 0.000000e+00 0.000000e+00 0.000000e+00 0.000000e+00 0.000000e+00 0.000000e+00 0.000000e+00
 0.000000e+00 0.000000e+00 0.000000e+00 8.732395e-01 1.267605e-01 0.000000e+00 0.000000e+00 0.000000e+00 0.000000e+00 0.000000e+00 0.000000e+00
 0.000000e+00 0.000000e+00 0.000000e+00 0.000000e+00 8.732395e-01 1.267606e-01 0.000000e+00 0.000000e+00 0.000000e+00 0.000000e+00 0.000000e+00
 0.000000e+00 0.000000e+00 0.000000e+00 0.000000e+00 0.000000e+00 8.732394e-01 1.267606e-01 0.000000e+00 0.000000e+00 0.000000e+00 0.000000e+00
 0.000000e+00 0.000000e+00 0.000000e+00 0.000000e+00 0.000000e+00 0.000000e+00 8.732395e-01 1.267605e-01 0.000000e+00 0.000000e+00 0.000000e+00
 0.000000e+00 0.000000e+00 0.000000e+00 0.000000e+00 0.000000e+00 0.000000e+00 0.000000e+00 8.732394e-01 1.267606e-01 0.000000e+00 0.000000e+00
 0.000000e+00 0.000000e+00 0.000000e+00 0.000000e+00 0.000000e+00 0.000000e+00 0.000000e+00 0.000000e+00 8.732394e-01 1.267606e-01 0.000000e+00
 0.000000e+00 0.000000e+00 0.000000e+00 0.000000e+00 0.000000e+00 0.000000e+00 0.000000e+00 0.000000e+00 0.000000e+00 8.732395e-01 1.267606e-01
 0.000000e+00 0.000000e+00 0.000000e+00 0.000000e+00 0.000000e+00 0.000000e+00 0.000000e+00 0.000000e+00 0.000000e+00 0.000000e+00 0.000000e+00
<ENDHMM>
