~o
<STREAMINFO> 1 12
<VECSIZE> 12<NULLD><MFCC_Z><DIAGC>
~h "T1375864910"
<BEGINHMM>
<NUMSTATES> 7
<STATE> 2
<MEAN> 12
 -2.053551e+00 1.886249e+01 -2.289257e-02 -1.357175e+01 -8.999359e+00 -7.162347e+00 -7.424192e+00 3.438996e+00 1.091304e+00 6.316199e-01 3.342944e+00 -1.610306e+00
<VARIANCE> 12
 5.128463e+00 2.189202e+01 2.504477e+00 1.083387e+01 6.555470e+00 5.944123e+00 4.077159e+00 9.638243e+00 2.640291e+00 8.433386e+00 6.024663e+00 3.832282e+01
<GCONST> 4.595505e+01
<STATE> 3
<MEAN> 12
 -2.169796e+00 5.835002e+00 2.120627e+00 -8.379874e-01 -2.554998e+00 -1.187992e+00 -2.044390e+00 6.569366e+00 5.391750e-01 6.771678e-01 1.573595e+00 -3.364904e-01
<VARIANCE> 12
 5.646554e+00 2.189202e+01 7.323758e+00 1.211009e+01 9.811394e+00 4.540936e+01 2.216327e+01 1.031811e+01 4.522961e+01 2.746157e+01 4.664548e+01 9.435035e+00
<GCONST> 5.610000e+01
<STATE> 4
<MEAN> 12
 -7.563986e+00 -3.193083e+00 2.286456e+00 2.811347e+00 5.368255e+00 6.748302e-01 2.628035e+00 -5.723116e+00 2.664721e-01 1.110673e+01 -1.893124e+00 1.160895e+00
<VARIANCE> 12
 5.128463e+00 2.189202e+01 1.019086e+01 1.413081e+01 1.881277e+01 1.715600e+01 8.462166e+00 1.514670e+01 1.785390e+01 1.704663e+01 1.467147e+01 1.660274e+01
<GCONST> 5.358922e+01
<STATE> 5
<MEAN> 12
 2.821816e+00 -1.189399e+01 -4.044207e+00 1.355891e+00 6.907681e+00 -1.641906e+00 1.325437e+00 -1.489885e+00 -1.923067e+00 -6.752004e+00 -1.103554e+00 -1.709151e+00
<VARIANCE> 12
 5.128463e+00 2.189202e+01 1.947437e+00 1.083387e+01 1.614115e+01 5.944123e+00 4.077159e+00 4.571522e+00 7.825622e+00 9.626844e+00 1.510415e+01 2.576161e+01
<GCONST> 4.759948e+01
<STATE> 6
<MEAN> 12
 7.531752e+00 -9.414610e+00 -6.707503e-01 8.724998e+00 4.411129e-01 7.131023e+00 4.450560e+00 -1.109759e+00 -2.902293e-01 -6.018352e+00 -1.495295e+00 1.619473e+00
<VARIANCE> 12
 6.842062e+00 3.797788e+01 6.308660e+00 1.083387e+01 7.239058e+00 8.533081e+00 5.933142e+00 2.405236e+01 5.267297e+00 8.958120e+00 5.129507e+00 1.461271e+01
<GCONST> 4.909443e+01
<TRANSP> 7
 0.000000e+00 1.000000e+00 0.000000e+00 0.000000e+00 0.000000e+00 0.000000e+00 0.000000e+00
 0.000000e+00 9.000526e-01 9.994739e-02 0.000000e+00 0.000000e+00 0.000000e+00 0.000000e+00
 0.000000e+00 0.000000e+00 8.570885e-01 1.429115e-01 0.000000e+00 0.000000e+00 0.000000e+00
 0.000000e+00 0.000000e+00 0.000000e+00 8.985139e-01 1.014861e-01 0.000000e+00 0.000000e+00
 0.000000e+00 0.000000e+00 0.000000e+00 0.000000e+00 8.611673e-01 1.388327e-01 0.000000e+00
 0.000000e+00 0.000000e+00 0.000000e+00 0.000000e+00 0.000000e+00 9.162543e-01 8.374564e-02
 0.000000e+00 0.000000e+00 0.000000e+00 0.000000e+00 0.000000e+00 0.000000e+00 0.000000e+00
<ENDHMM>
