~o
<STREAMINFO> 1 12
<VECSIZE> 12<NULLD><MFCC_Z><DIAGC>
~h "s067"
<BEGINHMM>
<NUMSTATES> 11
<STATE> 2
<MEAN> 12
 -2.963967e+00 4.936193e+00 3.985958e+00 -1.250996e+01 -4.878752e+00 2.334742e+00 -7.285196e+00 -2.976656e-01 -9.514380e-01 2.384634e+00 -1.042267e+00 1.749650e+00
<VARIANCE> 12
 3.601946e+00 4.114801e+01 2.467920e+01 3.239365e+01 1.423775e+01 1.920826e+01 1.540641e+01 1.291240e+01 1.780283e+01 4.794843e+01 7.043576e+01 4.250334e+01
<GCONST> 5.939507e+01
<STATE> 3
<MEAN> 12
 -2.389682e+00 9.948984e+00 9.462096e-01 -1.268603e+01 -5.350307e+00 -8.298742e-01 -8.382687e+00 1.808833e+00 -2.074235e-01 -8.355321e-01 4.336766e+00 -2.597865e+00
<VARIANCE> 12
 5.235255e+00 4.178371e+01 2.696159e+01 4.416204e+01 1.348364e+01 3.059094e+01 2.888942e+01 1.325250e+01 2.284032e+01 2.438058e+01 6.055840e+01 5.782036e+01
<GCONST> 6.097784e+01
<STATE> 4
<MEAN> 12
 -2.341550e+00 8.820950e+00 1.102636e+00 -8.787618e+00 -3.239195e+00 -2.547960e+00 -6.005703e+00 1.868098e+00 -6.263524e-01 -3.128329e-01 3.963987e+00 -3.198604e+00
<VARIANCE> 12
 7.645211e+00 8.672854e+01 3.265884e+01 7.730633e+01 2.396466e+01 4.775699e+01 4.643319e+01 2.102929e+01 3.708569e+01 1.863859e+01 4.872227e+01 5.133691e+01
<GCONST> 6.467493e+01
<STATE> 5
<MEAN> 12
 -1.813349e+00 3.223276e+00 9.810992e-01 -3.795838e+00 -3.938177e-01 -3.619430e+00 -2.551085e+00 1.111184e+00 -1.111575e+00 4.813456e-01 1.603512e+00 -8.005328e-01
<VARIANCE> 12
 1.271430e+01 1.304857e+02 3.788353e+01 1.087276e+02 2.894274e+01 7.605470e+01 4.531101e+01 2.718638e+01 4.817777e+01 2.296337e+01 4.466351e+01 4.702760e+01
<GCONST> 6.726360e+01
<STATE> 6
<MEAN> 12
 -1.756816e-02 -2.576134e+00 -8.007488e-01 2.007316e+00 2.007562e+00 -4.980179e+00 -1.717855e-01 1.862919e-01 -1.164837e+00 1.861808e-01 -5.885824e-01 1.779489e+00
<VARIANCE> 12
 1.783722e+01 9.840839e+01 3.658437e+01 1.101938e+02 2.237811e+01 9.196472e+01 3.331139e+01 2.676878e+01 4.693758e+01 2.596745e+01 4.593592e+01 3.925126e+01
<GCONST> 6.685232e+01
<STATE> 7
<MEAN> 12
 2.016329e+00 -5.187709e+00 -2.214300e+00 7.237951e+00 2.880935e+00 -4.344011e+00 1.379807e+00 -5.562316e-01 -2.994776e-01 -8.085732e-01 -2.309976e+00 2.687746e+00
<VARIANCE> 12
 1.505449e+01 4.449548e+01 2.672134e+01 6.882378e+01 1.445662e+01 9.848103e+01 2.971521e+01 2.450268e+01 3.553515e+01 2.390364e+01 4.436631e+01 3.395694e+01
<GCONST> 6.399219e+01
<STATE> 8
<MEAN> 12
 2.988626e+00 -5.080781e+00 -1.854594e+00 1.015636e+01 2.370204e+00 -1.303802e-01 3.707973e+00 -1.020204e+00 6.298751e-01 -1.374319e+00 -2.807160e+00 1.800125e+00
<VARIANCE> 12
 8.981891e+00 2.014207e+01 2.310230e+01 2.839529e+01 1.157141e+01 9.914499e+01 3.727409e+01 2.288997e+01 2.124398e+01 1.934253e+01 3.806041e+01 3.167052e+01
<GCONST> 6.064576e+01
<STATE> 9
<MEAN> 12
 2.821163e+00 -5.520003e+00 -1.153337e+00 1.016605e+01 2.159607e+00 5.443599e+00 7.493247e+00 -9.838187e-01 1.298861e+00 -9.870275e-01 -2.107951e+00 1.869850e-01
<VARIANCE> 12
 6.088388e+00 1.944905e+01 2.373641e+01 2.745095e+01 1.142066e+01 6.262225e+01 4.239256e+01 2.069471e+01 1.110176e+01 1.610627e+01 3.335448e+01 2.504679e+01
<GCONST> 5.857176e+01
<STATE> 10
<MEAN> 12
 1.699957e+00 -8.565067e+00 -9.929088e-01 8.211692e+00 4.443804e+00 8.673619e+00 1.181555e+01 -2.116580e+00 2.432314e+00 1.266268e+00 -1.048447e+00 -1.606885e+00
<VARIANCE> 12
 4.803715e+00 1.944905e+01 1.797594e+01 2.745095e+01 1.390966e+01 1.744076e+01 2.587998e+01 1.873464e+01 5.738201e+00 1.997046e+01 2.678996e+01 1.399466e+01
<GCONST> 5.513649e+01
<TRANSP> 11
 0.000000e+00 1.000000e+00 0.000000e+00 0.000000e+00 0.000000e+00 0.000000e+00 0.000000e+00 0.000000e+00 0.000000e+00 0.000000e+00 0.000000e+00
 0.000000e+00 8.695652e-01 1.304348e-01 0.000000e+00 0.000000e+00 0.000000e+00 0.000000e+00 0.000000e+00 0.000000e+00 0.000000e+00 0.000000e+00
 0.000000e+00 0.000000e+00 8.695652e-01 1.304348e-01 0.000000e+00 0.000000e+00 0.000000e+00 0.000000e+00 0.000000e+00 0.000000e+00 0.000000e+00
 0.000000e+00 0.000000e+00 0.000000e+00 8.695652e-01 1.304348e-01 0.000000e+00 0.000000e+00 0.000000e+00 0.000000e+00 0.000000e+00 0.000000e+00
 0.000000e+00 0.000000e+00 0.000000e+00 0.000000e+00 8.695652e-01 1.304348e-01 0.000000e+00 0.000000e+00 0.000000e+00 0.000000e+00 0.000000e+00
 0.000000e+00 0.000000e+00 0.000000e+00 0.000000e+00 0.000000e+00 8.695652e-01 1.304348e-01 0.000000e+00 0.000000e+00 0.000000e+00 0.000000e+00
 0.000000e+00 0.000000e+00 0.000000e+00 0.000000e+00 0.000000e+00 0.000000e+00 8.695652e-01 1.304348e-01 0.000000e+00 0.000000e+00 0.000000e+00
 0.000000e+00 0.000000e+00 0.000000e+00 0.000000e+00 0.000000e+00 0.000000e+00 0.000000e+00 8.695652e-01 1.304348e-01 0.000000e+00 0.000000e+00
 0.000000e+00 0.000000e+00 0.000000e+00 0.000000e+00 0.000000e+00 0.000000e+00 0.000000e+00 0.000000e+00 8.695652e-01 1.304348e-01 0.000000e+00
 0.000000e+00 0.000000e+00 0.000000e+00 0.000000e+00 0.000000e+00 0.000000e+00 0.000000e+00 0.000000e+00 0.000000e+00 8.695652e-01 1.304348e-01
 0.000000e+00 0.000000e+00 0.000000e+00 0.000000e+00 0.000000e+00 0.000000e+00 0.000000e+00 0.000000e+00 0.000000e+00 0.000000e+00 0.000000e+00
<ENDHMM>
