~o
<STREAMINFO> 1 12
<VECSIZE> 12<NULLD><MFCC_Z><DIAGC>
~h "s038"
<BEGINHMM>
<NUMSTATES> 13
<STATE> 2
<MEAN> 12
 1.757573e-07 1.803423e-07 1.406058e-07 5.624233e-07 -1.956255e-07 -8.558616e-07 1.833989e-08 2.445319e-08 -2.445319e-08 2.445319e-08 5.501967e-07 2.384186e-07
<VARIANCE> 12
 2.964658e+01 3.875391e+01 4.089418e+01 7.382271e+01 4.484470e+01 4.062810e+01 4.823508e+01 3.440591e+01 1.017980e+02 4.409571e+01 4.459320e+01 3.960275e+01
<GCONST> 6.792157e+01
<STATE> 3
<MEAN> 12
 1.757573e-07 1.803423e-07 1.406058e-07 5.624233e-07 -1.956255e-07 -8.558616e-07 1.833989e-08 2.445319e-08 -2.445319e-08 2.445319e-08 5.501967e-07 2.384186e-07
<VARIANCE> 12
 2.964658e+01 3.875391e+01 4.089418e+01 7.382271e+01 4.484470e+01 4.062810e+01 4.823508e+01 3.440591e+01 1.017980e+02 4.409571e+01 4.459320e+01 3.960275e+01
<GCONST> 6.792157e+01
<STATE> 4
<MEAN> 12
 1.757573e-07 1.803423e-07 1.406058e-07 5.624233e-07 -1.956255e-07 -8.558616e-07 1.833989e-08 2.445319e-08 -2.445319e-08 2.445319e-08 5.501967e-07 2.384186e-07
<VARIANCE> 12
 2.964658e+01 3.875391e+01 4.089418e+01 7.382271e+01 4.484470e+01 4.062810e+01 4.823508e+01 3.440591e+01 1.017980e+02 4.409571e+01 4.459320e+01 3.960275e+01
<GCONST> 6.792157e+01
<STATE> 5
<MEAN> 12
 1.757573e-07 1.803423e-07 1.406058e-07 5.624233e-07 -1.956255e-07 -8.558616e-07 1.833989e-08 2.445319e-08 -2.445319e-08 2.445319e-08 5.501967e-07 2.384186e-07
<VARIANCE> 12
 2.964658e+01 3.875391e+01 4.089418e+01 7.382271e+01 4.484470e+01 4.062810e+01 4.823508e+01 3.440591e+01 1.017980e+02 4.409571e+01 4.459320e+01 3.960275e+01
<GCONST> 6.792157e+01
<STATE> 6
<MEAN> 12
 1.757573e-07 1.803423e-07 1.406058e-07 5.624233e-07 -1.956255e-07 -8.558616e-07 1.833989e-08 2.445319e-08 -2.445319e-08 2.445319e-08 5.501967e-07 2.384186e-07
<VARIANCE> 12
 2.964658e+01 3.875391e+01 4.089418e+01 7.382271e+01 4.484470e+01 4.062810e+01 4.823508e+01 3.440591e+01 1.017980e+02 4.409571e+01 4.459320e+01 3.960275e+01
<GCONST> 6.792157e+01
<STATE> 7
<MEAN> 12
 1.757573e-07 1.803423e-07 1.406058e-07 5.624233e-07 -1.956255e-07 -8.558616e-07 1.833989e-08 2.445319e-08 -2.445319e-08 2.445319e-08 5.501967e-07 2.384186e-07
<VARIANCE> 12
 2.964658e+01 3.875391e+01 4.089418e+01 7.382271e+01 4.484470e+01 4.062810e+01 4.823508e+01 3.440591e+01 1.017980e+02 4.409571e+01 4.459320e+01 3.960275e+01
<GCONST> 6.792157e+01
<STATE> 8
<MEAN> 12
 1.757573e-07 1.803423e-07 1.406058e-07 5.624233e-07 -1.956255e-07 -8.558616e-07 1.833989e-08 2.445319e-08 -2.445319e-08 2.445319e-08 5.501967e-07 2.384186e-07
<VARIANCE> 12
 2.964658e+01 3.875391e+01 4.089418e+01 7.382271e+01 4.484470e+01 4.062810e+01 4.823508e+01 3.440591e+01 1.017980e+02 4.409571e+01 4.459320e+01 3.960275e+01
<GCONST> 6.792157e+01
<STATE> 9
<MEAN> 12
 1.757573e-07 1.803423e-07 1.406058e-07 5.624233e-07 -1.956255e-07 -8.558616e-07 1.833989e-08 2.445319e-08 -2.445319e-08 2.445319e-08 5.501967e-07 2.384186e-07
<VARIANCE> 12
 2.964658e+01 3.875391e+01 4.089418e+01 7.382271e+01 4.484470e+01 4.062810e+01 4.823508e+01 3.440591e+01 1.017980e+02 4.409571e+01 4.459320e+01 3.960275e+01
<GCONST> 6.792157e+01
<STATE> 10
<MEAN> 12
 1.757573e-07 1.803423e-07 1.406058e-07 5.624233e-07 -1.956255e-07 -8.558616e-07 1.833989e-08 2.445319e-08 -2.445319e-08 2.445319e-08 5.501967e-07 2.384186e-07
<VARIANCE> 12
 2.964658e+01 3.875391e+01 4.089418e+01 7.382271e+01 4.484470e+01 4.062810e+01 4.823508e+01 3.440591e+01 1.017980e+02 4.409571e+01 4.459320e+01 3.960275e+01
<GCONST> 6.792157e+01
<STATE> 11
<MEAN> 12
 1.757573e-07 1.803423e-07 1.406058e-07 5.624233e-07 -1.956255e-07 -8.558616e-07 1.833989e-08 2.445319e-08 -2.445319e-08 2.445319e-08 5.501967e-07 2.384186e-07
<VARIANCE> 12
 2.964658e+01 3.875391e+01 4.089418e+01 7.382271e+01 4.484470e+01 4.062810e+01 4.823508e+01 3.440591e+01 1.017980e+02 4.409571e+01 4.459320e+01 3.960275e+01
<GCONST> 6.792157e+01
<STATE> 12
<MEAN> 12
 1.757573e-07 1.803423e-07 1.406058e-07 5.624233e-07 -1.956255e-07 -8.558616e-07 1.833989e-08 2.445319e-08 -2.445319e-08 2.445319e-08 5.501967e-07 2.384186e-07
<VARIANCE> 12
 2.964658e+01 3.875391e+01 4.089418e+01 7.382271e+01 4.484470e+01 4.062810e+01 4.823508e+01 3.440591e+01 1.017980e+02 4.409571e+01 4.459320e+01 3.960275e+01
<GCONST> 6.792157e+01
<TRANSP> 13
 0.000000e+00 1.000000e+00 0.000000e+00 0.000000e+00 0.000000e+00 0.000000e+00 0.000000e+00 0.000000e+00 0.000000e+00 0.000000e+00 0.000000e+00 0.000000e+00 0.000000e+00
 0.000000e+00 9.000000e-01 9.999999e-02 0.000000e+00 0.000000e+00 0.000000e+00 0.000000e+00 0.000000e+00 0.000000e+00 0.000000e+00 0.000000e+00 0.000000e+00 0.000000e+00
 0.000000e+00 0.000000e+00 9.000000e-01 9.999999e-02 0.000000e+00 0.000000e+00 0.000000e+00 0.000000e+00 0.000000e+00 0.000000e+00 0.000000e+00 0.000000e+00 0.000000e+00
 0.000000e+00 0.000000e+00 0.000000e+00 9.000000e-01 9.999999e-02 0.000000e+00 0.000000e+00 0.000000e+00 0.000000e+00 0.000000e+00 0.000000e+00 0.000000e+00 0.000000e+00
 0.000000e+00 0.000000e+00 0.000000e+00 0.000000e+00 9.000000e-01 9.999999e-02 0.000000e+00 0.000000e+00 0.000000e+00 0.000000e+00 0.000000e+00 0.000000e+00 0.000000e+00
 0.000000e+00 0.000000e+00 0.000000e+00 0.000000e+00 0.000000e+00 9.000000e-01 9.999999e-02 0.000000e+00 0.000000e+00 0.000000e+00 0.000000e+00 0.000000e+00 0.000000e+00
 0.000000e+00 0.000000e+00 0.000000e+00 0.000000e+00 0.000000e+00 0.000000e+00 9.000000e-01 9.999999e-02 0.000000e+00 0.000000e+00 0.000000e+00 0.000000e+00 0.000000e+00
 0.000000e+00 0.000000e+00 0.000000e+00 0.000000e+00 0.000000e+00 0.000000e+00 0.000000e+00 9.000000e-01 9.999999e-02 0.000000e+00 0.000000e+00 0.000000e+00 0.000000e+00
 0.000000e+00 0.000000e+00 0.000000e+00 0.000000e+00 0.000000e+00 0.000000e+00 0.000000e+00 0.000000e+00 9.000000e-01 9.999999e-02 0.000000e+00 0.000000e+00 0.000000e+00
 0.000000e+00 0.000000e+00 0.000000e+00 0.000000e+00 0.000000e+00 0.000000e+00 0.000000e+00 0.000000e+00 0.000000e+00 9.000000e-01 9.999999e-02 0.000000e+00 0.000000e+00
 0.000000e+00 0.000000e+00 0.000000e+00 0.000000e+00 0.000000e+00 0.000000e+00 0.000000e+00 0.000000e+00 0.000000e+00 0.000000e+00 9.000000e-01 9.999999e-02 0.000000e+00
 0.000000e+00 0.000000e+00 0.000000e+00 0.000000e+00 0.000000e+00 0.000000e+00 0.000000e+00 0.000000e+00 0.000000e+00 0.000000e+00 0.000000e+00 9.000000e-01 9.999999e-02
 0.000000e+00 0.000000e+00 0.000000e+00 0.000000e+00 0.000000e+00 0.000000e+00 0.000000e+00 0.000000e+00 0.000000e+00 0.000000e+00 0.000000e+00 0.000000e+00 0.000000e+00
<ENDHMM>
