~o
<STREAMINFO> 1 12
<VECSIZE> 12<NULLD><MFCC_Z><DIAGC>
~h "s068"
<BEGINHMM>
<NUMSTATES> 7
<STATE> 2
<MEAN> 12
 7.691348e+00 -1.168768e+01 -2.329165e+00 4.685985e+00 3.561009e+00 2.039593e+00 8.873791e+00 -7.036930e+00 3.807567e+00 -1.062510e+00 -3.021738e+00 1.024238e+01
<VARIANCE> 12
 6.465485e+00 1.601970e+01 1.148760e+01 3.468758e+00 1.610329e+01 2.263111e+01 1.493551e+01 1.245396e+01 2.080040e+01 9.135466e+00 1.168991e+01 1.672308e+01
<GCONST> 5.202667e+01
<STATE> 3
<MEAN> 12
 4.966965e+00 -9.494320e+00 -6.228326e+00 6.105505e+00 7.493349e+00 -1.003685e+01 -2.685137e+00 -4.595731e+00 1.032505e+01 3.881942e+00 -1.184875e+00 5.511327e-02
<VARIANCE> 12
 7.561685e+00 1.601970e+01 1.109988e+01 1.279569e+01 5.766837e+00 4.360286e+01 8.750534e+00 4.226206e+01 1.511419e+01 9.407803e+00 9.035822e+00 1.332839e+01
<GCONST> 5.299600e+01
<STATE> 4
<MEAN> 12
 -3.920761e+00 -1.633175e-01 3.417022e+00 -5.537916e+00 6.736728e+00 -1.203600e+01 -6.478664e+00 3.922272e+00 2.725150e+00 -1.166190e+00 6.210784e+00 -1.961660e-01
<VARIANCE> 12
 6.465485e+00 2.052147e+01 4.618131e+00 1.256696e+01 7.934903e+00 1.596817e+01 8.750534e+00 1.533445e+01 6.912955e+00 1.955543e+00 2.364991e+01 1.332839e+01
<GCONST> 4.910194e+01
<STATE> 5
<MEAN> 12
 -6.667866e+00 9.445238e+00 1.539240e+00 -3.979450e+00 -5.814270e+00 2.345760e+00 -6.796663e+00 4.985832e+00 -3.257120e+00 -2.196590e+00 5.643153e-01 -1.073123e+01
<VARIANCE> 12
 6.465485e+00 1.601970e+01 3.574521e+00 3.951828e+00 1.759194e+01 1.729020e+01 8.750534e+00 1.199106e+01 1.831434e+01 6.765492e+00 6.413641e+01 2.516245e+01
<GCONST> 5.191957e+01
<STATE> 6
<MEAN> 12
 -4.032889e+00 9.563662e+00 2.397658e+00 -2.379572e+00 -2.979409e+00 9.764146e-01 -2.652537e+00 4.920890e+00 -5.871736e+00 3.539610e+00 2.244963e+00 -2.972490e+00
<VARIANCE> 12
 6.465485e+00 1.601970e+01 4.729504e+00 6.375450e+00 1.824859e+01 1.128646e+01 2.036950e+01 2.229701e+01 3.788676e+01 6.788469e+00 1.366574e+01 1.936085e+01
<GCONST> 5.267525e+01
<TRANSP> 7
 0.000000e+00 1.000000e+00 0.000000e+00 0.000000e+00 0.000000e+00 0.000000e+00 0.000000e+00
 0.000000e+00 9.327889e-01 6.721110e-02 0.000000e+00 0.000000e+00 0.000000e+00 0.000000e+00
 0.000000e+00 0.000000e+00 6.377909e-01 3.622091e-01 0.000000e+00 0.000000e+00 0.000000e+00
 0.000000e+00 0.000000e+00 0.000000e+00 6.913003e-01 3.086997e-01 0.000000e+00 0.000000e+00
 0.000000e+00 0.000000e+00 0.000000e+00 0.000000e+00 9.129453e-01 8.705465e-02 0.000000e+00
 0.000000e+00 0.000000e+00 0.000000e+00 0.000000e+00 0.000000e+00 8.962035e-01 1.037965e-01
 0.000000e+00 0.000000e+00 0.000000e+00 0.000000e+00 0.000000e+00 0.000000e+00 0.000000e+00
<ENDHMM>
