~o
<STREAMINFO> 1 12
<VECSIZE> 12<NULLD><MFCC_Z><DIAGC>
~h "T1375423456"
<BEGINHMM>
<NUMSTATES> 9
<STATE> 2
<MEAN> 12
 6.465589e-08 0.000000e+00 2.424596e-07 -2.424596e-07 -1.010248e-07 5.334111e-07 9.294283e-08 2.505415e-07 -2.505415e-07 -1.050658e-07 2.424596e-08 5.334111e-07
<VARIANCE> 12
 2.139898e+01 3.781846e+01 4.749570e+01 4.940802e+01 3.140659e+01 5.371894e+01 3.233805e+01 2.518733e+01 3.570762e+01 3.417479e+01 3.118351e+01 2.484448e+01
<GCONST> 6.440416e+01
<STATE> 3
<MEAN> 12
 6.465589e-08 0.000000e+00 2.424596e-07 -2.424596e-07 -1.010248e-07 5.334111e-07 9.294283e-08 2.505415e-07 -2.505415e-07 -1.050658e-07 2.424596e-08 5.334111e-07
<VARIANCE> 12
 2.139898e+01 3.781846e+01 4.749570e+01 4.940802e+01 3.140659e+01 5.371894e+01 3.233805e+01 2.518733e+01 3.570762e+01 3.417479e+01 3.118351e+01 2.484448e+01
<GCONST> 6.440416e+01
<STATE> 4
<MEAN> 12
 6.465589e-08 0.000000e+00 2.424596e-07 -2.424596e-07 -1.010248e-07 5.334111e-07 9.294283e-08 2.505415e-07 -2.505415e-07 -1.050658e-07 2.424596e-08 5.334111e-07
<VARIANCE> 12
 2.139898e+01 3.781846e+01 4.749570e+01 4.940802e+01 3.140659e+01 5.371894e+01 3.233805e+01 2.518733e+01 3.570762e+01 3.417479e+01 3.118351e+01 2.484448e+01
<GCONST> 6.440416e+01
<STATE> 5
<MEAN> 12
 6.465589e-08 0.000000e+00 2.424596e-07 -2.424596e-07 -1.010248e-07 5.334111e-07 9.294283e-08 2.505415e-07 -2.505415e-07 -1.050658e-07 2.424596e-08 5.334111e-07
<VARIANCE> 12
 2.139898e+01 3.781846e+01 4.749570e+01 4.940802e+01 3.140659e+01 5.371894e+01 3.233805e+01 2.518733e+01 3.570762e+01 3.417479e+01 3.118351e+01 2.484448e+01
<GCONST> 6.440416e+01
<STATE> 6
<MEAN> 12
 6.465589e-08 0.000000e+00 2.424596e-07 -2.424596e-07 -1.010248e-07 5.334111e-07 9.294283e-08 2.505415e-07 -2.505415e-07 -1.050658e-07 2.424596e-08 5.334111e-07
<VARIANCE> 12
 2.139898e+01 3.781846e+01 4.749570e+01 4.940802e+01 3.140659e+01 5.371894e+01 3.233805e+01 2.518733e+01 3.570762e+01 3.417479e+01 3.118351e+01 2.484448e+01
<GCONST> 6.440416e+01
<STATE> 7
<MEAN> 12
 6.465589e-08 0.000000e+00 2.424596e-07 -2.424596e-07 -1.010248e-07 5.334111e-07 9.294283e-08 2.505415e-07 -2.505415e-07 -1.050658e-07 2.424596e-08 5.334111e-07
<VARIANCE> 12
 2.139898e+01 3.781846e+01 4.749570e+01 4.940802e+01 3.140659e+01 5.371894e+01 3.233805e+01 2.518733e+01 3.570762e+01 3.417479e+01 3.118351e+01 2.484448e+01
<GCONST> 6.440416e+01
<STATE> 8
<MEAN> 12
 6.465589e-08 0.000000e+00 2.424596e-07 -2.424596e-07 -1.010248e-07 5.334111e-07 9.294283e-08 2.505415e-07 -2.505415e-07 -1.050658e-07 2.424596e-08 5.334111e-07
<VARIANCE> 12
 2.139898e+01 3.781846e+01 4.749570e+01 4.940802e+01 3.140659e+01 5.371894e+01 3.233805e+01 2.518733e+01 3.570762e+01 3.417479e+01 3.118351e+01 2.484448e+01
<GCONST> 6.440416e+01
<TRANSP> 9
 0.000000e+00 1.000000e+00 0.000000e+00 0.000000e+00 0.000000e+00 0.000000e+00 0.000000e+00 0.000000e+00 0.000000e+00
 0.000000e+00 9.000000e-01 9.999999e-02 0.000000e+00 0.000000e+00 0.000000e+00 0.000000e+00 0.000000e+00 0.000000e+00
 0.000000e+00 0.000000e+00 9.000000e-01 9.999999e-02 0.000000e+00 0.000000e+00 0.000000e+00 0.000000e+00 0.000000e+00
 0.000000e+00 0.000000e+00 0.000000e+00 9.000000e-01 9.999999e-02 0.000000e+00 0.000000e+00 0.000000e+00 0.000000e+00
 0.000000e+00 0.000000e+00 0.000000e+00 0.000000e+00 9.000000e-01 9.999999e-02 0.000000e+00 0.000000e+00 0.000000e+00
 0.000000e+00 0.000000e+00 0.000000e+00 0.000000e+00 0.000000e+00 9.000000e-01 9.999999e-02 0.000000e+00 0.000000e+00
 0.000000e+00 0.000000e+00 0.000000e+00 0.000000e+00 0.000000e+00 0.000000e+00 9.000000e-01 9.999999e-02 0.000000e+00
 0.000000e+00 0.000000e+00 0.000000e+00 0.000000e+00 0.000000e+00 0.000000e+00 0.000000e+00 9.000000e-01 9.999999e-02
 0.000000e+00 0.000000e+00 0.000000e+00 0.000000e+00 0.000000e+00 0.000000e+00 0.000000e+00 0.000000e+00 0.000000e+00
<ENDHMM>
