~o
<STREAMINFO> 1 12
<VECSIZE> 12<NULLD><MFCC_Z><DIAGC>
~h "s088"
<BEGINHMM>
<NUMSTATES> 10
<STATE> 2
<MEAN> 12
 -3.747583e+00 -7.979320e-01 2.783001e+00 -1.393720e+01 -3.957330e+00 5.525004e+00 -6.821577e+00 7.249358e+00 -6.266931e+00 1.710814e+00 -3.947911e+00 -8.952330e+00
<VARIANCE> 12
 6.701439e+00 1.483305e+01 1.637366e+01 3.950352e+01 9.447303e+00 8.328454e+00 8.117728e+00 7.833287e+01 8.844666e+00 1.735658e+01 1.482304e+01 1.009303e+01
<GCONST> 5.398801e+01
<STATE> 3
<MEAN> 12
 -1.759735e+00 4.903892e+00 6.828431e+00 -1.728223e+01 -1.267543e+00 8.774364e-01 -6.518215e+00 1.138738e+00 -1.115032e+00 -1.817572e+00 -1.015931e+01 -7.737852e+00
<VARIANCE> 12
 1.177552e+01 6.208964e+00 1.637366e+01 3.328050e+01 9.447303e+00 8.328454e+00 1.212670e+01 3.760363e+01 5.187436e+00 1.735658e+01 1.768437e+01 1.009303e+01
<GCONST> 5.281984e+01
<STATE> 4
<MEAN> 12
 -6.348132e-01 4.359227e+00 7.077356e+00 -1.830737e+00 -5.410398e+00 3.416440e+00 -2.432109e+00 -5.189739e+00 -2.823522e-01 7.090765e+00 -4.132996e+00 -6.003299e-01
<VARIANCE> 12
 2.200140e+00 6.208964e+00 1.637366e+01 3.328050e+01 4.240649e+01 8.328454e+00 8.117728e+00 2.352315e+01 2.317089e+01 1.283515e+02 1.022808e+01 1.432203e+01
<GCONST> 5.507331e+01
<STATE> 5
<MEAN> 12
 -2.934137e-01 5.933272e+00 9.774981e+00 -5.619200e+00 -7.700633e+00 6.856936e+00 -3.083706e+00 1.068040e+00 1.398196e-01 1.414649e+01 1.026505e+00 -2.203702e+00
<VARIANCE> 12
 1.048287e+01 6.208964e+00 1.637366e+01 3.328050e+01 2.642382e+01 9.133751e+00 3.055378e+01 1.684299e+01 4.870555e+00 2.742350e+01 1.022808e+01 1.531901e+01
<GCONST> 5.420941e+01
<STATE> 6
<MEAN> 12
 2.023666e+00 1.673065e+00 5.538778e+00 3.970410e+00 -3.761196e+00 6.224823e+00 9.003689e+00 -1.282670e+00 3.549046e+00 8.788557e+00 6.915447e+00 1.679381e-01
<VARIANCE> 12
 2.200140e+00 6.208964e+00 1.637366e+01 3.328050e+01 3.184461e+01 4.239379e+01 8.117728e+00 1.159111e+01 7.217571e+00 1.735658e+01 1.022808e+01 1.009303e+01
<GCONST> 5.218932e+01
<STATE> 7
<MEAN> 12
 4.109253e+00 -1.446086e+00 -1.685839e+00 1.205013e+01 1.936716e+00 -6.369364e+00 1.186947e+00 5.727336e+00 6.861669e+00 -9.090500e-01 2.335642e+00 6.094017e+00
<VARIANCE> 12
 3.983914e+00 2.452357e+01 2.593661e+01 3.328050e+01 2.496510e+01 2.175880e+01 8.117728e+00 1.122710e+01 1.608022e+01 1.735658e+01 1.701078e+01 1.009303e+01
<GCONST> 5.498418e+01
<STATE> 8
<MEAN> 12
 4.496714e-01 -3.279485e+00 -1.432097e+01 9.924176e+00 8.774133e+00 -8.079889e+00 7.586530e+00 3.200082e+00 2.009799e+00 -8.766870e+00 6.127055e+00 9.086096e+00
<VARIANCE> 12
 2.200140e+00 6.208964e+00 1.637366e+01 3.328050e+01 9.447303e+00 8.328454e+00 8.117728e+00 1.472550e+01 1.861020e+01 1.735658e+01 1.022808e+01 1.009303e+01
<GCONST> 5.053339e+01
<STATE> 9
<MEAN> 12
 8.978892e-01 -8.252819e+00 -1.243656e+01 1.518255e+01 7.696502e+00 -4.941205e+00 5.553950e+00 -8.644415e+00 -1.845077e+00 -1.077948e+01 6.774625e+00 6.264589e+00
<VARIANCE> 12
 6.562528e+00 6.208964e+00 1.637366e+01 3.328050e+01 9.447303e+00 1.508252e+01 8.117728e+00 1.576363e+01 7.450364e+00 1.872182e+01 1.984185e+01 1.670596e+01
<GCONST> 5.261507e+01
<TRANSP> 10
 0.000000e+00 1.000000e+00 0.000000e+00 0.000000e+00 0.000000e+00 0.000000e+00 0.000000e+00 0.000000e+00 0.000000e+00 0.000000e+00
 0.000000e+00 8.731306e-01 1.268694e-01 0.000000e+00 0.000000e+00 0.000000e+00 0.000000e+00 0.000000e+00 0.000000e+00 0.000000e+00
 0.000000e+00 0.000000e+00 9.010613e-01 9.893870e-02 0.000000e+00 0.000000e+00 0.000000e+00 0.000000e+00 0.000000e+00 0.000000e+00
 0.000000e+00 0.000000e+00 0.000000e+00 8.652336e-01 1.347664e-01 0.000000e+00 0.000000e+00 0.000000e+00 0.000000e+00 0.000000e+00
 0.000000e+00 0.000000e+00 0.000000e+00 0.000000e+00 8.241527e-01 1.758472e-01 0.000000e+00 0.000000e+00 0.000000e+00 0.000000e+00
 0.000000e+00 0.000000e+00 0.000000e+00 0.000000e+00 0.000000e+00 7.960687e-01 2.039314e-01 0.000000e+00 0.000000e+00 0.000000e+00
 0.000000e+00 0.000000e+00 0.000000e+00 0.000000e+00 0.000000e+00 0.000000e+00 8.702859e-01 1.297141e-01 0.000000e+00 0.000000e+00
 0.000000e+00 0.000000e+00 0.000000e+00 0.000000e+00 0.000000e+00 0.000000e+00 0.000000e+00 8.225424e-01 1.774576e-01 0.000000e+00
 0.000000e+00 0.000000e+00 0.000000e+00 0.000000e+00 0.000000e+00 0.000000e+00 0.000000e+00 0.000000e+00 9.061525e-01 9.384746e-02
 0.000000e+00 0.000000e+00 0.000000e+00 0.000000e+00 0.000000e+00 0.000000e+00 0.000000e+00 0.000000e+00 0.000000e+00 0.000000e+00
<ENDHMM>
