~o
<STREAMINFO> 1 12
<VECSIZE> 12<NULLD><MFCC_Z><DIAGC>
~h "s002"
<BEGINHMM>
<NUMSTATES> 8
<STATE> 2
<MEAN> 12
 4.808506e+00 4.035767e+00 -9.226749e+00 -9.530474e-01 -3.403429e+00 -5.348800e+00 2.465965e+00 1.295727e+00 6.154767e+00 -6.079518e+00 3.227615e-01 -1.600827e+00
<VARIANCE> 12
 4.289196e+01 4.875221e+01 7.215944e+01 3.960732e+01 3.461595e+01 3.021532e+01 3.040389e+01 1.203514e+01 1.342697e+02 2.486524e+01 8.138575e+00 2.993014e+01
<GCONST> 6.412172e+01
<STATE> 3
<MEAN> 12
 -3.279476e-01 1.051828e+00 -4.004222e+00 -1.501139e+00 -3.098497e+00 -1.908258e+00 1.807330e+00 3.683086e+00 -1.447812e+00 -2.818042e+00 3.078022e-01 1.196931e+00
<VARIANCE> 12
 2.057559e+01 2.986611e+01 7.498409e+01 5.050991e+01 3.579012e+01 6.020649e+01 3.565248e+01 1.941338e+01 9.985587e+01 3.013360e+01 1.919186e+01 2.278378e+01
<GCONST> 6.501994e+01
<STATE> 4
<MEAN> 12
 -1.304809e+00 8.248280e-01 4.116188e-01 -1.810398e+00 -2.744219e+00 9.806428e-01 1.044285e-02 3.688156e+00 -2.938008e+00 -6.847063e-01 9.344720e-01 1.175022e+00
<VARIANCE> 12
 1.075851e+01 3.183869e+01 2.658194e+01 3.755604e+01 3.311553e+01 6.168314e+01 2.947945e+01 3.380243e+01 7.306539e+01 2.720247e+01 3.044511e+01 1.656857e+01
<GCONST> 6.314130e+01
<STATE> 5
<MEAN> 12
 -1.364398e+00 -1.583360e+00 1.710404e+00 5.986218e-02 -9.029193e-01 4.908437e-01 -1.645876e-01 1.539608e-01 -2.767873e+00 1.442395e+00 4.502657e-01 3.610942e-01
<VARIANCE> 12
 1.024925e+01 3.952919e+01 1.297648e+01 2.191490e+01 3.119283e+01 5.796644e+01 2.524163e+01 5.503226e+01 7.795439e+01 3.905774e+01 3.446251e+01 1.501959e+01
<GCONST> 6.271593e+01
<STATE> 6
<MEAN> 12
 -1.143097e+00 -3.606285e+00 3.586017e+00 1.857845e+00 2.465026e+00 1.018928e+00 -1.178050e+00 -4.081758e+00 -9.550964e-01 3.515359e+00 -1.348328e+00 -3.653700e-01
<VARIANCE> 12
 7.925514e+00 2.680309e+01 1.517627e+01 1.048679e+01 3.716890e+01 4.609525e+01 2.270143e+01 4.049699e+01 6.463948e+01 3.566727e+01 2.638333e+01 1.033222e+01
<GCONST> 6.010388e+01
<STATE> 7
<MEAN> 12
 -6.682564e-01 -7.227231e-01 7.522978e+00 2.346808e+00 7.683977e+00 4.766661e+00 -2.941124e+00 -4.739163e+00 1.954027e+00 4.624572e+00 -6.669549e-01 -7.668775e-01
<VARIANCE> 12
 4.953523e+00 2.793934e+01 1.619628e+01 6.639761e+00 2.987259e+01 2.743993e+01 1.443580e+01 1.638733e+01 3.159742e+01 2.014334e+01 2.087026e+01 4.780002e+00
<GCONST> 5.489640e+01
<TRANSP> 8
 0.000000e+00 1.000000e+00 0.000000e+00 0.000000e+00 0.000000e+00 0.000000e+00 0.000000e+00 0.000000e+00
 0.000000e+00 8.823529e-01 1.176471e-01 0.000000e+00 0.000000e+00 0.000000e+00 0.000000e+00 0.000000e+00
 0.000000e+00 0.000000e+00 8.823529e-01 1.176471e-01 0.000000e+00 0.000000e+00 0.000000e+00 0.000000e+00
 0.000000e+00 0.000000e+00 0.000000e+00 8.823529e-01 1.176470e-01 0.000000e+00 0.000000e+00 0.000000e+00
 0.000000e+00 0.000000e+00 0.000000e+00 0.000000e+00 8.823529e-01 1.176470e-01 0.000000e+00 0.000000e+00
 0.000000e+00 0.000000e+00 0.000000e+00 0.000000e+00 0.000000e+00 8.823529e-01 1.176471e-01 0.000000e+00
 0.000000e+00 0.000000e+00 0.000000e+00 0.000000e+00 0.000000e+00 0.000000e+00 8.823529e-01 1.176471e-01
 0.000000e+00 0.000000e+00 0.000000e+00 0.000000e+00 0.000000e+00 0.000000e+00 0.000000e+00 0.000000e+00
<ENDHMM>
