~o
<STREAMINFO> 1 12
<VECSIZE> 12<NULLD><MFCC_Z><DIAGC>
~h "s098"
<BEGINHMM>
<NUMSTATES> 11
<STATE> 2
<MEAN> 12
 -5.221499e+00 -2.127254e+00 -9.170173e-01 -1.065477e-01 -9.485031e+00 4.015406e+00 2.737112e+00 -4.299968e+00 -2.901979e+00 -4.349407e+00 5.376769e+00 -5.892505e+00
<VARIANCE> 12
 5.052128e+01 6.712287e+01 1.162647e+01 2.619812e+01 6.040857e+01 7.254791e+00 8.045388e+00 2.181065e+01 3.601382e+01 3.637167e+01 4.736116e+01 3.222869e+01
<GCONST> 6.166106e+01
<STATE> 3
<MEAN> 12
 -7.301938e-01 -9.733498e+00 -1.144967e+01 6.893250e+00 -7.578459e-02 -8.431190e+00 9.757456e-01 -1.577421e-01 -4.711730e+00 -3.623142e+00 -1.945712e+00 -1.540072e+00
<VARIANCE> 12
 2.122149e+00 9.715555e+00 8.770554e+00 2.619812e+01 1.345114e+01 2.111262e+01 7.609648e+00 2.759875e+01 4.530196e+01 8.531555e+00 5.273142e+01 1.021173e+01
<GCONST> 5.375976e+01
<STATE> 4
<MEAN> 12
 1.809659e+00 -4.674664e+00 -8.745976e+00 9.808406e+00 8.285121e-01 -6.262009e+00 3.136762e+00 -2.979529e+00 2.213592e+00 -7.455635e+00 -5.072365e+00 2.880408e+00
<VARIANCE> 12
 7.843690e+00 9.715555e+00 3.512447e+01 3.306859e+01 1.561347e+01 1.025958e+01 2.979487e+01 3.539770e+01 8.744748e+00 2.018000e+01 1.166122e+01 8.203757e+00
<GCONST> 5.521678e+01
<STATE> 5
<MEAN> 12
 -7.081957e-01 -7.167646e+00 5.185339e+00 1.354123e+01 1.209581e+01 -4.491775e+00 6.657471e+00 -1.525013e+00 1.780553e+00 5.149374e+00 -3.361256e+00 3.099017e+00
<VARIANCE> 12
 2.055818e+00 1.003291e+01 1.049822e+01 2.619812e+01 2.452460e+01 2.715817e+01 2.499703e+01 2.997468e+01 2.074974e+01 3.992552e+01 1.469183e+01 4.138016e+00
<GCONST> 5.464548e+01
<STATE> 6
<MEAN> 12
 -1.109645e+00 -3.091679e+00 7.998620e+00 1.695189e+00 1.139672e+01 8.678586e+00 4.493083e+00 -8.670513e+00 -4.647019e+00 8.352777e+00 -4.070757e+00 4.712842e+00
<VARIANCE> 12
 1.903983e+00 1.206017e+01 8.770554e+00 4.618813e+01 2.132069e+01 2.378092e+01 7.843905e+00 1.329879e+01 1.429440e+01 1.017511e+01 1.025876e+01 3.429205e+00
<GCONST> 5.060875e+01
<STATE> 7
<MEAN> 12
 -3.208900e-01 1.453442e+00 3.888710e+00 -1.478613e+01 1.190745e+00 6.301594e+00 2.758841e+00 -2.321109e+00 9.292080e-01 1.450574e+00 -3.607416e+00 2.978272e+00
<VARIANCE> 12
 1.903983e+00 9.715555e+00 8.770554e+00 3.658421e+01 1.131716e+01 7.254791e+00 1.309349e+01 6.660470e+00 4.172207e+00 8.622952e+00 8.207509e+00 1.433797e+01
<GCONST> 4.797034e+01
<STATE> 8
<MEAN> 12
 -1.023408e+00 9.941621e+00 6.177366e+00 -2.171508e+01 -3.398892e+00 3.089993e+00 -1.111721e+01 6.324285e+00 -5.685174e-01 -3.813930e+00 4.391320e+00 -2.394173e+00
<VARIANCE> 12
 1.903983e+00 9.715555e+00 8.770554e+00 2.619812e+01 8.210183e+00 1.059837e+01 2.648855e+01 1.694052e+01 9.211883e+00 1.469646e+01 1.495258e+01 1.108326e+01
<GCONST> 5.100021e+01
<STATE> 9
<MEAN> 12
 3.461786e+00 1.002204e+01 4.163015e+00 -3.832099e+00 -3.623123e+00 7.893528e-01 -1.138802e+00 4.855652e+00 3.730210e+00 3.893193e+00 2.524960e+00 4.117103e-01
<VARIANCE> 12
 7.747910e+00 9.715555e+00 9.235240e+00 8.841304e+01 9.730280e+00 1.674222e+01 8.815343e+00 1.838877e+01 1.295062e+01 2.493597e+01 1.076800e+01 1.708924e+01
<GCONST> 5.425461e+01
<STATE> 10
<MEAN> 12
 2.137250e+00 1.282430e+00 9.360080e-01 8.618592e+00 -3.228664e+00 6.454117e+00 2.634662e+00 -3.155587e-01 3.075604e+00 9.912950e+00 1.841995e+00 -5.712891e-01
<VARIANCE> 12
 2.716756e+00 9.715555e+00 8.770554e+00 2.619812e+01 8.962603e+00 1.957615e+01 1.515705e+01 4.020799e+01 1.484490e+01 2.812491e+01 8.957678e+00 1.899417e+01
<GCONST> 5.351564e+01
<TRANSP> 11
 0.000000e+00 1.000000e+00 0.000000e+00 0.000000e+00 0.000000e+00 0.000000e+00 0.000000e+00 0.000000e+00 0.000000e+00 0.000000e+00 0.000000e+00
 0.000000e+00 8.324980e-01 1.675020e-01 0.000000e+00 0.000000e+00 0.000000e+00 0.000000e+00 0.000000e+00 0.000000e+00 0.000000e+00 0.000000e+00
 0.000000e+00 0.000000e+00 8.914566e-01 1.085434e-01 0.000000e+00 0.000000e+00 0.000000e+00 0.000000e+00 0.000000e+00 0.000000e+00 0.000000e+00
 0.000000e+00 0.000000e+00 0.000000e+00 9.076810e-01 9.231891e-02 0.000000e+00 0.000000e+00 0.000000e+00 0.000000e+00 0.000000e+00 0.000000e+00
 0.000000e+00 0.000000e+00 0.000000e+00 0.000000e+00 8.622837e-01 1.377163e-01 0.000000e+00 0.000000e+00 0.000000e+00 0.000000e+00 0.000000e+00
 0.000000e+00 0.000000e+00 0.000000e+00 0.000000e+00 0.000000e+00 7.990208e-01 2.009791e-01 0.000000e+00 0.000000e+00 0.000000e+00 0.000000e+00
 0.000000e+00 0.000000e+00 0.000000e+00 0.000000e+00 0.000000e+00 0.000000e+00 4.680365e-01 5.319635e-01 0.000000e+00 0.000000e+00 0.000000e+00
 0.000000e+00 0.000000e+00 0.000000e+00 0.000000e+00 0.000000e+00 0.000000e+00 0.000000e+00 9.248460e-01 7.515399e-02 0.000000e+00 0.000000e+00
 0.000000e+00 0.000000e+00 0.000000e+00 0.000000e+00 0.000000e+00 0.000000e+00 0.000000e+00 0.000000e+00 8.665019e-01 1.334981e-01 0.000000e+00
 0.000000e+00 0.000000e+00 0.000000e+00 0.000000e+00 0.000000e+00 0.000000e+00 0.000000e+00 0.000000e+00 0.000000e+00 8.761070e-01 1.238931e-01
 0.000000e+00 0.000000e+00 0.000000e+00 0.000000e+00 0.000000e+00 0.000000e+00 0.000000e+00 0.000000e+00 0.000000e+00 0.000000e+00 0.000000e+00
<ENDHMM>
