~o
<STREAMINFO> 1 12
<VECSIZE> 12<NULLD><MFCC_Z><DIAGC>
~h "s002"
<BEGINHMM>
<NUMSTATES> 8
<STATE> 2
<MEAN> 12
 8.346004e+00 5.919519e+00 -1.418347e+01 -4.907428e-01 -1.466445e+00 -7.247790e+00 2.820328e+00 -6.413200e-01 1.343946e+01 -9.196096e+00 5.353143e-01 -4.349682e+00
<VARIANCE> 12
 1.765897e+01 4.152252e+01 4.364804e+01 3.002417e+01 4.057914e+01 1.327583e+01 2.068554e+01 8.171938e+00 3.618519e+01 8.608842e+00 4.767648e+00 1.775807e+01
<GCONST> 5.742964e+01
<STATE> 3
<MEAN> 12
 -2.700935e+00 -5.913942e+00 -9.816194e+00 6.936141e+00 -1.701925e+00 -1.001808e+01 9.116156e+00 3.795348e+00 -9.629077e+00 -2.781104e+00 2.518380e+00 6.033115e+00
<VARIANCE> 12
 4.196691e+00 7.961236e+00 3.477574e+01 1.408686e+01 1.734858e+01 1.602775e+01 7.009808e+00 8.171938e+00 2.105822e+01 3.999949e+01 4.767648e+00 5.494868e+00
<GCONST> 5.143524e+01
<STATE> 4
<MEAN> 12
 -1.447552e+00 3.083304e+00 1.812220e+00 -3.739850e+00 -3.828239e+00 3.393963e+00 -1.280438e+00 5.715812e+00 -2.521660e+00 -1.395416e+00 1.075544e+00 1.364283e+00
<VARIANCE> 12
 1.037444e+01 1.525354e+01 1.297648e+01 3.198369e+01 3.488411e+01 4.513660e+01 2.279033e+01 1.510586e+01 6.500999e+01 1.175862e+01 3.584851e+01 1.459128e+01
<GCONST> 5.924905e+01
<STATE> 5
<MEAN> 12
 5.407633e-01 -4.564198e+00 -5.383322e-01 8.855420e-01 -3.270277e+00 -5.911110e+00 5.237594e+00 1.904612e+00 -1.264221e+01 -2.065145e+00 9.771876e-01 1.883603e+00
<VARIANCE> 12
 9.350958e+00 3.165515e+01 1.297648e+01 6.070562e+00 1.339858e+01 4.436943e+01 2.169292e+01 1.504497e+01 7.616823e+01 1.856945e+01 2.840516e+01 1.708448e+01
<GCONST> 5.772642e+01
<STATE> 6
<MEAN> 12
 -3.745265e+00 -8.385535e+00 1.574148e+00 2.210917e+00 -4.000564e-01 -3.466829e+00 -1.005250e-01 -8.997418e+00 -2.122437e+00 1.003333e+01 -1.974880e+00 -1.505562e+00
<VARIANCE> 12
 4.196691e+00 7.961236e+00 1.297648e+01 7.407355e+00 9.880191e+00 1.136067e+01 1.343928e+01 8.171938e+00 1.807942e+01 8.608842e+00 7.539714e+00 5.988853e+00
<GCONST> 4.840625e+01
<STATE> 7
<MEAN> 12
 -1.529070e-02 -5.213920e-01 8.476844e+00 2.873052e+00 9.319971e+00 6.210296e+00 -4.094119e+00 -5.309264e+00 3.756063e+00 3.551375e+00 -2.003152e+00 -9.223498e-01
<VARIANCE> 12
 4.196691e+00 1.657981e+01 1.297648e+01 6.070562e+00 1.098884e+01 1.136067e+01 7.665449e+00 1.040060e+01 1.807942e+01 1.337284e+01 2.119827e+01 3.689556e+00
<GCONST> 4.971666e+01
<TRANSP> 8
 0.000000e+00 1.000000e+00 0.000000e+00 0.000000e+00 0.000000e+00 0.000000e+00 0.000000e+00 0.000000e+00
 0.000000e+00 8.629234e-01 1.370766e-01 0.000000e+00 0.000000e+00 0.000000e+00 0.000000e+00 0.000000e+00
 0.000000e+00 0.000000e+00 7.023449e-01 2.976551e-01 0.000000e+00 0.000000e+00 0.000000e+00 0.000000e+00
 0.000000e+00 0.000000e+00 0.000000e+00 9.466357e-01 5.336427e-02 0.000000e+00 0.000000e+00 0.000000e+00
 0.000000e+00 0.000000e+00 0.000000e+00 0.000000e+00 7.177779e-01 2.822221e-01 0.000000e+00 0.000000e+00
 0.000000e+00 0.000000e+00 0.000000e+00 0.000000e+00 0.000000e+00 8.583146e-01 1.416854e-01 0.000000e+00
 0.000000e+00 0.000000e+00 0.000000e+00 0.000000e+00 0.000000e+00 0.000000e+00 9.091313e-01 9.086871e-02
 0.000000e+00 0.000000e+00 0.000000e+00 0.000000e+00 0.000000e+00 0.000000e+00 0.000000e+00 0.000000e+00
<ENDHMM>
