~o
<STREAMINFO> 1 12
<VECSIZE> 12<NULLD><MFCC_Z><DIAGC>
~h "s035"
<BEGINHMM>
<NUMSTATES> 11
<STATE> 2
<MEAN> 12
 -2.881030e+00 1.658011e+01 -1.584607e-01 -7.763621e+00 -5.134028e-01 -8.474744e+00 -1.350124e+01 7.338716e+00 -3.895483e+00 6.311950e+00 4.586010e+00 -6.527770e+00
<VARIANCE> 12
 2.024349e+00 1.459696e+01 1.590508e+01 1.344812e+01 1.699983e+01 1.297226e+01 1.009455e+01 1.243947e+01 1.959839e+01 1.935563e+01 5.308156e+01 2.795234e+01
<GCONST> 5.427571e+01
<STATE> 3
<MEAN> 12
 -2.999647e+00 4.815670e+00 9.277228e+00 -5.133724e+00 -1.639326e+00 1.609372e+00 -5.927569e+00 4.590536e+00 3.886159e+00 -1.087637e+00 2.350518e+00 8.454063e-01
<VARIANCE> 12
 1.789363e+00 3.583260e+01 8.387315e+00 2.616287e+01 1.699983e+01 4.906222e+01 1.226350e+01 1.902139e+01 3.061933e+01 1.897402e+01 1.088499e+01 1.117252e+01
<GCONST> 5.495033e+01
<STATE> 4
<MEAN> 12
 -1.645256e-01 -5.262846e+00 6.513425e+00 -1.391015e+00 -6.366213e+00 4.664863e+00 3.970957e-01 -4.223073e+00 -4.533828e-01 2.661793e-01 -7.853009e+00 2.171935e-01
<VARIANCE> 12
 1.294419e+01 1.459696e+01 2.865838e+01 1.052405e+01 1.876031e+01 3.370513e+01 2.157121e+01 1.399295e+01 8.481686e+01 9.220657e+00 8.229238e+01 1.578222e+01
<GCONST> 5.899551e+01
<STATE> 5
<MEAN> 12
 1.776248e+00 1.817770e+00 -1.388489e+00 -7.502450e+00 -5.977652e+00 1.536961e+00 7.409190e-01 -2.113203e+00 -2.534693e+00 -1.059928e+00 -4.119218e+00 5.947408e+00
<VARIANCE> 12
 1.438218e+01 3.405163e+01 9.022635e+00 2.596152e+01 1.974568e+01 1.310917e+01 2.342533e+01 8.509723e+01 2.108401e+01 1.101069e+01 7.600935e+01 3.477344e+01
<GCONST> 6.018569e+01
<STATE> 6
<MEAN> 12
 3.931316e+00 1.077765e+00 -9.065058e+00 3.516746e+00 -6.671797e+00 -9.905293e+00 3.190194e+00 1.355482e+01 -1.505272e+00 -3.944058e+00 -7.663758e+00 5.181947e+00
<VARIANCE> 12
 2.634212e+00 1.459696e+01 1.491266e+01 1.939741e+01 3.973883e+01 2.222655e+01 1.652062e+01 2.552807e+01 2.286759e+01 1.780462e+01 2.028646e+01 6.267493e+00
<GCONST> 5.505379e+01
<STATE> 7
<MEAN> 12
 2.925231e+00 1.812297e+00 -6.288640e+00 6.166274e+00 -1.361920e+01 -6.540904e+00 1.109817e+01 3.834329e+00 -1.003807e+00 -5.556395e+00 -6.231672e-01 2.886139e+00
<VARIANCE> 12
 8.024227e+00 1.459696e+01 2.306514e+01 8.211574e+00 1.699983e+01 1.085189e+01 2.766499e+01 2.333333e+01 1.259459e+01 1.026016e+01 3.264085e+01 6.267493e+00
<GCONST> 5.393174e+01
<STATE> 8
<MEAN> 12
 -2.237442e+00 -8.579898e+00 -1.016673e+01 6.901403e+00 -3.492763e+00 4.468321e+00 1.276958e+01 -8.268123e+00 -1.586254e+00 -8.461536e+00 6.038308e+00 6.621315e-01
<VARIANCE> 12
 1.789363e+00 1.582089e+01 8.387315e+00 8.211574e+00 2.652876e+01 2.095502e+01 1.628330e+01 1.243947e+01 5.244464e+00 2.292252e+01 1.576401e+01 1.602320e+01
<GCONST> 5.158266e+01
<STATE> 9
<MEAN> 12
 -3.258530e+00 -1.421616e+01 -1.716646e+00 7.796902e+00 9.302011e+00 1.993773e+00 5.877177e+00 -9.052726e+00 2.878171e+00 3.882033e+00 6.409163e+00 -5.636868e+00
<VARIANCE> 12
 1.789363e+00 1.459696e+01 4.031239e+01 8.211574e+00 2.401475e+01 1.080048e+01 1.852802e+01 1.243947e+01 5.322613e+00 2.824868e+01 1.782314e+01 2.306160e+01
<GCONST> 5.314949e+01
<STATE> 10
<MEAN> 12
 -1.317550e-01 -5.922465e+00 9.431339e+00 6.115563e+00 1.791981e+01 1.186283e+01 -1.368657e+00 -6.989075e+00 6.344723e+00 -3.147522e-01 5.055142e+00 -2.561383e+00
<VARIANCE> 12
 1.789363e+00 2.339917e+01 1.033777e+01 8.211574e+00 1.802246e+01 2.759345e+01 1.009455e+01 1.243947e+01 1.144160e+01 3.358900e+01 1.740680e+01 1.096509e+01
<GCONST> 5.247554e+01
<TRANSP> 11
 0.000000e+00 1.000000e+00 0.000000e+00 0.000000e+00 0.000000e+00 0.000000e+00 0.000000e+00 0.000000e+00 0.000000e+00 0.000000e+00 0.000000e+00
 0.000000e+00 9.085799e-01 9.142006e-02 0.000000e+00 0.000000e+00 0.000000e+00 0.000000e+00 0.000000e+00 0.000000e+00 0.000000e+00 0.000000e+00
 0.000000e+00 0.000000e+00 5.859727e-01 4.140273e-01 0.000000e+00 0.000000e+00 0.000000e+00 0.000000e+00 0.000000e+00 0.000000e+00 0.000000e+00
 0.000000e+00 0.000000e+00 0.000000e+00 8.510226e-01 1.489774e-01 0.000000e+00 0.000000e+00 0.000000e+00 0.000000e+00 0.000000e+00 0.000000e+00
 0.000000e+00 0.000000e+00 0.000000e+00 0.000000e+00 9.269894e-01 7.301056e-02 0.000000e+00 0.000000e+00 0.000000e+00 0.000000e+00 0.000000e+00
 0.000000e+00 0.000000e+00 0.000000e+00 0.000000e+00 0.000000e+00 8.820989e-01 1.179011e-01 0.000000e+00 0.000000e+00 0.000000e+00 0.000000e+00
 0.000000e+00 0.000000e+00 0.000000e+00 0.000000e+00 0.000000e+00 0.000000e+00 8.131687e-01 1.868313e-01 0.000000e+00 0.000000e+00 0.000000e+00
 0.000000e+00 0.000000e+00 0.000000e+00 0.000000e+00 0.000000e+00 0.000000e+00 0.000000e+00 5.591519e-01 4.408480e-01 0.000000e+00 0.000000e+00
 0.000000e+00 0.000000e+00 0.000000e+00 0.000000e+00 0.000000e+00 0.000000e+00 0.000000e+00 0.000000e+00 8.791342e-01 1.208658e-01 0.000000e+00
 0.000000e+00 0.000000e+00 0.000000e+00 0.000000e+00 0.000000e+00 0.000000e+00 0.000000e+00 0.000000e+00 0.000000e+00 9.079275e-01 9.207256e-02
 0.000000e+00 0.000000e+00 0.000000e+00 0.000000e+00 0.000000e+00 0.000000e+00 0.000000e+00 0.000000e+00 0.000000e+00 0.000000e+00 0.000000e+00
<ENDHMM>
