~o
<STREAMINFO> 1 12
<VECSIZE> 12<NULLD><MFCC_Z><DIAGC>
~h "s012"
<BEGINHMM>
<NUMSTATES> 15
<STATE> 2
<MEAN> 12
 1.217747e+00 -7.973357e+00 -1.549962e+01 -5.957515e-01 1.378653e+00 -3.252341e+00 -6.918318e+00 1.233080e+00 -6.459618e-01 4.999929e-01 -1.281989e+01 -2.732956e+00
<VARIANCE> 12
 6.744564e+00 1.668764e+01 1.735353e+01 6.972556e+00 1.741470e+01 7.961030e+00 7.426979e+00 2.470926e+01 1.255430e+01 6.309700e+00 3.189880e+01 9.074213e+00
<GCONST> 5.175803e+01
<STATE> 3
<MEAN> 12
 3.464881e+00 -2.308936e-01 -1.322898e+01 -3.734761e+00 -1.439321e+00 7.665593e-01 -7.099923e+00 -9.712182e+00 4.670327e+00 -2.930097e-01 3.264565e+00 6.971126e+00
<VARIANCE> 12
 6.744564e+00 1.668764e+01 1.735353e+01 1.046927e+01 8.788596e+00 8.229849e+00 1.453934e+01 9.889489e+00 9.450686e+00 1.248755e+01 1.132549e+01 5.405768e+00
<GCONST> 5.011506e+01
<STATE> 4
<MEAN> 12
 8.283647e+00 2.890685e+00 -6.149803e+00 6.797100e-01 5.234649e+00 7.267463e+00 7.552455e+00 -6.252681e+00 7.530395e+00 3.591863e+00 1.572062e-01 4.576633e+00
<VARIANCE> 12
 6.744564e+00 1.668764e+01 1.735353e+01 3.670337e+01 8.788596e+00 1.682134e+01 1.729527e+01 9.889489e+00 9.450686e+00 1.948166e+01 1.533555e+01 2.227079e+01
<GCONST> 5.442162e+01
<STATE> 5
<MEAN> 12
 6.398147e+00 -8.100121e-01 -3.730353e+00 1.008975e+01 1.226380e+01 1.759503e+00 5.047008e+00 -9.404166e-01 8.044084e+00 2.844081e-01 -1.441172e+00 -8.182529e-01
<VARIANCE> 12
 6.744564e+00 2.251808e+01 1.735353e+01 6.972556e+00 2.468592e+01 3.734853e+01 2.934389e+01 9.889489e+00 9.450686e+00 1.565540e+01 1.132549e+01 5.405768e+00
<GCONST> 5.348187e+01
<STATE> 6
<MEAN> 12
 2.496023e-01 -7.310628e+00 -1.114203e+01 3.047827e+00 4.396103e+00 -5.847469e+00 -5.195064e+00 1.063894e+00 7.721250e+00 -6.992140e+00 -6.670625e+00 3.272339e+00
<VARIANCE> 12
 6.744564e+00 1.668764e+01 1.735353e+01 6.972556e+00 9.006691e+00 1.303462e+01 7.426979e+00 9.889489e+00 2.144417e+01 1.483820e+01 1.132549e+01 8.343713e+00
<GCONST> 5.094710e+01
<STATE> 7
<MEAN> 12
 5.064557e+00 -8.681546e+00 -2.492676e+00 3.139945e+00 -1.286711e+00 -9.539306e+00 9.953635e-01 -1.250722e+00 -4.257260e-02 -8.411597e+00 -3.331522e+00 1.347968e+00
<VARIANCE> 12
 6.744564e+00 1.668764e+01 1.735353e+01 6.972556e+00 1.108207e+01 1.004398e+01 8.292787e+00 9.889489e+00 9.450686e+00 6.309700e+00 1.132549e+01 1.425326e+01
<GCONST> 4.986509e+01
<STATE> 8
<MEAN> 12
 -7.135241e+00 -7.000570e+00 1.147843e+01 1.850092e-01 -2.987305e+00 5.809308e+00 9.991079e-01 4.656034e+00 -3.992917e-01 4.071639e+00 2.531377e+00 -5.183446e+00
<VARIANCE> 12
 2.484430e+01 1.668764e+01 1.735353e+01 6.972556e+00 1.269732e+01 9.692397e+00 1.428860e+01 9.889489e+00 1.926182e+01 3.109807e+01 1.232117e+01 5.405768e+00
<GCONST> 5.323532e+01
<STATE> 9
<MEAN> 12
 -1.629679e+00 -1.061945e+01 7.403562e+00 -1.506555e+00 -6.570666e+00 1.533216e+00 4.594026e+00 1.032525e+01 -9.388761e+00 1.020105e+00 -5.151558e+00 -1.446535e+00
<VARIANCE> 12
 9.341510e+00 1.668764e+01 1.735353e+01 1.176218e+01 8.788596e+00 2.741291e+01 8.080922e+00 3.596027e+01 1.366725e+01 3.036907e+01 8.015661e+01 9.641330e+00
<GCONST> 5.625721e+01
<STATE> 10
<MEAN> 12
 3.004344e+00 -3.995250e+00 7.325052e+00 -6.072783e+00 -7.548430e+00 -9.805807e-01 3.849524e+00 -1.028134e+01 1.517580e+00 2.708591e+00 -4.039450e+00 3.656159e+00
<VARIANCE> 12
 9.700298e+00 1.668764e+01 1.735353e+01 2.678569e+01 1.915378e+01 2.477094e+01 1.071823e+01 3.924888e+01 2.309324e+01 1.749137e+01 1.822634e+01 1.417194e+01
<GCONST> 5.704243e+01
<STATE> 11
<MEAN> 12
 -7.457419e+00 2.873879e+00 1.616201e+00 7.357173e-01 -3.758122e-01 4.036716e+00 4.636868e+00 3.448542e+00 6.962591e-02 8.709482e+00 7.045930e+00 1.575839e+00
<VARIANCE> 12
 1.078003e+01 1.668764e+01 1.735353e+01 6.972556e+00 8.788596e+00 2.693023e+01 4.090683e+01 9.889489e+00 2.668565e+01 2.794201e+01 1.481507e+01 3.496810e+01
<GCONST> 5.637648e+01
<STATE> 12
<MEAN> 12
 -1.139882e+01 5.140606e+00 5.468637e+00 4.306141e+00 4.383568e+00 7.741749e+00 -3.773261e-01 4.441902e-01 -2.823452e+00 -4.524108e+00 1.002924e+01 2.795798e+00
<VARIANCE> 12
 1.673361e+01 1.668764e+01 1.735353e+01 6.972556e+00 8.788596e+00 2.028718e+01 1.644363e+01 9.889489e+00 2.134938e+01 1.350835e+01 1.132549e+01 2.535666e+01
<GCONST> 5.408168e+01
<STATE> 13
<MEAN> 12
 -1.827756e+00 1.770851e+01 8.502923e+00 -6.020639e-01 -3.246815e+00 -7.441125e-01 -3.972136e+00 3.556673e+00 -6.385254e+00 2.484740e-01 8.485389e+00 -5.314326e+00
<VARIANCE> 12
 6.744564e+00 1.668764e+01 1.735353e+01 6.972556e+00 8.788596e+00 7.961030e+00 1.034205e+01 9.889489e+00 9.450686e+00 6.309700e+00 1.132549e+01 5.405768e+00
<GCONST> 4.865211e+01
<STATE> 14
<MEAN> 12
 -3.592158e+00 1.132952e+01 7.672371e+00 -8.351542e+00 -2.957017e+00 -6.800491e+00 -1.144898e+00 5.092113e+00 -7.588029e+00 -9.685816e-01 3.401986e+00 -5.468650e+00
<VARIANCE> 12
 6.744564e+00 1.750773e+01 1.735353e+01 2.580717e+01 2.444193e+01 1.988017e+01 1.655830e+01 1.089744e+01 1.346089e+01 2.857792e+01 1.132549e+01 5.405768e+00
<GCONST> 5.437874e+01
<TRANSP> 15
 0.000000e+00 1.000000e+00 0.000000e+00 0.000000e+00 0.000000e+00 0.000000e+00 0.000000e+00 0.000000e+00 0.000000e+00 0.000000e+00 0.000000e+00 0.000000e+00 0.000000e+00 0.000000e+00 0.000000e+00
 0.000000e+00 8.571258e-01 1.428742e-01 0.000000e+00 0.000000e+00 0.000000e+00 0.000000e+00 0.000000e+00 0.000000e+00 0.000000e+00 0.000000e+00 0.000000e+00 0.000000e+00 0.000000e+00 0.000000e+00
 0.000000e+00 0.000000e+00 8.760377e-01 1.239623e-01 0.000000e+00 0.000000e+00 0.000000e+00 0.000000e+00 0.000000e+00 0.000000e+00 0.000000e+00 0.000000e+00 0.000000e+00 0.000000e+00 0.000000e+00
 0.000000e+00 0.000000e+00 0.000000e+00 8.139133e-01 1.860867e-01 0.000000e+00 0.000000e+00 0.000000e+00 0.000000e+00 0.000000e+00 0.000000e+00 0.000000e+00 0.000000e+00 0.000000e+00 0.000000e+00
 0.000000e+00 0.000000e+00 0.000000e+00 0.000000e+00 8.948880e-01 1.051121e-01 0.000000e+00 0.000000e+00 0.000000e+00 0.000000e+00 0.000000e+00 0.000000e+00 0.000000e+00 0.000000e+00 0.000000e+00
 0.000000e+00 0.000000e+00 0.000000e+00 0.000000e+00 0.000000e+00 8.376878e-01 1.623122e-01 0.000000e+00 0.000000e+00 0.000000e+00 0.000000e+00 0.000000e+00 0.000000e+00 0.000000e+00 0.000000e+00
 0.000000e+00 0.000000e+00 0.000000e+00 0.000000e+00 0.000000e+00 0.000000e+00 7.942320e-01 2.057680e-01 0.000000e+00 0.000000e+00 0.000000e+00 0.000000e+00 0.000000e+00 0.000000e+00 0.000000e+00
 0.000000e+00 0.000000e+00 0.000000e+00 0.000000e+00 0.000000e+00 0.000000e+00 0.000000e+00 8.299708e-01 1.700292e-01 0.000000e+00 0.000000e+00 0.000000e+00 0.000000e+00 0.000000e+00 0.000000e+00
 0.000000e+00 0.000000e+00 0.000000e+00 0.000000e+00 0.000000e+00 0.000000e+00 0.000000e+00 0.000000e+00 8.753264e-01 1.246736e-01 0.000000e+00 0.000000e+00 0.000000e+00 0.000000e+00 0.000000e+00
 0.000000e+00 0.000000e+00 0.000000e+00 0.000000e+00 0.000000e+00 0.000000e+00 0.000000e+00 0.000000e+00 0.000000e+00 8.808725e-01 1.191275e-01 0.000000e+00 0.000000e+00 0.000000e+00 0.000000e+00
 0.000000e+00 0.000000e+00 0.000000e+00 0.000000e+00 0.000000e+00 0.000000e+00 0.000000e+00 0.000000e+00 0.000000e+00 0.000000e+00 7.562229e-01 2.437771e-01 0.000000e+00 0.000000e+00 0.000000e+00
 0.000000e+00 0.000000e+00 0.000000e+00 0.000000e+00 0.000000e+00 0.000000e+00 0.000000e+00 0.000000e+00 0.000000e+00 0.000000e+00 0.000000e+00 8.222803e-01 1.777196e-01 0.000000e+00 0.000000e+00
 0.000000e+00 0.000000e+00 0.000000e+00 0.000000e+00 0.000000e+00 0.000000e+00 0.000000e+00 0.000000e+00 0.000000e+00 0.000000e+00 0.000000e+00 0.000000e+00 8.997722e-01 1.002278e-01 0.000000e+00
 0.000000e+00 0.000000e+00 0.000000e+00 0.000000e+00 0.000000e+00 0.000000e+00 0.000000e+00 0.000000e+00 0.000000e+00 0.000000e+00 0.000000e+00 0.000000e+00 0.000000e+00 8.576043e-01 1.423957e-01
 0.000000e+00 0.000000e+00 0.000000e+00 0.000000e+00 0.000000e+00 0.000000e+00 0.000000e+00 0.000000e+00 0.000000e+00 0.000000e+00 0.000000e+00 0.000000e+00 0.000000e+00 0.000000e+00 0.000000e+00
<ENDHMM>
