~o
<STREAMINFO> 1 12
<VECSIZE> 12<NULLD><MFCC_Z><DIAGC>
~h "T13771896663"
<BEGINHMM>
<NUMSTATES> 8
<STATE> 2
<MEAN> 12
 -5.528258e+00 -1.354656e+00 3.453060e+00 4.686800e+00 -1.029760e+00 -3.309956e-01 3.405782e+00 6.047135e+00 2.037354e+00 -5.023951e-01 1.592856e-01 1.575640e+00
<VARIANCE> 12
 5.690484e+01 5.824431e+00 7.784168e+01 4.028872e+01 2.078477e+01 2.199014e+01 3.167753e+01 4.343189e+01 2.396636e+01 3.066543e+01 2.360248e+01 2.594342e+01
<GCONST> 6.227739e+01
<STATE> 3
<MEAN> 12
 6.395849e-02 1.087133e-01 -2.297099e+00 5.010549e-01 -8.914155e-01 -1.689029e+00 -3.092596e-01 8.468703e-01 1.766549e-01 -1.571869e+00 -9.073320e-01 -6.421190e-01
<VARIANCE> 12
 4.238344e+01 8.970963e+00 9.221101e+01 4.773623e+01 2.227336e+01 2.165183e+01 1.809288e+01 3.659881e+01 1.794287e+01 3.364744e+01 1.771576e+01 2.113020e+01
<GCONST> 6.138735e+01
<STATE> 4
<MEAN> 12
 2.829637e+00 1.344797e+00 -3.540985e+00 -3.108846e+00 -1.983696e+00 -1.723402e+00 -1.364536e+00 -2.029266e+00 -7.432351e-01 -1.260283e+00 -4.706866e-01 -1.581889e+00
<VARIANCE> 12
 1.147964e+01 8.343971e+00 8.828049e+01 2.677760e+01 2.805326e+01 2.641993e+01 1.694322e+01 2.252232e+01 1.603598e+01 2.663211e+01 1.517206e+01 1.415636e+01
<GCONST> 5.836390e+01
<STATE> 5
<MEAN> 12
 2.935764e+00 1.222448e+00 -2.476273e+00 -3.175440e+00 -1.090578e+00 -7.516176e-02 -1.028157e+00 -2.625507e+00 -1.017800e+00 -4.908590e-01 2.445615e-01 -9.829141e-01
<VARIANCE> 12
 5.251514e+00 8.244216e+00 8.346559e+01 2.103988e+01 3.943525e+01 3.448571e+01 1.833548e+01 1.568060e+01 1.484188e+01 2.182107e+01 1.569270e+01 1.387687e+01
<GCONST> 5.733362e+01
<STATE> 6
<MEAN> 12
 1.443334e+00 -1.694211e-02 1.035563e-01 -8.669172e-01 1.636994e+00 1.940766e+00 -3.439831e-01 -1.980657e+00 -7.318615e-01 6.317782e-01 4.117307e-01 1.349141e-01
<VARIANCE> 12
 9.771806e+00 7.411414e+00 7.072334e+01 2.494817e+01 4.034691e+01 3.083215e+01 1.546748e+01 1.487595e+01 1.390073e+01 2.013796e+01 1.596613e+01 1.513221e+01
<GCONST> 5.749902e+01
<STATE> 7
<MEAN> 12
 -1.744428e+00 -1.304349e+00 4.757709e+00 1.963311e+00 3.358419e+00 1.877828e+00 -3.598494e-01 -2.585821e-01 2.788919e-01 3.193618e+00 5.624517e-01 1.496378e+00
<VARIANCE> 12
 1.378905e+01 5.012390e+00 4.247146e+01 1.987372e+01 2.802494e+01 2.808804e+01 1.178554e+01 1.633472e+01 1.904350e+01 2.362925e+01 1.688718e+01 1.491601e+01
<GCONST> 5.659535e+01
<TRANSP> 8
 0.000000e+00 1.000000e+00 0.000000e+00 0.000000e+00 0.000000e+00 0.000000e+00 0.000000e+00 0.000000e+00
 0.000000e+00 8.790323e-01 1.209677e-01 0.000000e+00 0.000000e+00 0.000000e+00 0.000000e+00 0.000000e+00
 0.000000e+00 0.000000e+00 8.790323e-01 1.209677e-01 0.000000e+00 0.000000e+00 0.000000e+00 0.000000e+00
 0.000000e+00 0.000000e+00 0.000000e+00 8.790323e-01 1.209677e-01 0.000000e+00 0.000000e+00 0.000000e+00
 0.000000e+00 0.000000e+00 0.000000e+00 0.000000e+00 8.790322e-01 1.209677e-01 0.000000e+00 0.000000e+00
 0.000000e+00 0.000000e+00 0.000000e+00 0.000000e+00 0.000000e+00 8.790323e-01 1.209677e-01 0.000000e+00
 0.000000e+00 0.000000e+00 0.000000e+00 0.000000e+00 0.000000e+00 0.000000e+00 8.790323e-01 1.209678e-01
 0.000000e+00 0.000000e+00 0.000000e+00 0.000000e+00 0.000000e+00 0.000000e+00 0.000000e+00 0.000000e+00
<ENDHMM>
