~o
<STREAMINFO> 1 12
<VECSIZE> 12<NULLD><MFCC_Z><DIAGC>
~h "s011"
<BEGINHMM>
<NUMSTATES> 13
<STATE> 2
<MEAN> 12
 -3.295298e+00 -7.108982e+00 -4.209725e+00 -2.071275e+00 1.172100e-01 -7.796012e+00 -6.457011e-01 -3.494498e+00 -3.938854e+00 -1.080291e+00 9.161296e-01 -4.063046e+00
<VARIANCE> 12
 4.951785e+00 2.039427e+01 9.542595e+00 1.071449e+01 2.175128e+01 2.383494e+01 1.710353e+01 1.410733e+01 1.597865e+01 7.142866e+01 1.988394e+01 4.146725e+01
<GCONST> 5.678847e+01
<STATE> 3
<MEAN> 12
 -3.214063e+00 -4.879014e+00 -2.326603e+00 -2.289485e+00 2.787468e+00 -7.524879e+00 -1.585391e+00 -3.786615e+00 -2.351545e+00 6.040042e+00 -1.895404e+00 -2.898208e+00
<VARIANCE> 12
 7.910978e+00 6.976678e+01 8.806976e+00 1.594001e+01 1.641208e+01 3.121361e+01 2.452892e+01 2.280062e+01 2.655825e+01 3.522862e+01 1.930005e+01 3.885110e+01
<GCONST> 5.933887e+01
<STATE> 4
<MEAN> 12
 -1.592321e+00 1.325711e+00 -2.312735e+00 -3.160873e+00 2.088775e+00 -3.966367e+00 -2.356416e+00 -2.718606e+00 -7.743086e-01 8.157243e+00 -1.723531e+00 -2.165799e+00
<VARIANCE> 12
 1.240998e+01 1.222579e+02 1.135556e+01 2.772708e+01 2.208474e+01 3.228394e+01 4.406791e+01 3.583991e+01 3.472100e+01 3.275977e+01 2.636094e+01 3.980553e+01
<GCONST> 6.305796e+01
<STATE> 5
<MEAN> 12
 -1.157239e-01 6.815902e+00 -2.337350e+00 -3.142708e+00 8.470224e-01 -9.191135e-01 -3.044708e+00 -2.404784e-01 -4.278391e-01 7.527274e+00 1.879926e-01 -2.609645e+00
<VARIANCE> 12
 1.318528e+01 1.161938e+02 1.469854e+01 4.164283e+01 2.916495e+01 2.586881e+01 5.948570e+01 4.122646e+01 4.125763e+01 5.628975e+01 3.536059e+01 4.262869e+01
<GCONST> 6.530506e+01
<STATE> 6
<MEAN> 12
 1.025784e+00 8.143584e+00 -1.570977e+00 -2.339021e+00 -1.107747e-01 1.252948e+00 -1.892006e+00 1.726259e+00 -7.002973e-01 4.388906e+00 2.348585e+00 -1.704942e+00
<VARIANCE> 12
 1.550033e+01 9.984071e+01 1.974598e+01 5.217870e+01 4.437418e+01 2.735880e+01 7.386318e+01 3.170423e+01 4.253970e+01 9.963978e+01 3.664990e+01 4.471115e+01
<GCONST> 6.695058e+01
<STATE> 7
<MEAN> 12
 2.324019e+00 5.171004e+00 -2.173078e-01 -9.395813e-01 -1.753307e+00 3.177009e+00 8.601651e-01 2.391179e+00 -5.933762e-01 -7.731454e-01 3.708590e+00 3.595416e-01
<VARIANCE> 12
 1.950062e+01 1.010445e+02 2.362393e+01 5.165891e+01 7.024393e+01 3.087267e+01 7.837385e+01 2.028425e+01 3.992868e+01 1.257889e+02 3.340147e+01 3.836454e+01
<GCONST> 6.747807e+01
<STATE> 8
<MEAN> 12
 3.417429e+00 7.059780e-01 8.528420e-01 7.440758e-01 -4.279464e+00 4.638045e+00 3.079082e+00 2.369196e+00 -1.038983e-02 -6.007729e+00 3.545085e+00 2.080359e+00
<VARIANCE> 12
 2.176746e+01 8.379752e+01 2.356051e+01 4.072675e+01 8.802430e+01 2.990883e+01 6.892785e+01 1.342154e+01 3.745801e+01 1.007048e+02 3.261192e+01 2.406209e+01
<GCONST> 6.603622e+01
<STATE> 9
<MEAN> 12
 3.088178e+00 -2.169177e+00 1.233487e+00 2.509311e+00 -5.554304e+00 4.726194e+00 3.381235e+00 2.475714e+00 5.276934e-01 -8.855035e+00 1.633887e+00 2.898316e+00
<VARIANCE> 12
 2.603219e+01 5.453048e+01 2.315581e+01 3.060998e+01 8.689171e+01 3.184349e+01 6.009980e+01 1.092861e+01 3.695667e+01 5.807197e+01 3.572752e+01 1.349059e+01
<GCONST> 6.413841e+01
<STATE> 10
<MEAN> 12
 1.208132e+00 -2.524027e+00 1.907563e+00 4.312417e+00 -3.370149e+00 2.983353e+00 2.546608e+00 2.529050e+00 1.091084e+00 -7.873447e+00 -1.217345e+00 3.194614e+00
<VARIANCE> 12
 2.756919e+01 3.696261e+01 2.532948e+01 2.529087e+01 8.437811e+01 3.930405e+01 4.762839e+01 1.268099e+01 3.632297e+01 4.835011e+01 3.308870e+01 1.019930e+01
<GCONST> 6.324614e+01
<STATE> 11
<MEAN> 12
 -6.838116e-01 -2.230962e+00 3.836030e+00 4.711227e+00 1.794626e+00 1.031905e+00 1.366533e+00 1.160040e+00 2.439289e+00 -3.427110e+00 -3.459462e+00 3.046466e+00
<VARIANCE> 12
 1.776560e+01 2.289423e+01 2.457633e+01 2.525308e+01 7.108207e+01 3.643528e+01 3.115339e+01 1.907618e+01 3.164250e+01 5.760863e+01 2.749887e+01 1.274839e+01
<GCONST> 6.210787e+01
<STATE> 12
<MEAN> 12
 -2.162496e+00 -3.250377e+00 5.144857e+00 1.665842e+00 7.433217e+00 2.396795e+00 -1.709427e+00 -2.411442e+00 4.738538e+00 1.903358e+00 -4.044614e+00 1.862283e+00
<VARIANCE> 12
 7.997730e+00 1.337074e+01 1.344883e+01 3.066887e+01 3.739266e+01 3.042298e+01 2.475329e+01 1.877256e+01 1.930734e+01 4.488145e+01 3.708920e+01 1.696919e+01
<GCONST> 5.913615e+01
<TRANSP> 13
 0.000000e+00 1.000000e+00 0.000000e+00 0.000000e+00 0.000000e+00 0.000000e+00 0.000000e+00 0.000000e+00 0.000000e+00 0.000000e+00 0.000000e+00 0.000000e+00 0.000000e+00
 0.000000e+00 8.625000e-01 1.375000e-01 0.000000e+00 0.000000e+00 0.000000e+00 0.000000e+00 0.000000e+00 0.000000e+00 0.000000e+00 0.000000e+00 0.000000e+00 0.000000e+00
 0.000000e+00 0.000000e+00 8.625000e-01 1.375000e-01 0.000000e+00 0.000000e+00 0.000000e+00 0.000000e+00 0.000000e+00 0.000000e+00 0.000000e+00 0.000000e+00 0.000000e+00
 0.000000e+00 0.000000e+00 0.000000e+00 8.625001e-01 1.375000e-01 0.000000e+00 0.000000e+00 0.000000e+00 0.000000e+00 0.000000e+00 0.000000e+00 0.000000e+00 0.000000e+00
 0.000000e+00 0.000000e+00 0.000000e+00 0.000000e+00 8.625001e-01 1.375000e-01 0.000000e+00 0.000000e+00 0.000000e+00 0.000000e+00 0.000000e+00 0.000000e+00 0.000000e+00
 0.000000e+00 0.000000e+00 0.000000e+00 0.000000e+00 0.000000e+00 8.625000e-01 1.375001e-01 0.000000e+00 0.000000e+00 0.000000e+00 0.000000e+00 0.000000e+00 0.000000e+00
 0.000000e+00 0.000000e+00 0.000000e+00 0.000000e+00 0.000000e+00 0.000000e+00 8.625000e-01 1.375000e-01 0.000000e+00 0.000000e+00 0.000000e+00 0.000000e+00 0.000000e+00
 0.000000e+00 0.000000e+00 0.000000e+00 0.000000e+00 0.000000e+00 0.000000e+00 0.000000e+00 8.625001e-01 1.375000e-01 0.000000e+00 0.000000e+00 0.000000e+00 0.000000e+00
 0.000000e+00 0.000000e+00 0.000000e+00 0.000000e+00 0.000000e+00 0.000000e+00 0.000000e+00 0.000000e+00 8.625000e-01 1.375000e-01 0.000000e+00 0.000000e+00 0.000000e+00
 0.000000e+00 0.000000e+00 0.000000e+00 0.000000e+00 0.000000e+00 0.000000e+00 0.000000e+00 0.000000e+00 0.000000e+00 8.625000e-01 1.375000e-01 0.000000e+00 0.000000e+00
 0.000000e+00 0.000000e+00 0.000000e+00 0.000000e+00 0.000000e+00 0.000000e+00 0.000000e+00 0.000000e+00 0.000000e+00 0.000000e+00 8.625000e-01 1.375000e-01 0.000000e+00
 0.000000e+00 0.000000e+00 0.000000e+00 0.000000e+00 0.000000e+00 0.000000e+00 0.000000e+00 0.000000e+00 0.000000e+00 0.000000e+00 0.000000e+00 8.625000e-01 1.375000e-01
 0.000000e+00 0.000000e+00 0.000000e+00 0.000000e+00 0.000000e+00 0.000000e+00 0.000000e+00 0.000000e+00 0.000000e+00 0.000000e+00 0.000000e+00 0.000000e+00 0.000000e+00
<ENDHMM>
