~o
<STREAMINFO> 1 12
<VECSIZE> 12<NULLD><MFCC_Z><DIAGC>
~h "s021"
<BEGINHMM>
<NUMSTATES> 10
<STATE> 2
<MEAN> 12
 -9.456745e+00 6.880757e-01 4.681599e+00 5.231154e+00 8.621944e+00 3.104907e+00 8.416685e+00 4.187090e+00 2.103625e+00 6.568183e+00 8.519728e-01 3.920447e+00
<VARIANCE> 12
 3.987844e+01 4.185086e+01 1.074265e+01 8.238228e+00 7.480264e+01 2.198327e+01 3.024027e+01 3.284309e+01 4.564429e+01 3.724640e+01 2.437374e+01 1.718682e+01
<GCONST> 6.173961e+01
<STATE> 3
<MEAN> 12
 -4.730558e+00 -3.228612e+00 2.071007e+00 3.783685e+00 1.620262e+00 1.119632e+00 3.122194e+00 -8.924507e-02 -1.708795e+00 2.558017e+00 -4.623754e-01 1.690545e+00
<VARIANCE> 12
 6.683963e+01 8.955531e+01 1.602477e+01 1.990342e+01 1.133411e+02 2.046430e+01 6.240415e+01 5.022389e+01 3.967149e+01 3.753827e+01 3.609679e+01 3.633334e+01
<GCONST> 6.680085e+01
<STATE> 4
<MEAN> 12
 2.293079e-01 -4.591928e+00 -9.084985e-01 8.073494e-01 -3.427445e+00 -1.592018e+00 -2.890380e+00 -2.210507e+00 -3.347763e+00 6.493506e-03 -1.687656e+00 -1.640949e+00
<VARIANCE> 12
 3.630347e+01 1.010493e+02 2.197190e+01 2.481263e+01 6.182866e+01 2.124703e+01 5.283468e+01 3.831034e+01 2.538390e+01 2.254230e+01 3.125928e+01 4.777258e+01
<GCONST> 6.501492e+01
<STATE> 5
<MEAN> 12
 2.537802e+00 -4.583437e-01 -3.340968e+00 -2.111454e+00 -5.248539e+00 -3.865278e+00 -6.611006e+00 -2.291272e-01 -2.912856e+00 -6.787723e-01 -5.997010e-01 -4.461813e+00
<VARIANCE> 12
 1.160905e+01 1.102913e+02 2.558004e+01 1.931517e+01 2.403749e+01 2.175105e+01 3.460434e+01 4.457108e+01 3.093900e+01 1.472231e+01 2.826608e+01 4.545505e+01
<GCONST> 6.229225e+01
<STATE> 6
<MEAN> 12
 3.057190e+00 4.702724e+00 -3.964373e+00 -4.313038e+00 -4.982678e+00 -4.754204e+00 -6.618507e+00 3.432501e+00 -1.524101e+00 -9.753392e-01 1.117377e+00 -5.085326e+00
<VARIANCE> 12
 6.063828e+00 7.844490e+01 2.474034e+01 1.356434e+01 2.306934e+01 2.609021e+01 4.105955e+01 5.323066e+01 3.887606e+01 1.788034e+01 2.282545e+01 4.357434e+01
<GCONST> 6.157129e+01
<STATE> 7
<MEAN> 12
 2.604610e+00 5.673584e+00 -2.097140e+00 -5.267866e+00 -2.434216e+00 -3.121973e+00 -2.990684e+00 4.507228e+00 7.380087e-01 -2.393860e+00 1.362744e+00 -2.292641e+00
<VARIANCE> 12
 6.063828e+00 5.742154e+01 2.513918e+01 1.725353e+01 3.815096e+01 4.173550e+01 5.660508e+01 7.662015e+01 3.632242e+01 2.740440e+01 1.872739e+01 6.552065e+01
<GCONST> 6.374309e+01
<STATE> 8
<MEAN> 12
 2.304899e+00 1.340855e+00 8.983593e-01 -2.869782e+00 1.860440e+00 1.375801e+00 1.897813e+00 -6.269769e-01 2.919456e+00 -3.957732e+00 2.056021e-01 2.671681e+00
<VARIANCE> 12
 6.063828e+00 6.467284e+01 1.862695e+01 4.796432e+01 4.025271e+01 5.099847e+01 4.093183e+01 1.319189e+02 2.101167e+01 2.800627e+01 1.553825e+01 7.195390e+01
<GCONST> 6.443918e+01
<STATE> 9
<MEAN> 12
 3.453500e+00 -4.126335e+00 2.660011e+00 4.740023e+00 3.990241e+00 7.733181e+00 5.673879e+00 -8.970995e+00 3.732471e+00 -1.126912e+00 -7.879459e-01 5.198002e+00
<VARIANCE> 12
 6.063828e+00 3.047929e+01 8.470185e+00 6.823963e+01 2.419513e+01 3.763860e+01 1.529216e+01 8.269873e+01 8.817244e+00 4.030773e+01 8.278674e+00 3.487043e+01
<GCONST> 5.912879e+01
<TRANSP> 10
 0.000000e+00 1.000000e+00 0.000000e+00 0.000000e+00 0.000000e+00 0.000000e+00 0.000000e+00 0.000000e+00 0.000000e+00 0.000000e+00
 0.000000e+00 8.666667e-01 1.333333e-01 0.000000e+00 0.000000e+00 0.000000e+00 0.000000e+00 0.000000e+00 0.000000e+00 0.000000e+00
 0.000000e+00 0.000000e+00 8.666667e-01 1.333333e-01 0.000000e+00 0.000000e+00 0.000000e+00 0.000000e+00 0.000000e+00 0.000000e+00
 0.000000e+00 0.000000e+00 0.000000e+00 8.666667e-01 1.333333e-01 0.000000e+00 0.000000e+00 0.000000e+00 0.000000e+00 0.000000e+00
 0.000000e+00 0.000000e+00 0.000000e+00 0.000000e+00 8.666667e-01 1.333333e-01 0.000000e+00 0.000000e+00 0.000000e+00 0.000000e+00
 0.000000e+00 0.000000e+00 0.000000e+00 0.000000e+00 0.000000e+00 8.666666e-01 1.333334e-01 0.000000e+00 0.000000e+00 0.000000e+00
 0.000000e+00 0.000000e+00 0.000000e+00 0.000000e+00 0.000000e+00 0.000000e+00 8.666667e-01 1.333333e-01 0.000000e+00 0.000000e+00
 0.000000e+00 0.000000e+00 0.000000e+00 0.000000e+00 0.000000e+00 0.000000e+00 0.000000e+00 8.666667e-01 1.333333e-01 0.000000e+00
 0.000000e+00 0.000000e+00 0.000000e+00 0.000000e+00 0.000000e+00 0.000000e+00 0.000000e+00 0.000000e+00 8.666667e-01 1.333333e-01
 0.000000e+00 0.000000e+00 0.000000e+00 0.000000e+00 0.000000e+00 0.000000e+00 0.000000e+00 0.000000e+00 0.000000e+00 0.000000e+00
<ENDHMM>
