~o
<STREAMINFO> 1 12
<VECSIZE> 12<NULLD><MFCC_Z><DIAGC>
~h "s075"
<BEGINHMM>
<NUMSTATES> 8
<STATE> 2
<MEAN> 12
 -6.238791e+00 -1.422083e+01 3.161180e+00 7.871278e+00 -9.380745e-01 1.909170e+00 8.833417e-01 -5.050905e+00 -1.001212e+00 -6.650971e+00 -4.109199e+00 -6.387979e+00
<VARIANCE> 12
 2.482874e+01 4.171730e+01 1.990595e+00 2.160366e+01 2.794431e+01 2.377784e+01 3.533427e+01 2.930871e+01 6.888102e+01 3.031723e+01 9.818561e+00 4.790711e+01
<GCONST> 5.999808e+01
<STATE> 3
<MEAN> 12
 -3.630249e+00 -7.500988e+00 -1.948541e+00 -4.203090e+00 -4.363737e+00 6.095708e+00 -3.854783e+00 -2.098924e+00 -3.367919e+00 -7.017244e+00 4.702566e+00 -1.555161e+00
<VARIANCE> 12
 5.621543e+00 3.260705e+01 6.435343e+00 1.198230e+01 2.894478e+01 2.019001e+01 1.776799e+01 9.197876e+00 4.956356e+01 9.642611e+00 2.254627e+01 1.205409e+01
<GCONST> 5.485226e+01
<STATE> 4
<MEAN> 12
 -2.446686e+00 2.164131e+00 -1.769502e+00 4.988548e+00 1.901095e+00 7.951460e+00 4.066267e+00 1.180099e+00 1.855807e+00 1.386286e+00 6.306043e+00 4.088255e-04
<VARIANCE> 12
 1.911948e+01 1.439357e+01 9.929324e+00 1.090908e+01 1.386094e+01 1.183839e+01 1.867103e+01 1.433668e+01 1.844749e+01 2.382201e+01 1.420910e+01 8.656678e+00
<GCONST> 5.394507e+01
<STATE> 5
<MEAN> 12
 1.180636e+00 1.226041e+01 4.392019e+00 6.274239e-01 5.138772e+00 -2.489603e+00 -2.034644e+00 4.205386e+00 1.579460e+00 -1.381836e-01 1.131938e+00 -1.552382e+00
<VARIANCE> 12
 5.621543e+00 1.439357e+01 5.935955e+00 1.826582e+01 3.534815e+00 1.678166e+01 3.505158e+00 8.736890e+00 5.183757e+00 7.383984e+00 7.350007e+00 7.544095e+00
<GCONST> 4.629902e+01
<STATE> 6
<MEAN> 12
 4.129459e+00 1.156732e+01 1.758648e+00 -1.111044e+01 7.694026e-01 -4.228240e+00 8.504161e-01 8.516190e+00 6.928300e-02 1.154039e+00 1.930669e+00 1.427791e+00
<VARIANCE> 12
 5.621543e+00 1.439357e+01 2.761166e+00 1.333857e+01 3.481216e+00 1.183839e+01 6.080070e+00 8.421827e+00 8.584213e+00 1.125542e+01 7.350007e+00 2.183513e+01
<GCONST> 4.735779e+01
<STATE> 7
<MEAN> 12
 8.519759e+00 2.527478e+00 -2.653245e+00 -4.189033e+00 -1.491269e+00 -1.254064e+01 -2.169444e+00 -2.439924e+00 2.768553e-01 9.188307e+00 -9.487173e+00 7.083871e+00
<VARIANCE> 12
 5.621543e+00 1.439357e+01 4.106446e+00 3.975749e+01 1.139372e+01 5.460831e+01 3.949554e+00 2.480161e+01 1.815248e+01 8.171512e+00 2.279803e+01 5.188448e+00
<GCONST> 5.233360e+01
<TRANSP> 8
 0.000000e+00 1.000000e+00 0.000000e+00 0.000000e+00 0.000000e+00 0.000000e+00 0.000000e+00 0.000000e+00
 0.000000e+00 8.905959e-01 1.094041e-01 0.000000e+00 0.000000e+00 0.000000e+00 0.000000e+00 0.000000e+00
 0.000000e+00 0.000000e+00 8.723042e-01 1.276958e-01 0.000000e+00 0.000000e+00 0.000000e+00 0.000000e+00
 0.000000e+00 0.000000e+00 0.000000e+00 9.201291e-01 7.987095e-02 0.000000e+00 0.000000e+00 0.000000e+00
 0.000000e+00 0.000000e+00 0.000000e+00 0.000000e+00 8.265702e-01 1.734298e-01 0.000000e+00 0.000000e+00
 0.000000e+00 0.000000e+00 0.000000e+00 0.000000e+00 0.000000e+00 8.232619e-01 1.767381e-01 0.000000e+00
 0.000000e+00 0.000000e+00 0.000000e+00 0.000000e+00 0.000000e+00 0.000000e+00 9.008346e-01 9.916543e-02
 0.000000e+00 0.000000e+00 0.000000e+00 0.000000e+00 0.000000e+00 0.000000e+00 0.000000e+00 0.000000e+00
<ENDHMM>
