~o
<STREAMINFO> 1 12
<VECSIZE> 12<NULLD><MFCC_Z><DIAGC>
~h "s009"
<BEGINHMM>
<NUMSTATES> 11
<STATE> 2
<MEAN> 12
 -7.908524e+00 2.795638e-01 2.039001e+00 4.597385e+00 -5.424583e+00 -2.442120e+00 2.873603e+00 -5.651731e+00 2.745378e+00 -1.156770e+00 9.718616e+00 -5.026745e+00
<VARIANCE> 12
 4.189411e+01 3.279294e+01 3.125333e+01 1.437101e+01 1.087980e+02 2.241022e+01 1.638167e+01 3.858314e+01 6.430824e+01 1.647171e+01 2.052898e+01 2.456107e+01
<GCONST> 6.282355e+01
<STATE> 3
<MEAN> 12
 -1.854775e+00 -9.526124e+00 -9.122724e+00 5.228774e+00 5.715417e+00 -1.009072e+01 -5.176391e+00 -6.720946e-01 -1.012091e+01 -2.992494e+00 1.550796e+00 -1.333222e+00
<VARIANCE> 12
 7.668586e+00 6.694582e+00 3.125333e+01 1.694344e+01 2.945233e+01 3.004062e+01 8.066305e+00 1.605800e+01 2.821427e+01 2.343433e+01 6.170687e+01 2.282283e+01
<GCONST> 5.765837e+01
<STATE> 4
<MEAN> 12
 1.537502e+00 1.711552e+00 -1.188633e+01 -2.003960e+00 -1.227947e+00 -6.857669e+00 -3.430343e+00 -1.905795e+00 2.711416e+00 -3.247079e+00 -6.490766e+00 5.642341e-01
<VARIANCE> 12
 7.668586e+00 3.781863e+01 3.125333e+01 1.901975e+01 1.560569e+01 2.241022e+01 1.009554e+01 1.145717e+01 2.612585e+01 6.084477e+01 1.448202e+01 8.619656e+00
<GCONST> 5.691813e+01
<STATE> 5
<MEAN> 12
 3.151757e+00 3.714211e+00 -1.088473e+01 3.966902e-01 1.762410e+00 -1.273273e+01 -1.092780e+00 4.658411e-01 2.670105e-01 -1.039451e+00 -2.431906e+00 8.814687e-01
<VARIANCE> 12
 7.668586e+00 1.291231e+01 3.969920e+01 2.431631e+01 3.855062e+01 2.241022e+01 1.717903e+01 4.485314e+01 1.607364e+01 3.387651e+01 1.051723e+01 3.134947e+01
<GCONST> 5.902901e+01
<STATE> 6
<MEAN> 12
 6.705901e+00 4.228181e+00 -9.543981e+00 -2.198044e+00 1.006568e+01 -1.492354e+00 8.269271e-01 -6.389087e-01 1.795321e+00 3.491244e+00 -2.169003e-01 6.286386e+00
<VARIANCE> 12
 7.668586e+00 6.694582e+00 4.225612e+01 8.305010e+00 1.560569e+01 2.241022e+01 1.023784e+01 1.630413e+01 1.591679e+01 7.091012e+00 2.482197e+01 1.193976e+01
<GCONST> 5.324604e+01
<STATE> 7
<MEAN> 12
 1.100518e+00 2.369362e+00 1.005264e+01 2.367785e-01 4.701326e+00 5.006184e+00 1.181237e+00 5.143317e+00 5.540523e+00 2.056330e+00 -1.947336e+00 4.316908e+00
<VARIANCE> 12
 2.649381e+01 6.694582e+00 3.875356e+01 6.374268e+00 1.560569e+01 3.257367e+01 5.366185e+00 1.165316e+01 1.554693e+01 8.707898e+00 4.258842e+01 2.476529e+01
<GCONST> 5.497818e+01
<STATE> 8
<MEAN> 12
 -1.034149e+01 3.157213e+00 1.757285e+01 1.114473e-01 3.769617e+00 9.734448e+00 -7.109643e-01 3.926157e+00 1.372816e+00 6.524755e+00 3.789807e+00 -2.179487e+00
<VARIANCE> 12
 2.840427e+01 6.694582e+00 3.125333e+01 1.290394e+01 3.251029e+01 2.241022e+01 2.725727e+01 1.365872e+01 1.486550e+01 3.374603e+01 1.842777e+01 6.404229e+00
<GCONST> 5.680152e+01
<STATE> 9
<MEAN> 12
 1.044240e+00 -2.943577e+00 1.577486e+01 -6.414534e+00 -1.498375e+01 6.560478e+00 3.943981e-01 2.123763e+00 1.648037e+00 1.130558e+00 -1.299155e-01 -3.392954e+00
<VARIANCE> 12
 7.668586e+00 1.079032e+01 3.125333e+01 7.515517e+00 2.553720e+01 2.241022e+01 7.864561e+00 7.582252e+00 7.140149e+00 7.091012e+00 7.929655e+00 1.637529e+01
<GCONST> 5.115817e+01
<STATE> 10
<MEAN> 12
 2.374235e+00 -5.705262e+00 1.013118e+01 1.664723e+00 -5.043911e+00 1.649267e+01 5.152848e+00 2.734565e-01 -4.065531e+00 -3.220730e+00 -5.799730e-01 -6.498405e-01
<VARIANCE> 12
 7.668586e+00 6.694582e+00 3.125333e+01 5.073525e+00 1.782551e+01 2.241022e+01 7.831742e+00 9.687346e+00 1.020715e+01 1.080497e+01 2.573647e+01 1.264650e+01
<GCONST> 5.186665e+01
<TRANSP> 11
 0.000000e+00 1.000000e+00 0.000000e+00 0.000000e+00 0.000000e+00 0.000000e+00 0.000000e+00 0.000000e+00 0.000000e+00 0.000000e+00 0.000000e+00
 0.000000e+00 8.486976e-01 1.513025e-01 0.000000e+00 0.000000e+00 0.000000e+00 0.000000e+00 0.000000e+00 0.000000e+00 0.000000e+00 0.000000e+00
 0.000000e+00 0.000000e+00 8.354734e-01 1.645267e-01 0.000000e+00 0.000000e+00 0.000000e+00 0.000000e+00 0.000000e+00 0.000000e+00 0.000000e+00
 0.000000e+00 0.000000e+00 0.000000e+00 9.006506e-01 9.934937e-02 0.000000e+00 0.000000e+00 0.000000e+00 0.000000e+00 0.000000e+00 0.000000e+00
 0.000000e+00 0.000000e+00 0.000000e+00 0.000000e+00 9.086123e-01 9.138770e-02 0.000000e+00 0.000000e+00 0.000000e+00 0.000000e+00 0.000000e+00
 0.000000e+00 0.000000e+00 0.000000e+00 0.000000e+00 0.000000e+00 8.999467e-01 1.000533e-01 0.000000e+00 0.000000e+00 0.000000e+00 0.000000e+00
 0.000000e+00 0.000000e+00 0.000000e+00 0.000000e+00 0.000000e+00 0.000000e+00 5.812582e-01 4.187419e-01 0.000000e+00 0.000000e+00 0.000000e+00
 0.000000e+00 0.000000e+00 0.000000e+00 0.000000e+00 0.000000e+00 0.000000e+00 0.000000e+00 8.805462e-01 1.194538e-01 0.000000e+00 0.000000e+00
 0.000000e+00 0.000000e+00 0.000000e+00 0.000000e+00 0.000000e+00 0.000000e+00 0.000000e+00 0.000000e+00 8.487546e-01 1.512455e-01 0.000000e+00
 0.000000e+00 0.000000e+00 0.000000e+00 0.000000e+00 0.000000e+00 0.000000e+00 0.000000e+00 0.000000e+00 0.000000e+00 8.993844e-01 1.006156e-01
 0.000000e+00 0.000000e+00 0.000000e+00 0.000000e+00 0.000000e+00 0.000000e+00 0.000000e+00 0.000000e+00 0.000000e+00 0.000000e+00 0.000000e+00
<ENDHMM>
