~o
<STREAMINFO> 1 12
<VECSIZE> 12<NULLD><MFCC_Z><DIAGC>
~h "T1375865101"
<BEGINHMM>
<NUMSTATES> 14
<STATE> 2
<MEAN> 12
 3.826598e+00 -2.819744e-01 1.151549e-02 2.556820e+00 -1.330126e+00 1.083040e+00 1.583195e+00 -7.135065e-01 7.555650e-01 -3.118812e-01 2.585168e+00 3.314245e-01
<VARIANCE> 12
 2.311890e+00 4.854394e+00 1.918988e+02 2.215308e+01 2.126299e+01 1.111243e+01 5.722169e+01 4.819033e+01 2.009153e+01 1.856265e+01 1.080747e+01 1.441840e+01
<GCONST> 5.718474e+01
<STATE> 3
<MEAN> 12
 3.003781e+00 8.224331e-01 -7.456934e+00 3.819633e-01 2.736260e-01 -1.365744e-01 8.183428e-02 -5.725152e+00 9.675648e-01 4.693674e-01 3.545850e-01 2.313662e+00
<VARIANCE> 12
 5.546763e+00 9.108443e+00 7.550515e+01 2.683241e+01 2.452323e+01 2.467257e+01 7.130344e+01 7.178728e+01 5.352888e+01 1.638116e+01 1.576202e+01 1.859877e+01
<GCONST> 6.099377e+01
<STATE> 4
<MEAN> 12
 1.621177e+00 8.785828e-01 -5.088233e+00 -1.144681e+00 -1.882440e+00 -8.508095e-01 5.516945e-01 -7.716596e+00 1.093616e+00 2.021145e+00 -1.045421e+00 2.730461e+00
<VARIANCE> 12
 8.691043e+00 1.344074e+01 4.879072e+01 1.991817e+01 3.772031e+01 3.730557e+01 8.729732e+01 6.053649e+01 7.851016e+01 1.291761e+01 1.762270e+01 1.669713e+01
<GCONST> 6.212243e+01
<STATE> 5
<MEAN> 12
 4.746956e-01 1.749576e-01 -1.586059e+00 -1.891780e+00 -4.762211e+00 -5.845147e-01 2.473752e+00 -5.871531e+00 -4.305182e-01 2.376931e+00 -1.420022e+00 2.472459e+00
<VARIANCE> 12
 9.936122e+00 1.586825e+01 3.501522e+01 2.196237e+01 3.901995e+01 4.628686e+01 9.183878e+01 5.330854e+01 7.614316e+01 1.372289e+01 1.877942e+01 1.570366e+01
<GCONST> 6.239354e+01
<STATE> 6
<MEAN> 12
 -1.440705e-01 -7.232148e-01 1.409749e-01 -2.555220e+00 -6.031646e+00 3.222638e-01 2.944782e+00 -3.150371e+00 -2.384563e+00 1.713270e+00 -1.511128e+00 1.812071e+00
<VARIANCE> 12
 1.244266e+01 1.778621e+01 3.258555e+01 3.340867e+01 3.492338e+01 5.107291e+01 8.098354e+01 3.968397e+01 5.655865e+01 1.663338e+01 2.192329e+01 1.769835e+01
<GCONST> 6.281608e+01
<STATE> 7
<MEAN> 12
 -5.229173e-01 -1.880240e+00 -3.284068e-01 -2.404682e+00 -4.853588e+00 1.224715e+00 2.173549e+00 -1.084428e+00 -3.519769e+00 6.629357e-01 -2.072837e+00 6.449642e-01
<VARIANCE> 12
 1.555308e+01 2.212103e+01 4.935439e+01 5.079515e+01 4.316123e+01 5.351394e+01 7.050302e+01 2.946553e+01 4.668012e+01 1.763833e+01 2.729556e+01 2.079069e+01
<GCONST> 6.416053e+01
<STATE> 8
<MEAN> 12
 -7.529352e-01 -3.266070e+00 -2.300941e+00 -6.366881e-01 -1.885549e+00 1.537990e+00 1.557107e+00 3.431719e-01 -3.550303e+00 -1.120671e-01 -2.942805e+00 -4.466795e-01
<VARIANCE> 12
 1.736119e+01 2.552029e+01 6.859514e+01 6.595913e+01 5.378174e+01 5.422684e+01 6.242983e+01 2.564597e+01 5.208794e+01 1.669648e+01 3.072222e+01 2.191171e+01
<GCONST> 6.520217e+01
<STATE> 9
<MEAN> 12
 -9.026303e-01 -3.869550e+00 -3.620111e+00 1.999531e+00 1.536223e+00 7.047088e-01 1.279614e+00 1.481715e+00 -2.309238e+00 -4.121809e-01 -3.143772e+00 -8.802185e-01
<VARIANCE> 12
 1.872012e+01 2.801696e+01 7.673974e+01 6.102298e+01 5.134781e+01 5.031992e+01 5.645006e+01 2.292206e+01 5.942536e+01 1.572226e+01 3.181042e+01 2.326469e+01
<GCONST> 6.523761e+01
<STATE> 10
<MEAN> 12
 -1.313515e+00 -2.411839e+00 -1.991264e+00 3.648900e+00 4.382038e+00 -8.972182e-01 4.545160e-01 2.605090e+00 -1.515585e-01 -6.767929e-01 -1.847032e+00 -9.748167e-01
<VARIANCE> 12
 2.039847e+01 3.833538e+01 8.910542e+01 4.111181e+01 3.903492e+01 3.767499e+01 5.714783e+01 1.952907e+01 5.429495e+01 1.458867e+01 3.625110e+01 2.657670e+01
<GCONST> 6.477866e+01
<STATE> 11
<MEAN> 12
 -1.818912e+00 1.224549e+00 2.843407e+00 2.949108e+00 6.047444e+00 -1.962563e+00 -2.012494e+00 4.060461e+00 1.720581e+00 -1.368690e+00 9.650768e-01 -1.624609e+00
<VARIANCE> 12
 1.896591e+01 4.694735e+01 9.556742e+01 3.054772e+01 2.588983e+01 2.282025e+01 6.716498e+01 1.700171e+01 3.623566e+01 1.260733e+01 4.094012e+01 2.855279e+01
<GCONST> 6.343546e+01
<STATE> 12
<MEAN> 12
 -1.798285e+00 5.032124e+00 8.449007e+00 -3.614999e-02 5.603656e+00 -1.181312e+00 -5.607307e+00 6.253477e+00 2.939866e+00 -2.267634e+00 4.262793e+00 -2.951200e+00
<VARIANCE> 12
 1.227933e+01 3.330248e+01 6.182587e+01 2.906190e+01 2.021529e+01 1.985176e+01 5.911898e+01 1.610604e+01 2.087002e+01 1.068540e+01 3.141144e+01 2.202666e+01
<GCONST> 6.036192e+01
<STATE> 13
<MEAN> 12
 -1.672984e+00 4.300471e+00 1.092741e+01 -2.867274e+00 2.902616e+00 7.402409e-01 -5.480528e+00 9.517941e+00 4.869089e+00 -2.094443e+00 5.815658e+00 -3.427644e+00
<VARIANCE> 12
 4.213521e+00 2.908545e+01 1.776716e+01 1.917768e+01 1.791284e+01 1.747410e+01 3.930481e+01 1.459015e+01 1.620003e+01 1.105691e+01 1.412015e+01 9.519733e+00
<GCONST> 5.488114e+01
<TRANSP> 14
 0.000000e+00 1.000000e+00 0.000000e+00 0.000000e+00 0.000000e+00 0.000000e+00 0.000000e+00 0.000000e+00 0.000000e+00 0.000000e+00 0.000000e+00 0.000000e+00 0.000000e+00 0.000000e+00
 0.000000e+00 8.636364e-01 1.363636e-01 0.000000e+00 0.000000e+00 0.000000e+00 0.000000e+00 0.000000e+00 0.000000e+00 0.000000e+00 0.000000e+00 0.000000e+00 0.000000e+00 0.000000e+00
 0.000000e+00 0.000000e+00 8.636363e-01 1.363637e-01 0.000000e+00 0.000000e+00 0.000000e+00 0.000000e+00 0.000000e+00 0.000000e+00 0.000000e+00 0.000000e+00 0.000000e+00 0.000000e+00
 0.000000e+00 0.000000e+00 0.000000e+00 8.636364e-01 1.363637e-01 0.000000e+00 0.000000e+00 0.000000e+00 0.000000e+00 0.000000e+00 0.000000e+00 0.000000e+00 0.000000e+00 0.000000e+00
 0.000000e+00 0.000000e+00 0.000000e+00 0.000000e+00 8.636364e-01 1.363637e-01 0.000000e+00 0.000000e+00 0.000000e+00 0.000000e+00 0.000000e+00 0.000000e+00 0.000000e+00 0.000000e+00
 0.000000e+00 0.000000e+00 0.000000e+00 0.000000e+00 0.000000e+00 8.636363e-01 1.363636e-01 0.000000e+00 0.000000e+00 0.000000e+00 0.000000e+00 0.000000e+00 0.000000e+00 0.000000e+00
 0.000000e+00 0.000000e+00 0.000000e+00 0.000000e+00 0.000000e+00 0.000000e+00 8.636364e-01 1.363636e-01 0.000000e+00 0.000000e+00 0.000000e+00 0.000000e+00 0.000000e+00 0.000000e+00
 0.000000e+00 0.000000e+00 0.000000e+00 0.000000e+00 0.000000e+00 0.000000e+00 0.000000e+00 8.636364e-01 1.363636e-01 0.000000e+00 0.000000e+00 0.000000e+00 0.000000e+00 0.000000e+00
 0.000000e+00 0.000000e+00 0.000000e+00 0.000000e+00 0.000000e+00 0.000000e+00 0.000000e+00 0.000000e+00 8.636364e-01 1.363636e-01 0.000000e+00 0.000000e+00 0.000000e+00 0.000000e+00
 0.000000e+00 0.000000e+00 0.000000e+00 0.000000e+00 0.000000e+00 0.000000e+00 0.000000e+00 0.000000e+00 0.000000e+00 8.636364e-01 1.363636e-01 0.000000e+00 0.000000e+00 0.000000e+00
 0.000000e+00 0.000000e+00 0.000000e+00 0.000000e+00 0.000000e+00 0.000000e+00 0.000000e+00 0.000000e+00 0.000000e+00 0.000000e+00 8.636364e-01 1.363636e-01 0.000000e+00 0.000000e+00
 0.000000e+00 0.000000e+00 0.000000e+00 0.000000e+00 0.000000e+00 0.000000e+00 0.000000e+00 0.000000e+00 0.000000e+00 0.000000e+00 0.000000e+00 8.636363e-01 1.363636e-01 0.000000e+00
 0.000000e+00 0.000000e+00 0.000000e+00 0.000000e+00 0.000000e+00 0.000000e+00 0.000000e+00 0.000000e+00 0.000000e+00 0.000000e+00 0.000000e+00 0.000000e+00 8.636364e-01 1.363636e-01
 0.000000e+00 0.000000e+00 0.000000e+00 0.000000e+00 0.000000e+00 0.000000e+00 0.000000e+00 0.000000e+00 0.000000e+00 0.000000e+00 0.000000e+00 0.000000e+00 0.000000e+00 0.000000e+00
<ENDHMM>
