~o
<STREAMINFO> 1 12
<VECSIZE> 12<NULLD><MFCC_Z><DIAGC>
~h "s079"
<BEGINHMM>
<NUMSTATES> 6
<STATE> 2
<MEAN> 12
 7.640527e-01 -1.764476e+00 5.047496e+00 -1.858395e+00 -7.669065e+00 -2.086583e+00 -6.920824e+00 1.030961e+01 2.262141e+00 4.809547e+00 -6.369245e+00 -3.841575e+00
<VARIANCE> 12
 1.107820e+01 2.009074e+01 8.332852e+00 2.989573e+01 9.499016e+00 1.144746e+01 1.968650e+01 5.316917e+01 4.148417e+01 1.035543e+01 4.619322e+00 2.159233e+01
<GCONST> 5.528547e+01
<STATE> 3
<MEAN> 12
 -6.987353e-01 5.824177e+00 -8.201957e-01 1.878770e+00 -1.899129e+00 -4.446951e+00 -1.183857e+00 -1.083925e+00 -3.523099e+00 -1.789983e+00 2.572481e-01 -6.987595e+00
<VARIANCE> 12
 1.133217e+01 8.631927e+00 1.317350e+01 4.004426e+01 1.041680e+01 8.332314e+00 8.995461e+00 4.547419e+01 1.994229e+01 1.908956e+01 1.127530e+01 2.159233e+01
<GCONST> 5.482019e+01
<STATE> 4
<MEAN> 12
 -4.498459e+00 -2.318236e+00 -3.794436e+00 -5.734263e+00 3.472079e+00 3.263099e+00 -6.752415e-01 1.496888e+00 2.228127e+00 2.746127e+00 4.314275e+00 -4.448027e-01
<VARIANCE> 12
 2.666927e+00 8.631927e+00 3.448067e+00 6.758491e+00 9.499016e+00 9.166986e+00 8.978885e+00 2.007014e+01 1.052093e+01 2.443964e+01 5.903608e+00 2.304591e+01
<GCONST> 4.846306e+01
<STATE> 5
<MEAN> 12
 1.682108e+00 -8.473824e+00 -2.048339e+00 -3.916489e-01 9.385440e+00 9.140917e+00 8.425423e+00 -7.491405e+00 3.871805e+00 -1.653651e+00 4.113364e+00 1.620541e+01
<VARIANCE> 12
 1.299817e+01 8.631927e+00 5.045190e+00 1.549774e+01 1.427956e+01 1.245837e+01 2.684050e+01 1.509382e+01 3.812905e+01 1.242328e+01 4.409623e+00 2.205662e+01
<GCONST> 5.305730e+01
<TRANSP> 6
 0.000000e+00 1.000000e+00 0.000000e+00 0.000000e+00 0.000000e+00 0.000000e+00
 0.000000e+00 8.883460e-01 1.116540e-01 0.000000e+00 0.000000e+00 0.000000e+00
 0.000000e+00 0.000000e+00 9.457970e-01 5.420294e-02 0.000000e+00 0.000000e+00
 0.000000e+00 0.000000e+00 0.000000e+00 5.916976e-01 4.083023e-01 0.000000e+00
 0.000000e+00 0.000000e+00 0.000000e+00 0.000000e+00 9.014333e-01 9.856667e-02
 0.000000e+00 0.000000e+00 0.000000e+00 0.000000e+00 0.000000e+00 0.000000e+00
<ENDHMM>
