~o
<STREAMINFO> 1 12
<VECSIZE> 12<NULLD><MFCC_Z><DIAGC>
~h "s031"
<BEGINHMM>
<NUMSTATES> 10
<STATE> 2
<MEAN> 12
 -2.525482e+00 -5.157031e+00 3.764287e+00 -6.963606e+00 -7.196000e+00 3.179989e+00 5.469136e+00 2.543679e+00 -4.519771e+00 -4.016712e+00 -2.271764e+00 -8.221465e+00
<VARIANCE> 12
 2.015784e+00 1.140643e+01 1.572717e+01 1.643509e+01 2.096924e+01 2.181162e+01 2.933633e+00 5.160275e+01 9.851877e+00 8.147166e+00 3.248029e+01 1.902900e+01
<GCONST> 5.270177e+01
<STATE> 3
<MEAN> 12
 3.097579e+00 4.425139e+00 -1.066334e+00 -8.786213e+00 -1.738622e+00 -6.611738e-01 1.310763e+00 -6.157526e+00 2.879738e-01 1.743811e+00 -3.215005e-02 8.519065e+00
<VARIANCE> 12
 3.416671e+00 1.646016e+01 4.405107e+00 1.300934e+01 1.344027e+01 1.388607e+01 4.739369e+00 9.711982e+00 2.267677e+01 8.147166e+00 9.482327e+00 1.363392e+01
<GCONST> 4.927198e+01
<STATE> 4
<MEAN> 12
 -2.985037e+00 1.202581e+01 4.565178e+00 -5.194545e+00 -1.192858e+00 1.171227e+01 9.971790e-01 3.653135e+00 -1.129768e+00 1.253754e+01 1.136311e+00 5.591751e+00
<VARIANCE> 12
 1.667437e+01 1.140643e+01 4.335025e+00 5.371675e+01 1.252378e+01 9.285730e+00 2.344228e+01 3.103594e+01 2.455487e+01 5.355979e+01 5.830931e+01 8.677257e+00
<GCONST> 5.750700e+01
<STATE> 5
<MEAN> 12
 -3.706809e+00 7.317444e+00 2.263362e+00 5.556072e+00 -9.325803e+00 -6.291929e+00 -1.839488e-01 2.396084e+00 3.523228e-01 -7.859887e+00 6.829329e+00 -3.191167e+00
<VARIANCE> 12
 2.038908e+00 1.140643e+01 1.066563e+01 7.479093e+00 1.252378e+01 3.600461e+01 7.904325e+00 1.706915e+01 1.565029e+01 8.147166e+00 6.112055e+01 8.440924e+00
<GCONST> 5.169031e+01
<STATE> 6
<MEAN> 12
 2.050699e+00 2.450634e+00 -3.848625e+00 4.044458e+00 -5.275293e+00 5.239553e+00 -7.881592e-02 4.569717e+00 5.527924e+00 -2.239432e+00 -1.496406e-01 -5.655846e+00
<VARIANCE> 12
 1.069996e+01 1.140643e+01 9.547647e+00 8.671019e+00 2.472568e+01 6.085392e+01 1.487595e+01 1.568841e+01 7.282226e+00 7.021396e+01 7.037590e+00 2.605164e+01
<GCONST> 5.549254e+01
<STATE> 7
<MEAN> 12
 4.588820e+00 2.306761e+00 -5.807626e+00 -4.833723e-01 2.958204e+00 5.859508e+00 -4.178359e+00 -9.759429e+00 1.012297e+00 -2.536649e+00 -9.517684e+00 -9.842981e+00
<VARIANCE> 12
 1.166308e+01 4.163228e+01 1.789061e+01 7.405304e+00 1.252378e+01 2.239358e+01 4.096524e+01 1.002436e+01 1.078335e+01 8.147166e+00 1.925951e+01 8.440924e+00
<GCONST> 5.434721e+01
<STATE> 8
<MEAN> 12
 -1.490306e-01 -8.425031e+00 -4.408252e+00 2.431578e+00 1.091301e+01 -5.283309e+00 -7.652807e+00 -1.380773e+00 3.466974e+00 2.771709e+00 -7.154047e+00 -3.564793e+00
<VARIANCE> 12
 4.830060e+00 1.140643e+01 4.251763e+00 1.310191e+01 1.252378e+01 9.285730e+00 2.933633e+00 5.567430e+00 3.730926e+00 1.790234e+01 3.000009e+01 1.278528e+01
<GCONST> 4.778402e+01
<STATE> 9
<MEAN> 12
 -9.568076e-01 -1.379727e+01 2.031745e+00 5.765087e+00 1.481926e+01 -7.225053e+00 -1.110501e+00 3.079463e-01 -4.226721e+00 3.375921e+00 5.197798e-01 5.895859e+00
<VARIANCE> 12
 2.952631e+00 1.140643e+01 1.662609e+01 9.963450e+00 1.252378e+01 9.285730e+00 1.308772e+01 8.761565e+00 7.670321e+00 2.208179e+01 1.006795e+01 8.440924e+00
<GCONST> 4.975401e+01
<TRANSP> 10
 0.000000e+00 1.000000e+00 0.000000e+00 0.000000e+00 0.000000e+00 0.000000e+00 0.000000e+00 0.000000e+00 0.000000e+00 0.000000e+00
 0.000000e+00 8.336828e-01 1.663171e-01 0.000000e+00 0.000000e+00 0.000000e+00 0.000000e+00 0.000000e+00 0.000000e+00 0.000000e+00
 0.000000e+00 0.000000e+00 9.086248e-01 9.137517e-02 0.000000e+00 0.000000e+00 0.000000e+00 0.000000e+00 0.000000e+00 0.000000e+00
 0.000000e+00 0.000000e+00 0.000000e+00 8.032327e-01 1.967672e-01 0.000000e+00 0.000000e+00 0.000000e+00 0.000000e+00 0.000000e+00
 0.000000e+00 0.000000e+00 0.000000e+00 0.000000e+00 8.874336e-01 1.125664e-01 0.000000e+00 0.000000e+00 0.000000e+00 0.000000e+00
 0.000000e+00 0.000000e+00 0.000000e+00 0.000000e+00 0.000000e+00 9.097729e-01 9.022711e-02 0.000000e+00 0.000000e+00 0.000000e+00
 0.000000e+00 0.000000e+00 0.000000e+00 0.000000e+00 0.000000e+00 0.000000e+00 7.441474e-01 2.558526e-01 0.000000e+00 0.000000e+00
 0.000000e+00 0.000000e+00 0.000000e+00 0.000000e+00 0.000000e+00 0.000000e+00 0.000000e+00 6.327654e-01 3.672346e-01 0.000000e+00
 0.000000e+00 0.000000e+00 0.000000e+00 0.000000e+00 0.000000e+00 0.000000e+00 0.000000e+00 0.000000e+00 9.119951e-01 8.800486e-02
 0.000000e+00 0.000000e+00 0.000000e+00 0.000000e+00 0.000000e+00 0.000000e+00 0.000000e+00 0.000000e+00 0.000000e+00 0.000000e+00
<ENDHMM>
