~o
<STREAMINFO> 1 39
<VECSIZE> 39<NULLD><MFCC_E_D_A_Z><DIAGC>
~h "s000"
<BEGINHMM>
<NUMSTATES> 7
<STATE> 2
<MEAN> 39
 -8.500674e-01 1.046584e+01 3.367495e-01 -2.959923e+00 -4.795634e+00 -2.166645e+00 -7.840310e+00 6.770070e-01 2.987134e-01 4.434731e+00 -3.944242e-01 -1.622069e+00 7.790132e-01 -1.875959e-01 5.932153e-02 -4.638473e-01 2.925374e-01 4.661821e-01 2.887489e-01 -3.366166e-02 6.845780e-02 -2.053370e-02 -4.760766e-01 6.432666e-01 -1.113527e-01 1.167587e-03 4.946219e-02 -1.323274e-02 -4.159600e-02 -3.057540e-02 6.325856e-02 -9.021556e-02 1.265214e-01 -4.122890e-02 9.770395e-02 -6.035759e-02 -5.821704e-03 6.241289e-02 -4.775614e-04
<VARIANCE> 39
 1.000248e+01 5.604089e+01 3.509623e+01 4.078730e+01 5.914974e+01 2.411482e+01 5.014985e+01 2.736123e+01 3.145234e+01 4.498820e+01 7.058036e+01 2.963967e+01 2.184924e-02 9.280314e-01 1.970171e+00 2.587106e+00 2.627675e+00 2.314645e+00 2.826542e+00 3.059852e+00 2.465979e+00 3.909966e+00 2.424289e+00 5.669774e+00 3.123884e+00 1.567432e-03 1.009647e-01 2.293917e-01 4.465610e-01 4.730237e-01 3.756786e-01 5.846764e-01 5.058324e-01 4.585685e-01 7.413223e-01 4.938506e-01 1.095778e+00 6.999271e-01 2.284135e-04
<GCONST> 9.796956e+01
<STATE> 3
<MEAN> 39
 3.691516e-02 4.107286e+00 -1.336367e+00 6.570282e-01 7.985340e-01 -1.487613e+00 -2.218643e+00 -8.316466e-02 3.702648e-01 -4.761591e-01 1.304903e+00 5.983726e-01 7.091003e-01 4.728490e-02 -3.813758e-01 -4.737154e-02 1.545498e-01 2.326817e-01 1.695109e-02 3.247021e-01 -1.299125e-03 -1.289536e-02 -2.261992e-01 3.138458e-02 9.797354e-02 -3.597752e-03 7.360804e-03 -1.542639e-02 1.971285e-02 -8.078280e-03 -1.573863e-02 -8.441971e-03 8.875477e-03 -9.060382e-04 -2.493431e-03 1.476183e-02 -2.666009e-02 4.677030e-03 -1.385974e-04
<VARIANCE> 39
 1.541092e+01 9.628149e+01 2.588424e+01 3.388176e+01 4.484214e+01 3.398005e+01 7.899915e+01 4.622670e+01 4.047274e+01 4.785311e+01 3.939484e+01 3.290060e+01 2.427546e-02 1.216228e+00 2.844862e+00 1.896607e+00 2.988838e+00 2.938549e+00 4.536401e+00 3.329834e+00 3.993414e+00 4.326081e+00 2.739750e+00 5.295575e+00 3.075650e+00 1.865075e-03 1.828426e-01 3.845601e-01 2.562008e-01 4.960088e-01 4.273799e-01 9.755959e-01 5.804092e-01 7.607179e-01 7.243683e-01 4.226034e-01 1.103047e+00 7.034831e-01 3.135095e-04
<GCONST> 1.035228e+02
<STATE> 4
<MEAN> 39
 4.340122e-01 -2.126795e+00 -8.482428e-01 1.410071e+00 1.659747e+00 -1.740001e+00 2.701092e+00 1.384353e+00 -4.059293e-01 -2.462513e+00 9.851647e-02 8.986653e-01 6.711535e-01 -2.770747e-03 -2.833822e-01 5.448322e-02 -9.457312e-03 -1.646381e-02 5.583538e-02 1.707325e-01 4.438789e-02 -4.047122e-02 -4.332717e-02 -5.707475e-02 -2.702271e-02 -1.445870e-03 -1.435953e-03 7.641126e-03 2.872075e-03 -5.343435e-03 -5.896601e-03 6.054116e-03 -9.049691e-03 -5.337639e-03 1.913847e-03 9.635886e-03 -9.251305e-04 -2.933476e-03 3.621177e-05
<VARIANCE> 39
 1.896268e+01 5.961695e+01 3.110367e+01 3.550528e+01 3.465717e+01 4.805223e+01 5.693914e+01 6.493403e+01 3.817747e+01 4.666356e+01 2.774979e+01 2.934898e+01 2.089709e-02 1.784872e+00 2.611336e+00 2.048410e+00 3.019593e+00 2.837600e+00 5.013683e+00 3.658018e+00 4.727945e+00 3.913536e+00 3.673119e+00 4.190185e+00 3.020987e+00 1.915689e-03 3.107723e-01 3.479918e-01 2.363214e-01 5.196291e-01 4.557141e-01 9.731522e-01 6.544749e-01 8.662760e-01 6.662366e-01 5.610980e-01 9.418676e-01 6.775158e-01 3.506616e-04
<GCONST> 1.043895e+02
<STATE> 5
<MEAN> 39
 -2.636791e-02 -5.521972e+00 4.782645e-01 3.978550e-01 3.700164e-01 4.607634e-01 3.601442e+00 1.294224e+00 -9.492410e-01 -1.963408e+00 -5.908077e-01 -2.413698e-01 6.584116e-01 4.984267e-03 -1.280105e-01 5.933312e-02 -2.111954e-02 3.261644e-02 2.183634e-01 2.540971e-02 -1.802942e-01 5.156522e-02 1.038161e-01 -9.253475e-03 2.282773e-03 -2.697417e-03 5.614235e-03 1.831770e-02 1.960579e-03 1.051141e-02 1.135231e-02 6.531341e-03 -4.510100e-03 -7.784399e-03 6.764803e-03 6.683803e-03 7.533247e-03 2.082465e-03 -4.259356e-04
<VARIANCE> 39
 1.751406e+01 2.850434e+01 3.055067e+01 3.810442e+01 3.627112e+01 6.622550e+01 4.884055e+01 7.066412e+01 2.910188e+01 4.034113e+01 1.705476e+01 2.593190e+01 1.860676e-02 1.952466e+00 1.839172e+00 2.289298e+00 2.771136e+00 2.724618e+00 4.430266e+00 4.284981e+00 4.624413e+00 2.996284e+00 3.799844e+00 2.613330e+00 2.592094e+00 1.766593e-03 3.739038e-01 2.354303e-01 2.767382e-01 4.969899e-01 4.567390e-01 7.227907e-01 7.578060e-01 8.781182e-01 5.379362e-01 6.834247e-01 6.032235e-01 5.298889e-01 3.028959e-04
<GCONST> 1.004934e+02
<STATE> 6
<MEAN> 39
 4.055089e-01 -6.924382e+00 1.369595e+00 4.949778e-01 1.967342e+00 4.933507e+00 3.756425e+00 -3.272412e+00 6.861715e-01 4.673265e-01 -4.181774e-01 3.664180e-01 5.911119e-01 1.449064e-01 2.673401e-01 1.175905e-01 2.692292e-01 3.132492e-01 2.999239e-01 -4.380937e-02 -2.705792e-01 1.459206e-01 2.160321e-01 1.649287e-01 4.908588e-02 -1.216902e-02 8.776897e-03 2.951030e-02 1.656026e-02 4.639138e-02 4.992604e-02 6.428283e-04 -3.502337e-02 -2.245987e-02 -5.905907e-02 3.458701e-02 2.031078e-02 2.097601e-02 7.187133e-04
<VARIANCE> 39
 1.264232e+01 2.000960e+01 1.808923e+01 2.598455e+01 3.784059e+01 4.628424e+01 4.788459e+01 5.852680e+01 2.368190e+01 2.667267e+01 1.051717e+01 2.053231e+01 2.884595e-02 1.240035e+00 1.467079e+00 1.769024e+00 1.896609e+00 2.119059e+00 2.499235e+00 4.071929e+00 3.130240e+00 2.396313e+00 2.380501e+00 1.407569e+00 1.643084e+00 1.259233e-03 2.360235e-01 1.675808e-01 2.619343e-01 3.447605e-01 3.578905e-01 3.639525e-01 6.889398e-01 6.096469e-01 4.817064e-01 4.938007e-01 3.100644e-01 2.880473e-01 1.679282e-04
<GCONST> 8.788682e+01
<TRANSP> 7
 0.000000e+00 1.000000e+00 0.000000e+00 0.000000e+00 0.000000e+00 0.000000e+00 0.000000e+00
 0.000000e+00 9.504951e-01 4.950497e-02 0.000000e+00 0.000000e+00 0.000000e+00 0.000000e+00
 0.000000e+00 0.000000e+00 9.504950e-01 4.950497e-02 0.000000e+00 0.000000e+00 0.000000e+00
 0.000000e+00 0.000000e+00 0.000000e+00 9.504950e-01 4.950494e-02 0.000000e+00 0.000000e+00
 0.000000e+00 0.000000e+00 0.000000e+00 0.000000e+00 9.504951e-01 4.950495e-02 0.000000e+00
 0.000000e+00 0.000000e+00 0.000000e+00 0.000000e+00 0.000000e+00 9.504950e-01 4.950495e-02
 0.000000e+00 0.000000e+00 0.000000e+00 0.000000e+00 0.000000e+00 0.000000e+00 0.000000e+00
<ENDHMM>
