~o
<STREAMINFO> 1 12
<VECSIZE> 12<NULLD><MFCC_Z><DIAGC>
~h "s096"
<BEGINHMM>
<NUMSTATES> 5
<STATE> 2
<MEAN> 12
 -4.207387e-08 -1.823201e-07 1.402462e-08 4.487879e-07 -3.365909e-07 -2.804925e-07 4.207387e-07 2.243940e-07 -2.804925e-07 -1.121970e-07 -2.173816e-07 7.012311e-08
<VARIANCE> 12
 1.506924e+01 1.892120e+01 4.651804e+01 5.093623e+01 5.645275e+01 9.073581e+01 5.137151e+01 6.625278e+01 5.254929e+01 4.578051e+01 3.316205e+01 2.783717e+01
<GCONST> 6.676519e+01
<STATE> 3
<MEAN> 12
 -4.207387e-08 -1.823201e-07 1.402462e-08 4.487879e-07 -3.365909e-07 -2.804925e-07 4.207387e-07 2.243940e-07 -2.804925e-07 -1.121970e-07 -2.173816e-07 7.012311e-08
<VARIANCE> 12
 1.506924e+01 1.892120e+01 4.651804e+01 5.093623e+01 5.645275e+01 9.073581e+01 5.137151e+01 6.625278e+01 5.254929e+01 4.578051e+01 3.316205e+01 2.783717e+01
<GCONST> 6.676519e+01
<STATE> 4
<MEAN> 12
 -4.207387e-08 -1.823201e-07 1.402462e-08 4.487879e-07 -3.365909e-07 -2.804925e-07 4.207387e-07 2.243940e-07 -2.804925e-07 -1.121970e-07 -2.173816e-07 7.012311e-08
<VARIANCE> 12
 1.506924e+01 1.892120e+01 4.651804e+01 5.093623e+01 5.645275e+01 9.073581e+01 5.137151e+01 6.625278e+01 5.254929e+01 4.578051e+01 3.316205e+01 2.783717e+01
<GCONST> 6.676519e+01
<TRANSP> 5
 0.000000e+00 1.000000e+00 0.000000e+00 0.000000e+00 0.000000e+00
 0.000000e+00 9.000000e-01 9.999999e-02 0.000000e+00 0.000000e+00
 0.000000e+00 0.000000e+00 9.000000e-01 9.999999e-02 0.000000e+00
 0.000000e+00 0.000000e+00 0.000000e+00 9.000000e-01 9.999999e-02
 0.000000e+00 0.000000e+00 0.000000e+00 0.000000e+00 0.000000e+00
<ENDHMM>
