~o
<STREAMINFO> 1 12
<VECSIZE> 12<NULLD><MFCC_Z><DIAGC>
~h "s034"
<BEGINHMM>
<NUMSTATES> 12
<STATE> 2
<MEAN> 12
 5.703429e+00 8.088734e+00 -2.803036e+00 -6.589598e+00 -8.884274e+00 -6.015798e+00 -6.533861e-01 1.984752e+00 1.896907e+00 -1.975503e+00 -1.816551e+00 -4.152200e+00
<VARIANCE> 12
 2.993706e+01 4.792583e+01 1.187371e+01 3.029236e+01 9.238983e+01 4.615731e+01 3.676614e+01 1.037602e+02 2.359521e+01 2.690358e+01 3.424545e+01 3.973901e+01
<GCONST> 6.548242e+01
<STATE> 3
<MEAN> 12
 9.693738e-01 1.728139e+00 -3.675040e+00 -4.745421e+00 -1.574533e+00 -6.940401e+00 1.553952e+00 3.570431e+00 -1.986368e-01 9.043512e-01 1.388220e-01 -3.682425e-01
<VARIANCE> 12
 2.718113e+01 4.823856e+01 1.628949e+01 5.738851e+01 4.912796e+01 5.606634e+01 5.361018e+01 1.272780e+02 4.324343e+01 2.779529e+01 5.103539e+01 6.271653e+01
<GCONST> 6.798550e+01
<STATE> 4
<MEAN> 12
 1.143472e-01 -2.313509e-01 -3.930511e+00 -1.382451e+00 -1.000918e+00 -3.661697e+00 2.552755e+00 -1.676422e+00 -4.194139e-01 1.900177e+00 3.448251e+00 1.104402e+00
<VARIANCE> 12
 2.597834e+01 3.649962e+01 1.717726e+01 4.600377e+01 2.879693e+01 5.034954e+01 4.163311e+01 1.289808e+02 4.448138e+01 2.923685e+01 4.794889e+01 4.825858e+01
<GCONST> 6.636643e+01
<STATE> 5
<MEAN> 12
 1.387296e+00 1.249658e+00 -3.673331e+00 2.709413e-01 -2.855251e+00 -1.137312e+00 1.332860e+00 -4.759639e+00 8.167736e-01 1.205546e+00 3.867647e+00 -5.250364e-01
<VARIANCE> 12
 3.218873e+01 3.635628e+01 2.163584e+01 3.045487e+01 2.783333e+01 4.003851e+01 3.486082e+01 9.689879e+01 4.190258e+01 3.784909e+01 5.641139e+01 3.834873e+01
<GCONST> 6.579955e+01
<STATE> 6
<MEAN> 12
 2.052955e+00 2.752971e+00 -2.845677e+00 2.123015e-01 -4.027664e+00 7.949809e-02 -9.957961e-01 -3.471495e+00 1.130674e+00 -1.167685e+00 1.552519e+00 -2.139067e+00
<VARIANCE> 12
 3.635714e+01 2.904484e+01 3.081209e+01 3.584465e+01 2.725405e+01 6.003848e+01 3.340994e+01 9.155904e+01 4.388961e+01 4.781535e+01 7.476076e+01 3.104285e+01
<GCONST> 6.684857e+01
<STATE> 7
<MEAN> 12
 9.168575e-01 2.285886e+00 -1.303336e+00 -1.002280e+00 -3.651902e+00 1.780994e+00 -3.052252e+00 -4.383307e-01 -1.579043e-02 -3.710072e+00 -1.215522e+00 -2.010858e+00
<VARIANCE> 12
 4.133140e+01 2.711680e+01 3.983916e+01 5.346876e+01 3.722367e+01 1.015098e+02 2.930027e+01 8.019820e+01 4.609764e+01 5.295071e+01 7.213475e+01 3.368473e+01
<GCONST> 6.833515e+01
<STATE> 8
<MEAN> 12
 -1.493519e+00 -8.779381e-02 1.030681e+00 -2.014815e+00 -1.345103e+00 4.135316e+00 -4.015057e+00 1.462002e+00 -1.360614e+00 -4.146590e+00 -2.138343e+00 -2.099426e-01
<VARIANCE> 12
 3.722492e+01 3.342358e+01 3.983104e+01 7.176939e+01 6.246951e+01 1.242744e+02 2.723698e+01 5.471148e+01 3.716823e+01 6.748589e+01 5.494337e+01 3.934127e+01
<GCONST> 6.890864e+01
<STATE> 9
<MEAN> 12
 -3.546735e+00 -3.559233e+00 3.532574e+00 -2.240112e-01 3.249746e+00 4.686523e+00 -3.054666e+00 1.425407e+00 -1.667143e+00 -1.355690e+00 -1.266809e+00 1.979128e+00
<VARIANCE> 12
 2.087543e+01 3.518575e+01 2.720914e+01 8.922039e+01 8.208807e+01 1.091192e+02 3.340857e+01 3.437675e+01 2.348354e+01 8.461724e+01 3.732388e+01 3.113260e+01
<GCONST> 6.724715e+01
<STATE> 10
<MEAN> 12
 -3.828281e+00 -6.502127e+00 5.612355e+00 4.869145e+00 8.540616e+00 2.848924e+00 4.084892e-01 7.624089e-01 -8.377618e-01 3.040878e+00 -5.010640e-01 3.319829e+00
<VARIANCE> 12
 9.199602e+00 2.210470e+01 1.397698e+01 7.905537e+01 5.688504e+01 7.155587e+01 4.159723e+01 2.386638e+01 1.477110e+01 6.361273e+01 2.276028e+01 1.589700e+01
<GCONST> 6.232568e+01
<STATE> 11
<MEAN> 12
 -2.275537e+00 -5.724669e+00 8.055349e+00 1.060630e+01 1.154925e+01 4.223836e+00 5.923114e+00 1.140919e+00 6.551681e-01 5.304596e+00 -2.069082e+00 3.001909e+00
<VARIANCE> 12
 5.695014e+00 1.533587e+01 9.570992e+00 3.321527e+01 1.669357e+01 4.771848e+01 3.493518e+01 1.826585e+01 1.035514e+01 2.793296e+01 1.893704e+01 1.456704e+01
<GCONST> 5.671210e+01
<TRANSP> 12
 0.000000e+00 1.000000e+00 0.000000e+00 0.000000e+00 0.000000e+00 0.000000e+00 0.000000e+00 0.000000e+00 0.000000e+00 0.000000e+00 0.000000e+00 0.000000e+00
 0.000000e+00 8.611112e-01 1.388889e-01 0.000000e+00 0.000000e+00 0.000000e+00 0.000000e+00 0.000000e+00 0.000000e+00 0.000000e+00 0.000000e+00 0.000000e+00
 0.000000e+00 0.000000e+00 8.611111e-01 1.388889e-01 0.000000e+00 0.000000e+00 0.000000e+00 0.000000e+00 0.000000e+00 0.000000e+00 0.000000e+00 0.000000e+00
 0.000000e+00 0.000000e+00 0.000000e+00 8.611110e-01 1.388889e-01 0.000000e+00 0.000000e+00 0.000000e+00 0.000000e+00 0.000000e+00 0.000000e+00 0.000000e+00
 0.000000e+00 0.000000e+00 0.000000e+00 0.000000e+00 8.611111e-01 1.388889e-01 0.000000e+00 0.000000e+00 0.000000e+00 0.000000e+00 0.000000e+00 0.000000e+00
 0.000000e+00 0.000000e+00 0.000000e+00 0.000000e+00 0.000000e+00 8.611110e-01 1.388889e-01 0.000000e+00 0.000000e+00 0.000000e+00 0.000000e+00 0.000000e+00
 0.000000e+00 0.000000e+00 0.000000e+00 0.000000e+00 0.000000e+00 0.000000e+00 8.611112e-01 1.388889e-01 0.000000e+00 0.000000e+00 0.000000e+00 0.000000e+00
 0.000000e+00 0.000000e+00 0.000000e+00 0.000000e+00 0.000000e+00 0.000000e+00 0.000000e+00 8.611111e-01 1.388889e-01 0.000000e+00 0.000000e+00 0.000000e+00
 0.000000e+00 0.000000e+00 0.000000e+00 0.000000e+00 0.000000e+00 0.000000e+00 0.000000e+00 0.000000e+00 8.611111e-01 1.388889e-01 0.000000e+00 0.000000e+00
 0.000000e+00 0.000000e+00 0.000000e+00 0.000000e+00 0.000000e+00 0.000000e+00 0.000000e+00 0.000000e+00 0.000000e+00 8.611111e-01 1.388889e-01 0.000000e+00
 0.000000e+00 0.000000e+00 0.000000e+00 0.000000e+00 0.000000e+00 0.000000e+00 0.000000e+00 0.000000e+00 0.000000e+00 0.000000e+00 8.611110e-01 1.388889e-01
 0.000000e+00 0.000000e+00 0.000000e+00 0.000000e+00 0.000000e+00 0.000000e+00 0.000000e+00 0.000000e+00 0.000000e+00 0.000000e+00 0.000000e+00 0.000000e+00
<ENDHMM>
