~o
<STREAMINFO> 1 12
<VECSIZE> 12<NULLD><MFCC_Z><DIAGC>
~h "s072"
<BEGINHMM>
<NUMSTATES> 11
<STATE> 2
<MEAN> 12
 -2.073205e-08 -2.090482e-07 1.451243e-07 2.764273e-08 -1.900438e-07 4.975692e-07 5.528547e-08 1.589457e-07 -3.869983e-07 -5.528547e-08 -1.036603e-08 4.837478e-08
<VARIANCE> 12
 4.544366e+01 4.166758e+01 2.677576e+01 3.940862e+01 6.904919e+01 5.822122e+01 2.500946e+01 1.054867e+02 5.586779e+01 3.932184e+01 2.032483e+01 2.385323e+01
<GCONST> 6.661764e+01
<STATE> 3
<MEAN> 12
 -2.073205e-08 -2.090482e-07 1.451243e-07 2.764273e-08 -1.900438e-07 4.975692e-07 5.528547e-08 1.589457e-07 -3.869983e-07 -5.528547e-08 -1.036603e-08 4.837478e-08
<VARIANCE> 12
 4.544366e+01 4.166758e+01 2.677576e+01 3.940862e+01 6.904919e+01 5.822122e+01 2.500946e+01 1.054867e+02 5.586779e+01 3.932184e+01 2.032483e+01 2.385323e+01
<GCONST> 6.661764e+01
<STATE> 4
<MEAN> 12
 -2.073205e-08 -2.090482e-07 1.451243e-07 2.764273e-08 -1.900438e-07 4.975692e-07 5.528547e-08 1.589457e-07 -3.869983e-07 -5.528547e-08 -1.036603e-08 4.837478e-08
<VARIANCE> 12
 4.544366e+01 4.166758e+01 2.677576e+01 3.940862e+01 6.904919e+01 5.822122e+01 2.500946e+01 1.054867e+02 5.586779e+01 3.932184e+01 2.032483e+01 2.385323e+01
<GCONST> 6.661764e+01
<STATE> 5
<MEAN> 12
 -2.073205e-08 -2.090482e-07 1.451243e-07 2.764273e-08 -1.900438e-07 4.975692e-07 5.528547e-08 1.589457e-07 -3.869983e-07 -5.528547e-08 -1.036603e-08 4.837478e-08
<VARIANCE> 12
 4.544366e+01 4.166758e+01 2.677576e+01 3.940862e+01 6.904919e+01 5.822122e+01 2.500946e+01 1.054867e+02 5.586779e+01 3.932184e+01 2.032483e+01 2.385323e+01
<GCONST> 6.661764e+01
<STATE> 6
<MEAN> 12
 -2.073205e-08 -2.090482e-07 1.451243e-07 2.764273e-08 -1.900438e-07 4.975692e-07 5.528547e-08 1.589457e-07 -3.869983e-07 -5.528547e-08 -1.036603e-08 4.837478e-08
<VARIANCE> 12
 4.544366e+01 4.166758e+01 2.677576e+01 3.940862e+01 6.904919e+01 5.822122e+01 2.500946e+01 1.054867e+02 5.586779e+01 3.932184e+01 2.032483e+01 2.385323e+01
<GCONST> 6.661764e+01
<STATE> 7
<MEAN> 12
 -2.073205e-08 -2.090482e-07 1.451243e-07 2.764273e-08 -1.900438e-07 4.975692e-07 5.528547e-08 1.589457e-07 -3.869983e-07 -5.528547e-08 -1.036603e-08 4.837478e-08
<VARIANCE> 12
 4.544366e+01 4.166758e+01 2.677576e+01 3.940862e+01 6.904919e+01 5.822122e+01 2.500946e+01 1.054867e+02 5.586779e+01 3.932184e+01 2.032483e+01 2.385323e+01
<GCONST> 6.661764e+01
<STATE> 8
<MEAN> 12
 -2.073205e-08 -2.090482e-07 1.451243e-07 2.764273e-08 -1.900438e-07 4.975692e-07 5.528547e-08 1.589457e-07 -3.869983e-07 -5.528547e-08 -1.036603e-08 4.837478e-08
<VARIANCE> 12
 4.544366e+01 4.166758e+01 2.677576e+01 3.940862e+01 6.904919e+01 5.822122e+01 2.500946e+01 1.054867e+02 5.586779e+01 3.932184e+01 2.032483e+01 2.385323e+01
<GCONST> 6.661764e+01
<STATE> 9
<MEAN> 12
 -2.073205e-08 -2.090482e-07 1.451243e-07 2.764273e-08 -1.900438e-07 4.975692e-07 5.528547e-08 1.589457e-07 -3.869983e-07 -5.528547e-08 -1.036603e-08 4.837478e-08
<VARIANCE> 12
 4.544366e+01 4.166758e+01 2.677576e+01 3.940862e+01 6.904919e+01 5.822122e+01 2.500946e+01 1.054867e+02 5.586779e+01 3.932184e+01 2.032483e+01 2.385323e+01
<GCONST> 6.661764e+01
<STATE> 10
<MEAN> 12
 -2.073205e-08 -2.090482e-07 1.451243e-07 2.764273e-08 -1.900438e-07 4.975692e-07 5.528547e-08 1.589457e-07 -3.869983e-07 -5.528547e-08 -1.036603e-08 4.837478e-08
<VARIANCE> 12
 4.544366e+01 4.166758e+01 2.677576e+01 3.940862e+01 6.904919e+01 5.822122e+01 2.500946e+01 1.054867e+02 5.586779e+01 3.932184e+01 2.032483e+01 2.385323e+01
<GCONST> 6.661764e+01
<TRANSP> 11
 0.000000e+00 1.000000e+00 0.000000e+00 0.000000e+00 0.000000e+00 0.000000e+00 0.000000e+00 0.000000e+00 0.000000e+00 0.000000e+00 0.000000e+00
 0.000000e+00 9.000000e-01 9.999999e-02 0.000000e+00 0.000000e+00 0.000000e+00 0.000000e+00 0.000000e+00 0.000000e+00 0.000000e+00 0.000000e+00
 0.000000e+00 0.000000e+00 9.000000e-01 9.999999e-02 0.000000e+00 0.000000e+00 0.000000e+00 0.000000e+00 0.000000e+00 0.000000e+00 0.000000e+00
 0.000000e+00 0.000000e+00 0.000000e+00 9.000000e-01 9.999999e-02 0.000000e+00 0.000000e+00 0.000000e+00 0.000000e+00 0.000000e+00 0.000000e+00
 0.000000e+00 0.000000e+00 0.000000e+00 0.000000e+00 9.000000e-01 9.999999e-02 0.000000e+00 0.000000e+00 0.000000e+00 0.000000e+00 0.000000e+00
 0.000000e+00 0.000000e+00 0.000000e+00 0.000000e+00 0.000000e+00 9.000000e-01 9.999999e-02 0.000000e+00 0.000000e+00 0.000000e+00 0.000000e+00
 0.000000e+00 0.000000e+00 0.000000e+00 0.000000e+00 0.000000e+00 0.000000e+00 9.000000e-01 9.999999e-02 0.000000e+00 0.000000e+00 0.000000e+00
 0.000000e+00 0.000000e+00 0.000000e+00 0.000000e+00 0.000000e+00 0.000000e+00 0.000000e+00 9.000000e-01 9.999999e-02 0.000000e+00 0.000000e+00
 0.000000e+00 0.000000e+00 0.000000e+00 0.000000e+00 0.000000e+00 0.000000e+00 0.000000e+00 0.000000e+00 9.000000e-01 9.999999e-02 0.000000e+00
 0.000000e+00 0.000000e+00 0.000000e+00 0.000000e+00 0.000000e+00 0.000000e+00 0.000000e+00 0.000000e+00 0.000000e+00 9.000000e-01 9.999999e-02
 0.000000e+00 0.000000e+00 0.000000e+00 0.000000e+00 0.000000e+00 0.000000e+00 0.000000e+00 0.000000e+00 0.000000e+00 0.000000e+00 0.000000e+00
<ENDHMM>
