~o
<STREAMINFO> 1 12
<VECSIZE> 12<NULLD><MFCC_Z><DIAGC>
~h "s090"
<BEGINHMM>
<NUMSTATES> 7
<STATE> 2
<MEAN> 12
 -5.461043e+00 -5.715575e+00 4.211638e+00 7.780105e-01 1.986945e+00 -5.172935e+00 -2.319825e+00 -6.721231e+00 1.742337e-01 -5.128871e-01 3.018693e+00 -1.560069e+00
<VARIANCE> 12
 1.120925e+01 1.147316e+01 6.433151e+00 1.038879e+01 2.338948e+01 1.891630e+01 1.683055e+01 1.817065e+01 1.630675e+01 3.019262e+01 4.633482e+00 5.302729e+00
<GCONST> 5.232949e+01
<STATE> 3
<MEAN> 12
 -3.041984e+00 -2.442844e+00 1.538209e+00 -1.728645e-01 -1.905311e+00 -3.829955e+00 -2.276325e-01 -4.951743e+00 -5.022759e-01 -1.628615e+00 2.566321e+00 -2.025067e+00
<VARIANCE> 12
 2.653746e+01 3.063200e+01 1.690715e+01 1.975339e+01 5.085020e+01 2.843782e+01 2.599161e+01 5.332289e+01 1.927264e+01 3.371693e+01 1.056394e+01 1.120118e+01
<GCONST> 6.032708e+01
<STATE> 4
<MEAN> 12
 1.388972e+00 2.057101e+00 -1.761152e+00 -2.773030e+00 -4.499263e+00 6.899290e-02 7.891350e-01 1.523479e-01 -1.001564e+00 1.046786e+00 4.704213e-01 -1.500663e+00
<VARIANCE> 12
 2.596289e+01 3.168856e+01 2.432101e+01 2.731783e+01 4.828547e+01 5.897127e+01 1.936225e+01 6.685007e+01 1.559280e+01 4.507088e+01 1.772132e+01 1.767610e+01
<GCONST> 6.268802e+01
<STATE> 5
<MEAN> 12
 3.999431e+00 3.870993e+00 -3.537796e+00 -2.450497e+00 -7.364981e-01 4.120758e+00 6.327447e-01 4.612560e+00 -5.071249e-01 1.541139e+00 -2.233834e+00 1.054419e+00
<VARIANCE> 12
 1.176257e+01 1.812374e+01 2.175009e+01 4.600566e+01 6.781551e+01 6.776847e+01 1.657225e+01 3.685880e+01 1.644980e+01 3.990176e+01 2.450466e+01 2.897033e+01
<GCONST> 6.222463e+01
<STATE> 6
<MEAN> 12
 3.114631e+00 2.230339e+00 -4.509234e-01 4.618347e+00 5.154047e+00 4.813188e+00 1.125604e+00 6.908019e+00 1.836728e+00 -4.463605e-01 -3.821581e+00 4.031350e+00
<VARIANCE> 12
 6.911207e+00 1.015445e+01 2.728424e+01 7.623484e+01 4.286553e+01 3.494970e+01 1.619259e+01 1.804856e+01 3.446687e+01 2.650551e+01 1.810633e+01 2.867299e+01
<GCONST> 6.000488e+01
<TRANSP> 7
 0.000000e+00 1.000000e+00 0.000000e+00 0.000000e+00 0.000000e+00 0.000000e+00 0.000000e+00
 0.000000e+00 8.837209e-01 1.162791e-01 0.000000e+00 0.000000e+00 0.000000e+00 0.000000e+00
 0.000000e+00 0.000000e+00 8.837210e-01 1.162791e-01 0.000000e+00 0.000000e+00 0.000000e+00
 0.000000e+00 0.000000e+00 0.000000e+00 8.837210e-01 1.162791e-01 0.000000e+00 0.000000e+00
 0.000000e+00 0.000000e+00 0.000000e+00 0.000000e+00 8.837209e-01 1.162791e-01 0.000000e+00
 0.000000e+00 0.000000e+00 0.000000e+00 0.000000e+00 0.000000e+00 8.837209e-01 1.162791e-01
 0.000000e+00 0.000000e+00 0.000000e+00 0.000000e+00 0.000000e+00 0.000000e+00 0.000000e+00
<ENDHMM>
