~o
<STREAMINFO> 1 12
<VECSIZE> 12<NULLD><MFCC_Z><DIAGC>
~h "T13771896784"
<BEGINHMM>
<NUMSTATES> 9
<STATE> 2
<MEAN> 12
 -4.600523e-01 -4.069335e+00 -2.606446e-01 -1.458761e+00 -1.142654e+01 -2.775278e+00 7.494310e+00 3.968210e+00 -5.826034e+00 -5.251818e+00 2.801039e+00 -4.166778e+00
<VARIANCE> 12
 1.413623e+01 5.509215e+00 1.167150e+01 1.176962e+01 4.135426e+01 2.109972e+01 2.792805e+01 5.658302e+01 1.545025e+01 2.887644e+01 3.230045e+01 1.283442e+01
<GCONST> 5.759700e+01
<STATE> 3
<MEAN> 12
 -7.725012e+00 3.811785e+00 1.618845e+00 -1.369298e+01 -6.822047e+00 6.897102e-01 -5.061286e+00 3.949817e+00 -4.742130e+00 -7.628183e-01 -5.553373e-01 1.488145e+00
<VARIANCE> 12
 3.782250e+00 1.038910e+01 8.066769e+00 1.176962e+01 1.622375e+01 5.877428e+00 6.361550e+01 4.912361e+00 1.067500e+01 5.675556e+00 7.635921e+00 7.277493e+00
<GCONST> 4.870280e+01
<STATE> 4
<MEAN> 12
 -2.812249e+00 2.233084e+00 8.537047e+00 -8.278817e+00 -3.432897e+00 -4.219555e+00 -8.455634e+00 -9.741734e-02 1.781098e+00 5.445203e+00 4.299887e+00 1.864253e+00
<VARIANCE> 12
 3.782250e+00 3.722751e+00 8.066769e+00 2.609791e+01 9.219743e+00 2.110410e+01 6.691435e+00 1.289055e+01 6.437410e+01 7.028980e+00 1.491457e+01 6.993020e+00
<GCONST> 5.053906e+01
<STATE> 5
<MEAN> 12
 4.683686e-01 2.046607e+00 1.119606e+01 3.176734e+00 1.241910e+00 -4.228508e+00 -4.109513e+00 -7.357827e+00 2.171682e+00 5.233259e+00 6.706340e+00 1.089443e+00
<VARIANCE> 12
 3.782250e+00 3.722751e+00 8.066769e+00 1.176962e+01 9.219743e+00 9.870888e+00 1.200968e+01 8.822687e+00 1.244419e+01 2.733278e+01 6.287488e+00 2.207058e+00
<GCONST> 4.688612e+01
<STATE> 6
<MEAN> 12
 5.908582e+00 3.609699e+00 -1.574523e+00 2.565512e+00 3.193998e+00 3.569218e+00 1.756053e+00 -5.623168e+00 4.581844e+00 3.551314e+00 4.409746e+00 -2.473917e+00
<VARIANCE> 12
 3.782250e+00 3.722751e+00 1.663307e+01 1.176962e+01 9.219743e+00 8.937688e+00 6.691435e+00 8.382664e+00 1.150090e+01 1.226988e+01 8.659927e+00 7.753747e+00
<GCONST> 4.757130e+01
<STATE> 7
<MEAN> 12
 5.172461e+00 1.903087e+00 -1.132029e+01 8.261884e+00 6.682021e+00 1.721104e+00 2.573336e+00 -2.159219e-01 3.121914e+00 -6.308480e+00 -7.004657e+00 2.722832e+00
<VARIANCE> 12
 3.782250e+00 3.722751e+00 8.066769e+00 1.176962e+01 9.219743e+00 7.359735e+00 6.691435e+00 9.103687e+00 3.848127e+01 4.611246e+00 6.287488e+00 2.327115e+00
<GCONST> 4.544132e+01
<STATE> 8
<MEAN> 12
 3.867296e-01 -7.737301e+00 -5.689108e+00 1.062978e+01 9.260147e+00 1.664381e+00 3.918221e+00 3.461201e+00 -1.026766e-01 -2.646451e+00 -8.997604e+00 1.102754e+00
<VARIANCE> 12
 9.617499e+00 8.478560e+00 3.706421e+01 1.176962e+01 9.219743e+00 5.427125e+00 6.691435e+00 7.515507e+00 1.742901e+01 1.216024e+01 6.287488e+00 1.967551e+01
<GCONST> 5.053862e+01
<TRANSP> 9
 0.000000e+00 1.000000e+00 0.000000e+00 0.000000e+00 0.000000e+00 0.000000e+00 0.000000e+00 0.000000e+00 0.000000e+00
 0.000000e+00 8.593613e-01 1.406387e-01 0.000000e+00 0.000000e+00 0.000000e+00 0.000000e+00 0.000000e+00 0.000000e+00
 0.000000e+00 0.000000e+00 8.930331e-01 1.069669e-01 0.000000e+00 0.000000e+00 0.000000e+00 0.000000e+00 0.000000e+00
 0.000000e+00 0.000000e+00 0.000000e+00 8.472817e-01 1.527183e-01 0.000000e+00 0.000000e+00 0.000000e+00 0.000000e+00
 0.000000e+00 0.000000e+00 0.000000e+00 0.000000e+00 8.116451e-01 1.883549e-01 0.000000e+00 0.000000e+00 0.000000e+00
 0.000000e+00 0.000000e+00 0.000000e+00 0.000000e+00 0.000000e+00 9.064004e-01 9.359960e-02 0.000000e+00 0.000000e+00
 0.000000e+00 0.000000e+00 0.000000e+00 0.000000e+00 0.000000e+00 0.000000e+00 7.872136e-01 2.127865e-01 0.000000e+00
 0.000000e+00 0.000000e+00 0.000000e+00 0.000000e+00 0.000000e+00 0.000000e+00 0.000000e+00 9.029165e-01 9.708350e-02
 0.000000e+00 0.000000e+00 0.000000e+00 0.000000e+00 0.000000e+00 0.000000e+00 0.000000e+00 0.000000e+00 0.000000e+00
<ENDHMM>
