~o
<STREAMINFO> 1 12
<VECSIZE> 12<NULLD><MFCC_Z><DIAGC>
~h "s012"
<BEGINHMM>
<NUMSTATES> 15
<STATE> 2
<MEAN> 12
 -3.311369e-07 4.768372e-07 -6.463792e-07 4.238553e-08 -2.569622e-07 -1.483493e-07 3.602770e-07 1.218584e-07 -5.616082e-07 1.059638e-07 -2.331204e-07 -1.324548e-08
<VARIANCE> 12
 3.372282e+01 8.343819e+01 8.676766e+01 3.486278e+01 4.394298e+01 3.980515e+01 3.713489e+01 4.944744e+01 4.725343e+01 3.154850e+01 5.662747e+01 2.702884e+01
<GCONST> 6.763426e+01
<STATE> 3
<MEAN> 12
 -3.311369e-07 4.768372e-07 -6.463792e-07 4.238553e-08 -2.569622e-07 -1.483493e-07 3.602770e-07 1.218584e-07 -5.616082e-07 1.059638e-07 -2.331204e-07 -1.324548e-08
<VARIANCE> 12
 3.372282e+01 8.343819e+01 8.676766e+01 3.486278e+01 4.394298e+01 3.980515e+01 3.713489e+01 4.944744e+01 4.725343e+01 3.154850e+01 5.662747e+01 2.702884e+01
<GCONST> 6.763426e+01
<STATE> 4
<MEAN> 12
 -3.311369e-07 4.768372e-07 -6.463792e-07 4.238553e-08 -2.569622e-07 -1.483493e-07 3.602770e-07 1.218584e-07 -5.616082e-07 1.059638e-07 -2.331204e-07 -1.324548e-08
<VARIANCE> 12
 3.372282e+01 8.343819e+01 8.676766e+01 3.486278e+01 4.394298e+01 3.980515e+01 3.713489e+01 4.944744e+01 4.725343e+01 3.154850e+01 5.662747e+01 2.702884e+01
<GCONST> 6.763426e+01
<STATE> 5
<MEAN> 12
 -3.311369e-07 4.768372e-07 -6.463792e-07 4.238553e-08 -2.569622e-07 -1.483493e-07 3.602770e-07 1.218584e-07 -5.616082e-07 1.059638e-07 -2.331204e-07 -1.324548e-08
<VARIANCE> 12
 3.372282e+01 8.343819e+01 8.676766e+01 3.486278e+01 4.394298e+01 3.980515e+01 3.713489e+01 4.944744e+01 4.725343e+01 3.154850e+01 5.662747e+01 2.702884e+01
<GCONST> 6.763426e+01
<STATE> 6
<MEAN> 12
 -3.311369e-07 4.768372e-07 -6.463792e-07 4.238553e-08 -2.569622e-07 -1.483493e-07 3.602770e-07 1.218584e-07 -5.616082e-07 1.059638e-07 -2.331204e-07 -1.324548e-08
<VARIANCE> 12
 3.372282e+01 8.343819e+01 8.676766e+01 3.486278e+01 4.394298e+01 3.980515e+01 3.713489e+01 4.944744e+01 4.725343e+01 3.154850e+01 5.662747e+01 2.702884e+01
<GCONST> 6.763426e+01
<STATE> 7
<MEAN> 12
 -3.311369e-07 4.768372e-07 -6.463792e-07 4.238553e-08 -2.569622e-07 -1.483493e-07 3.602770e-07 1.218584e-07 -5.616082e-07 1.059638e-07 -2.331204e-07 -1.324548e-08
<VARIANCE> 12
 3.372282e+01 8.343819e+01 8.676766e+01 3.486278e+01 4.394298e+01 3.980515e+01 3.713489e+01 4.944744e+01 4.725343e+01 3.154850e+01 5.662747e+01 2.702884e+01
<GCONST> 6.763426e+01
<STATE> 8
<MEAN> 12
 -3.311369e-07 4.768372e-07 -6.463792e-07 4.238553e-08 -2.569622e-07 -1.483493e-07 3.602770e-07 1.218584e-07 -5.616082e-07 1.059638e-07 -2.331204e-07 -1.324548e-08
<VARIANCE> 12
 3.372282e+01 8.343819e+01 8.676766e+01 3.486278e+01 4.394298e+01 3.980515e+01 3.713489e+01 4.944744e+01 4.725343e+01 3.154850e+01 5.662747e+01 2.702884e+01
<GCONST> 6.763426e+01
<STATE> 9
<MEAN> 12
 -3.311369e-07 4.768372e-07 -6.463792e-07 4.238553e-08 -2.569622e-07 -1.483493e-07 3.602770e-07 1.218584e-07 -5.616082e-07 1.059638e-07 -2.331204e-07 -1.324548e-08
<VARIANCE> 12
 3.372282e+01 8.343819e+01 8.676766e+01 3.486278e+01 4.394298e+01 3.980515e+01 3.713489e+01 4.944744e+01 4.725343e+01 3.154850e+01 5.662747e+01 2.702884e+01
<GCONST> 6.763426e+01
<STATE> 10
<MEAN> 12
 -3.311369e-07 4.768372e-07 -6.463792e-07 4.238553e-08 -2.569622e-07 -1.483493e-07 3.602770e-07 1.218584e-07 -5.616082e-07 1.059638e-07 -2.331204e-07 -1.324548e-08
<VARIANCE> 12
 3.372282e+01 8.343819e+01 8.676766e+01 3.486278e+01 4.394298e+01 3.980515e+01 3.713489e+01 4.944744e+01 4.725343e+01 3.154850e+01 5.662747e+01 2.702884e+01
<GCONST> 6.763426e+01
<STATE> 11
<MEAN> 12
 -3.311369e-07 4.768372e-07 -6.463792e-07 4.238553e-08 -2.569622e-07 -1.483493e-07 3.602770e-07 1.218584e-07 -5.616082e-07 1.059638e-07 -2.331204e-07 -1.324548e-08
<VARIANCE> 12
 3.372282e+01 8.343819e+01 8.676766e+01 3.486278e+01 4.394298e+01 3.980515e+01 3.713489e+01 4.944744e+01 4.725343e+01 3.154850e+01 5.662747e+01 2.702884e+01
<GCONST> 6.763426e+01
<STATE> 12
<MEAN> 12
 -3.311369e-07 4.768372e-07 -6.463792e-07 4.238553e-08 -2.569622e-07 -1.483493e-07 3.602770e-07 1.218584e-07 -5.616082e-07 1.059638e-07 -2.331204e-07 -1.324548e-08
<VARIANCE> 12
 3.372282e+01 8.343819e+01 8.676766e+01 3.486278e+01 4.394298e+01 3.980515e+01 3.713489e+01 4.944744e+01 4.725343e+01 3.154850e+01 5.662747e+01 2.702884e+01
<GCONST> 6.763426e+01
<STATE> 13
<MEAN> 12
 -3.311369e-07 4.768372e-07 -6.463792e-07 4.238553e-08 -2.569622e-07 -1.483493e-07 3.602770e-07 1.218584e-07 -5.616082e-07 1.059638e-07 -2.331204e-07 -1.324548e-08
<VARIANCE> 12
 3.372282e+01 8.343819e+01 8.676766e+01 3.486278e+01 4.394298e+01 3.980515e+01 3.713489e+01 4.944744e+01 4.725343e+01 3.154850e+01 5.662747e+01 2.702884e+01
<GCONST> 6.763426e+01
<STATE> 14
<MEAN> 12
 -3.311369e-07 4.768372e-07 -6.463792e-07 4.238553e-08 -2.569622e-07 -1.483493e-07 3.602770e-07 1.218584e-07 -5.616082e-07 1.059638e-07 -2.331204e-07 -1.324548e-08
<VARIANCE> 12
 3.372282e+01 8.343819e+01 8.676766e+01 3.486278e+01 4.394298e+01 3.980515e+01 3.713489e+01 4.944744e+01 4.725343e+01 3.154850e+01 5.662747e+01 2.702884e+01
<GCONST> 6.763426e+01
<TRANSP> 15
 0.000000e+00 1.000000e+00 0.000000e+00 0.000000e+00 0.000000e+00 0.000000e+00 0.000000e+00 0.000000e+00 0.000000e+00 0.000000e+00 0.000000e+00 0.000000e+00 0.000000e+00 0.000000e+00 0.000000e+00
 0.000000e+00 9.000000e-01 9.999999e-02 0.000000e+00 0.000000e+00 0.000000e+00 0.000000e+00 0.000000e+00 0.000000e+00 0.000000e+00 0.000000e+00 0.000000e+00 0.000000e+00 0.000000e+00 0.000000e+00
 0.000000e+00 0.000000e+00 9.000000e-01 9.999999e-02 0.000000e+00 0.000000e+00 0.000000e+00 0.000000e+00 0.000000e+00 0.000000e+00 0.000000e+00 0.000000e+00 0.000000e+00 0.000000e+00 0.000000e+00
 0.000000e+00 0.000000e+00 0.000000e+00 9.000000e-01 9.999999e-02 0.000000e+00 0.000000e+00 0.000000e+00 0.000000e+00 0.000000e+00 0.000000e+00 0.000000e+00 0.000000e+00 0.000000e+00 0.000000e+00
 0.000000e+00 0.000000e+00 0.000000e+00 0.000000e+00 9.000000e-01 9.999999e-02 0.000000e+00 0.000000e+00 0.000000e+00 0.000000e+00 0.000000e+00 0.000000e+00 0.000000e+00 0.000000e+00 0.000000e+00
 0.000000e+00 0.000000e+00 0.000000e+00 0.000000e+00 0.000000e+00 9.000000e-01 9.999999e-02 0.000000e+00 0.000000e+00 0.000000e+00 0.000000e+00 0.000000e+00 0.000000e+00 0.000000e+00 0.000000e+00
 0.000000e+00 0.000000e+00 0.000000e+00 0.000000e+00 0.000000e+00 0.000000e+00 9.000000e-01 9.999999e-02 0.000000e+00 0.000000e+00 0.000000e+00 0.000000e+00 0.000000e+00 0.000000e+00 0.000000e+00
 0.000000e+00 0.000000e+00 0.000000e+00 0.000000e+00 0.000000e+00 0.000000e+00 0.000000e+00 9.000000e-01 9.999999e-02 0.000000e+00 0.000000e+00 0.000000e+00 0.000000e+00 0.000000e+00 0.000000e+00
 0.000000e+00 0.000000e+00 0.000000e+00 0.000000e+00 0.000000e+00 0.000000e+00 0.000000e+00 0.000000e+00 9.000000e-01 9.999999e-02 0.000000e+00 0.000000e+00 0.000000e+00 0.000000e+00 0.000000e+00
 0.000000e+00 0.000000e+00 0.000000e+00 0.000000e+00 0.000000e+00 0.000000e+00 0.000000e+00 0.000000e+00 0.000000e+00 9.000000e-01 9.999999e-02 0.000000e+00 0.000000e+00 0.000000e+00 0.000000e+00
 0.000000e+00 0.000000e+00 0.000000e+00 0.000000e+00 0.000000e+00 0.000000e+00 0.000000e+00 0.000000e+00 0.000000e+00 0.000000e+00 9.000000e-01 9.999999e-02 0.000000e+00 0.000000e+00 0.000000e+00
 0.000000e+00 0.000000e+00 0.000000e+00 0.000000e+00 0.000000e+00 0.000000e+00 0.000000e+00 0.000000e+00 0.000000e+00 0.000000e+00 0.000000e+00 9.000000e-01 9.999999e-02 0.000000e+00 0.000000e+00
 0.000000e+00 0.000000e+00 0.000000e+00 0.000000e+00 0.000000e+00 0.000000e+00 0.000000e+00 0.000000e+00 0.000000e+00 0.000000e+00 0.000000e+00 0.000000e+00 9.000000e-01 9.999999e-02 0.000000e+00
 0.000000e+00 0.000000e+00 0.000000e+00 0.000000e+00 0.000000e+00 0.000000e+00 0.000000e+00 0.000000e+00 0.000000e+00 0.000000e+00 0.000000e+00 0.000000e+00 0.000000e+00 9.000000e-01 9.999999e-02
 0.000000e+00 0.000000e+00 0.000000e+00 0.000000e+00 0.000000e+00 0.000000e+00 0.000000e+00 0.000000e+00 0.000000e+00 0.000000e+00 0.000000e+00 0.000000e+00 0.000000e+00 0.000000e+00 0.000000e+00
<ENDHMM>
