~o
<STREAMINFO> 1 12
<VECSIZE> 12<NULLD><MFCC_Z><DIAGC>
~h "s035"
<BEGINHMM>
<NUMSTATES> 11
<STATE> 2
<MEAN> 12
 -1.382137e-07 -2.695166e-07 -2.211419e-07 -5.113906e-07 4.975692e-07 -9.674957e-08 2.764273e-07 -4.561051e-07 -1.796778e-07 -1.865885e-07 -4.146410e-08 -1.451243e-07
<VARIANCE> 12
 1.192908e+01 9.731305e+01 5.591543e+01 5.474382e+01 1.133322e+02 7.200322e+01 6.729703e+01 8.292980e+01 3.496309e+01 3.429828e+01 7.256659e+01 4.178328e+01
<GCONST> 6.987849e+01
<STATE> 3
<MEAN> 12
 -1.382137e-07 -2.695166e-07 -2.211419e-07 -5.113906e-07 4.975692e-07 -9.674957e-08 2.764273e-07 -4.561051e-07 -1.796778e-07 -1.865885e-07 -4.146410e-08 -1.451243e-07
<VARIANCE> 12
 1.192908e+01 9.731305e+01 5.591543e+01 5.474382e+01 1.133322e+02 7.200322e+01 6.729703e+01 8.292980e+01 3.496309e+01 3.429828e+01 7.256659e+01 4.178328e+01
<GCONST> 6.987849e+01
<STATE> 4
<MEAN> 12
 -1.382137e-07 -2.695166e-07 -2.211419e-07 -5.113906e-07 4.975692e-07 -9.674957e-08 2.764273e-07 -4.561051e-07 -1.796778e-07 -1.865885e-07 -4.146410e-08 -1.451243e-07
<VARIANCE> 12
 1.192908e+01 9.731305e+01 5.591543e+01 5.474382e+01 1.133322e+02 7.200322e+01 6.729703e+01 8.292980e+01 3.496309e+01 3.429828e+01 7.256659e+01 4.178328e+01
<GCONST> 6.987849e+01
<STATE> 5
<MEAN> 12
 -1.382137e-07 -2.695166e-07 -2.211419e-07 -5.113906e-07 4.975692e-07 -9.674957e-08 2.764273e-07 -4.561051e-07 -1.796778e-07 -1.865885e-07 -4.146410e-08 -1.451243e-07
<VARIANCE> 12
 1.192908e+01 9.731305e+01 5.591543e+01 5.474382e+01 1.133322e+02 7.200322e+01 6.729703e+01 8.292980e+01 3.496309e+01 3.429828e+01 7.256659e+01 4.178328e+01
<GCONST> 6.987849e+01
<STATE> 6
<MEAN> 12
 -1.382137e-07 -2.695166e-07 -2.211419e-07 -5.113906e-07 4.975692e-07 -9.674957e-08 2.764273e-07 -4.561051e-07 -1.796778e-07 -1.865885e-07 -4.146410e-08 -1.451243e-07
<VARIANCE> 12
 1.192908e+01 9.731305e+01 5.591543e+01 5.474382e+01 1.133322e+02 7.200322e+01 6.729703e+01 8.292980e+01 3.496309e+01 3.429828e+01 7.256659e+01 4.178328e+01
<GCONST> 6.987849e+01
<STATE> 7
<MEAN> 12
 -1.382137e-07 -2.695166e-07 -2.211419e-07 -5.113906e-07 4.975692e-07 -9.674957e-08 2.764273e-07 -4.561051e-07 -1.796778e-07 -1.865885e-07 -4.146410e-08 -1.451243e-07
<VARIANCE> 12
 1.192908e+01 9.731305e+01 5.591543e+01 5.474382e+01 1.133322e+02 7.200322e+01 6.729703e+01 8.292980e+01 3.496309e+01 3.429828e+01 7.256659e+01 4.178328e+01
<GCONST> 6.987849e+01
<STATE> 8
<MEAN> 12
 -1.382137e-07 -2.695166e-07 -2.211419e-07 -5.113906e-07 4.975692e-07 -9.674957e-08 2.764273e-07 -4.561051e-07 -1.796778e-07 -1.865885e-07 -4.146410e-08 -1.451243e-07
<VARIANCE> 12
 1.192908e+01 9.731305e+01 5.591543e+01 5.474382e+01 1.133322e+02 7.200322e+01 6.729703e+01 8.292980e+01 3.496309e+01 3.429828e+01 7.256659e+01 4.178328e+01
<GCONST> 6.987849e+01
<STATE> 9
<MEAN> 12
 -1.382137e-07 -2.695166e-07 -2.211419e-07 -5.113906e-07 4.975692e-07 -9.674957e-08 2.764273e-07 -4.561051e-07 -1.796778e-07 -1.865885e-07 -4.146410e-08 -1.451243e-07
<VARIANCE> 12
 1.192908e+01 9.731305e+01 5.591543e+01 5.474382e+01 1.133322e+02 7.200322e+01 6.729703e+01 8.292980e+01 3.496309e+01 3.429828e+01 7.256659e+01 4.178328e+01
<GCONST> 6.987849e+01
<STATE> 10
<MEAN> 12
 -1.382137e-07 -2.695166e-07 -2.211419e-07 -5.113906e-07 4.975692e-07 -9.674957e-08 2.764273e-07 -4.561051e-07 -1.796778e-07 -1.865885e-07 -4.146410e-08 -1.451243e-07
<VARIANCE> 12
 1.192908e+01 9.731305e+01 5.591543e+01 5.474382e+01 1.133322e+02 7.200322e+01 6.729703e+01 8.292980e+01 3.496309e+01 3.429828e+01 7.256659e+01 4.178328e+01
<GCONST> 6.987849e+01
<TRANSP> 11
 0.000000e+00 1.000000e+00 0.000000e+00 0.000000e+00 0.000000e+00 0.000000e+00 0.000000e+00 0.000000e+00 0.000000e+00 0.000000e+00 0.000000e+00
 0.000000e+00 9.000000e-01 9.999999e-02 0.000000e+00 0.000000e+00 0.000000e+00 0.000000e+00 0.000000e+00 0.000000e+00 0.000000e+00 0.000000e+00
 0.000000e+00 0.000000e+00 9.000000e-01 9.999999e-02 0.000000e+00 0.000000e+00 0.000000e+00 0.000000e+00 0.000000e+00 0.000000e+00 0.000000e+00
 0.000000e+00 0.000000e+00 0.000000e+00 9.000000e-01 9.999999e-02 0.000000e+00 0.000000e+00 0.000000e+00 0.000000e+00 0.000000e+00 0.000000e+00
 0.000000e+00 0.000000e+00 0.000000e+00 0.000000e+00 9.000000e-01 9.999999e-02 0.000000e+00 0.000000e+00 0.000000e+00 0.000000e+00 0.000000e+00
 0.000000e+00 0.000000e+00 0.000000e+00 0.000000e+00 0.000000e+00 9.000000e-01 9.999999e-02 0.000000e+00 0.000000e+00 0.000000e+00 0.000000e+00
 0.000000e+00 0.000000e+00 0.000000e+00 0.000000e+00 0.000000e+00 0.000000e+00 9.000000e-01 9.999999e-02 0.000000e+00 0.000000e+00 0.000000e+00
 0.000000e+00 0.000000e+00 0.000000e+00 0.000000e+00 0.000000e+00 0.000000e+00 0.000000e+00 9.000000e-01 9.999999e-02 0.000000e+00 0.000000e+00
 0.000000e+00 0.000000e+00 0.000000e+00 0.000000e+00 0.000000e+00 0.000000e+00 0.000000e+00 0.000000e+00 9.000000e-01 9.999999e-02 0.000000e+00
 0.000000e+00 0.000000e+00 0.000000e+00 0.000000e+00 0.000000e+00 0.000000e+00 0.000000e+00 0.000000e+00 0.000000e+00 9.000000e-01 9.999999e-02
 0.000000e+00 0.000000e+00 0.000000e+00 0.000000e+00 0.000000e+00 0.000000e+00 0.000000e+00 0.000000e+00 0.000000e+00 0.000000e+00 0.000000e+00
<ENDHMM>
