~o
<STREAMINFO> 1 12
<VECSIZE> 12<NULLD><MFCC_Z><DIAGC>
~h "s041"
<BEGINHMM>
<NUMSTATES> 5
<STATE> 2
<MEAN> 12
 -4.973175e-02 -1.827425e+00 -3.078295e+00 5.152812e+00 1.253367e+00 -1.110170e+01 2.435979e+00 -6.285638e+00 -1.526007e+00 -2.005749e-01 2.559454e+00 -2.843219e+00
<VARIANCE> 12
 3.616759e+00 2.906738e+00 3.501057e+00 1.049306e+01 1.678949e+01 2.747127e+01 1.319024e+01 1.551527e+01 1.329900e+01 1.214871e+01 9.955943e+00 6.136307e+00
<GCONST> 4.866341e+01
<STATE> 3
<MEAN> 12
 -2.927076e+00 -1.984381e+00 5.253958e-01 -5.205770e+00 2.711392e+00 3.502285e+00 -9.107945e-02 -7.932158e+00 -3.586115e+00 2.579577e+00 -4.318571e+00 7.545882e+00
<VARIANCE> 12
 3.812993e+00 4.740100e+00 3.688172e+00 1.448405e+01 4.877628e+00 6.356371e+01 3.691037e+01 2.086449e+01 7.336334e+00 8.439000e+00 7.217170e+00 2.248984e+01
<GCONST> 5.052565e+01
<STATE> 4
<MEAN> 12
 7.144901e-01 2.558701e+00 3.441949e+00 -4.790511e+00 -2.058004e+00 1.205241e+01 -2.796630e+00 9.049344e+00 2.569639e+00 -3.470257e-01 -1.990566e+00 1.594359e+00
<VARIANCE> 12
 1.101406e+01 3.402215e+00 1.409962e+01 3.258468e+01 9.976714e+00 2.747127e+01 3.140878e+01 2.262590e+01 1.874108e+01 1.864097e+01 1.464909e+01 1.873871e+01
<GCONST> 5.545874e+01
<TRANSP> 5
 0.000000e+00 1.000000e+00 0.000000e+00 0.000000e+00 0.000000e+00
 0.000000e+00 9.394468e-01 6.055318e-02 0.000000e+00 0.000000e+00
 0.000000e+00 0.000000e+00 6.880102e-01 3.119899e-01 0.000000e+00
 0.000000e+00 0.000000e+00 0.000000e+00 9.299738e-01 7.002625e-02
 0.000000e+00 0.000000e+00 0.000000e+00 0.000000e+00 0.000000e+00
<ENDHMM>
