~o
<STREAMINFO> 1 12
<VECSIZE> 12<NULLD><MFCC_Z><DIAGC>
~h "s015"
<BEGINHMM>
<NUMSTATES> 10
<STATE> 2
<MEAN> 12
 -4.965645e+00 1.013184e+01 1.421834e+01 -1.010724e+01 -7.416413e+00 3.651043e+00 -4.741714e+00 1.551071e+01 5.960542e+00 3.171082e+00 8.658980e+00 -1.874374e+00
<VARIANCE> 12
 2.352276e+00 1.074397e+01 1.176142e+01 2.514805e+01 2.170086e+01 7.289146e+00 8.021943e+00 1.630325e+01 1.637762e+01 1.227978e+01 4.792344e+01 2.615629e+01
<GCONST> 5.334870e+01
<STATE> 3
<MEAN> 12
 -9.616636e-01 3.549176e+00 -2.750147e+00 -3.088535e+00 -6.744318e+00 -8.962929e+00 -5.817241e+00 1.694733e+01 6.742294e+00 6.104359e+00 7.079165e+00 -5.310614e+00
<VARIANCE> 12
 2.352276e+00 6.172060e+00 2.537164e+01 8.612695e+00 5.798877e+01 9.018412e+00 2.637400e+01 1.630325e+01 1.971823e+01 6.696838e+01 9.006760e+01 1.262443e+01
<GCONST> 5.666203e+01
<STATE> 4
<MEAN> 12
 5.140203e+00 5.469586e+00 -1.197741e+01 -4.259309e+00 4.839967e+00 -8.665184e-01 -9.716878e-01 -5.666236e+00 2.071069e+00 3.463318e+00 4.505837e+00 -1.358752e+00
<VARIANCE> 12
 6.884840e+00 6.172060e+00 1.448523e+01 8.612695e+00 6.200957e+00 5.045917e+01 6.868427e+00 2.203436e+01 1.513328e+01 3.766598e+01 1.774610e+01 2.270639e+01
<GCONST> 5.374012e+01
<STATE> 5
<MEAN> 12
 2.542224e+00 1.006932e+00 -5.206193e+00 3.315889e+00 3.439349e+00 7.342027e+00 -6.509751e+00 -4.281410e+00 3.087981e+00 -1.959653e+00 -2.045979e+00 -1.670621e+00
<VARIANCE> 12
 1.072705e+01 1.017405e+01 3.230172e+01 1.114806e+01 9.896930e+00 4.186114e+01 2.617852e+01 2.389845e+01 1.265002e+01 2.737702e+01 1.837736e+01 1.066900e+01
<GCONST> 5.622468e+01
<STATE> 6
<MEAN> 12
 -1.971537e+00 -8.243489e+00 -8.019628e+00 6.490784e+00 8.043398e+00 -8.617758e+00 -4.097041e-01 7.086613e+00 -9.412342e+00 -7.267687e+00 -5.915130e+00 7.149850e+00
<VARIANCE> 12
 5.320260e+00 6.172060e+00 1.556134e+01 8.612695e+00 9.328770e+00 7.289146e+00 1.475688e+01 1.630325e+01 3.059108e+01 1.187836e+01 2.510604e+01 8.997491e+00
<GCONST> 5.146215e+01
<STATE> 7
<MEAN> 12
 -4.607692e+00 -8.571868e+00 5.398373e+00 -7.511462e-01 -8.829982e-01 -5.013614e+00 1.020445e+01 -2.792745e+00 -1.297316e+01 8.495468e-01 2.947305e-01 4.996778e+00
<VARIANCE> 12
 2.352276e+00 6.172060e+00 1.176142e+01 2.205024e+01 6.407991e+00 1.697579e+01 6.868427e+00 3.068826e+01 9.056913e+00 1.409547e+01 8.395431e+00 3.623656e+00
<GCONST> 4.859279e+01
<STATE> 8
<MEAN> 12
 1.769606e+00 -3.215351e+00 4.687155e+00 -5.322155e-01 -2.975962e+00 -9.575466e-02 6.666657e+00 -1.192676e+01 -1.418574e+00 -3.503286e+00 -4.588246e+00 4.569125e-01
<VARIANCE> 12
 2.559847e+00 6.172060e+00 1.176142e+01 6.061467e+01 1.233539e+01 7.289146e+00 1.336644e+01 1.630325e+01 1.679221e+01 2.975884e+01 1.026681e+01 8.372324e+00
<GCONST> 5.193472e+01
<STATE> 9
<MEAN> 12
 -1.004455e-01 -3.496196e+00 1.807494e+00 1.130964e+01 1.779859e+00 4.891057e+00 3.341244e-01 -2.637101e+00 3.022760e+00 -5.464694e-01 -7.429960e+00 -7.754903e-01
<VARIANCE> 12
 2.352276e+00 6.172060e+00 1.176142e+01 8.612695e+00 1.485445e+01 1.707590e+01 2.194188e+01 1.630325e+01 1.261424e+01 6.723283e+00 8.609849e+00 1.268679e+01
<GCONST> 4.989761e+01
<TRANSP> 10
 0.000000e+00 1.000000e+00 0.000000e+00 0.000000e+00 0.000000e+00 0.000000e+00 0.000000e+00 0.000000e+00 0.000000e+00 0.000000e+00
 0.000000e+00 8.746504e-01 1.253496e-01 0.000000e+00 0.000000e+00 0.000000e+00 0.000000e+00 0.000000e+00 0.000000e+00 0.000000e+00
 0.000000e+00 0.000000e+00 8.012418e-01 1.987582e-01 0.000000e+00 0.000000e+00 0.000000e+00 0.000000e+00 0.000000e+00 0.000000e+00
 0.000000e+00 0.000000e+00 0.000000e+00 8.883777e-01 1.116223e-01 0.000000e+00 0.000000e+00 0.000000e+00 0.000000e+00 0.000000e+00
 0.000000e+00 0.000000e+00 0.000000e+00 0.000000e+00 8.906822e-01 1.093178e-01 0.000000e+00 0.000000e+00 0.000000e+00 0.000000e+00
 0.000000e+00 0.000000e+00 0.000000e+00 0.000000e+00 0.000000e+00 8.018994e-01 1.981006e-01 0.000000e+00 0.000000e+00 0.000000e+00
 0.000000e+00 0.000000e+00 0.000000e+00 0.000000e+00 0.000000e+00 0.000000e+00 8.537089e-01 1.462911e-01 0.000000e+00 0.000000e+00
 0.000000e+00 0.000000e+00 0.000000e+00 0.000000e+00 0.000000e+00 0.000000e+00 0.000000e+00 8.978345e-01 1.021655e-01 0.000000e+00
 0.000000e+00 0.000000e+00 0.000000e+00 0.000000e+00 0.000000e+00 0.000000e+00 0.000000e+00 0.000000e+00 8.613611e-01 1.386389e-01
 0.000000e+00 0.000000e+00 0.000000e+00 0.000000e+00 0.000000e+00 0.000000e+00 0.000000e+00 0.000000e+00 0.000000e+00 0.000000e+00
<ENDHMM>
