~o
<STREAMINFO> 1 12
<VECSIZE> 12<NULLD><MFCC_Z><DIAGC>
~h "s029"
<BEGINHMM>
<NUMSTATES> 10
<STATE> 2
<MEAN> 12
 -1.723939e+00 -6.676425e-01 -3.625333e-01 -1.963680e+00 -5.401642e+00 4.155687e+00 4.220301e+00 -9.125747e+00 -3.988503e+00 2.465334e+00 -1.171928e+00 -1.232339e-01
<VARIANCE> 12
 2.185386e+01 1.404591e+01 1.713298e+01 1.436998e+01 1.540756e+01 2.901202e+01 1.438664e+01 5.914177e+01 1.525372e+01 3.554850e+01 1.297396e+01 2.100795e+01
<GCONST> 5.803976e+01
<STATE> 3
<MEAN> 12
 6.408526e-01 1.390509e+00 1.964591e+00 -2.690365e+00 -3.446423e+00 -6.229819e-01 2.074119e+00 -5.745333e+00 -4.584043e-01 3.063640e+00 -2.222580e-01 -2.671282e+00
<VARIANCE> 12
 2.793451e+01 9.046589e+00 3.450898e+01 1.378921e+01 3.850992e+01 4.801703e+01 3.320468e+01 1.272163e+02 3.044219e+01 4.415584e+01 1.996154e+01 2.427392e+01
<GCONST> 6.300970e+01
<STATE> 4
<MEAN> 12
 5.629313e-01 7.211448e-01 4.050951e+00 -1.778410e+00 1.203468e-02 -2.742729e+00 -1.388056e+00 1.645329e+00 2.278857e+00 2.381721e+00 1.246270e+00 -4.182430e+00
<VARIANCE> 12
 3.436229e+01 1.008882e+01 5.189513e+01 1.841548e+01 4.242876e+01 6.289265e+01 3.448026e+01 1.119329e+02 3.258725e+01 6.180247e+01 2.239762e+01 1.685968e+01
<GCONST> 6.445461e+01
<STATE> 5
<MEAN> 12
 -1.058217e+00 -4.490566e-01 4.811692e+00 -4.540475e-01 1.424298e+00 -1.567796e+00 -3.271390e+00 6.420401e+00 2.340961e+00 2.022686e+00 2.406638e+00 -4.201479e+00
<VARIANCE> 12
 4.238396e+01 1.251534e+01 8.136038e+01 2.595992e+01 3.611867e+01 7.907900e+01 2.539132e+01 4.878648e+01 3.455014e+01 8.221784e+01 2.893970e+01 1.805969e+01
<GCONST> 6.527349e+01
<STATE> 6
<MEAN> 12
 -2.608076e+00 -1.225639e+00 2.747988e+00 1.582121e+00 9.610904e-01 3.719878e-01 -3.396485e+00 7.497439e+00 3.351374e-01 -4.562490e-01 2.112006e+00 -2.157907e+00
<VARIANCE> 12
 3.907074e+01 1.369428e+01 1.287993e+02 2.994829e+01 3.471904e+01 6.966623e+01 2.300800e+01 2.432913e+01 3.738893e+01 9.802515e+01 4.777811e+01 3.678173e+01
<GCONST> 6.639130e+01
<STATE> 7
<MEAN> 12
 -1.894309e+00 -1.193387e+00 -2.608478e+00 2.919143e+00 8.895025e-01 7.505413e-01 -1.908207e+00 5.414602e+00 -8.899881e-01 -3.847284e+00 -2.885506e-01 1.857657e+00
<VARIANCE> 12
 3.414737e+01 1.208325e+01 1.406571e+02 2.828168e+01 2.864138e+01 4.663036e+01 3.107964e+01 4.003718e+01 3.391936e+01 7.700554e+01 6.321341e+01 5.024663e+01
<GCONST> 6.662035e+01
<STATE> 8
<MEAN> 12
 1.453689e+00 -6.234930e-02 -6.502559e+00 1.757434e+00 1.944907e+00 -1.097703e-01 1.030244e+00 9.584586e-02 -1.291286e-01 -4.298021e+00 -2.505832e+00 5.438974e+00
<VARIANCE> 12
 3.043230e+01 8.872512e+00 7.839820e+01 2.865174e+01 1.820441e+01 2.911806e+01 3.488061e+01 6.502152e+01 3.091336e+01 4.802269e+01 4.632462e+01 3.162593e+01
<GCONST> 6.396218e+01
<STATE> 9
<MEAN> 12
 4.627122e+00 1.486378e+00 -4.101604e+00 6.277482e-01 3.616218e+00 -2.348824e-01 2.639489e+00 -6.202662e+00 5.110695e-01 -1.331716e+00 -1.576242e+00 6.039710e+00
<VARIANCE> 12
 1.241844e+01 4.489798e+00 3.782684e+01 1.919059e+01 1.103305e+01 1.720167e+01 1.873945e+01 4.018748e+01 2.295136e+01 2.773289e+01 2.229334e+01 1.223902e+01
<GCONST> 5.659795e+01
<TRANSP> 10
 0.000000e+00 1.000000e+00 0.000000e+00 0.000000e+00 0.000000e+00 0.000000e+00 0.000000e+00 0.000000e+00 0.000000e+00 0.000000e+00
 0.000000e+00 8.730159e-01 1.269841e-01 0.000000e+00 0.000000e+00 0.000000e+00 0.000000e+00 0.000000e+00 0.000000e+00 0.000000e+00
 0.000000e+00 0.000000e+00 8.730159e-01 1.269841e-01 0.000000e+00 0.000000e+00 0.000000e+00 0.000000e+00 0.000000e+00 0.000000e+00
 0.000000e+00 0.000000e+00 0.000000e+00 8.730159e-01 1.269841e-01 0.000000e+00 0.000000e+00 0.000000e+00 0.000000e+00 0.000000e+00
 0.000000e+00 0.000000e+00 0.000000e+00 0.000000e+00 8.730159e-01 1.269841e-01 0.000000e+00 0.000000e+00 0.000000e+00 0.000000e+00
 0.000000e+00 0.000000e+00 0.000000e+00 0.000000e+00 0.000000e+00 8.730159e-01 1.269841e-01 0.000000e+00 0.000000e+00 0.000000e+00
 0.000000e+00 0.000000e+00 0.000000e+00 0.000000e+00 0.000000e+00 0.000000e+00 8.730159e-01 1.269841e-01 0.000000e+00 0.000000e+00
 0.000000e+00 0.000000e+00 0.000000e+00 0.000000e+00 0.000000e+00 0.000000e+00 0.000000e+00 8.730159e-01 1.269841e-01 0.000000e+00
 0.000000e+00 0.000000e+00 0.000000e+00 0.000000e+00 0.000000e+00 0.000000e+00 0.000000e+00 0.000000e+00 8.730159e-01 1.269841e-01
 0.000000e+00 0.000000e+00 0.000000e+00 0.000000e+00 0.000000e+00 0.000000e+00 0.000000e+00 0.000000e+00 0.000000e+00 0.000000e+00
<ENDHMM>
