~o
<STREAMINFO> 1 12
<VECSIZE> 12<NULLD><MFCC_Z><DIAGC>
~h "T1375864876"
<BEGINHMM>
<NUMSTATES> 9
<STATE> 2
<MEAN> 12
 -5.510925e+00 6.897953e+00 1.109501e+01 -8.197961e+00 -9.581059e+00 -1.374235e+00 8.878562e-02 5.268034e+00 -1.322085e+00 -5.091726e+00 2.378597e+00 -3.232049e+00
<VARIANCE> 12
 4.425170e+00 3.074744e+01 3.932671e+01 6.675315e+01 2.834804e+01 2.943879e+01 7.562694e+01 3.102666e+01 7.962847e+00 2.937321e+01 6.539856e+00 2.405483e+01
<GCONST> 5.984120e+01
<STATE> 3
<MEAN> 12
 -8.075222e-01 2.556144e-02 -6.091219e+00 1.828272e+00 1.975656e+00 -1.390571e+01 2.747667e+00 5.361495e+00 3.592937e+00 -2.044234e+00 -5.593339e+00 -2.241965e+00
<VARIANCE> 12
 4.425170e+00 7.264778e+00 1.008048e+01 5.517059e+00 1.494767e+01 1.847698e+01 2.909286e+01 2.130901e+01 3.109019e+01 1.922919e+01 9.803658e+00 2.541920e+00
<GCONST> 5.120302e+01
<STATE> 4
<MEAN> 12
 3.856052e+00 1.457766e+00 -8.163867e+00 4.114520e-01 2.090159e+00 -2.943305e+00 -2.787677e+00 -2.161593e+00 -4.850951e-01 6.402680e+00 -3.161926e-01 -2.272982e+00
<VARIANCE> 12
 4.425170e+00 7.264778e+00 2.782624e+01 5.517059e+00 6.839318e+00 2.811552e+01 1.425644e+01 1.135390e+01 2.178429e+01 7.478898e+00 1.483759e+01 5.277989e+00
<GCONST> 5.035846e+01
<STATE> 5
<MEAN> 12
 -3.685941e+00 -8.555587e+00 1.731476e+00 3.788554e+00 3.914267e+00 5.188292e+00 4.142348e+00 3.307731e+00 4.544201e+00 2.262431e+00 1.479545e-01 2.363348e+00
<VARIANCE> 12
 2.375729e+01 2.978472e+01 2.166112e+01 1.709837e+01 1.005126e+01 1.407614e+01 1.232677e+01 3.317918e+01 1.877999e+01 1.250364e+01 1.516563e+01 1.167806e+01
<GCONST> 5.613234e+01
<STATE> 6
<MEAN> 12
 -8.071752e+00 -1.092618e+01 3.483109e+00 9.011134e+00 4.898894e+00 3.429879e+00 2.652981e+00 5.084890e+00 2.899014e+00 -1.326740e-01 -1.703622e+00 1.347556e-01
<VARIANCE> 12
 2.031957e+01 1.930092e+01 1.118787e+01 2.095533e+01 1.341465e+01 1.115474e+01 1.741361e+01 5.420562e+01 2.871756e+01 2.020274e+01 2.006605e+01 1.123218e+01
<GCONST> 5.712288e+01
<STATE> 7
<MEAN> 12
 5.181567e+00 4.686877e+00 -5.937747e+00 -3.852766e+00 -1.855570e+00 1.422812e+00 -1.564231e+00 -7.801596e+00 -6.448170e+00 -3.348369e+00 -8.774958e-01 2.541408e+00
<VARIANCE> 12
 4.425170e+00 8.207747e+00 2.670423e+01 7.444702e+00 9.696459e+00 1.833136e+01 5.728237e+00 1.361315e+01 4.252491e+00 1.288859e+01 1.296151e+01 1.522731e+01
<GCONST> 4.976498e+01
<STATE> 8
<MEAN> 12
 3.069019e+00 3.042841e+00 5.855393e+00 3.338914e-01 -8.490044e-01 2.848983e+00 -2.651000e+00 -3.111119e+00 -8.127397e-01 -1.925206e+00 2.677005e+00 1.191901e+00
<VARIANCE> 12
 1.075043e+01 7.264778e+00 1.142570e+01 9.919111e+00 9.083943e+00 1.607593e+01 2.130947e+01 1.599920e+01 9.967265e+00 1.252849e+01 1.248368e+01 9.864945e+00
<GCONST> 5.159908e+01
<TRANSP> 9
 0.000000e+00 1.000000e+00 0.000000e+00 0.000000e+00 0.000000e+00 0.000000e+00 0.000000e+00 0.000000e+00 0.000000e+00
 0.000000e+00 8.583572e-01 1.416428e-01 0.000000e+00 0.000000e+00 0.000000e+00 0.000000e+00 0.000000e+00 0.000000e+00
 0.000000e+00 0.000000e+00 7.844672e-01 2.155328e-01 0.000000e+00 0.000000e+00 0.000000e+00 0.000000e+00 0.000000e+00
 0.000000e+00 0.000000e+00 0.000000e+00 9.053564e-01 9.464362e-02 0.000000e+00 0.000000e+00 0.000000e+00 0.000000e+00
 0.000000e+00 0.000000e+00 0.000000e+00 0.000000e+00 9.044915e-01 9.550855e-02 0.000000e+00 0.000000e+00 0.000000e+00
 0.000000e+00 0.000000e+00 0.000000e+00 0.000000e+00 0.000000e+00 7.360959e-01 2.639041e-01 0.000000e+00 0.000000e+00
 0.000000e+00 0.000000e+00 0.000000e+00 0.000000e+00 0.000000e+00 0.000000e+00 8.789947e-01 1.210053e-01 0.000000e+00
 0.000000e+00 0.000000e+00 0.000000e+00 0.000000e+00 0.000000e+00 0.000000e+00 0.000000e+00 8.914311e-01 1.085689e-01
 0.000000e+00 0.000000e+00 0.000000e+00 0.000000e+00 0.000000e+00 0.000000e+00 0.000000e+00 0.000000e+00 0.000000e+00
<ENDHMM>
