~o
<STREAMINFO> 1 12
<VECSIZE> 12<NULLD><MFCC_Z><DIAGC>
~h "s065"
<BEGINHMM>
<NUMSTATES> 9
<STATE> 2
<MEAN> 12
 1.631285e-07 7.529007e-08 -1.505801e-07 -2.175047e-07 -1.924080e-07 5.688584e-07 0.000000e+00 -5.019339e-08 -1.589457e-07 -1.422146e-07 4.852027e-07 -3.346226e-08
<VARIANCE> 12
 3.886643e+01 2.752789e+01 3.601917e+01 6.205797e+01 3.582688e+01 4.256631e+01 4.269188e+01 5.542896e+01 3.785859e+01 4.193703e+01 8.741721e+01 4.401787e+01
<GCONST> 6.746616e+01
<STATE> 3
<MEAN> 12
 1.631285e-07 7.529007e-08 -1.505801e-07 -2.175047e-07 -1.924080e-07 5.688584e-07 0.000000e+00 -5.019339e-08 -1.589457e-07 -1.422146e-07 4.852027e-07 -3.346226e-08
<VARIANCE> 12
 3.886643e+01 2.752789e+01 3.601917e+01 6.205797e+01 3.582688e+01 4.256631e+01 4.269188e+01 5.542896e+01 3.785859e+01 4.193703e+01 8.741721e+01 4.401787e+01
<GCONST> 6.746616e+01
<STATE> 4
<MEAN> 12
 1.631285e-07 7.529007e-08 -1.505801e-07 -2.175047e-07 -1.924080e-07 5.688584e-07 0.000000e+00 -5.019339e-08 -1.589457e-07 -1.422146e-07 4.852027e-07 -3.346226e-08
<VARIANCE> 12
 3.886643e+01 2.752789e+01 3.601917e+01 6.205797e+01 3.582688e+01 4.256631e+01 4.269188e+01 5.542896e+01 3.785859e+01 4.193703e+01 8.741721e+01 4.401787e+01
<GCONST> 6.746616e+01
<STATE> 5
<MEAN> 12
 1.631285e-07 7.529007e-08 -1.505801e-07 -2.175047e-07 -1.924080e-07 5.688584e-07 0.000000e+00 -5.019339e-08 -1.589457e-07 -1.422146e-07 4.852027e-07 -3.346226e-08
<VARIANCE> 12
 3.886643e+01 2.752789e+01 3.601917e+01 6.205797e+01 3.582688e+01 4.256631e+01 4.269188e+01 5.542896e+01 3.785859e+01 4.193703e+01 8.741721e+01 4.401787e+01
<GCONST> 6.746616e+01
<STATE> 6
<MEAN> 12
 1.631285e-07 7.529007e-08 -1.505801e-07 -2.175047e-07 -1.924080e-07 5.688584e-07 0.000000e+00 -5.019339e-08 -1.589457e-07 -1.422146e-07 4.852027e-07 -3.346226e-08
<VARIANCE> 12
 3.886643e+01 2.752789e+01 3.601917e+01 6.205797e+01 3.582688e+01 4.256631e+01 4.269188e+01 5.542896e+01 3.785859e+01 4.193703e+01 8.741721e+01 4.401787e+01
<GCONST> 6.746616e+01
<STATE> 7
<MEAN> 12
 1.631285e-07 7.529007e-08 -1.505801e-07 -2.175047e-07 -1.924080e-07 5.688584e-07 0.000000e+00 -5.019339e-08 -1.589457e-07 -1.422146e-07 4.852027e-07 -3.346226e-08
<VARIANCE> 12
 3.886643e+01 2.752789e+01 3.601917e+01 6.205797e+01 3.582688e+01 4.256631e+01 4.269188e+01 5.542896e+01 3.785859e+01 4.193703e+01 8.741721e+01 4.401787e+01
<GCONST> 6.746616e+01
<STATE> 8
<MEAN> 12
 1.631285e-07 7.529007e-08 -1.505801e-07 -2.175047e-07 -1.924080e-07 5.688584e-07 0.000000e+00 -5.019339e-08 -1.589457e-07 -1.422146e-07 4.852027e-07 -3.346226e-08
<VARIANCE> 12
 3.886643e+01 2.752789e+01 3.601917e+01 6.205797e+01 3.582688e+01 4.256631e+01 4.269188e+01 5.542896e+01 3.785859e+01 4.193703e+01 8.741721e+01 4.401787e+01
<GCONST> 6.746616e+01
<TRANSP> 9
 0.000000e+00 1.000000e+00 0.000000e+00 0.000000e+00 0.000000e+00 0.000000e+00 0.000000e+00 0.000000e+00 0.000000e+00
 0.000000e+00 9.000000e-01 9.999999e-02 0.000000e+00 0.000000e+00 0.000000e+00 0.000000e+00 0.000000e+00 0.000000e+00
 0.000000e+00 0.000000e+00 9.000000e-01 9.999999e-02 0.000000e+00 0.000000e+00 0.000000e+00 0.000000e+00 0.000000e+00
 0.000000e+00 0.000000e+00 0.000000e+00 9.000000e-01 9.999999e-02 0.000000e+00 0.000000e+00 0.000000e+00 0.000000e+00
 0.000000e+00 0.000000e+00 0.000000e+00 0.000000e+00 9.000000e-01 9.999999e-02 0.000000e+00 0.000000e+00 0.000000e+00
 0.000000e+00 0.000000e+00 0.000000e+00 0.000000e+00 0.000000e+00 9.000000e-01 9.999999e-02 0.000000e+00 0.000000e+00
 0.000000e+00 0.000000e+00 0.000000e+00 0.000000e+00 0.000000e+00 0.000000e+00 9.000000e-01 9.999999e-02 0.000000e+00
 0.000000e+00 0.000000e+00 0.000000e+00 0.000000e+00 0.000000e+00 0.000000e+00 0.000000e+00 9.000000e-01 9.999999e-02
 0.000000e+00 0.000000e+00 0.000000e+00 0.000000e+00 0.000000e+00 0.000000e+00 0.000000e+00 0.000000e+00 0.000000e+00
<ENDHMM>
