~o
<STREAMINFO> 1 12
<VECSIZE> 12<NULLD><MFCC_Z><DIAGC>
~h "T1375423456"
<BEGINHMM>
<NUMSTATES> 9
<STATE> 2
<MEAN> 12
 -5.126833e-01 -9.971365e+00 3.166661e+00 4.146649e+00 2.504475e+00 6.191357e-01 4.195758e+00 -4.775476e+00 -6.965658e+00 5.670114e-01 5.212498e+00 -1.679604e+00
<VARIANCE> 12
 3.209848e+00 5.672770e+00 1.084939e+01 8.295842e+00 1.337361e+01 8.057841e+00 2.160880e+01 1.503086e+01 2.149820e+01 1.722769e+01 4.745922e+00 1.936462e+01
<GCONST> 5.035465e+01
<STATE> 3
<MEAN> 12
 -2.871505e+00 -6.298454e+00 6.965690e+00 -8.972681e+00 3.634253e+00 9.464008e+00 6.351547e-01 -1.792211e+00 1.667381e+00 -1.993790e+00 -6.489931e+00 4.897172e+00
<VARIANCE> 12
 3.209848e+00 1.831379e+01 7.124355e+00 3.124634e+01 4.710989e+00 8.057841e+00 1.043308e+01 2.484964e+01 7.065679e+00 7.175874e+01 8.739869e+00 1.556277e+01
<GCONST> 5.186953e+01
<STATE> 4
<MEAN> 12
 -1.464755e+00 6.155075e+00 4.628277e+00 -1.108542e-01 -2.200660e+00 4.208198e+00 4.577856e+00 4.141321e+00 -2.668332e+00 -4.989912e+00 2.160913e+00 3.521634e+00
<VARIANCE> 12
 5.903347e+00 5.672770e+00 7.124355e+00 5.800274e+01 1.026669e+01 1.558262e+01 8.854716e+00 1.576707e+01 1.584581e+01 1.344278e+01 2.416946e+01 1.729658e+01
<GCONST> 5.300061e+01
<STATE> 5
<MEAN> 12
 -8.639462e+00 -7.456665e-01 4.061976e+00 8.901176e-01 -2.071304e+00 2.559507e+00 3.456648e-01 8.474950e-01 4.736563e+00 -1.140059e+00 9.077088e+00 4.290535e+00
<VARIANCE> 12
 3.209848e+00 5.672770e+00 7.124355e+00 3.532402e+01 3.080206e+01 1.971797e+01 2.151851e+01 4.231571e+00 4.624081e+01 9.592489e+00 2.657067e+01 4.072762e+00
<GCONST> 5.218407e+01
<STATE> 6
<MEAN> 12
 2.266185e+00 1.123594e+00 1.208572e+00 -1.814214e+00 -1.211990e+01 -1.318701e+01 -2.367731e+00 9.922927e-01 -3.792960e+00 2.617834e-01 -2.845573e+00 -4.887938e+00
<VARIANCE> 12
 4.756302e+00 5.672770e+00 2.610799e+01 7.411203e+00 2.683541e+01 1.632345e+01 2.883516e+01 9.358803e+00 3.057002e+01 6.369291e+00 9.736870e+00 5.125436e+00
<GCONST> 5.147679e+01
<STATE> 7
<MEAN> 12
 7.099909e+00 2.520570e+00 -1.098998e+01 -3.181371e+00 2.182571e+00 -7.247761e+00 -6.262009e+00 -2.962032e+00 5.751151e+00 5.342059e+00 -2.656289e+00 -2.948350e+00
<VARIANCE> 12
 3.209848e+00 5.672770e+00 9.018909e+00 1.146606e+01 1.121443e+01 1.990181e+01 2.242337e+01 1.261320e+01 7.199880e+00 1.628326e+01 8.808263e+00 8.494263e+00
<GCONST> 4.972729e+01
<STATE> 8
<MEAN> 12
 -1.421612e+00 3.125292e+00 -4.323373e+00 7.767037e+00 2.254976e+00 4.358344e-01 -2.191373e+00 2.945648e+00 2.446626e+00 1.858834e+00 -1.009176e+00 -2.606416e+00
<VARIANCE> 12
 1.808712e+01 5.672770e+00 7.124355e+00 7.411203e+00 1.227233e+01 8.057841e+00 1.189194e+01 1.158507e+01 1.438225e+01 1.772923e+01 1.388589e+01 9.482520e+00
<GCONST> 5.059303e+01
<TRANSP> 9
 0.000000e+00 1.000000e+00 0.000000e+00 0.000000e+00 0.000000e+00 0.000000e+00 0.000000e+00 0.000000e+00 0.000000e+00
 0.000000e+00 8.890291e-01 1.109709e-01 0.000000e+00 0.000000e+00 0.000000e+00 0.000000e+00 0.000000e+00 0.000000e+00
 0.000000e+00 0.000000e+00 8.741232e-01 1.258768e-01 0.000000e+00 0.000000e+00 0.000000e+00 0.000000e+00 0.000000e+00
 0.000000e+00 0.000000e+00 0.000000e+00 9.213878e-01 7.861222e-02 0.000000e+00 0.000000e+00 0.000000e+00 0.000000e+00
 0.000000e+00 0.000000e+00 0.000000e+00 0.000000e+00 7.048417e-01 2.951582e-01 0.000000e+00 0.000000e+00 0.000000e+00
 0.000000e+00 0.000000e+00 0.000000e+00 0.000000e+00 0.000000e+00 8.060632e-01 1.939368e-01 0.000000e+00 0.000000e+00
 0.000000e+00 0.000000e+00 0.000000e+00 0.000000e+00 0.000000e+00 0.000000e+00 9.085575e-01 9.144252e-02 0.000000e+00
 0.000000e+00 0.000000e+00 0.000000e+00 0.000000e+00 0.000000e+00 0.000000e+00 0.000000e+00 8.984103e-01 1.015897e-01
 0.000000e+00 0.000000e+00 0.000000e+00 0.000000e+00 0.000000e+00 0.000000e+00 0.000000e+00 0.000000e+00 0.000000e+00
<ENDHMM>
