~o
<STREAMINFO> 1 12
<VECSIZE> 12<NULLD><MFCC_Z><DIAGC>
~h "s098"
<BEGINHMM>
<NUMSTATES> 11
<STATE> 2
<MEAN> 12
 -1.036603e-08 4.733818e-07 -1.485797e-07 -5.113906e-07 3.749046e-07 -3.178914e-07 -4.284624e-07 1.796778e-07 -1.105709e-07 -6.599703e-07 2.142312e-07 3.973643e-08
<VARIANCE> 12
 1.269322e+01 6.477036e+01 5.847035e+01 1.746541e+02 5.473455e+01 4.836527e+01 5.073099e+01 4.440313e+01 2.781471e+01 5.687703e+01 3.517104e+01 2.136697e+01
<GCONST> 6.758742e+01
<STATE> 3
<MEAN> 12
 -1.036603e-08 4.733818e-07 -1.485797e-07 -5.113906e-07 3.749046e-07 -3.178914e-07 -4.284624e-07 1.796778e-07 -1.105709e-07 -6.599703e-07 2.142312e-07 3.973643e-08
<VARIANCE> 12
 1.269322e+01 6.477036e+01 5.847035e+01 1.746541e+02 5.473455e+01 4.836527e+01 5.073099e+01 4.440313e+01 2.781471e+01 5.687703e+01 3.517104e+01 2.136697e+01
<GCONST> 6.758742e+01
<STATE> 4
<MEAN> 12
 -1.036603e-08 4.733818e-07 -1.485797e-07 -5.113906e-07 3.749046e-07 -3.178914e-07 -4.284624e-07 1.796778e-07 -1.105709e-07 -6.599703e-07 2.142312e-07 3.973643e-08
<VARIANCE> 12
 1.269322e+01 6.477036e+01 5.847035e+01 1.746541e+02 5.473455e+01 4.836527e+01 5.073099e+01 4.440313e+01 2.781471e+01 5.687703e+01 3.517104e+01 2.136697e+01
<GCONST> 6.758742e+01
<STATE> 5
<MEAN> 12
 -1.036603e-08 4.733818e-07 -1.485797e-07 -5.113906e-07 3.749046e-07 -3.178914e-07 -4.284624e-07 1.796778e-07 -1.105709e-07 -6.599703e-07 2.142312e-07 3.973643e-08
<VARIANCE> 12
 1.269322e+01 6.477036e+01 5.847035e+01 1.746541e+02 5.473455e+01 4.836527e+01 5.073099e+01 4.440313e+01 2.781471e+01 5.687703e+01 3.517104e+01 2.136697e+01
<GCONST> 6.758742e+01
<STATE> 6
<MEAN> 12
 -1.036603e-08 4.733818e-07 -1.485797e-07 -5.113906e-07 3.749046e-07 -3.178914e-07 -4.284624e-07 1.796778e-07 -1.105709e-07 -6.599703e-07 2.142312e-07 3.973643e-08
<VARIANCE> 12
 1.269322e+01 6.477036e+01 5.847035e+01 1.746541e+02 5.473455e+01 4.836527e+01 5.073099e+01 4.440313e+01 2.781471e+01 5.687703e+01 3.517104e+01 2.136697e+01
<GCONST> 6.758742e+01
<STATE> 7
<MEAN> 12
 -1.036603e-08 4.733818e-07 -1.485797e-07 -5.113906e-07 3.749046e-07 -3.178914e-07 -4.284624e-07 1.796778e-07 -1.105709e-07 -6.599703e-07 2.142312e-07 3.973643e-08
<VARIANCE> 12
 1.269322e+01 6.477036e+01 5.847035e+01 1.746541e+02 5.473455e+01 4.836527e+01 5.073099e+01 4.440313e+01 2.781471e+01 5.687703e+01 3.517104e+01 2.136697e+01
<GCONST> 6.758742e+01
<STATE> 8
<MEAN> 12
 -1.036603e-08 4.733818e-07 -1.485797e-07 -5.113906e-07 3.749046e-07 -3.178914e-07 -4.284624e-07 1.796778e-07 -1.105709e-07 -6.599703e-07 2.142312e-07 3.973643e-08
<VARIANCE> 12
 1.269322e+01 6.477036e+01 5.847035e+01 1.746541e+02 5.473455e+01 4.836527e+01 5.073099e+01 4.440313e+01 2.781471e+01 5.687703e+01 3.517104e+01 2.136697e+01
<GCONST> 6.758742e+01
<STATE> 9
<MEAN> 12
 -1.036603e-08 4.733818e-07 -1.485797e-07 -5.113906e-07 3.749046e-07 -3.178914e-07 -4.284624e-07 1.796778e-07 -1.105709e-07 -6.599703e-07 2.142312e-07 3.973643e-08
<VARIANCE> 12
 1.269322e+01 6.477036e+01 5.847035e+01 1.746541e+02 5.473455e+01 4.836527e+01 5.073099e+01 4.440313e+01 2.781471e+01 5.687703e+01 3.517104e+01 2.136697e+01
<GCONST> 6.758742e+01
<STATE> 10
<MEAN> 12
 -1.036603e-08 4.733818e-07 -1.485797e-07 -5.113906e-07 3.749046e-07 -3.178914e-07 -4.284624e-07 1.796778e-07 -1.105709e-07 -6.599703e-07 2.142312e-07 3.973643e-08
<VARIANCE> 12
 1.269322e+01 6.477036e+01 5.847035e+01 1.746541e+02 5.473455e+01 4.836527e+01 5.073099e+01 4.440313e+01 2.781471e+01 5.687703e+01 3.517104e+01 2.136697e+01
<GCONST> 6.758742e+01
<TRANSP> 11
 0.000000e+00 1.000000e+00 0.000000e+00 0.000000e+00 0.000000e+00 0.000000e+00 0.000000e+00 0.000000e+00 0.000000e+00 0.000000e+00 0.000000e+00
 0.000000e+00 9.000000e-01 9.999999e-02 0.000000e+00 0.000000e+00 0.000000e+00 0.000000e+00 0.000000e+00 0.000000e+00 0.000000e+00 0.000000e+00
 0.000000e+00 0.000000e+00 9.000000e-01 9.999999e-02 0.000000e+00 0.000000e+00 0.000000e+00 0.000000e+00 0.000000e+00 0.000000e+00 0.000000e+00
 0.000000e+00 0.000000e+00 0.000000e+00 9.000000e-01 9.999999e-02 0.000000e+00 0.000000e+00 0.000000e+00 0.000000e+00 0.000000e+00 0.000000e+00
 0.000000e+00 0.000000e+00 0.000000e+00 0.000000e+00 9.000000e-01 9.999999e-02 0.000000e+00 0.000000e+00 0.000000e+00 0.000000e+00 0.000000e+00
 0.000000e+00 0.000000e+00 0.000000e+00 0.000000e+00 0.000000e+00 9.000000e-01 9.999999e-02 0.000000e+00 0.000000e+00 0.000000e+00 0.000000e+00
 0.000000e+00 0.000000e+00 0.000000e+00 0.000000e+00 0.000000e+00 0.000000e+00 9.000000e-01 9.999999e-02 0.000000e+00 0.000000e+00 0.000000e+00
 0.000000e+00 0.000000e+00 0.000000e+00 0.000000e+00 0.000000e+00 0.000000e+00 0.000000e+00 9.000000e-01 9.999999e-02 0.000000e+00 0.000000e+00
 0.000000e+00 0.000000e+00 0.000000e+00 0.000000e+00 0.000000e+00 0.000000e+00 0.000000e+00 0.000000e+00 9.000000e-01 9.999999e-02 0.000000e+00
 0.000000e+00 0.000000e+00 0.000000e+00 0.000000e+00 0.000000e+00 0.000000e+00 0.000000e+00 0.000000e+00 0.000000e+00 9.000000e-01 9.999999e-02
 0.000000e+00 0.000000e+00 0.000000e+00 0.000000e+00 0.000000e+00 0.000000e+00 0.000000e+00 0.000000e+00 0.000000e+00 0.000000e+00 0.000000e+00
<ENDHMM>
