~o
<STREAMINFO> 1 12
<VECSIZE> 12<NULLD><MFCC_Z><DIAGC>
~h "s062"
<BEGINHMM>
<NUMSTATES> 11
<STATE> 2
<MEAN> 12
 -9.761176e+00 5.037320e+00 3.951299e+00 1.532770e+00 1.652855e+00 1.301714e-01 1.207239e+01 -1.039865e+01 -1.249708e-01 2.942324e+00 -5.103433e+00 1.237231e+00
<VARIANCE> 12
 7.342113e+01 6.256475e+01 1.911460e+01 1.986946e+01 1.282786e+02 1.890699e+01 2.284795e+01 1.007159e+01 1.007911e+01 4.786895e+01 2.010666e+01 1.653876e+01
<GCONST> 6.164457e+01
<STATE> 3
<MEAN> 12
 5.111446e-01 -1.061681e+01 -1.015531e+01 1.555459e+01 4.166032e+00 -7.848263e+00 -2.311116e+00 -2.728212e+00 -6.701778e+00 -2.314312e+00 1.750561e+00 4.503920e+00
<VARIANCE> 12
 6.916213e+00 1.020239e+01 3.157372e+01 2.748950e+01 1.448986e+01 4.396167e+01 1.355007e+01 1.327705e+01 1.039414e+02 1.613447e+01 3.494614e+01 6.946415e+00
<GCONST> 5.764316e+01
<STATE> 4
<MEAN> 12
 7.254374e+00 -3.538016e+00 -1.467743e+01 7.727545e+00 8.127607e-01 -6.486202e+00 -5.344360e+00 -4.850854e+00 5.499600e+00 5.553948e+00 -2.320369e+00 -2.161805e+00
<VARIANCE> 12
 5.245930e+00 1.020239e+01 1.923674e+01 1.986946e+01 1.412430e+01 4.325952e+01 1.353317e+01 6.014378e+01 1.061475e+01 3.947113e+01 4.990724e+01 1.017923e+01
<GCONST> 5.736593e+01
<STATE> 5
<MEAN> 12
 4.898758e-02 -8.670115e+00 3.041642e+00 2.171340e+00 -1.196444e+01 -7.053067e+00 -1.766048e+00 9.922062e+00 -8.793488e+00 1.224613e+01 -3.516434e+00 -1.078621e+01
<VARIANCE> 12
 5.245930e+00 1.020239e+01 1.324065e+01 1.986946e+01 8.566307e+00 6.195023e+01 8.473109e+00 1.059499e+01 2.799666e+01 3.708429e+01 6.577999e+00 6.946415e+00
<GCONST> 5.314576e+01
<STATE> 6
<MEAN> 12
 -3.244974e+00 -7.227151e-01 5.448033e+00 -7.805848e+00 -6.457942e+00 9.758779e-01 -5.935187e+00 8.475763e+00 -6.467023e+00 -1.485666e-02 -4.839651e+00 2.196145e+00
<VARIANCE> 12
 5.245930e+00 1.592781e+01 1.324065e+01 1.986946e+01 8.566307e+00 1.715300e+01 8.473109e+00 1.007159e+01 8.873531e+00 2.057460e+01 6.331514e+00 7.151446e+00
<GCONST> 5.050913e+01
<STATE> 7
<MEAN> 12
 -8.827466e-01 7.670880e+00 4.089347e+00 -5.152270e+00 -4.806491e+00 -4.391729e+00 -1.873328e+00 4.500031e+00 1.682567e+00 -4.857416e-01 2.407177e+00 -5.739954e+00
<VARIANCE> 12
 5.245930e+00 1.066463e+01 1.324065e+01 4.704297e+01 8.566307e+00 1.715300e+01 1.635311e+01 2.681017e+01 1.389822e+01 7.251026e+00 1.999909e+01 1.773966e+01
<GCONST> 5.407087e+01
<STATE> 8
<MEAN> 12
 -4.438468e+00 2.752219e+00 3.880286e+00 -1.596709e+01 1.818081e+00 2.617267e+00 -4.821475e+00 5.910086e+00 8.363755e-01 -7.207127e+00 3.422949e+00 3.757327e+00
<VARIANCE> 12
 5.245930e+00 1.547147e+01 1.324065e+01 1.986946e+01 8.566307e+00 1.715300e+01 8.473109e+00 1.007159e+01 8.873531e+00 7.251026e+00 8.182998e+00 7.798001e+00
<GCONST> 4.978022e+01
<STATE> 9
<MEAN> 12
 -4.795275e-01 -3.493531e+00 3.992546e+00 -1.073052e+01 7.716949e+00 1.057198e+01 -8.233234e-01 -2.250464e+00 2.345343e+00 -4.533108e+00 -1.926779e+00 7.842787e+00
<VARIANCE> 12
 5.245930e+00 1.020239e+01 1.324065e+01 1.986946e+01 8.566307e+00 1.715300e+01 8.473109e+00 1.364719e+01 8.873531e+00 7.251026e+00 6.331514e+00 6.946415e+00
<GCONST> 4.929550e+01
<STATE> 10
<MEAN> 12
 3.348853e+00 6.810501e-01 5.313148e+00 8.160594e-01 3.803566e+00 1.408593e+01 7.707382e+00 -2.898221e+00 2.696210e+00 -1.219911e+00 1.189800e+00 3.038854e+00
<VARIANCE> 12
 5.245930e+00 1.020239e+01 1.324065e+01 2.099528e+01 1.116848e+01 1.715300e+01 1.024811e+01 1.201871e+01 1.969061e+01 2.420542e+01 3.013315e+01 7.545110e+00
<GCONST> 5.332426e+01
<TRANSP> 11
 0.000000e+00 1.000000e+00 0.000000e+00 0.000000e+00 0.000000e+00 0.000000e+00 0.000000e+00 0.000000e+00 0.000000e+00 0.000000e+00 0.000000e+00
 0.000000e+00 8.117170e-01 1.882830e-01 0.000000e+00 0.000000e+00 0.000000e+00 0.000000e+00 0.000000e+00 0.000000e+00 0.000000e+00 0.000000e+00
 0.000000e+00 0.000000e+00 8.968436e-01 1.031565e-01 0.000000e+00 0.000000e+00 0.000000e+00 0.000000e+00 0.000000e+00 0.000000e+00 0.000000e+00
 0.000000e+00 0.000000e+00 0.000000e+00 8.748691e-01 1.251309e-01 0.000000e+00 0.000000e+00 0.000000e+00 0.000000e+00 0.000000e+00 0.000000e+00
 0.000000e+00 0.000000e+00 0.000000e+00 0.000000e+00 6.528288e-01 3.471712e-01 0.000000e+00 0.000000e+00 0.000000e+00 0.000000e+00 0.000000e+00
 0.000000e+00 0.000000e+00 0.000000e+00 0.000000e+00 0.000000e+00 7.551448e-01 2.448553e-01 0.000000e+00 0.000000e+00 0.000000e+00 0.000000e+00
 0.000000e+00 0.000000e+00 0.000000e+00 0.000000e+00 0.000000e+00 0.000000e+00 9.413626e-01 5.863736e-02 0.000000e+00 0.000000e+00 0.000000e+00
 0.000000e+00 0.000000e+00 0.000000e+00 0.000000e+00 0.000000e+00 0.000000e+00 0.000000e+00 7.502266e-01 2.497734e-01 0.000000e+00 0.000000e+00
 0.000000e+00 0.000000e+00 0.000000e+00 0.000000e+00 0.000000e+00 0.000000e+00 0.000000e+00 0.000000e+00 7.949325e-01 2.050675e-01 0.000000e+00
 0.000000e+00 0.000000e+00 0.000000e+00 0.000000e+00 0.000000e+00 0.000000e+00 0.000000e+00 0.000000e+00 0.000000e+00 9.099480e-01 9.005202e-02
 0.000000e+00 0.000000e+00 0.000000e+00 0.000000e+00 0.000000e+00 0.000000e+00 0.000000e+00 0.000000e+00 0.000000e+00 0.000000e+00 0.000000e+00
<ENDHMM>
