~o
<STREAMINFO> 1 12
<VECSIZE> 12<NULLD><MFCC_Z><DIAGC>
~h "s080"
<BEGINHMM>
<NUMSTATES> 7
<STATE> 2
<MEAN> 12
 4.477418e+00 -2.417481e+00 -5.693450e+00 9.998653e+00 3.005623e+00 9.233519e-01 7.285212e+00 -6.028817e+00 5.643403e+00 -2.061131e+00 4.662967e-01 -6.580078e-01
<VARIANCE> 12
 1.320514e+01 2.098680e+01 4.426730e+01 2.576833e+01 7.297072e+01 6.210200e+00 1.111561e+01 1.321275e+01 3.988750e+01 1.613820e+01 1.946194e+01 1.642457e+01
<GCONST> 5.805869e+01
<STATE> 3
<MEAN> 12
 -8.418215e-01 -8.729322e+00 -9.654613e+00 1.098963e+01 2.247202e+00 -9.951710e-01 4.053950e-01 -2.835953e+00 -2.767074e-01 -7.415511e+00 -3.442981e+00 3.197931e+00
<VARIANCE> 12
 5.487878e+00 1.184551e+01 2.501506e+01 4.884349e+01 2.466416e+01 2.246729e+01 1.320256e+01 1.321275e+01 1.671785e+01 8.721093e+00 6.830147e+00 9.651745e+00
<GCONST> 5.398683e+01
<STATE> 4
<MEAN> 12
 2.972661e+00 -4.549290e+00 4.850732e-01 -3.286117e+00 -3.420734e-01 -3.609877e+00 1.115072e+00 2.698990e+00 -8.002398e+00 -3.888072e+00 -3.051862e+00 7.348717e-01
<VARIANCE> 12
 5.487878e+00 1.184551e+01 1.762247e+01 2.576833e+01 6.059518e+00 2.213377e+01 6.157414e+00 1.828892e+01 6.039207e+00 8.721093e+00 5.583248e+00 8.522787e+00
<GCONST> 4.979655e+01
<STATE> 5
<MEAN> 12
 -7.093822e+00 9.786371e+00 8.799102e+00 -1.404740e+01 -4.213891e+00 1.016152e+00 -5.583343e+00 1.166689e+01 -7.193941e-01 5.717481e+00 1.875714e+00 -4.109766e+00
<VARIANCE> 12
 5.487878e+00 1.440528e+01 1.547887e+01 2.576833e+01 6.059518e+00 6.425375e+00 1.320146e+01 1.369951e+01 7.381892e+00 1.240936e+01 3.795212e+01 1.494910e+01
<GCONST> 5.213132e+01
<STATE> 6
<MEAN> 12
 4.561541e+00 3.733714e+00 6.589198e+00 -3.984571e+00 -1.459071e-01 1.157117e+00 -7.729562e-01 -7.371245e+00 4.414243e-01 6.634298e+00 3.452334e+00 1.337781e+00
<VARIANCE> 12
 8.803317e+00 1.184551e+01 1.547887e+01 3.092276e+01 6.059518e+00 7.955746e+00 1.088431e+01 1.557279e+01 1.620279e+01 8.721093e+00 1.780908e+01 7.232378e+00
<GCONST> 5.169015e+01
<TRANSP> 7
 0.000000e+00 1.000000e+00 0.000000e+00 0.000000e+00 0.000000e+00 0.000000e+00 0.000000e+00
 0.000000e+00 8.846605e-01 1.153395e-01 0.000000e+00 0.000000e+00 0.000000e+00 0.000000e+00
 0.000000e+00 0.000000e+00 9.181431e-01 8.185689e-02 0.000000e+00 0.000000e+00 0.000000e+00
 0.000000e+00 0.000000e+00 0.000000e+00 8.044463e-01 1.955537e-01 0.000000e+00 0.000000e+00
 0.000000e+00 0.000000e+00 0.000000e+00 0.000000e+00 9.164659e-01 8.353413e-02 0.000000e+00
 0.000000e+00 0.000000e+00 0.000000e+00 0.000000e+00 0.000000e+00 8.892416e-01 1.107584e-01
 0.000000e+00 0.000000e+00 0.000000e+00 0.000000e+00 0.000000e+00 0.000000e+00 0.000000e+00
<ENDHMM>
