~o
<STREAMINFO> 1 39
<VECSIZE> 39<NULLD><MFCC_E_D_A_Z><DIAGC>
~h "s000"
<BEGINHMM>
<NUMSTATES> 3
<STATE> 2
<MEAN> 39
 3.304812e-08 -1.091768e-06 -1.227502e-07 -5.287699e-07 -7.553856e-08 -2.643850e-07 -1.057540e-06 -3.399236e-07 -1.652406e-07 3.776928e-08 -1.062261e-07 -1.133078e-07 6.817582e-01 1.362046e-03 -9.321910e-02 -5.596270e-02 1.371485e-01 2.056533e-01 1.759652e-01 8.867437e-02 -6.786574e-02 2.471717e-02 -8.515123e-02 1.546504e-01 2.191786e-03 -3.748520e-03 1.395551e-02 5.361816e-03 -9.813403e-05 2.580953e-03 2.058005e-02 -1.708541e-02 1.736266e-02 -1.554351e-02 8.965654e-03 1.062542e-03 -1.112192e-03 1.744359e-02 -5.743371e-05
<VARIANCE> 39
 1.512198e+01 9.396394e+01 2.908945e+01 3.716953e+01 4.863181e+01 5.062870e+01 7.671664e+01 5.649564e+01 3.292985e+01 4.730989e+01 3.353781e+01 2.846856e+01 2.671102e-02 1.436016e+00 2.201260e+00 2.162500e+00 2.678456e+00 2.618783e+00 3.875141e+00 3.700713e+00 3.806266e+00 3.513061e+00 3.063677e+00 3.900431e+00 2.696165e+00 1.695105e-03 2.412287e-01 2.732975e-01 2.960321e-01 4.667336e-01 4.156378e-01 7.253988e-01 6.406733e-01 7.148821e-01 6.328514e-01 5.319927e-01 8.110384e-01 5.803423e-01 2.728676e-04
<GCONST> 1.021869e+02
<TRANSP> 3
 0.000000e+00 1.000000e+00 0.000000e+00
 0.000000e+00 9.900990e-01 9.900991e-03
 0.000000e+00 0.000000e+00 0.000000e+00
<ENDHMM>
