~o
<STREAMINFO> 1 12
<VECSIZE> 12<NULLD><MFCC_Z><DIAGC>
~h "s033"
<BEGINHMM>
<NUMSTATES> 8
<STATE> 2
<MEAN> 12
 -1.231119e+00 -1.084507e+01 9.451550e+00 3.159763e+00 3.235002e-01 -7.374151e+00 -1.413652e+00 -1.545975e+00 -5.872907e+00 5.272878e+00 2.487459e+00 -2.381499e-01
<VARIANCE> 12
 8.400753e+00 8.007837e+00 1.546586e+01 1.746736e+01 4.846476e+00 2.602513e+01 6.494023e+00 4.140147e+01 1.239062e+01 4.792448e+00 1.461187e+01 7.584152e+00
<GCONST> 5.108563e+01
<STATE> 3
<MEAN> 12
 -9.611424e-01 -2.779708e+00 4.366385e+00 2.074367e+00 -2.116606e+00 5.052832e+00 4.369421e+00 -5.679747e+00 1.943869e+00 2.665237e+00 5.183282e+00 -4.643548e+00
<VARIANCE> 12
 2.683097e+01 3.136712e+01 1.546586e+01 1.801866e+01 6.817133e+00 1.829015e+01 4.580305e+01 2.364567e+01 2.971981e+01 2.254120e+01 3.500719e+01 1.577393e+01
<GCONST> 5.905429e+01
<STATE> 4
<MEAN> 12
 -1.354178e+01 1.004918e+01 6.166493e+00 -7.254076e+00 5.595708e+00 1.397334e+00 2.538980e+00 3.532385e+00 7.617383e+00 2.624623e+00 2.419315e+00 -1.290386e-01
<VARIANCE> 12
 2.465413e+01 8.007837e+00 2.748335e+01 4.596175e+01 3.753735e+01 1.644297e+01 4.587567e+01 3.115363e+01 3.524423e+01 3.802239e+01 1.362566e+01 2.849413e+01
<GCONST> 6.133351e+01
<STATE> 5
<MEAN> 12
 -1.461678e+00 4.224311e+00 8.553323e+00 -6.266698e+00 -9.736443e+00 -4.740849e+00 -4.946826e+00 9.347303e+00 -5.287848e+00 -2.524347e+00 -2.884683e+00 -1.291025e+00
<VARIANCE> 12
 8.400753e+00 2.262600e+01 5.260869e+01 5.080001e+01 3.277652e+01 7.201185e+00 1.164317e+01 2.778065e+01 1.272715e+02 1.044439e+01 2.109535e+01 6.658456e+01
<GCONST> 6.087565e+01
<STATE> 6
<MEAN> 12
 3.284379e+00 -7.189196e-01 -9.776691e+00 8.673432e-01 1.886978e+00 -6.443755e+00 1.281496e+00 7.681789e+00 -7.351729e+00 -5.929255e+00 -3.866930e+00 1.200632e+01
<VARIANCE> 12
 8.400753e+00 8.007837e+00 1.546586e+01 5.385182e+00 7.724890e+00 7.475625e+00 9.050886e+00 2.126026e+01 3.386833e+01 1.464395e+01 1.433968e+01 9.430726e+00
<GCONST> 5.111486e+01
<STATE> 7
<MEAN> 12
 7.576305e+00 2.924735e+00 -1.178262e+01 1.968947e+00 9.804324e-01 4.873815e+00 -1.903552e+00 -2.887664e+00 3.251840e+00 -3.683437e+00 -3.914424e+00 -5.181571e-01
<VARIANCE> 12
 8.400753e+00 8.007837e+00 2.802598e+01 7.290578e+00 4.138128e+00 2.660734e+01 6.880531e+00 1.531513e+01 2.966836e+01 1.089572e+01 1.534613e+01 3.610847e+01
<GCONST> 5.303778e+01
<TRANSP> 8
 0.000000e+00 1.000000e+00 0.000000e+00 0.000000e+00 0.000000e+00 0.000000e+00 0.000000e+00 0.000000e+00
 0.000000e+00 9.021960e-01 9.780401e-02 0.000000e+00 0.000000e+00 0.000000e+00 0.000000e+00 0.000000e+00
 0.000000e+00 0.000000e+00 8.973455e-01 1.026544e-01 0.000000e+00 0.000000e+00 0.000000e+00 0.000000e+00
 0.000000e+00 0.000000e+00 0.000000e+00 8.677042e-01 1.322959e-01 0.000000e+00 0.000000e+00 0.000000e+00
 0.000000e+00 0.000000e+00 0.000000e+00 0.000000e+00 8.041686e-01 1.958314e-01 0.000000e+00 0.000000e+00
 0.000000e+00 0.000000e+00 0.000000e+00 0.000000e+00 0.000000e+00 8.096352e-01 1.903648e-01 0.000000e+00
 0.000000e+00 0.000000e+00 0.000000e+00 0.000000e+00 0.000000e+00 0.000000e+00 9.338437e-01 6.615627e-02
 0.000000e+00 0.000000e+00 0.000000e+00 0.000000e+00 0.000000e+00 0.000000e+00 0.000000e+00 0.000000e+00
<ENDHMM>
