~o
<STREAMINFO> 1 12
<VECSIZE> 12<NULLD><MFCC_Z><DIAGC>
~h "s058"
<BEGINHMM>
<NUMSTATES> 11
<STATE> 2
<MEAN> 12
 2.458130e-01 1.323610e+01 5.415835e+00 -1.212879e+01 -7.070509e+00 -1.161179e+01 1.014913e+01 4.227104e+00 1.597773e+00 1.099869e+01 -5.772758e+00 -1.763612e-02
<VARIANCE> 12
 6.259640e+00 1.967873e+01 4.296613e+01 6.296027e+00 3.700036e+01 2.340272e+01 9.771552e+00 2.169657e+01 8.442043e+00 1.451394e+01 1.578888e+01 6.760282e+00
<GCONST> 5.406763e+01
<STATE> 3
<MEAN> 12
 -9.629442e-03 1.551051e+00 -9.676453e+00 -5.419923e-01 1.113384e+01 -8.087622e+00 5.658559e+00 -4.026518e+00 6.402120e+00 -3.849896e+00 3.288154e+00 2.655271e+00
<VARIANCE> 12
 7.078526e+00 1.014281e+01 1.277861e+01 4.691558e+00 1.230702e+01 2.340272e+01 9.771552e+00 1.000802e+01 2.121202e+01 6.788781e+00 1.331907e+01 1.617754e+01
<GCONST> 5.101044e+01
<STATE> 4
<MEAN> 12
 1.597253e+00 8.284599e+00 -8.601122e+00 -1.644979e+00 -1.343231e+00 -6.780161e+00 2.327249e+00 2.510411e+00 5.804541e+00 -2.760299e-01 -4.642680e+00 7.646857e+00
<VARIANCE> 12
 5.418013e+00 1.063017e+01 1.156325e+01 4.691558e+00 2.350894e+01 2.340272e+01 1.026398e+01 1.735365e+01 1.909981e+01 9.019201e+00 1.331907e+01 3.493719e+01
<GCONST> 5.288600e+01
<STATE> 5
<MEAN> 12
 -5.451870e+00 2.036462e+00 -2.783086e+00 1.614097e+00 -7.321931e-01 -4.565361e+00 5.490792e+00 -4.171683e+00 -3.373899e+00 4.186039e+00 -3.007538e+00 5.442846e-01
<VARIANCE> 12
 4.197685e+00 1.014281e+01 9.984484e+00 5.507690e+00 1.230702e+01 2.340272e+01 9.771552e+00 1.236553e+01 8.830380e+00 8.158756e+00 1.331907e+01 1.791468e+01
<GCONST> 5.002252e+01
<STATE> 6
<MEAN> 12
 4.147292e-01 1.194089e+00 3.044388e+00 4.606071e+00 8.340476e-01 -6.830635e+00 1.254008e+00 -5.232858e+00 8.118526e-01 1.382070e+00 -1.003524e+01 -4.258538e+00
<VARIANCE> 12
 6.303827e+00 1.014281e+01 9.984484e+00 1.590038e+01 1.261018e+01 2.340272e+01 2.254783e+01 2.938905e+01 2.615893e+01 8.891378e+00 1.331907e+01 1.242411e+01
<GCONST> 5.402155e+01
<STATE> 7
<MEAN> 12
 2.534680e+00 -6.972282e+00 4.610849e+00 2.229769e+00 7.007435e+00 -4.916808e+00 -6.163608e+00 9.691284e+00 -5.801436e+00 5.337309e+00 -4.632674e-01 -9.052762e-01
<VARIANCE> 12
 5.558949e+00 1.271442e+01 9.984484e+00 3.164700e+01 1.230702e+01 2.340272e+01 9.771552e+00 2.736335e+01 4.639750e+01 6.788781e+00 2.388792e+01 2.799200e+01
<GCONST> 5.557786e+01
<STATE> 8
<MEAN> 12
 -1.799395e+00 -9.593813e+00 5.863459e+00 -3.275214e+00 6.059716e+00 5.652057e+00 -1.034469e+01 1.172915e+01 -9.755856e+00 2.356838e+00 1.275313e+01 1.643003e+00
<VARIANCE> 12
 2.342603e+00 1.014281e+01 9.984484e+00 4.691558e+00 2.386096e+01 2.340272e+01 9.771552e+00 1.500748e+01 2.857549e+01 3.086624e+01 4.061415e+01 1.073546e+01
<GCONST> 5.324236e+01
<STATE> 9
<MEAN> 12
 -1.190061e+00 -9.696829e+00 5.943922e+00 2.928907e-01 -6.351475e+00 1.401330e+01 -1.130890e+01 4.896235e+00 -1.355452e+00 -3.738103e+00 1.274315e+01 -2.572106e+00
<VARIANCE> 12
 3.955942e+00 1.014281e+01 9.984484e+00 4.691558e+00 1.934588e+01 2.353968e+01 9.771552e+00 3.619372e+01 8.442043e+00 1.015049e+01 3.112965e+01 6.784143e+00
<GCONST> 5.138633e+01
<STATE> 10
<MEAN> 12
 3.062292e+00 -3.821729e+00 5.572242e+00 2.324084e+00 -9.353151e+00 1.764983e+01 -3.304279e+00 -3.760060e+00 -8.215255e-01 -5.754212e+00 1.198412e+00 -4.852034e+00
<VARIANCE> 12
 5.925361e+00 2.175125e+01 9.984484e+00 1.227189e+01 1.230702e+01 2.340272e+01 1.216454e+01 1.000802e+01 8.442043e+00 2.270067e+01 1.331907e+01 1.814977e+01
<GCONST> 5.293019e+01
<TRANSP> 11
 0.000000e+00 1.000000e+00 0.000000e+00 0.000000e+00 0.000000e+00 0.000000e+00 0.000000e+00 0.000000e+00 0.000000e+00 0.000000e+00 0.000000e+00
 0.000000e+00 7.478100e-01 2.521901e-01 0.000000e+00 0.000000e+00 0.000000e+00 0.000000e+00 0.000000e+00 0.000000e+00 0.000000e+00 0.000000e+00
 0.000000e+00 0.000000e+00 8.979836e-01 1.020163e-01 0.000000e+00 0.000000e+00 0.000000e+00 0.000000e+00 0.000000e+00 0.000000e+00 0.000000e+00
 0.000000e+00 0.000000e+00 0.000000e+00 8.879534e-01 1.120466e-01 0.000000e+00 0.000000e+00 0.000000e+00 0.000000e+00 0.000000e+00 0.000000e+00
 0.000000e+00 0.000000e+00 0.000000e+00 0.000000e+00 8.763171e-01 1.236829e-01 0.000000e+00 0.000000e+00 0.000000e+00 0.000000e+00 0.000000e+00
 0.000000e+00 0.000000e+00 0.000000e+00 0.000000e+00 0.000000e+00 8.976671e-01 1.023329e-01 0.000000e+00 0.000000e+00 0.000000e+00 0.000000e+00
 0.000000e+00 0.000000e+00 0.000000e+00 0.000000e+00 0.000000e+00 0.000000e+00 6.083614e-01 3.916386e-01 0.000000e+00 0.000000e+00 0.000000e+00
 0.000000e+00 0.000000e+00 0.000000e+00 0.000000e+00 0.000000e+00 0.000000e+00 0.000000e+00 8.645134e-01 1.354866e-01 0.000000e+00 0.000000e+00
 0.000000e+00 0.000000e+00 0.000000e+00 0.000000e+00 0.000000e+00 0.000000e+00 0.000000e+00 0.000000e+00 7.311206e-01 2.688794e-01 0.000000e+00
 0.000000e+00 0.000000e+00 0.000000e+00 0.000000e+00 0.000000e+00 0.000000e+00 0.000000e+00 0.000000e+00 0.000000e+00 9.152327e-01 8.476738e-02
 0.000000e+00 0.000000e+00 0.000000e+00 0.000000e+00 0.000000e+00 0.000000e+00 0.000000e+00 0.000000e+00 0.000000e+00 0.000000e+00 0.000000e+00
<ENDHMM>
