~o
<STREAMINFO> 1 12
<VECSIZE> 12<NULLD><MFCC_Z><DIAGC>
~h "s052"
<BEGINHMM>
<NUMSTATES> 12
<STATE> 2
<MEAN> 12
 -7.455652e+00 6.828895e-01 4.085121e-01 8.820529e+00 2.909076e-01 6.818265e-01 2.491603e+00 9.666964e+00 4.714872e+00 2.933980e+00 6.590074e+00 1.811045e-01
<VARIANCE> 12
 8.118052e+01 9.356694e+00 3.836343e+01 4.378531e+01 1.505393e+01 7.666856e+01 1.424113e+02 4.650755e+01 4.282083e+01 4.635186e+01 6.449064e+01 3.343462e+01
<GCONST> 6.723255e+01
<STATE> 3
<MEAN> 12
 -3.620938e-01 5.816021e-01 -3.166927e+00 2.429796e+00 -2.523536e+00 -3.818741e+00 -5.792947e+00 7.407473e+00 -6.930018e-01 -1.836610e+00 7.264061e-03 -4.072235e+00
<VARIANCE> 12
 6.765115e+01 9.296190e+00 5.024974e+01 1.009953e+02 1.932586e+01 8.966154e+01 1.233217e+02 8.521452e+01 3.302611e+01 3.961645e+01 7.573056e+01 4.129036e+01
<GCONST> 6.897238e+01
<STATE> 4
<MEAN> 12
 1.386372e+00 1.301346e+00 -3.543591e+00 -4.078146e+00 -5.274096e+00 -2.985462e+00 -6.371964e+00 4.736766e+00 -2.759844e+00 -3.598146e+00 -3.888757e+00 -4.547784e+00
<VARIANCE> 12
 2.985321e+01 9.472477e+00 4.268930e+01 9.516570e+01 2.248016e+01 9.201453e+01 8.714529e+01 1.140746e+02 2.176291e+01 2.171271e+01 3.590440e+01 3.935174e+01
<GCONST> 6.625928e+01
<STATE> 5
<MEAN> 12
 6.098372e-01 1.367045e+00 -3.094689e+00 -7.080675e+00 -6.957012e+00 7.576325e-03 -2.252612e+00 9.272827e-01 -3.194043e+00 -3.657790e+00 -4.121111e+00 -2.157614e+00
<VARIANCE> 12
 1.540429e+01 8.987702e+00 2.926321e+01 6.299902e+01 2.527004e+01 8.284502e+01 8.788551e+01 1.196649e+02 2.110573e+01 1.856092e+01 2.417735e+01 3.961359e+01
<GCONST> 6.424699e+01
<STATE> 6
<MEAN> 12
 5.908822e-02 1.153105e+00 -2.866375e+00 -6.791226e+00 -6.811685e+00 1.159912e+00 1.334796e+00 -1.833220e+00 -3.118659e+00 -3.489956e+00 -2.958670e+00 2.105072e-01
<VARIANCE> 12
 9.745149e+00 8.259840e+00 2.029295e+01 4.810708e+01 3.418333e+01 6.099991e+01 7.189735e+01 9.212012e+01 2.574562e+01 2.238188e+01 2.488600e+01 3.033307e+01
<GCONST> 6.275040e+01
<STATE> 7
<MEAN> 12
 2.936739e-02 1.026148e+00 -1.679352e+00 -4.688970e+00 -4.483827e+00 9.305218e-01 3.049008e+00 -2.190008e+00 -2.173676e+00 -2.801299e+00 -1.720515e+00 1.491937e+00
<VARIANCE> 12
 9.616212e+00 9.330011e+00 2.194355e+01 5.831068e+01 4.665369e+01 4.241423e+01 6.626392e+01 7.228236e+01 3.214701e+01 3.542410e+01 2.451766e+01 2.336708e+01
<GCONST> 6.315836e+01
<STATE> 8
<MEAN> 12
 5.522171e-01 3.852711e-01 9.587654e-01 -8.926085e-01 -4.968747e-01 5.455647e-01 4.083848e+00 -2.254960e+00 -1.516070e-01 -2.365970e-01 -8.806678e-01 2.039076e+00
<VARIANCE> 12
 1.138137e+01 1.384986e+01 2.785385e+01 8.873498e+01 5.273721e+01 2.887802e+01 7.214692e+01 6.408226e+01 3.418561e+01 6.004089e+01 2.175088e+01 2.139370e+01
<GCONST> 6.446426e+01
<STATE> 9
<MEAN> 12
 1.448974e+00 -1.397207e+00 3.957696e+00 3.899859e+00 4.293949e+00 2.409509e-01 4.072249e+00 -3.935857e+00 2.158096e+00 4.017060e+00 -5.684666e-02 2.648788e+00
<VARIANCE> 12
 1.102741e+01 1.792021e+01 2.471721e+01 9.558170e+01 5.197534e+01 2.270192e+01 7.513988e+01 5.296978e+01 2.786137e+01 6.988375e+01 2.020467e+01 2.049045e+01
<GCONST> 6.407056e+01
<STATE> 10
<MEAN> 12
 1.856445e+00 -3.139514e+00 5.260636e+00 5.640862e+00 9.336488e+00 7.548358e-01 9.853252e-01 -6.174814e+00 3.245858e+00 6.384045e+00 2.037194e+00 3.343008e+00
<VARIANCE> 12
 8.722399e+00 1.421153e+01 1.615494e+01 7.521231e+01 4.401175e+01 2.134396e+01 7.309199e+01 3.139188e+01 2.032078e+01 5.736386e+01 2.381024e+01 2.275612e+01
<GCONST> 6.191652e+01
<STATE> 11
<MEAN> 12
 1.875371e+00 -1.960685e+00 3.765257e+00 2.740719e+00 1.262566e+01 2.482976e+00 -1.599059e+00 -6.349631e+00 1.972060e+00 2.285276e+00 4.992069e+00 8.631963e-01
<VARIANCE> 12
 6.353132e+00 1.359939e+01 1.007894e+01 5.175050e+01 3.094737e+01 1.821636e+01 4.564273e+01 1.945134e+01 1.956706e+01 5.944033e+01 1.580131e+01 3.898839e+01
<GCONST> 5.937592e+01
<TRANSP> 12
 0.000000e+00 1.000000e+00 0.000000e+00 0.000000e+00 0.000000e+00 0.000000e+00 0.000000e+00 0.000000e+00 0.000000e+00 0.000000e+00 0.000000e+00 0.000000e+00
 0.000000e+00 8.684210e-01 1.315790e-01 0.000000e+00 0.000000e+00 0.000000e+00 0.000000e+00 0.000000e+00 0.000000e+00 0.000000e+00 0.000000e+00 0.000000e+00
 0.000000e+00 0.000000e+00 8.684210e-01 1.315790e-01 0.000000e+00 0.000000e+00 0.000000e+00 0.000000e+00 0.000000e+00 0.000000e+00 0.000000e+00 0.000000e+00
 0.000000e+00 0.000000e+00 0.000000e+00 8.684210e-01 1.315790e-01 0.000000e+00 0.000000e+00 0.000000e+00 0.000000e+00 0.000000e+00 0.000000e+00 0.000000e+00
 0.000000e+00 0.000000e+00 0.000000e+00 0.000000e+00 8.684211e-01 1.315789e-01 0.000000e+00 0.000000e+00 0.000000e+00 0.000000e+00 0.000000e+00 0.000000e+00
 0.000000e+00 0.000000e+00 0.000000e+00 0.000000e+00 0.000000e+00 8.684211e-01 1.315790e-01 0.000000e+00 0.000000e+00 0.000000e+00 0.000000e+00 0.000000e+00
 0.000000e+00 0.000000e+00 0.000000e+00 0.000000e+00 0.000000e+00 0.000000e+00 8.684210e-01 1.315790e-01 0.000000e+00 0.000000e+00 0.000000e+00 0.000000e+00
 0.000000e+00 0.000000e+00 0.000000e+00 0.000000e+00 0.000000e+00 0.000000e+00 0.000000e+00 8.684211e-01 1.315790e-01 0.000000e+00 0.000000e+00 0.000000e+00
 0.000000e+00 0.000000e+00 0.000000e+00 0.000000e+00 0.000000e+00 0.000000e+00 0.000000e+00 0.000000e+00 8.684210e-01 1.315789e-01 0.000000e+00 0.000000e+00
 0.000000e+00 0.000000e+00 0.000000e+00 0.000000e+00 0.000000e+00 0.000000e+00 0.000000e+00 0.000000e+00 0.000000e+00 8.684211e-01 1.315790e-01 0.000000e+00
 0.000000e+00 0.000000e+00 0.000000e+00 0.000000e+00 0.000000e+00 0.000000e+00 0.000000e+00 0.000000e+00 0.000000e+00 0.000000e+00 8.684211e-01 1.315790e-01
 0.000000e+00 0.000000e+00 0.000000e+00 0.000000e+00 0.000000e+00 0.000000e+00 0.000000e+00 0.000000e+00 0.000000e+00 0.000000e+00 0.000000e+00 0.000000e+00
<ENDHMM>
