~o
<STREAMINFO> 1 12
<VECSIZE> 12<NULLD><MFCC_Z><DIAGC>
~h "s037"
<BEGINHMM>
<NUMSTATES> 5
<STATE> 2
<MEAN> 12
 -1.459128e+00 -4.598078e+00 -1.047219e+01 6.132355e+00 9.645492e+00 -5.669214e+00 -5.504761e+00 5.344528e+00 -5.789206e+00 -2.555432e+00 -4.790019e+00 3.375199e+00
<VARIANCE> 12
 1.662419e+01 1.535575e+01 2.453685e+01 1.135629e+01 1.606265e+01 1.250947e+01 1.687805e+01 3.517368e+01 4.685859e+01 4.189157e+01 1.747021e+01 2.997918e+01
<GCONST> 5.875934e+01
<STATE> 3
<MEAN> 12
 4.528793e-01 5.502841e-01 7.974866e-01 -3.171726e+00 -1.972743e+00 4.035942e-01 1.028100e-01 -5.841110e+00 1.072824e-01 -5.428861e-03 4.037010e+00 -5.430190e+00
<VARIANCE> 12
 1.151988e+01 2.413069e+01 2.114825e+01 8.007240e+00 1.867399e+01 1.477092e+01 2.743720e+01 1.814790e+01 2.264515e+01 1.142593e+02 1.896104e+01 7.290709e+00
<GCONST> 5.743164e+01
<STATE> 4
<MEAN> 12
 5.162402e-01 2.698343e+00 6.702534e+00 -6.196261e-01 -4.660269e+00 3.662861e+00 3.909870e+00 3.220003e+00 4.112908e+00 1.880007e+00 -1.421831e+00 4.161546e+00
<VARIANCE> 12
 2.014886e+00 4.382268e+00 1.159451e+01 6.545180e+00 2.121034e+01 1.072419e+01 6.314565e+01 8.749416e+00 3.154239e+01 1.862919e+01 2.042031e+01 1.206749e+01
<GCONST> 5.218644e+01
<TRANSP> 5
 0.000000e+00 1.000000e+00 0.000000e+00 0.000000e+00 0.000000e+00
 0.000000e+00 8.778473e-01 1.221527e-01 0.000000e+00 0.000000e+00
 0.000000e+00 0.000000e+00 9.267210e-01 7.327898e-02 0.000000e+00
 0.000000e+00 0.000000e+00 0.000000e+00 9.104508e-01 8.954920e-02
 0.000000e+00 0.000000e+00 0.000000e+00 0.000000e+00 0.000000e+00
<ENDHMM>
