~o
<STREAMINFO> 1 12
<VECSIZE> 12<NULLD><MFCC_Z><DIAGC>
~h "s048"
<BEGINHMM>
<NUMSTATES> 10
<STATE> 2
<MEAN> 12
 -5.193555e+00 1.288486e+01 8.552929e+00 -1.966420e+00 -2.474858e+00 7.557136e+00 -3.055969e+00 3.677148e+00 1.184071e+01 -5.068817e+00 9.944513e+00 -3.653621e+00
<VARIANCE> 12
 6.134940e+00 3.426517e+01 4.865697e+00 4.304633e+01 2.842989e+01 2.440385e+01 7.203049e+01 1.876789e+01 4.348411e+01 1.406823e+01 2.487238e+01 1.287522e+01
<GCONST> 5.868394e+01
<STATE> 3
<MEAN> 12
 -8.140238e+00 -8.816063e+00 1.411891e+00 6.380754e+00 1.598037e+01 -3.402016e+00 9.007643e+00 -5.037645e+00 -4.625797e-01 2.171123e+00 1.212724e+01 -2.279662e+00
<VARIANCE> 12
 3.178385e+00 1.405168e+01 1.508452e+01 2.073364e+01 1.617422e+01 8.557605e+01 9.713818e+00 9.101698e+00 1.273096e+01 2.011768e+01 1.484752e+01 1.910397e+01
<GCONST> 5.450727e+01
<STATE> 4
<MEAN> 12
 1.047275e+00 -2.690190e+00 -7.410385e+00 -2.046284e+00 8.458417e+00 -5.850280e+00 2.965234e-01 -7.143356e-01 2.475718e-01 -1.013989e+00 5.653626e-01 9.114693e+00
<VARIANCE> 12
 1.493808e+01 1.408541e+01 6.704212e+00 3.776088e+01 1.318969e+01 1.336996e+01 9.713818e+00 1.807082e+01 1.690339e+01 4.688604e+00 1.909589e+01 1.813598e+01
<GCONST> 5.349790e+01
<STATE> 5
<MEAN> 12
 2.509833e+00 -3.765357e+00 -3.416436e+00 3.562689e+00 3.045649e+00 1.432230e+00 -6.958831e+00 1.894868e+00 3.771544e+00 1.488868e+00 -1.927541e+00 3.101142e+00
<VARIANCE> 12
 9.185163e+00 1.503868e+01 1.466750e+01 4.676076e+01 1.777309e+01 2.263925e+01 3.695732e+01 1.968029e+01 1.940996e+01 1.574670e+01 3.734938e+01 3.923709e+01
<GCONST> 5.911253e+01
<STATE> 6
<MEAN> 12
 2.557733e+00 -2.586913e+00 -3.493787e+00 4.813246e+00 2.402506e-01 -1.235114e+01 -6.351460e+00 1.062795e+01 5.668132e+00 -1.797090e+00 -1.209406e+01 -9.599790e+00
<VARIANCE> 12
 1.007751e+01 6.573214e+00 1.304846e+01 1.175514e+01 1.318969e+01 8.799467e+01 3.785312e+01 1.026632e+02 2.304159e+01 2.054486e+01 1.935764e+01 2.589195e+01
<GCONST> 5.897960e+01
<STATE> 7
<MEAN> 12
 -1.406473e+00 -6.167464e-01 -6.738306e-01 -1.334847e+00 -1.121175e+01 -3.414279e+00 8.483764e+00 1.157346e+01 -7.505047e+00 7.090239e+00 -4.942951e+00 -1.183729e+01
<VARIANCE> 12
 3.178385e+00 6.573214e+00 4.865697e+00 2.114501e+01 2.289457e+01 8.785516e+01 3.277645e+01 8.743622e+01 3.187027e+01 9.584702e+00 2.282595e+01 1.562505e+01
<GCONST> 5.689334e+01
<STATE> 8
<MEAN> 12
 2.235979e+00 2.107011e+00 1.797561e+00 -6.413062e+00 -8.054383e+00 -2.609129e+00 5.958948e+00 -6.993268e+00 -5.277157e+00 5.166994e-01 -4.352415e+00 -3.557293e-02
<VARIANCE> 12
 1.030043e+01 6.573214e+00 4.865697e+00 2.294558e+01 2.175955e+01 2.460159e+01 6.174907e+01 2.933244e+01 1.601735e+01 1.792380e+01 1.378597e+01 3.378568e+01
<GCONST> 5.657318e+01
<STATE> 9
<MEAN> 12
 2.449987e+00 2.854446e+00 4.876389e+00 8.763816e-01 -8.771680e+00 1.309979e+01 -3.853415e+00 -2.942569e+00 -7.152848e+00 -7.490921e-01 -1.187453e+00 6.480452e-01
<VARIANCE> 12
 3.178385e+00 6.573214e+00 5.644420e+00 1.308342e+01 1.318969e+01 2.460592e+01 9.713818e+00 9.035350e+00 8.284318e+00 5.867601e+00 9.539505e+00 1.020336e+01
<GCONST> 4.811500e+01
<TRANSP> 10
 0.000000e+00 1.000000e+00 0.000000e+00 0.000000e+00 0.000000e+00 0.000000e+00 0.000000e+00 0.000000e+00 0.000000e+00 0.000000e+00
 0.000000e+00 8.567621e-01 1.432379e-01 0.000000e+00 0.000000e+00 0.000000e+00 0.000000e+00 0.000000e+00 0.000000e+00 0.000000e+00
 0.000000e+00 0.000000e+00 8.446924e-01 1.553076e-01 0.000000e+00 0.000000e+00 0.000000e+00 0.000000e+00 0.000000e+00 0.000000e+00
 0.000000e+00 0.000000e+00 0.000000e+00 9.039688e-01 9.603124e-02 0.000000e+00 0.000000e+00 0.000000e+00 0.000000e+00 0.000000e+00
 0.000000e+00 0.000000e+00 0.000000e+00 0.000000e+00 9.007313e-01 9.926873e-02 0.000000e+00 0.000000e+00 0.000000e+00 0.000000e+00
 0.000000e+00 0.000000e+00 0.000000e+00 0.000000e+00 0.000000e+00 7.936659e-01 2.063340e-01 0.000000e+00 0.000000e+00 0.000000e+00
 0.000000e+00 0.000000e+00 0.000000e+00 0.000000e+00 0.000000e+00 0.000000e+00 7.358278e-01 2.641722e-01 0.000000e+00 0.000000e+00
 0.000000e+00 0.000000e+00 0.000000e+00 0.000000e+00 0.000000e+00 0.000000e+00 0.000000e+00 9.056592e-01 9.434082e-02 0.000000e+00
 0.000000e+00 0.000000e+00 0.000000e+00 0.000000e+00 0.000000e+00 0.000000e+00 0.000000e+00 0.000000e+00 8.871465e-01 1.128535e-01
 0.000000e+00 0.000000e+00 0.000000e+00 0.000000e+00 0.000000e+00 0.000000e+00 0.000000e+00 0.000000e+00 0.000000e+00 0.000000e+00
<ENDHMM>
