~o
<STREAMINFO> 1 12
<VECSIZE> 12<NULLD><MFCC_Z><DIAGC>
~h "s085"
<BEGINHMM>
<NUMSTATES> 10
<STATE> 2
<MEAN> 12
 -5.960464e-08 3.762543e-07 -1.043081e-07 -1.490116e-07 2.980232e-08 1.490116e-08 6.109476e-07 2.384186e-07 4.470348e-08 -7.823110e-08 3.129244e-07 2.235174e-08
<VARIANCE> 12
 4.099256e+01 9.841850e+01 8.458483e+01 9.488996e+01 3.064435e+01 5.616945e+01 3.800479e+01 7.690710e+01 4.443271e+01 3.262377e+01 3.596183e+01 3.663692e+01
<GCONST> 6.924128e+01
<STATE> 3
<MEAN> 12
 -5.960464e-08 3.762543e-07 -1.043081e-07 -1.490116e-07 2.980232e-08 1.490116e-08 6.109476e-07 2.384186e-07 4.470348e-08 -7.823110e-08 3.129244e-07 2.235174e-08
<VARIANCE> 12
 4.099256e+01 9.841850e+01 8.458483e+01 9.488996e+01 3.064435e+01 5.616945e+01 3.800479e+01 7.690710e+01 4.443271e+01 3.262377e+01 3.596183e+01 3.663692e+01
<GCONST> 6.924128e+01
<STATE> 4
<MEAN> 12
 -5.960464e-08 3.762543e-07 -1.043081e-07 -1.490116e-07 2.980232e-08 1.490116e-08 6.109476e-07 2.384186e-07 4.470348e-08 -7.823110e-08 3.129244e-07 2.235174e-08
<VARIANCE> 12
 4.099256e+01 9.841850e+01 8.458483e+01 9.488996e+01 3.064435e+01 5.616945e+01 3.800479e+01 7.690710e+01 4.443271e+01 3.262377e+01 3.596183e+01 3.663692e+01
<GCONST> 6.924128e+01
<STATE> 5
<MEAN> 12
 -5.960464e-08 3.762543e-07 -1.043081e-07 -1.490116e-07 2.980232e-08 1.490116e-08 6.109476e-07 2.384186e-07 4.470348e-08 -7.823110e-08 3.129244e-07 2.235174e-08
<VARIANCE> 12
 4.099256e+01 9.841850e+01 8.458483e+01 9.488996e+01 3.064435e+01 5.616945e+01 3.800479e+01 7.690710e+01 4.443271e+01 3.262377e+01 3.596183e+01 3.663692e+01
<GCONST> 6.924128e+01
<STATE> 6
<MEAN> 12
 -5.960464e-08 3.762543e-07 -1.043081e-07 -1.490116e-07 2.980232e-08 1.490116e-08 6.109476e-07 2.384186e-07 4.470348e-08 -7.823110e-08 3.129244e-07 2.235174e-08
<VARIANCE> 12
 4.099256e+01 9.841850e+01 8.458483e+01 9.488996e+01 3.064435e+01 5.616945e+01 3.800479e+01 7.690710e+01 4.443271e+01 3.262377e+01 3.596183e+01 3.663692e+01
<GCONST> 6.924128e+01
<STATE> 7
<MEAN> 12
 -5.960464e-08 3.762543e-07 -1.043081e-07 -1.490116e-07 2.980232e-08 1.490116e-08 6.109476e-07 2.384186e-07 4.470348e-08 -7.823110e-08 3.129244e-07 2.235174e-08
<VARIANCE> 12
 4.099256e+01 9.841850e+01 8.458483e+01 9.488996e+01 3.064435e+01 5.616945e+01 3.800479e+01 7.690710e+01 4.443271e+01 3.262377e+01 3.596183e+01 3.663692e+01
<GCONST> 6.924128e+01
<STATE> 8
<MEAN> 12
 -5.960464e-08 3.762543e-07 -1.043081e-07 -1.490116e-07 2.980232e-08 1.490116e-08 6.109476e-07 2.384186e-07 4.470348e-08 -7.823110e-08 3.129244e-07 2.235174e-08
<VARIANCE> 12
 4.099256e+01 9.841850e+01 8.458483e+01 9.488996e+01 3.064435e+01 5.616945e+01 3.800479e+01 7.690710e+01 4.443271e+01 3.262377e+01 3.596183e+01 3.663692e+01
<GCONST> 6.924128e+01
<STATE> 9
<MEAN> 12
 -5.960464e-08 3.762543e-07 -1.043081e-07 -1.490116e-07 2.980232e-08 1.490116e-08 6.109476e-07 2.384186e-07 4.470348e-08 -7.823110e-08 3.129244e-07 2.235174e-08
<VARIANCE> 12
 4.099256e+01 9.841850e+01 8.458483e+01 9.488996e+01 3.064435e+01 5.616945e+01 3.800479e+01 7.690710e+01 4.443271e+01 3.262377e+01 3.596183e+01 3.663692e+01
<GCONST> 6.924128e+01
<TRANSP> 10
 0.000000e+00 1.000000e+00 0.000000e+00 0.000000e+00 0.000000e+00 0.000000e+00 0.000000e+00 0.000000e+00 0.000000e+00 0.000000e+00
 0.000000e+00 9.000000e-01 9.999999e-02 0.000000e+00 0.000000e+00 0.000000e+00 0.000000e+00 0.000000e+00 0.000000e+00 0.000000e+00
 0.000000e+00 0.000000e+00 9.000000e-01 9.999999e-02 0.000000e+00 0.000000e+00 0.000000e+00 0.000000e+00 0.000000e+00 0.000000e+00
 0.000000e+00 0.000000e+00 0.000000e+00 9.000000e-01 9.999999e-02 0.000000e+00 0.000000e+00 0.000000e+00 0.000000e+00 0.000000e+00
 0.000000e+00 0.000000e+00 0.000000e+00 0.000000e+00 9.000000e-01 9.999999e-02 0.000000e+00 0.000000e+00 0.000000e+00 0.000000e+00
 0.000000e+00 0.000000e+00 0.000000e+00 0.000000e+00 0.000000e+00 9.000000e-01 9.999999e-02 0.000000e+00 0.000000e+00 0.000000e+00
 0.000000e+00 0.000000e+00 0.000000e+00 0.000000e+00 0.000000e+00 0.000000e+00 9.000000e-01 9.999999e-02 0.000000e+00 0.000000e+00
 0.000000e+00 0.000000e+00 0.000000e+00 0.000000e+00 0.000000e+00 0.000000e+00 0.000000e+00 9.000000e-01 9.999999e-02 0.000000e+00
 0.000000e+00 0.000000e+00 0.000000e+00 0.000000e+00 0.000000e+00 0.000000e+00 0.000000e+00 0.000000e+00 9.000000e-01 9.999999e-02
 0.000000e+00 0.000000e+00 0.000000e+00 0.000000e+00 0.000000e+00 0.000000e+00 0.000000e+00 0.000000e+00 0.000000e+00 0.000000e+00
<ENDHMM>
