~o
<STREAMINFO> 1 12
<VECSIZE> 12<NULLD><MFCC_Z><DIAGC>
~h "T13771897016"
<BEGINHMM>
<NUMSTATES> 8
<STATE> 2
<MEAN> 12
 -3.223098e+00 1.517760e+01 -1.240275e+00 -1.406623e+01 -1.048377e+01 -7.265049e+00 -5.113033e+00 -8.283460e-02 8.045133e-01 -2.449975e+00 2.783854e+00 -1.523266e-01
<VARIANCE> 12
 4.748789e+00 1.339354e+01 5.191779e+00 2.434963e+01 1.180901e+01 6.232492e+00 4.892783e+00 5.460163e+00 3.877618e+00 2.122861e+01 1.306817e+01 1.735215e+01
<GCONST> 4.846513e+01
<STATE> 3
<MEAN> 12
 -2.904685e+00 5.228525e+00 1.287303e+00 -2.293138e-01 -2.525141e+00 2.816849e-01 8.762562e-01 -1.160261e+00 5.626922e+00 4.549169e+00 -3.395493e+00 2.267577e+00
<VARIANCE> 12
 9.214690e+00 1.339354e+01 6.251559e+00 1.391269e+01 8.779789e+00 1.737608e+01 2.705440e+01 2.326665e+01 1.327502e+01 7.830135e+00 3.073870e+00 1.624291e+01
<GCONST> 5.136260e+01
<STATE> 4
<MEAN> 12
 -8.366980e+00 -1.647808e+00 6.328458e-02 6.088474e+00 -4.591965e-01 3.878830e+00 -6.191301e-01 2.598482e+00 -1.369712e+00 8.918961e+00 -3.862436e+00 1.522201e+00
<VARIANCE> 12
 9.511487e+00 1.339354e+01 1.022909e+01 1.128600e+01 1.366075e+01 2.223138e+01 2.245539e+01 3.828125e+01 1.626821e+01 1.418039e+01 5.140601e+00 1.531650e+01
<GCONST> 5.393029e+01
<STATE> 5
<MEAN> 12
 3.582244e+00 -1.273409e+01 -2.459218e+00 4.000157e-01 5.429872e+00 2.467344e+00 -4.956404e+00 1.381156e+00 -6.583364e+00 -3.267969e+00 3.279175e+00 -1.952494e+00
<VARIANCE> 12
 4.748789e+00 1.339354e+01 4.311956e+00 8.714316e+00 6.768507e+00 1.368514e+01 1.036305e+01 8.514830e+00 3.744210e+00 8.950224e+00 1.086454e+01 6.056538e+00
<GCONST> 4.654072e+01
<STATE> 6
<MEAN> 12
 7.846796e+00 -7.717999e+00 -1.744863e+00 3.314452e+00 4.915727e-01 5.877716e+00 3.328465e+00 4.243069e-01 -2.226028e+00 -7.835860e+00 2.312583e+00 1.072691e+00
<VARIANCE> 12
 4.748789e+00 1.688649e+01 1.451103e+00 8.714316e+00 2.194978e+01 2.609517e+01 2.424580e+01 1.386481e+01 2.317150e+01 5.679443e+00 1.180809e+01 7.794544e+00
<GCONST> 5.054631e+01
<STATE> 7
<MEAN> 12
 2.759806e+00 -8.392646e-01 2.963850e+00 5.286145e+00 6.421237e+00 -2.399594e+00 5.596704e+00 -2.097346e+00 2.376223e+00 4.871464e-02 -1.085655e+00 -1.805461e+00
<VARIANCE> 12
 6.735982e+00 1.339354e+01 3.969902e+00 8.714316e+00 7.587680e+00 2.994158e+01 1.149430e+01 7.807002e+00 7.417216e+00 1.186981e+01 1.683826e+01 1.155158e+01
<GCONST> 4.977140e+01
<TRANSP> 8
 0.000000e+00 1.000000e+00 0.000000e+00 0.000000e+00 0.000000e+00 0.000000e+00 0.000000e+00 0.000000e+00
 0.000000e+00 8.937097e-01 1.062903e-01 0.000000e+00 0.000000e+00 0.000000e+00 0.000000e+00 0.000000e+00
 0.000000e+00 0.000000e+00 8.844215e-01 1.155785e-01 0.000000e+00 0.000000e+00 0.000000e+00 0.000000e+00
 0.000000e+00 0.000000e+00 0.000000e+00 8.688445e-01 1.311555e-01 0.000000e+00 0.000000e+00 0.000000e+00
 0.000000e+00 0.000000e+00 0.000000e+00 0.000000e+00 8.843407e-01 1.156593e-01 0.000000e+00 0.000000e+00
 0.000000e+00 0.000000e+00 0.000000e+00 0.000000e+00 0.000000e+00 8.615955e-01 1.384045e-01 0.000000e+00
 0.000000e+00 0.000000e+00 0.000000e+00 0.000000e+00 0.000000e+00 0.000000e+00 9.126168e-01 8.738313e-02
 0.000000e+00 0.000000e+00 0.000000e+00 0.000000e+00 0.000000e+00 0.000000e+00 0.000000e+00 0.000000e+00
<ENDHMM>
