~o
<STREAMINFO> 1 12
<VECSIZE> 12<NULLD><MFCC_Z><DIAGC>
~h "s064"
<BEGINHMM>
<NUMSTATES> 8
<STATE> 2
<MEAN> 12
 1.466708e+00 5.835685e+00 3.818757e+00 3.391695e-01 -3.352762e+00 -7.849842e-01 -4.894196e+00 4.105608e+00 -2.182381e+00 2.193447e+00 1.197576e+00 -1.965189e+00
<VARIANCE> 12
 9.696562e+00 9.628546e+00 1.903748e+01 4.816034e+01 2.061830e+01 6.266460e+00 4.204803e+01 2.263667e+01 3.447949e+01 2.640608e+01 4.609108e+01 4.510533e+01
<GCONST> 5.958533e+01
<STATE> 3
<MEAN> 12
 -1.526009e-01 5.383798e+00 8.067112e-01 4.206195e+00 -3.172070e+00 -1.206805e+00 -2.718076e+00 3.246454e+00 -2.602332e-01 5.909696e-01 2.898505e+00 -5.649230e+00
<VARIANCE> 12
 1.239740e+01 2.017605e+01 1.559256e+01 7.735768e+01 2.894002e+01 1.965608e+01 6.704185e+01 2.550942e+01 1.740798e+01 1.870954e+01 3.034343e+01 3.396119e+01
<GCONST> 6.118348e+01
<STATE> 4
<MEAN> 12
 -1.554964e+00 2.507790e+00 -6.004561e-01 2.503960e+00 -1.070736e+00 -1.886277e+00 -5.369870e-01 1.783516e+00 -1.106228e+00 1.074592e-01 1.617874e+00 -3.857918e+00
<VARIANCE> 12
 1.697639e+01 4.077658e+01 1.488474e+01 1.133363e+02 2.757130e+01 3.542663e+01 5.894971e+01 2.909566e+01 1.199988e+01 2.542761e+01 1.967230e+01 4.439049e+01
<GCONST> 6.284964e+01
<STATE> 5
<MEAN> 12
 -2.442848e+00 -1.751154e+00 -1.810038e+00 -2.920224e+00 9.908777e-01 -1.113107e+00 -2.270825e-01 2.525355e-01 -9.295692e-01 -1.216555e+00 -4.310620e-01 4.017411e-01
<VARIANCE> 12
 1.521125e+01 5.765330e+01 1.283962e+01 9.955159e+01 2.109196e+01 4.039146e+01 4.657672e+01 3.961936e+01 1.866613e+01 3.669898e+01 2.108724e+01 5.593050e+01
<GCONST> 6.385439e+01
<STATE> 6
<MEAN> 12
 -5.558528e-01 -5.743580e+00 -1.637770e+00 -4.196414e+00 2.873811e+00 1.380300e+00 2.225194e+00 -3.374854e+00 1.144237e+00 -1.482364e+00 -2.412502e+00 4.637182e+00
<VARIANCE> 12
 2.027157e+01 3.871111e+01 1.195087e+01 5.413127e+01 1.532803e+01 2.948014e+01 4.047017e+01 4.319832e+01 2.454684e+01 3.675574e+01 1.977904e+01 3.845405e+01
<GCONST> 6.221082e+01
<STATE> 7
<MEAN> 12
 3.239547e+00 -6.232543e+00 -5.772080e-01 6.732129e-02 3.730875e+00 3.610861e+00 6.151168e+00 -6.013256e+00 3.334107e+00 -1.929413e-01 -2.870407e+00 6.433412e+00
<VARIANCE> 12
 1.421671e+01 1.241785e+01 9.048130e+00 3.204683e+01 1.153873e+01 1.550740e+01 2.422486e+01 1.939363e+01 1.348205e+01 2.495972e+01 1.534046e+01 1.162878e+01
<GCONST> 5.523978e+01
<TRANSP> 8
 0.000000e+00 1.000000e+00 0.000000e+00 0.000000e+00 0.000000e+00 0.000000e+00 0.000000e+00 0.000000e+00
 0.000000e+00 8.799999e-01 1.200000e-01 0.000000e+00 0.000000e+00 0.000000e+00 0.000000e+00 0.000000e+00
 0.000000e+00 0.000000e+00 8.800000e-01 1.200000e-01 0.000000e+00 0.000000e+00 0.000000e+00 0.000000e+00
 0.000000e+00 0.000000e+00 0.000000e+00 8.800000e-01 1.200000e-01 0.000000e+00 0.000000e+00 0.000000e+00
 0.000000e+00 0.000000e+00 0.000000e+00 0.000000e+00 8.800001e-01 1.200000e-01 0.000000e+00 0.000000e+00
 0.000000e+00 0.000000e+00 0.000000e+00 0.000000e+00 0.000000e+00 8.800001e-01 1.200000e-01 0.000000e+00
 0.000000e+00 0.000000e+00 0.000000e+00 0.000000e+00 0.000000e+00 0.000000e+00 8.800000e-01 1.200000e-01
 0.000000e+00 0.000000e+00 0.000000e+00 0.000000e+00 0.000000e+00 0.000000e+00 0.000000e+00 0.000000e+00
<ENDHMM>
