~o
<STREAMINFO> 1 12
<VECSIZE> 12<NULLD><MFCC_Z><DIAGC>
~h "s046"
<BEGINHMM>
<NUMSTATES> 8
<STATE> 2
<MEAN> 12
 -1.542709e-07 4.300884e-07 0.000000e+00 -7.853789e-07 1.215467e-07 -6.357829e-07 1.636206e-07 -2.430935e-07 4.674874e-08 -1.963447e-07 4.674874e-09 8.414774e-08
<VARIANCE> 12
 1.828144e+01 7.392477e+01 5.305586e+01 9.344650e+01 4.157364e+01 7.522779e+01 4.393793e+01 4.505526e+01 4.367195e+01 5.386525e+01 4.929366e+01 3.067461e+01
<GCONST> 6.849527e+01
<STATE> 3
<MEAN> 12
 -1.542709e-07 4.300884e-07 0.000000e+00 -7.853789e-07 1.215467e-07 -6.357829e-07 1.636206e-07 -2.430935e-07 4.674874e-08 -1.963447e-07 4.674874e-09 8.414774e-08
<VARIANCE> 12
 1.828144e+01 7.392477e+01 5.305586e+01 9.344650e+01 4.157364e+01 7.522779e+01 4.393793e+01 4.505526e+01 4.367195e+01 5.386525e+01 4.929366e+01 3.067461e+01
<GCONST> 6.849527e+01
<STATE> 4
<MEAN> 12
 -1.542709e-07 4.300884e-07 0.000000e+00 -7.853789e-07 1.215467e-07 -6.357829e-07 1.636206e-07 -2.430935e-07 4.674874e-08 -1.963447e-07 4.674874e-09 8.414774e-08
<VARIANCE> 12
 1.828144e+01 7.392477e+01 5.305586e+01 9.344650e+01 4.157364e+01 7.522779e+01 4.393793e+01 4.505526e+01 4.367195e+01 5.386525e+01 4.929366e+01 3.067461e+01
<GCONST> 6.849527e+01
<STATE> 5
<MEAN> 12
 -1.542709e-07 4.300884e-07 0.000000e+00 -7.853789e-07 1.215467e-07 -6.357829e-07 1.636206e-07 -2.430935e-07 4.674874e-08 -1.963447e-07 4.674874e-09 8.414774e-08
<VARIANCE> 12
 1.828144e+01 7.392477e+01 5.305586e+01 9.344650e+01 4.157364e+01 7.522779e+01 4.393793e+01 4.505526e+01 4.367195e+01 5.386525e+01 4.929366e+01 3.067461e+01
<GCONST> 6.849527e+01
<STATE> 6
<MEAN> 12
 -1.542709e-07 4.300884e-07 0.000000e+00 -7.853789e-07 1.215467e-07 -6.357829e-07 1.636206e-07 -2.430935e-07 4.674874e-08 -1.963447e-07 4.674874e-09 8.414774e-08
<VARIANCE> 12
 1.828144e+01 7.392477e+01 5.305586e+01 9.344650e+01 4.157364e+01 7.522779e+01 4.393793e+01 4.505526e+01 4.367195e+01 5.386525e+01 4.929366e+01 3.067461e+01
<GCONST> 6.849527e+01
<STATE> 7
<MEAN> 12
 -1.542709e-07 4.300884e-07 0.000000e+00 -7.853789e-07 1.215467e-07 -6.357829e-07 1.636206e-07 -2.430935e-07 4.674874e-08 -1.963447e-07 4.674874e-09 8.414774e-08
<VARIANCE> 12
 1.828144e+01 7.392477e+01 5.305586e+01 9.344650e+01 4.157364e+01 7.522779e+01 4.393793e+01 4.505526e+01 4.367195e+01 5.386525e+01 4.929366e+01 3.067461e+01
<GCONST> 6.849527e+01
<TRANSP> 8
 0.000000e+00 1.000000e+00 0.000000e+00 0.000000e+00 0.000000e+00 0.000000e+00 0.000000e+00 0.000000e+00
 0.000000e+00 9.000000e-01 9.999999e-02 0.000000e+00 0.000000e+00 0.000000e+00 0.000000e+00 0.000000e+00
 0.000000e+00 0.000000e+00 9.000000e-01 9.999999e-02 0.000000e+00 0.000000e+00 0.000000e+00 0.000000e+00
 0.000000e+00 0.000000e+00 0.000000e+00 9.000000e-01 9.999999e-02 0.000000e+00 0.000000e+00 0.000000e+00
 0.000000e+00 0.000000e+00 0.000000e+00 0.000000e+00 9.000000e-01 9.999999e-02 0.000000e+00 0.000000e+00
 0.000000e+00 0.000000e+00 0.000000e+00 0.000000e+00 0.000000e+00 9.000000e-01 9.999999e-02 0.000000e+00
 0.000000e+00 0.000000e+00 0.000000e+00 0.000000e+00 0.000000e+00 0.000000e+00 9.000000e-01 9.999999e-02
 0.000000e+00 0.000000e+00 0.000000e+00 0.000000e+00 0.000000e+00 0.000000e+00 0.000000e+00 0.000000e+00
<ENDHMM>
