~o
<STREAMINFO> 1 12
<VECSIZE> 12<NULLD><MFCC_Z><DIAGC>
~h "s034"
<BEGINHMM>
<NUMSTATES> 12
<STATE> 2
<MEAN> 12
 9.254368e+00 1.266927e+01 -3.487514e+00 -5.614935e+00 -1.493922e+01 -3.894452e+00 -2.381566e-01 -1.841510e+00 2.713217e+00 -4.389985e+00 -3.076746e+00 -6.571908e+00
<VARIANCE> 12
 5.116106e+00 7.526837e+00 1.071720e+01 1.104000e+01 2.343356e+01 2.550965e+01 8.026196e+00 2.576967e+01 5.107657e+00 1.032425e+01 2.692837e+01 6.093196e+00
<GCONST> 5.126949e+01
<STATE> 3
<MEAN> 12
 5.159455e-01 2.258945e+00 -6.493711e-01 -1.370794e+01 2.775695e+00 -1.585479e+01 -2.852830e+00 1.630185e+01 3.168770e+00 2.484082e+00 -4.600325e+00 -3.155345e+00
<VARIANCE> 12
 6.352571e+00 1.111233e+01 9.477620e+00 1.104000e+01 1.229370e+01 1.311133e+01 8.326147e+01 4.360030e+01 2.196536e+01 1.460430e+01 1.840162e+01 6.160306e+01
<GCONST> 5.704544e+01
<STATE> 4
<MEAN> 12
 -3.991051e+00 -5.797750e+00 -4.956859e+00 2.884015e+00 2.198961e+00 -8.561397e-01 5.670147e+00 -2.816892e+00 -4.973046e+00 2.408929e+00 4.310686e+00 6.372420e+00
<VARIANCE> 12
 5.116106e+00 7.526837e+00 1.147867e+01 1.104000e+01 1.229370e+01 1.324889e+01 1.911340e+01 1.862367e+01 3.451868e+01 3.330324e+01 1.758960e+01 1.661294e+01
<GCONST> 5.423988e+01
<STATE> 5
<MEAN> 12
 6.899129e+00 4.234295e+00 -6.092426e+00 -2.098927e-01 -6.907647e+00 -8.866311e-01 3.893714e+00 -1.512950e+01 4.125800e+00 3.944896e+00 1.073907e+01 -4.679393e+00
<VARIANCE> 12
 5.116106e+00 1.371958e+01 6.053701e+00 1.104000e+01 1.229370e+01 1.311133e+01 9.029507e+00 1.643866e+01 6.603052e+00 1.765963e+01 1.082027e+01 2.117858e+01
<GCONST> 5.078386e+01
<STATE> 6
<MEAN> 12
 2.140314e+00 7.388121e+00 -8.252851e-01 2.071243e+00 -5.267277e+00 1.403912e+00 -4.432196e+00 -1.522358e+00 1.892184e+00 -3.355856e+00 8.298148e-01 -2.306890e+00
<VARIANCE> 12
 3.692414e+01 7.526837e+00 2.262286e+01 3.813412e+01 1.696213e+01 2.243243e+01 1.202404e+01 3.758632e+01 5.053683e+01 3.172403e+01 3.406171e+01 1.562037e+01
<GCONST> 6.015350e+01
<STATE> 7
<MEAN> 12
 4.007477e+00 -4.895370e-01 -6.496521e+00 2.528010e+00 -3.080076e-01 -1.036062e+01 -3.967676e+00 8.145949e+00 6.476663e-01 -4.821399e+00 -1.208398e+01 -4.992593e+00
<VARIANCE> 12
 2.407580e+01 7.787584e+00 3.636882e+01 1.104000e+01 1.344853e+01 3.616853e+01 2.550165e+01 6.248041e+01 8.038987e+01 8.212940e+00 1.741333e+01 1.339280e+01
<GCONST> 5.878871e+01
<STATE> 8
<MEAN> 12
 -4.924664e+00 6.275744e-01 6.097131e+00 -9.541573e+00 -1.140031e+01 1.272101e+01 -2.062463e+00 2.696918e+00 -5.833905e+00 -9.731576e+00 -4.693634e+00 -3.593818e+00
<VARIANCE> 12
 5.116106e+00 1.171675e+01 5.973689e+00 2.205409e+01 1.229370e+01 1.311133e+01 6.733531e+00 1.230517e+01 1.513068e+01 3.070844e+01 2.316323e+01 3.506084e+01
<GCONST> 5.336940e+01
<STATE> 9
<MEAN> 12
 -7.069683e+00 7.012204e-01 2.398602e+00 -1.339628e+01 -1.307984e+00 1.936771e+01 -1.004563e+01 3.012333e+00 -4.099537e+00 -1.236312e+01 3.964335e+00 7.766793e+00
<VARIANCE> 12
 5.116106e+00 1.246062e+01 5.973689e+00 1.412409e+01 2.684371e+01 1.311133e+01 6.733531e+00 1.943833e+01 5.107657e+00 2.739596e+01 7.728998e+00 9.070691e+00
<GCONST> 5.057376e+01
<STATE> 10
<MEAN> 12
 -5.736838e+00 -6.898959e+00 6.549741e+00 1.660526e+00 6.929191e+00 4.334492e+00 -5.357516e+00 -5.629762e-01 -1.134269e+00 5.857013e+00 -2.659470e+00 2.713163e+00
<VARIANCE> 12
 5.116106e+00 7.526837e+00 6.218834e+00 1.104000e+01 1.229370e+01 1.311133e+01 1.663199e+01 1.230517e+01 5.107657e+00 9.442154e+00 1.195213e+01 8.980657e+00
<GCONST> 4.889033e+01
<STATE> 11
<MEAN> 12
 -2.881598e+00 -7.710983e+00 7.472017e+00 1.072804e+01 1.271760e+01 1.149504e+00 4.860388e+00 3.624485e-01 5.708661e-01 6.625130e+00 -8.581614e-01 3.345214e+00
<VARIANCE> 12
 5.116106e+00 1.145210e+01 6.724708e+00 1.104000e+01 1.229370e+01 3.451086e+01 2.248933e+01 1.838858e+01 9.467687e+00 1.338147e+01 1.700334e+01 8.587538e+00
<GCONST> 5.233301e+01
<TRANSP> 12
 0.000000e+00 1.000000e+00 0.000000e+00 0.000000e+00 0.000000e+00 0.000000e+00 0.000000e+00 0.000000e+00 0.000000e+00 0.000000e+00 0.000000e+00 0.000000e+00
 0.000000e+00 8.334993e-01 1.665008e-01 0.000000e+00 0.000000e+00 0.000000e+00 0.000000e+00 0.000000e+00 0.000000e+00 0.000000e+00 0.000000e+00 0.000000e+00
 0.000000e+00 0.000000e+00 8.331671e-01 1.668329e-01 0.000000e+00 0.000000e+00 0.000000e+00 0.000000e+00 0.000000e+00 0.000000e+00 0.000000e+00 0.000000e+00
 0.000000e+00 0.000000e+00 0.000000e+00 8.991253e-01 1.008747e-01 0.000000e+00 0.000000e+00 0.000000e+00 0.000000e+00 0.000000e+00 0.000000e+00 0.000000e+00
 0.000000e+00 0.000000e+00 0.000000e+00 0.000000e+00 8.763459e-01 1.236541e-01 0.000000e+00 0.000000e+00 0.000000e+00 0.000000e+00 0.000000e+00 0.000000e+00
 0.000000e+00 0.000000e+00 0.000000e+00 0.000000e+00 0.000000e+00 8.887436e-01 1.112564e-01 0.000000e+00 0.000000e+00 0.000000e+00 0.000000e+00 0.000000e+00
 0.000000e+00 0.000000e+00 0.000000e+00 0.000000e+00 0.000000e+00 0.000000e+00 8.285687e-01 1.714313e-01 0.000000e+00 0.000000e+00 0.000000e+00 0.000000e+00
 0.000000e+00 0.000000e+00 0.000000e+00 0.000000e+00 0.000000e+00 0.000000e+00 0.000000e+00 7.555505e-01 2.444495e-01 0.000000e+00 0.000000e+00 0.000000e+00
 0.000000e+00 0.000000e+00 0.000000e+00 0.000000e+00 0.000000e+00 0.000000e+00 0.000000e+00 0.000000e+00 8.034334e-01 1.965667e-01 0.000000e+00 0.000000e+00
 0.000000e+00 0.000000e+00 0.000000e+00 0.000000e+00 0.000000e+00 0.000000e+00 0.000000e+00 0.000000e+00 0.000000e+00 7.006207e-01 2.993793e-01 0.000000e+00
 0.000000e+00 0.000000e+00 0.000000e+00 0.000000e+00 0.000000e+00 0.000000e+00 0.000000e+00 0.000000e+00 0.000000e+00 0.000000e+00 9.317860e-01 6.821399e-02
 0.000000e+00 0.000000e+00 0.000000e+00 0.000000e+00 0.000000e+00 0.000000e+00 0.000000e+00 0.000000e+00 0.000000e+00 0.000000e+00 0.000000e+00 0.000000e+00
<ENDHMM>
