~o
<STREAMINFO> 1 12
<VECSIZE> 12<NULLD><MFCC_Z><DIAGC>
~h "s003"
<BEGINHMM>
<NUMSTATES> 10
<STATE> 2
<MEAN> 12
 -1.563400e-08 4.690202e-08 -3.908501e-07 -8.442363e-07 2.970461e-07 3.439481e-07 0.000000e+00 1.094380e-07 -1.876081e-07 -3.126801e-08 -1.641571e-07 -7.817002e-09
<VARIANCE> 12
 2.755253e+01 5.670783e+01 5.253917e+01 5.713690e+01 4.902663e+01 7.176134e+01 5.236801e+01 2.509148e+01 2.576637e+01 3.889796e+01 2.443005e+01 3.267123e+01
<GCONST> 6.635440e+01
<STATE> 3
<MEAN> 12
 -1.563400e-08 4.690202e-08 -3.908501e-07 -8.442363e-07 2.970461e-07 3.439481e-07 0.000000e+00 1.094380e-07 -1.876081e-07 -3.126801e-08 -1.641571e-07 -7.817002e-09
<VARIANCE> 12
 2.755253e+01 5.670783e+01 5.253917e+01 5.713690e+01 4.902663e+01 7.176134e+01 5.236801e+01 2.509148e+01 2.576637e+01 3.889796e+01 2.443005e+01 3.267123e+01
<GCONST> 6.635440e+01
<STATE> 4
<MEAN> 12
 -1.563400e-08 4.690202e-08 -3.908501e-07 -8.442363e-07 2.970461e-07 3.439481e-07 0.000000e+00 1.094380e-07 -1.876081e-07 -3.126801e-08 -1.641571e-07 -7.817002e-09
<VARIANCE> 12
 2.755253e+01 5.670783e+01 5.253917e+01 5.713690e+01 4.902663e+01 7.176134e+01 5.236801e+01 2.509148e+01 2.576637e+01 3.889796e+01 2.443005e+01 3.267123e+01
<GCONST> 6.635440e+01
<STATE> 5
<MEAN> 12
 -1.563400e-08 4.690202e-08 -3.908501e-07 -8.442363e-07 2.970461e-07 3.439481e-07 0.000000e+00 1.094380e-07 -1.876081e-07 -3.126801e-08 -1.641571e-07 -7.817002e-09
<VARIANCE> 12
 2.755253e+01 5.670783e+01 5.253917e+01 5.713690e+01 4.902663e+01 7.176134e+01 5.236801e+01 2.509148e+01 2.576637e+01 3.889796e+01 2.443005e+01 3.267123e+01
<GCONST> 6.635440e+01
<STATE> 6
<MEAN> 12
 -1.563400e-08 4.690202e-08 -3.908501e-07 -8.442363e-07 2.970461e-07 3.439481e-07 0.000000e+00 1.094380e-07 -1.876081e-07 -3.126801e-08 -1.641571e-07 -7.817002e-09
<VARIANCE> 12
 2.755253e+01 5.670783e+01 5.253917e+01 5.713690e+01 4.902663e+01 7.176134e+01 5.236801e+01 2.509148e+01 2.576637e+01 3.889796e+01 2.443005e+01 3.267123e+01
<GCONST> 6.635440e+01
<STATE> 7
<MEAN> 12
 -1.563400e-08 4.690202e-08 -3.908501e-07 -8.442363e-07 2.970461e-07 3.439481e-07 0.000000e+00 1.094380e-07 -1.876081e-07 -3.126801e-08 -1.641571e-07 -7.817002e-09
<VARIANCE> 12
 2.755253e+01 5.670783e+01 5.253917e+01 5.713690e+01 4.902663e+01 7.176134e+01 5.236801e+01 2.509148e+01 2.576637e+01 3.889796e+01 2.443005e+01 3.267123e+01
<GCONST> 6.635440e+01
<STATE> 8
<MEAN> 12
 -1.563400e-08 4.690202e-08 -3.908501e-07 -8.442363e-07 2.970461e-07 3.439481e-07 0.000000e+00 1.094380e-07 -1.876081e-07 -3.126801e-08 -1.641571e-07 -7.817002e-09
<VARIANCE> 12
 2.755253e+01 5.670783e+01 5.253917e+01 5.713690e+01 4.902663e+01 7.176134e+01 5.236801e+01 2.509148e+01 2.576637e+01 3.889796e+01 2.443005e+01 3.267123e+01
<GCONST> 6.635440e+01
<STATE> 9
<MEAN> 12
 -1.563400e-08 4.690202e-08 -3.908501e-07 -8.442363e-07 2.970461e-07 3.439481e-07 0.000000e+00 1.094380e-07 -1.876081e-07 -3.126801e-08 -1.641571e-07 -7.817002e-09
<VARIANCE> 12
 2.755253e+01 5.670783e+01 5.253917e+01 5.713690e+01 4.902663e+01 7.176134e+01 5.236801e+01 2.509148e+01 2.576637e+01 3.889796e+01 2.443005e+01 3.267123e+01
<GCONST> 6.635440e+01
<TRANSP> 10
 0.000000e+00 1.000000e+00 0.000000e+00 0.000000e+00 0.000000e+00 0.000000e+00 0.000000e+00 0.000000e+00 0.000000e+00 0.000000e+00
 0.000000e+00 9.000000e-01 9.999999e-02 0.000000e+00 0.000000e+00 0.000000e+00 0.000000e+00 0.000000e+00 0.000000e+00 0.000000e+00
 0.000000e+00 0.000000e+00 9.000000e-01 9.999999e-02 0.000000e+00 0.000000e+00 0.000000e+00 0.000000e+00 0.000000e+00 0.000000e+00
 0.000000e+00 0.000000e+00 0.000000e+00 9.000000e-01 9.999999e-02 0.000000e+00 0.000000e+00 0.000000e+00 0.000000e+00 0.000000e+00
 0.000000e+00 0.000000e+00 0.000000e+00 0.000000e+00 9.000000e-01 9.999999e-02 0.000000e+00 0.000000e+00 0.000000e+00 0.000000e+00
 0.000000e+00 0.000000e+00 0.000000e+00 0.000000e+00 0.000000e+00 9.000000e-01 9.999999e-02 0.000000e+00 0.000000e+00 0.000000e+00
 0.000000e+00 0.000000e+00 0.000000e+00 0.000000e+00 0.000000e+00 0.000000e+00 9.000000e-01 9.999999e-02 0.000000e+00 0.000000e+00
 0.000000e+00 0.000000e+00 0.000000e+00 0.000000e+00 0.000000e+00 0.000000e+00 0.000000e+00 9.000000e-01 9.999999e-02 0.000000e+00
 0.000000e+00 0.000000e+00 0.000000e+00 0.000000e+00 0.000000e+00 0.000000e+00 0.000000e+00 0.000000e+00 9.000000e-01 9.999999e-02
 0.000000e+00 0.000000e+00 0.000000e+00 0.000000e+00 0.000000e+00 0.000000e+00 0.000000e+00 0.000000e+00 0.000000e+00 0.000000e+00
<ENDHMM>
