~o
<STREAMINFO> 1 12
<VECSIZE> 12<NULLD><MFCC_Z><DIAGC>
~h "s022"
<BEGINHMM>
<NUMSTATES> 11
<STATE> 2
<MEAN> 12
 -9.291126e+00 4.237021e+00 -5.345122e-01 2.100858e+00 1.236012e+00 4.004526e+00 3.424544e+00 6.282477e+00 4.443674e+00 4.091476e+00 3.971534e+00 1.570312e-01
<VARIANCE> 12
 3.216035e+01 4.404454e+01 4.365814e+01 3.599252e+01 4.255759e+01 6.152549e+01 1.384681e+01 4.879784e+01 4.657827e+01 3.900132e+01 2.424716e+01 2.735072e+01
<GCONST> 6.505798e+01
<STATE> 3
<MEAN> 12
 -4.075311e+00 -9.425446e-01 -1.831084e+00 8.771597e-01 -2.011566e+00 -2.655204e+00 1.183682e+00 2.244018e+00 -4.723409e-01 7.849673e-02 3.145077e+00 -2.082372e+00
<VARIANCE> 12
 2.750647e+01 5.669997e+01 9.110118e+01 5.852813e+01 4.121076e+01 6.293684e+01 1.464385e+01 4.532339e+01 5.359715e+01 4.674199e+01 3.747295e+01 2.746274e+01
<GCONST> 6.710946e+01
<STATE> 4
<MEAN> 12
 -1.461472e+00 -3.050531e+00 -1.640539e+00 -1.405933e+00 -2.822727e+00 -3.624192e+00 -5.490120e-01 3.739695e-01 -2.805096e+00 -2.638015e+00 1.119646e+00 -2.848494e+00
<VARIANCE> 12
 1.171294e+01 4.030260e+01 1.015951e+02 7.473655e+01 3.384757e+01 6.246813e+01 1.907257e+01 3.231701e+01 3.097244e+01 3.279383e+01 4.156110e+01 2.838360e+01
<GCONST> 6.522328e+01
<STATE> 5
<MEAN> 12
 -7.849232e-01 -7.888910e-01 1.427769e+00 -5.465559e+00 -2.822209e+00 -2.134957e-01 -1.868369e+00 1.220638e-01 -2.236462e+00 -3.053507e+00 -7.495846e-01 -2.586568e+00
<VARIANCE> 12
 7.881542e+00 5.325851e+01 7.558868e+01 7.328091e+01 3.132408e+01 7.029229e+01 1.633349e+01 3.300339e+01 2.644800e+01 2.509608e+01 3.651747e+01 2.797705e+01
<GCONST> 6.412775e+01
<STATE> 6
<MEAN> 12
 -4.694709e-01 2.751237e+00 4.076355e+00 -7.437321e+00 -1.303522e+00 3.802640e+00 -1.923126e+00 4.001799e-01 -1.309409e+00 -1.786281e+00 -7.012693e-01 -1.205603e+00
<VARIANCE> 12
 7.455918e+00 6.093684e+01 3.567973e+01 7.672977e+01 3.227138e+01 6.165145e+01 1.326313e+01 3.479844e+01 2.190367e+01 2.632106e+01 3.350104e+01 2.675192e+01
<GCONST> 6.297369e+01
<STATE> 7
<MEAN> 12
 4.285897e-01 3.937565e+00 4.519255e+00 -4.396821e+00 1.081455e+00 5.021077e+00 -8.219041e-01 1.636529e-01 -1.068169e+00 3.263859e-01 4.017460e-01 6.084227e-01
<VARIANCE> 12
 8.163662e+00 6.270364e+01 2.290616e+01 1.355501e+02 2.437952e+01 6.560407e+01 1.385169e+01 3.406295e+01 1.488922e+01 3.106303e+01 3.014187e+01 2.410040e+01
<GCONST> 6.259219e+01
<STATE> 8
<MEAN> 12
 2.243164e+00 1.122151e+00 2.285538e+00 2.470335e+00 2.635718e+00 2.056492e+00 3.014978e-01 -8.872947e-01 -6.215759e-01 1.999237e+00 4.232545e-01 2.379601e+00
<VARIANCE> 12
 1.057272e+01 6.970792e+01 4.022079e+01 1.684797e+02 1.204626e+01 8.685823e+01 1.416833e+01 3.192760e+01 1.396429e+01 3.007035e+01 2.695854e+01 2.241546e+01
<GCONST> 6.298993e+01
<STATE> 9
<MEAN> 12
 4.998957e+00 -3.145133e+00 -2.352121e+00 7.222857e+00 2.673968e+00 -2.890096e+00 3.189308e-01 -2.950655e+00 1.156226e+00 1.518844e+00 -1.712961e+00 3.637702e+00
<VARIANCE> 12
 1.293756e+01 4.528071e+01 5.010719e+01 1.079012e+02 8.459103e+00 6.446983e+01 1.282725e+01 4.045942e+01 2.140516e+01 2.533059e+01 2.737812e+01 2.019894e+01
<GCONST> 6.218726e+01
<STATE> 10
<MEAN> 12
 8.411515e+00 -4.120687e+00 -5.950723e+00 6.034326e+00 1.332930e+00 -5.501575e+00 -6.623129e-02 -5.748303e+00 2.913262e+00 -5.364775e-01 -5.897467e+00 1.940289e+00
<VARIANCE> 12
 1.039265e+01 1.466634e+01 2.345928e+01 4.616955e+01 1.524991e+01 1.959971e+01 7.104043e+00 4.416501e+01 2.466655e+01 1.658638e+01 2.425089e+01 2.320854e+01
<GCONST> 5.786446e+01
<TRANSP> 11
 0.000000e+00 1.000000e+00 0.000000e+00 0.000000e+00 0.000000e+00 0.000000e+00 0.000000e+00 0.000000e+00 0.000000e+00 0.000000e+00 0.000000e+00
 0.000000e+00 8.636364e-01 1.363637e-01 0.000000e+00 0.000000e+00 0.000000e+00 0.000000e+00 0.000000e+00 0.000000e+00 0.000000e+00 0.000000e+00
 0.000000e+00 0.000000e+00 8.636363e-01 1.363636e-01 0.000000e+00 0.000000e+00 0.000000e+00 0.000000e+00 0.000000e+00 0.000000e+00 0.000000e+00
 0.000000e+00 0.000000e+00 0.000000e+00 8.636364e-01 1.363637e-01 0.000000e+00 0.000000e+00 0.000000e+00 0.000000e+00 0.000000e+00 0.000000e+00
 0.000000e+00 0.000000e+00 0.000000e+00 0.000000e+00 8.636364e-01 1.363636e-01 0.000000e+00 0.000000e+00 0.000000e+00 0.000000e+00 0.000000e+00
 0.000000e+00 0.000000e+00 0.000000e+00 0.000000e+00 0.000000e+00 8.636364e-01 1.363636e-01 0.000000e+00 0.000000e+00 0.000000e+00 0.000000e+00
 0.000000e+00 0.000000e+00 0.000000e+00 0.000000e+00 0.000000e+00 0.000000e+00 8.636364e-01 1.363636e-01 0.000000e+00 0.000000e+00 0.000000e+00
 0.000000e+00 0.000000e+00 0.000000e+00 0.000000e+00 0.000000e+00 0.000000e+00 0.000000e+00 8.636363e-01 1.363636e-01 0.000000e+00 0.000000e+00
 0.000000e+00 0.000000e+00 0.000000e+00 0.000000e+00 0.000000e+00 0.000000e+00 0.000000e+00 0.000000e+00 8.636364e-01 1.363636e-01 0.000000e+00
 0.000000e+00 0.000000e+00 0.000000e+00 0.000000e+00 0.000000e+00 0.000000e+00 0.000000e+00 0.000000e+00 0.000000e+00 8.636364e-01 1.363637e-01
 0.000000e+00 0.000000e+00 0.000000e+00 0.000000e+00 0.000000e+00 0.000000e+00 0.000000e+00 0.000000e+00 0.000000e+00 0.000000e+00 0.000000e+00
<ENDHMM>
