~o
<STREAMINFO> 1 12
<VECSIZE> 12<NULLD><MFCC_Z><DIAGC>
~h "s076"
<BEGINHMM>
<NUMSTATES> 6
<STATE> 2
<MEAN> 12
 3.243711e+00 1.488640e+00 -1.311925e+01 7.165929e+00 1.599724e+00 -3.367795e+00 -7.843466e-01 -1.905623e+00 9.948727e+00 -5.464034e+00 -1.463577e-01 -2.944184e+00
<VARIANCE> 12
 7.046759e+00 7.773934e+00 2.641315e+01 6.687111e+00 1.413007e+01 2.727994e+01 2.013003e+01 9.561503e+00 1.173631e+01 1.057683e+01 1.671231e+01 7.321289e+00
<GCONST> 5.207462e+01
<STATE> 3
<MEAN> 12
 2.316175e+00 7.771135e-02 -4.607492e+00 -5.252703e+00 1.778525e+00 -1.447488e+01 2.928102e+00 2.901782e+00 -3.205857e+00 -1.378433e+00 -6.438699e+00 1.110544e+00
<VARIANCE> 12
 2.721158e+00 1.807039e+00 2.641315e+01 6.687111e+00 5.147615e+00 2.668324e+01 5.309473e+01 1.131042e+01 2.166082e+01 1.342978e+01 5.215078e+00 1.344409e+01
<GCONST> 5.006476e+01
<STATE> 4
<MEAN> 12
 -5.260609e+00 -5.299322e+00 2.436416e+00 1.284823e+00 -9.028826e+00 -1.118753e+00 3.804858e+00 -4.688851e+00 -6.049067e+00 7.330587e+00 1.311891e+00 1.340131e+00
<VARIANCE> 12
 2.721158e+00 2.467179e+00 2.641315e+01 6.687111e+00 9.968839e+00 4.575748e+01 7.413401e+01 2.202031e+01 1.173631e+01 1.097576e+01 1.909446e+01 1.669162e+01
<GCONST> 5.327605e+01
<STATE> 5
<MEAN> 12
 -2.048555e+00 9.023974e-01 1.374039e+01 -4.085848e+00 1.434121e+00 1.210112e+01 -2.663526e+00 2.106339e+00 -4.642962e+00 2.638820e+00 3.343501e+00 1.476040e+00
<VARIANCE> 12
 3.760689e+00 2.558903e+00 2.641315e+01 1.028480e+01 1.359215e+01 2.394132e+01 1.234281e+01 1.517670e+01 1.262627e+01 1.930543e+01 1.427605e+01 2.055236e+01
<GCONST> 5.211889e+01
<TRANSP> 6
 0.000000e+00 1.000000e+00 0.000000e+00 0.000000e+00 0.000000e+00 0.000000e+00
 0.000000e+00 9.220459e-01 7.795408e-02 0.000000e+00 0.000000e+00 0.000000e+00
 0.000000e+00 0.000000e+00 8.776300e-01 1.223700e-01 0.000000e+00 0.000000e+00
 0.000000e+00 0.000000e+00 0.000000e+00 8.358445e-01 1.641555e-01 0.000000e+00
 0.000000e+00 0.000000e+00 0.000000e+00 0.000000e+00 9.281000e-01 7.189996e-02
 0.000000e+00 0.000000e+00 0.000000e+00 0.000000e+00 0.000000e+00 0.000000e+00
<ENDHMM>
