~o
<STREAMINFO> 1 12
<VECSIZE> 12<NULLD><MFCC_Z><DIAGC>
~h "s061"
<BEGINHMM>
<NUMSTATES> 8
<STATE> 2
<MEAN> 12
 -1.648714e+00 -6.687964e+00 -1.220416e+01 5.231879e+00 -2.565420e+00 -1.352337e+00 1.888381e-01 8.009679e-01 -9.464457e-02 -8.666467e+00 -1.031687e+01 1.163593e+00
<VARIANCE> 12
 9.917555e+00 5.127060e+00 2.141684e+01 1.505171e+01 4.949644e+01 4.423755e+01 1.018713e+01 1.695036e+01 8.022879e+00 6.938001e+01 9.510241e+00 3.911052e+01
<GCONST> 5.684258e+01
<STATE> 3
<MEAN> 12
 3.547371e+00 5.300463e-02 -5.237434e+00 -2.714145e+00 2.207448e+00 8.665661e-01 4.630017e-02 -8.361588e+00 -2.082238e-01 7.836225e+00 -7.571384e-01 2.158797e+00
<VARIANCE> 12
 5.513429e+00 5.370533e+00 1.968653e+01 1.505171e+01 2.134027e+01 1.693200e+01 1.852277e+01 1.695036e+01 1.330688e+01 1.461452e+01 3.550513e+01 1.833563e+01
<GCONST> 5.452198e+01
<STATE> 4
<MEAN> 12
 4.799383e+00 2.069693e+00 3.909213e+00 5.730284e+00 5.446804e+00 -4.915403e+00 -4.471782e-01 3.289112e+00 3.805299e+00 6.928934e+00 3.389749e+00 -4.775466e+00
<VARIANCE> 12
 5.789668e+00 5.127060e+00 1.348992e+01 1.505171e+01 5.453721e+00 1.488576e+01 6.128812e+01 4.632994e+01 2.352731e+01 1.216783e+01 1.826887e+01 7.240270e+00
<GCONST> 5.364846e+01
<STATE> 5
<MEAN> 12
 -7.208913e+00 7.698701e+00 1.191250e+01 -1.537376e+01 -1.473724e+00 9.319075e-01 -9.895281e+00 1.384639e+01 3.768732e+00 1.772991e-01 5.869523e+00 -6.034992e+00
<VARIANCE> 12
 1.059857e+01 8.992942e+00 1.348992e+01 1.505171e+01 5.177236e+00 5.968281e+00 1.046498e+01 2.060300e+01 6.839269e+00 1.216783e+01 4.473700e+01 7.240270e+00
<GCONST> 5.093126e+01
<STATE> 6
<MEAN> 12
 -7.061713e+00 -2.347588e+00 4.850287e+00 -4.447035e+00 -2.295748e-01 9.323395e+00 5.154810e+00 1.340042e-01 -9.170930e+00 -4.242564e-01 -4.645539e+00 4.638332e+00
<VARIANCE> 12
 5.513429e+00 1.357886e+01 1.348992e+01 3.174521e+01 5.177236e+00 1.259606e+01 1.498785e+01 1.695036e+01 3.864570e+01 1.250045e+01 9.510241e+00 7.240270e+00
<GCONST> 5.255732e+01
<STATE> 7
<MEAN> 12
 1.364654e+00 -3.087207e+00 -3.184103e+00 6.154011e+00 -3.981985e+00 1.270061e+00 5.961956e+00 -7.799970e+00 -3.355158e+00 -6.970621e+00 3.199593e-01 5.280923e+00
<VARIANCE> 12
 9.833686e+00 6.082150e+00 1.348992e+01 1.509624e+01 6.080830e+00 1.224558e+01 9.792098e+00 2.317562e+01 3.294237e+01 1.216783e+01 1.869593e+01 2.152134e+01
<GCONST> 5.318797e+01
<TRANSP> 8
 0.000000e+00 1.000000e+00 0.000000e+00 0.000000e+00 0.000000e+00 0.000000e+00 0.000000e+00 0.000000e+00
 0.000000e+00 8.567259e-01 1.432740e-01 0.000000e+00 0.000000e+00 0.000000e+00 0.000000e+00 0.000000e+00
 0.000000e+00 0.000000e+00 8.837493e-01 1.162507e-01 0.000000e+00 0.000000e+00 0.000000e+00 0.000000e+00
 0.000000e+00 0.000000e+00 0.000000e+00 9.124209e-01 8.757915e-02 0.000000e+00 0.000000e+00 0.000000e+00
 0.000000e+00 0.000000e+00 0.000000e+00 0.000000e+00 8.888870e-01 1.111130e-01 0.000000e+00 0.000000e+00
 0.000000e+00 0.000000e+00 0.000000e+00 0.000000e+00 0.000000e+00 7.260953e-01 2.739047e-01 0.000000e+00
 0.000000e+00 0.000000e+00 0.000000e+00 0.000000e+00 0.000000e+00 0.000000e+00 9.190236e-01 8.097641e-02
 0.000000e+00 0.000000e+00 0.000000e+00 0.000000e+00 0.000000e+00 0.000000e+00 0.000000e+00 0.000000e+00
<ENDHMM>
