~o
<STREAMINFO> 1 12
<VECSIZE> 12<NULLD><MFCC_Z><DIAGC>
~h "T1375864630"
<BEGINHMM>
<NUMSTATES> 7
<STATE> 2
<MEAN> 12
 -2.764490e-01 -2.996756e+00 -1.047779e+00 3.840644e+00 -9.291885e+00 -2.353433e-01 7.182562e+00 1.582102e+00 -3.319163e+00 -1.576044e-01 -1.912997e+00 -6.303737e+00
<VARIANCE> 12
 3.509961e+01 9.700243e+00 1.370521e+01 1.133724e+01 1.356438e+01 1.242724e+01 6.200924e+01 1.722155e+01 2.835987e+00 2.130140e+01 7.720285e+01 3.447693e+01
<GCONST> 5.701941e+01
<STATE> 3
<MEAN> 12
 -7.676094e+00 5.643336e+00 4.597898e+00 -1.105604e+01 -6.102267e+00 -4.387471e-01 -4.753922e+00 2.979324e+00 9.364679e-01 -1.558329e+00 -3.642666e+00 -1.936920e+00
<VARIANCE> 12
 5.546082e+00 6.445093e+00 1.049937e+01 8.018143e+00 9.093269e+00 9.162343e+00 1.990064e+01 5.763231e+00 1.162614e+01 6.470370e+00 5.117923e+00 2.511512e+01
<GCONST> 4.840555e+01
<STATE> 4
<MEAN> 12
 -3.096312e+00 1.340267e+00 1.239627e+01 -2.767162e+00 -6.523601e-01 -2.298920e+00 -5.555414e+00 7.833002e-01 -2.372026e+00 6.232775e-01 1.665836e+00 1.858822e+00
<VARIANCE> 12
 5.546082e+00 4.101149e+00 1.049937e+01 1.321025e+01 2.584140e+01 2.066342e+01 8.688847e+00 1.281687e+01 1.429214e+01 1.151671e+01 1.547608e+01 1.611266e+01
<GCONST> 5.172675e+01
<STATE> 5
<MEAN> 12
 7.195230e+00 1.979073e+00 -4.180262e+00 3.078290e+00 6.537190e+00 2.558614e+00 -2.608811e+00 -5.676007e-01 3.976333e+00 4.570331e+00 1.307831e+00 2.447209e-01
<VARIANCE> 12
 5.546082e+00 5.687673e+00 1.049937e+01 1.500366e+01 9.093269e+00 1.220944e+01 3.197598e+01 8.610169e+00 6.480533e+00 3.777685e+01 1.714341e+01 6.524027e+00
<GCONST> 5.111080e+01
<STATE> 6
<MEAN> 12
 2.734135e+00 -7.609365e+00 -1.208717e+01 7.535263e+00 9.397789e+00 -2.882031e-01 7.306947e+00 -5.438047e+00 -3.323129e-01 -5.117501e+00 2.854385e+00 7.130151e+00
<VARIANCE> 12
 5.952271e+00 1.629270e+01 1.049937e+01 1.939746e+01 9.093269e+00 2.233095e+00 1.031812e+01 2.453386e+01 2.653546e+01 8.139714e+00 9.893640e+00 1.853456e+01
<GCONST> 5.107712e+01
<TRANSP> 7
 0.000000e+00 1.000000e+00 0.000000e+00 0.000000e+00 0.000000e+00 0.000000e+00 0.000000e+00
 0.000000e+00 8.886199e-01 1.113801e-01 0.000000e+00 0.000000e+00 0.000000e+00 0.000000e+00
 0.000000e+00 0.000000e+00 8.934957e-01 1.065044e-01 0.000000e+00 0.000000e+00 0.000000e+00
 0.000000e+00 0.000000e+00 0.000000e+00 8.847103e-01 1.152897e-01 0.000000e+00 0.000000e+00
 0.000000e+00 0.000000e+00 0.000000e+00 0.000000e+00 9.100156e-01 8.998431e-02 0.000000e+00
 0.000000e+00 0.000000e+00 0.000000e+00 0.000000e+00 0.000000e+00 8.725400e-01 1.274600e-01
 0.000000e+00 0.000000e+00 0.000000e+00 0.000000e+00 0.000000e+00 0.000000e+00 0.000000e+00
<ENDHMM>
