~o
<STREAMINFO> 1 12
<VECSIZE> 12<NULLD><MFCC_Z><DIAGC>
~h "s013"
<BEGINHMM>
<NUMSTATES> 9
<STATE> 2
<MEAN> 12
 4.182782e-09 2.258702e-07 1.171179e-07 2.342358e-07 -1.463974e-07 0.000000e+00 -1.338490e-07 -2.007735e-07 -4.015471e-07 1.254835e-07 1.673113e-07 -2.509669e-08
<VARIANCE> 12
 2.799253e+01 1.535382e+02 2.402562e+01 6.755240e+01 3.060357e+01 7.092625e+01 2.289345e+01 9.061552e+01 6.243489e+01 5.049831e+01 5.528866e+01 2.710070e+01
<GCONST> 6.850086e+01
<STATE> 3
<MEAN> 12
 4.182782e-09 2.258702e-07 1.171179e-07 2.342358e-07 -1.463974e-07 0.000000e+00 -1.338490e-07 -2.007735e-07 -4.015471e-07 1.254835e-07 1.673113e-07 -2.509669e-08
<VARIANCE> 12
 2.799253e+01 1.535382e+02 2.402562e+01 6.755240e+01 3.060357e+01 7.092625e+01 2.289345e+01 9.061552e+01 6.243489e+01 5.049831e+01 5.528866e+01 2.710070e+01
<GCONST> 6.850086e+01
<STATE> 4
<MEAN> 12
 4.182782e-09 2.258702e-07 1.171179e-07 2.342358e-07 -1.463974e-07 0.000000e+00 -1.338490e-07 -2.007735e-07 -4.015471e-07 1.254835e-07 1.673113e-07 -2.509669e-08
<VARIANCE> 12
 2.799253e+01 1.535382e+02 2.402562e+01 6.755240e+01 3.060357e+01 7.092625e+01 2.289345e+01 9.061552e+01 6.243489e+01 5.049831e+01 5.528866e+01 2.710070e+01
<GCONST> 6.850086e+01
<STATE> 5
<MEAN> 12
 4.182782e-09 2.258702e-07 1.171179e-07 2.342358e-07 -1.463974e-07 0.000000e+00 -1.338490e-07 -2.007735e-07 -4.015471e-07 1.254835e-07 1.673113e-07 -2.509669e-08
<VARIANCE> 12
 2.799253e+01 1.535382e+02 2.402562e+01 6.755240e+01 3.060357e+01 7.092625e+01 2.289345e+01 9.061552e+01 6.243489e+01 5.049831e+01 5.528866e+01 2.710070e+01
<GCONST> 6.850086e+01
<STATE> 6
<MEAN> 12
 4.182782e-09 2.258702e-07 1.171179e-07 2.342358e-07 -1.463974e-07 0.000000e+00 -1.338490e-07 -2.007735e-07 -4.015471e-07 1.254835e-07 1.673113e-07 -2.509669e-08
<VARIANCE> 12
 2.799253e+01 1.535382e+02 2.402562e+01 6.755240e+01 3.060357e+01 7.092625e+01 2.289345e+01 9.061552e+01 6.243489e+01 5.049831e+01 5.528866e+01 2.710070e+01
<GCONST> 6.850086e+01
<STATE> 7
<MEAN> 12
 4.182782e-09 2.258702e-07 1.171179e-07 2.342358e-07 -1.463974e-07 0.000000e+00 -1.338490e-07 -2.007735e-07 -4.015471e-07 1.254835e-07 1.673113e-07 -2.509669e-08
<VARIANCE> 12
 2.799253e+01 1.535382e+02 2.402562e+01 6.755240e+01 3.060357e+01 7.092625e+01 2.289345e+01 9.061552e+01 6.243489e+01 5.049831e+01 5.528866e+01 2.710070e+01
<GCONST> 6.850086e+01
<STATE> 8
<MEAN> 12
 4.182782e-09 2.258702e-07 1.171179e-07 2.342358e-07 -1.463974e-07 0.000000e+00 -1.338490e-07 -2.007735e-07 -4.015471e-07 1.254835e-07 1.673113e-07 -2.509669e-08
<VARIANCE> 12
 2.799253e+01 1.535382e+02 2.402562e+01 6.755240e+01 3.060357e+01 7.092625e+01 2.289345e+01 9.061552e+01 6.243489e+01 5.049831e+01 5.528866e+01 2.710070e+01
<GCONST> 6.850086e+01
<TRANSP> 9
 0.000000e+00 1.000000e+00 0.000000e+00 0.000000e+00 0.000000e+00 0.000000e+00 0.000000e+00 0.000000e+00 0.000000e+00
 0.000000e+00 9.000000e-01 9.999999e-02 0.000000e+00 0.000000e+00 0.000000e+00 0.000000e+00 0.000000e+00 0.000000e+00
 0.000000e+00 0.000000e+00 9.000000e-01 9.999999e-02 0.000000e+00 0.000000e+00 0.000000e+00 0.000000e+00 0.000000e+00
 0.000000e+00 0.000000e+00 0.000000e+00 9.000000e-01 9.999999e-02 0.000000e+00 0.000000e+00 0.000000e+00 0.000000e+00
 0.000000e+00 0.000000e+00 0.000000e+00 0.000000e+00 9.000000e-01 9.999999e-02 0.000000e+00 0.000000e+00 0.000000e+00
 0.000000e+00 0.000000e+00 0.000000e+00 0.000000e+00 0.000000e+00 9.000000e-01 9.999999e-02 0.000000e+00 0.000000e+00
 0.000000e+00 0.000000e+00 0.000000e+00 0.000000e+00 0.000000e+00 0.000000e+00 9.000000e-01 9.999999e-02 0.000000e+00
 0.000000e+00 0.000000e+00 0.000000e+00 0.000000e+00 0.000000e+00 0.000000e+00 0.000000e+00 9.000000e-01 9.999999e-02
 0.000000e+00 0.000000e+00 0.000000e+00 0.000000e+00 0.000000e+00 0.000000e+00 0.000000e+00 0.000000e+00 0.000000e+00
<ENDHMM>
