~o
<STREAMINFO> 1 12
<VECSIZE> 12<NULLD><MFCC_Z><DIAGC>
~h "s054"
<BEGINHMM>
<NUMSTATES> 9
<STATE> 2
<MEAN> 12
 2.044764e+00 7.717872e+00 1.071148e+01 -8.976624e+00 -4.900511e+00 -1.232141e+00 -1.422491e+01 1.190845e+01 4.340656e-01 -2.493979e+00 8.592526e+00 -3.917495e+00
<VARIANCE> 12
 4.660339e+00 1.487088e+01 9.833654e+00 1.531725e+01 9.408845e+00 1.404543e+01 1.274062e+01 2.654871e+01 5.119881e+00 7.509131e+00 1.256759e+01 7.460803e+00
<GCONST> 5.020557e+01
<STATE> 3
<MEAN> 12
 -2.514855e+00 1.351354e+01 4.012950e+00 -1.678318e+00 1.153619e+00 -6.643456e+00 3.356068e-01 1.106536e+01 4.504219e+00 -1.746314e+00 3.189990e+00 3.672543e+00
<VARIANCE> 12
 4.413408e+00 1.487088e+01 9.833654e+00 5.307907e+01 2.417305e+01 1.254437e+01 2.013268e+01 2.654871e+01 2.012280e+01 9.043218e+00 1.256759e+01 1.179954e+01
<GCONST> 5.469505e+01
<STATE> 4
<MEAN> 12
 -3.207310e+00 6.277899e+00 3.001427e+00 1.316387e+00 8.282135e+00 2.757524e+00 2.032624e+00 1.158824e+01 3.032823e+00 9.964277e-01 2.204001e+00 2.689663e+00
<VARIANCE> 12
 2.875071e+01 3.712323e+01 2.526187e+01 3.692311e+01 5.952929e+01 2.082544e+01 4.804539e+01 2.654871e+01 3.003427e+01 4.072586e+01 2.804509e+01 3.931672e+01
<GCONST> 6.425400e+01
<STATE> 5
<MEAN> 12
 -7.399170e-01 -7.297117e+00 1.564601e-01 -5.737934e+00 3.527075e-01 5.070669e+00 6.859883e+00 1.072059e+00 -1.824944e+00 4.989140e-01 4.102271e+00 -3.239893e+00
<VARIANCE> 12
 8.715753e+00 1.487088e+01 1.231596e+01 1.019329e+01 1.573665e+01 4.987766e+00 1.370711e+01 3.746828e+01 5.630777e+01 6.852472e+00 2.125196e+01 5.526796e+00
<GCONST> 5.307758e+01
<STATE> 6
<MEAN> 12
 -4.488130e+00 -1.148587e+01 -4.423404e+00 2.535843e+00 4.662522e+00 3.107259e+00 2.327387e+00 -8.678002e+00 -3.217181e+00 6.346354e+00 6.360283e-01 -6.563394e-02
<VARIANCE> 12
 4.413408e+00 1.487088e+01 9.833654e+00 2.203912e+01 9.408845e+00 4.987766e+00 1.578744e+01 2.654871e+01 6.712126e+00 1.540577e+01 3.928063e+01 1.401830e+01
<GCONST> 5.245380e+01
<STATE> 7
<MEAN> 12
 1.689057e+00 -6.187976e+00 -7.362175e+00 2.043426e+00 -4.922218e+00 -1.991132e+00 3.285969e+00 -1.258538e+01 1.236000e+00 -6.427822e-01 -1.097051e+01 9.522268e-01
<VARIANCE> 12
 2.067871e+01 1.487088e+01 9.833654e+00 1.019329e+01 1.615214e+01 2.068425e+01 1.274062e+01 2.654871e+01 1.108740e+01 1.735309e+01 1.256759e+01 3.035814e+01
<GCONST> 5.522954e+01
<STATE> 8
<MEAN> 12
 5.274214e+00 -2.275863e+00 -6.136137e+00 7.908616e+00 -4.323001e+00 -2.283573e+00 3.898131e+00 -1.261086e+01 -3.600500e+00 -2.674064e+00 -5.456962e+00 2.620533e-01
<VARIANCE> 12
 4.413408e+00 1.487088e+01 9.833654e+00 1.593956e+01 9.408845e+00 1.737854e+01 1.274062e+01 2.654871e+01 1.653019e+01 2.155363e+01 3.442655e+01 2.721331e+01
<GCONST> 5.493213e+01
<TRANSP> 9
 0.000000e+00 1.000000e+00 0.000000e+00 0.000000e+00 0.000000e+00 0.000000e+00 0.000000e+00 0.000000e+00 0.000000e+00
 0.000000e+00 8.956365e-01 1.043635e-01 0.000000e+00 0.000000e+00 0.000000e+00 0.000000e+00 0.000000e+00 0.000000e+00
 0.000000e+00 0.000000e+00 7.572443e-01 2.427557e-01 0.000000e+00 0.000000e+00 0.000000e+00 0.000000e+00 0.000000e+00
 0.000000e+00 0.000000e+00 0.000000e+00 9.041542e-01 9.584576e-02 0.000000e+00 0.000000e+00 0.000000e+00 0.000000e+00
 0.000000e+00 0.000000e+00 0.000000e+00 0.000000e+00 7.936559e-01 2.063441e-01 0.000000e+00 0.000000e+00 0.000000e+00
 0.000000e+00 0.000000e+00 0.000000e+00 0.000000e+00 0.000000e+00 8.666974e-01 1.333026e-01 0.000000e+00 0.000000e+00
 0.000000e+00 0.000000e+00 0.000000e+00 0.000000e+00 0.000000e+00 0.000000e+00 8.839968e-01 1.160032e-01 0.000000e+00
 0.000000e+00 0.000000e+00 0.000000e+00 0.000000e+00 0.000000e+00 0.000000e+00 0.000000e+00 8.876008e-01 1.123993e-01
 0.000000e+00 0.000000e+00 0.000000e+00 0.000000e+00 0.000000e+00 0.000000e+00 0.000000e+00 0.000000e+00 0.000000e+00
<ENDHMM>
