~o
<STREAMINFO> 1 12
<VECSIZE> 12<NULLD><MFCC_Z><DIAGC>
~h "s011"
<BEGINHMM>
<NUMSTATES> 13
<STATE> 2
<MEAN> 12
 -3.295354e+00 -7.863393e+00 -5.259455e+00 -1.324886e+00 -1.263857e+00 -8.058871e+00 -7.995037e-01 -1.735028e+00 -4.518646e+00 -4.229804e+00 2.093751e+00 -6.580360e+00
<VARIANCE> 12
 4.229136e+00 1.782766e+01 5.115992e+00 8.380028e+00 1.284992e+01 2.168814e+01 1.143849e+01 7.505568e+00 1.562592e+01 3.604617e+01 1.422705e+01 3.087713e+01
<GCONST> 5.263712e+01
<STATE> 3
<MEAN> 12
 -4.748530e+00 -8.525263e+00 -1.413683e+00 -1.536530e+00 5.096801e+00 -9.516398e+00 -1.303841e+00 -5.922977e+00 -3.431521e+00 8.959520e+00 -3.394647e+00 6.381623e-01
<VARIANCE> 12
 4.229136e+00 1.782766e+01 6.277503e+00 7.974233e+00 1.284992e+01 1.603038e+01 1.434510e+01 1.186054e+01 7.831676e+00 2.006053e+01 9.825951e+00 2.496325e+01
<GCONST> 5.131427e+01
<STATE> 4
<MEAN> 12
 5.131135e-01 -9.044415e-01 -1.295292e+00 -7.456134e+00 2.752110e+00 -9.047875e-01 2.491786e+00 -7.602108e+00 2.918235e+00 6.863707e+00 -5.992014e+00 -1.882718e-01
<VARIANCE> 12
 1.170319e+01 1.782766e+01 1.734430e+01 1.554644e+01 1.284992e+01 9.900846e+00 3.523789e+01 9.291239e+00 2.992054e+01 2.006053e+01 7.431361e+00 1.608847e+01
<GCONST> 5.481050e+01
<STATE> 5
<MEAN> 12
 9.081696e-01 1.790046e+01 -4.782324e+00 -8.476702e-01 -2.345157e+00 -1.092413e+00 -9.841796e+00 4.734970e+00 -1.842621e+00 1.173383e+01 3.505860e+00 -8.647890e+00
<VARIANCE> 12
 6.249105e+00 1.782766e+01 5.115992e+00 2.527602e+01 1.357261e+01 1.108881e+01 1.172898e+01 1.310748e+01 5.015703e+01 2.362563e+01 1.171596e+01 1.064902e+01
<GCONST> 5.358308e+01
<STATE> 6
<MEAN> 12
 -3.218700e+00 1.214611e+01 5.238834e-01 -1.216551e+01 2.309801e+00 4.573494e+00 -2.575613e+00 1.808301e+00 3.609555e+00 2.712239e+00 -1.769442e+00 1.963843e+00
<VARIANCE> 12
 4.229136e+00 1.782766e+01 5.115992e+00 6.630188e+01 3.262517e+01 9.900846e+00 2.160951e+01 3.551337e+01 1.954030e+01 2.006053e+01 3.269771e+01 3.637275e+01
<GCONST> 5.767697e+01
<STATE> 7
<MEAN> 12
 8.651056e-01 2.063010e-01 -4.041638e+00 2.579647e+00 6.813733e+00 -1.962283e+00 1.071430e+01 1.772886e+00 -7.387410e+00 4.338166e+00 9.429763e+00 5.101801e+00
<VARIANCE> 12
 4.229136e+00 1.782766e+01 5.115992e+00 7.974233e+00 1.284992e+01 9.900846e+00 1.132870e+01 8.543945e+00 1.980280e+01 2.006053e+01 7.431361e+00 1.063327e+01
<GCONST> 4.985865e+01
<STATE> 8
<MEAN> 12
 4.300936e+00 4.899166e-01 3.076080e+00 1.519221e+00 6.725410e+00 5.490642e+00 2.437851e+00 4.460712e+00 -2.441326e+00 -9.515884e+00 9.168869e+00 1.732754e+00
<VARIANCE> 12
 4.229136e+00 1.782766e+01 1.261038e+01 7.974233e+00 2.620313e+01 1.360093e+01 1.788759e+01 5.615243e+00 4.237932e+01 2.535832e+01 7.431361e+00 8.403076e+00
<GCONST> 5.258770e+01
<STATE> 9
<MEAN> 12
 7.062784e+00 -6.363571e+00 2.923412e+00 1.968206e+00 -1.235095e+01 7.368045e+00 5.602314e+00 1.240203e+00 2.461308e+00 -1.361515e+01 4.178465e+00 3.208452e+00
<VARIANCE> 12
 4.229136e+00 2.344923e+01 1.683735e+01 1.274665e+01 3.163960e+01 1.479410e+01 5.998567e+01 5.994911e+00 1.471051e+01 2.006053e+01 1.285058e+01 9.015955e+00
<GCONST> 5.449359e+01
<STATE> 10
<MEAN> 12
 -2.209098e+00 6.864826e-01 -4.416329e+00 5.289705e+00 9.963748e-01 7.981812e+00 -2.496939e+00 4.888129e+00 -4.015712e+00 -1.021082e+01 -5.646581e+00 2.427503e+00
<VARIANCE> 12
 1.430067e+01 1.782766e+01 5.115992e+00 1.179008e+01 1.284992e+01 1.628675e+01 3.334216e+01 5.615243e+00 6.741127e+01 2.006053e+01 8.875882e+00 7.244121e+00
<GCONST> 5.364430e+01
<STATE> 11
<MEAN> 12
 -4.119471e+00 2.848475e+00 4.079465e+00 1.006851e+01 1.058369e+00 -3.989860e+00 4.989085e+00 5.566722e+00 2.228124e+00 -4.790019e+00 -4.504128e+00 6.028384e+00
<VARIANCE> 12
 6.971281e+00 1.782766e+01 1.131565e+01 7.974233e+00 1.284992e+01 1.301835e+01 1.062270e+01 5.615243e+00 1.501317e+01 2.006053e+01 1.405992e+01 7.244121e+00
<GCONST> 5.091885e+01
<STATE> 12
<MEAN> 12
 -1.558062e+00 -4.179412e+00 6.717319e+00 1.427922e+00 8.985713e+00 1.446725e+00 -1.720234e+00 -3.600303e+00 5.203817e+00 3.972659e+00 -4.675225e+00 1.245514e+00
<VARIANCE> 12
 5.015895e+00 1.782766e+01 7.403107e+00 2.209942e+01 1.447133e+01 2.827153e+01 1.459280e+01 6.895023e+00 1.416849e+01 2.049866e+01 3.349801e+01 1.654912e+01
<GCONST> 5.425989e+01
<TRANSP> 13
 0.000000e+00 1.000000e+00 0.000000e+00 0.000000e+00 0.000000e+00 0.000000e+00 0.000000e+00 0.000000e+00 0.000000e+00 0.000000e+00 0.000000e+00 0.000000e+00 0.000000e+00
 0.000000e+00 8.524431e-01 1.475569e-01 0.000000e+00 0.000000e+00 0.000000e+00 0.000000e+00 0.000000e+00 0.000000e+00 0.000000e+00 0.000000e+00 0.000000e+00 0.000000e+00
 0.000000e+00 0.000000e+00 9.008769e-01 9.912305e-02 0.000000e+00 0.000000e+00 0.000000e+00 0.000000e+00 0.000000e+00 0.000000e+00 0.000000e+00 0.000000e+00 0.000000e+00
 0.000000e+00 0.000000e+00 0.000000e+00 8.278188e-01 1.721812e-01 0.000000e+00 0.000000e+00 0.000000e+00 0.000000e+00 0.000000e+00 0.000000e+00 0.000000e+00 0.000000e+00
 0.000000e+00 0.000000e+00 0.000000e+00 0.000000e+00 9.114468e-01 8.855325e-02 0.000000e+00 0.000000e+00 0.000000e+00 0.000000e+00 0.000000e+00 0.000000e+00 0.000000e+00
 0.000000e+00 0.000000e+00 0.000000e+00 0.000000e+00 0.000000e+00 7.937307e-01 2.062693e-01 0.000000e+00 0.000000e+00 0.000000e+00 0.000000e+00 0.000000e+00 0.000000e+00
 0.000000e+00 0.000000e+00 0.000000e+00 0.000000e+00 0.000000e+00 0.000000e+00 7.117677e-01 2.882322e-01 0.000000e+00 0.000000e+00 0.000000e+00 0.000000e+00 0.000000e+00
 0.000000e+00 0.000000e+00 0.000000e+00 0.000000e+00 0.000000e+00 0.000000e+00 0.000000e+00 6.327104e-01 3.672897e-01 0.000000e+00 0.000000e+00 0.000000e+00 0.000000e+00
 0.000000e+00 0.000000e+00 0.000000e+00 0.000000e+00 0.000000e+00 0.000000e+00 0.000000e+00 0.000000e+00 9.334661e-01 6.653384e-02 0.000000e+00 0.000000e+00 0.000000e+00
 0.000000e+00 0.000000e+00 0.000000e+00 0.000000e+00 0.000000e+00 0.000000e+00 0.000000e+00 0.000000e+00 0.000000e+00 7.717312e-01 2.282689e-01 0.000000e+00 0.000000e+00
 0.000000e+00 0.000000e+00 0.000000e+00 0.000000e+00 0.000000e+00 0.000000e+00 0.000000e+00 0.000000e+00 0.000000e+00 0.000000e+00 8.208910e-01 1.791091e-01 0.000000e+00
 0.000000e+00 0.000000e+00 0.000000e+00 0.000000e+00 0.000000e+00 0.000000e+00 0.000000e+00 0.000000e+00 0.000000e+00 0.000000e+00 0.000000e+00 8.999997e-01 1.000003e-01
 0.000000e+00 0.000000e+00 0.000000e+00 0.000000e+00 0.000000e+00 0.000000e+00 0.000000e+00 0.000000e+00 0.000000e+00 0.000000e+00 0.000000e+00 0.000000e+00 0.000000e+00
<ENDHMM>
