~o
<STREAMINFO> 1 12
<VECSIZE> 12<NULLD><MFCC_Z><DIAGC>
~h "s099"
<BEGINHMM>
<NUMSTATES> 9
<STATE> 2
<MEAN> 12
 -1.429745e+01 2.584786e+00 -1.273945e+00 6.749615e+00 1.013843e+01 2.999967e+00 4.473966e+00 1.308451e+01 -2.339108e-01 2.595149e+00 2.041131e+00 4.056779e+00
<VARIANCE> 12
 9.724371e+00 4.278708e+00 8.237027e+00 9.718823e+00 1.378979e+01 9.050349e+00 1.908668e+01 1.537637e+01 8.032079e+00 2.323820e+01 2.217628e+01 6.123941e+00
<GCONST> 5.081454e+01
<STATE> 3
<MEAN> 12
 -4.459159e+00 9.304954e+00 3.497622e+00 -9.950891e+00 9.064929e+00 -6.907149e+00 -2.625479e+00 1.121824e+01 8.449217e-01 -4.891028e+00 1.587985e+00 -6.036872e+00
<VARIANCE> 12
 9.724371e+00 1.136040e+01 4.418034e+00 2.899595e+01 1.600226e+01 2.635230e+01 1.249121e+01 1.613993e+01 2.907959e+01 1.361938e+01 2.215199e+00 5.793111e+00
<GCONST> 5.149629e+01
<STATE> 4
<MEAN> 12
 -1.277922e+00 -2.318753e+00 2.277431e+00 -1.260606e+01 1.271384e+01 6.694533e+00 -2.516723e+00 -2.250011e+00 2.175113e-01 -2.545139e+00 -1.453275e+00 3.454286e+00
<VARIANCE> 12
 9.724371e+00 4.349092e+00 2.011936e+00 9.718823e+00 1.378979e+01 9.050349e+00 5.679225e+00 3.048034e+01 2.040091e+00 4.255684e+01 2.012035e+00 4.098657e+00
<GCONST> 4.532656e+01
<STATE> 5
<MEAN> 12
 4.887397e+00 -3.421687e+00 4.539577e-03 -8.076465e+00 -3.585134e+00 1.704202e+00 -2.817929e+00 -9.519313e+00 7.615935e-01 3.323515e+00 -3.629089e+00 4.026702e+00
<VARIANCE> 12
 9.724371e+00 7.155409e+00 2.011936e+00 9.718823e+00 1.792241e+01 1.658998e+01 1.211796e+01 1.537637e+01 6.875664e+00 6.994167e+00 1.265958e+01 4.098657e+00
<GCONST> 4.801471e+01
<STATE> 6
<MEAN> 12
 8.428691e+00 1.699388e+00 2.316255e+00 8.890853e-01 -7.858621e+00 -7.726233e+00 -8.365406e+00 -9.089746e+00 -1.825533e+00 8.554505e-01 7.880996e-01 2.516479e+00
<VARIANCE> 12
 9.724371e+00 4.652684e+00 1.313444e+01 9.718823e+00 1.378979e+01 2.990852e+01 5.679225e+00 4.540216e+01 1.914768e+01 1.634008e+01 1.017041e+01 2.945609e+01
<GCONST> 5.373854e+01
<STATE> 7
<MEAN> 12
 2.333900e+00 -4.399463e+00 -3.602078e+00 3.502651e+00 -1.233558e+01 -4.480601e+00 4.213990e+00 -6.735938e+00 1.974829e+00 -1.413096e+00 1.821049e+00 -6.460268e+00
<VARIANCE> 12
 9.724371e+00 6.397155e+00 1.442009e+01 9.718823e+00 1.378979e+01 1.531337e+01 2.791239e+01 1.783446e+01 2.347243e+00 1.067794e+01 5.132590e+00 5.699751e+00
<GCONST> 4.928801e+01
<STATE> 8
<MEAN> 12
 5.850955e+00 -5.184575e+00 -2.026963e+00 8.122777e+00 -4.313426e+00 9.369240e+00 5.128793e+00 -1.661156e+00 -7.638241e-01 1.110938e+00 -2.875001e+00 -3.682398e-01
<VARIANCE> 12
 9.724371e+00 4.278708e+00 4.249112e+00 9.718823e+00 1.378979e+01 2.536508e+01 6.492061e+00 3.278632e+01 1.207551e+01 1.365324e+01 3.911658e+00 6.068581e+00
<GCONST> 4.899372e+01
<TRANSP> 9
 0.000000e+00 1.000000e+00 0.000000e+00 0.000000e+00 0.000000e+00 0.000000e+00 0.000000e+00 0.000000e+00 0.000000e+00
 0.000000e+00 9.000000e-01 9.999999e-02 0.000000e+00 0.000000e+00 0.000000e+00 0.000000e+00 0.000000e+00 0.000000e+00
 0.000000e+00 0.000000e+00 8.750098e-01 1.249902e-01 0.000000e+00 0.000000e+00 0.000000e+00 0.000000e+00 0.000000e+00
 0.000000e+00 0.000000e+00 0.000000e+00 7.988420e-01 2.011580e-01 0.000000e+00 0.000000e+00 0.000000e+00 0.000000e+00
 0.000000e+00 0.000000e+00 0.000000e+00 0.000000e+00 8.124489e-01 1.875511e-01 0.000000e+00 0.000000e+00 0.000000e+00
 0.000000e+00 0.000000e+00 0.000000e+00 0.000000e+00 0.000000e+00 8.969383e-01 1.030617e-01 0.000000e+00 0.000000e+00
 0.000000e+00 0.000000e+00 0.000000e+00 0.000000e+00 0.000000e+00 0.000000e+00 8.749129e-01 1.250871e-01 0.000000e+00
 0.000000e+00 0.000000e+00 0.000000e+00 0.000000e+00 0.000000e+00 0.000000e+00 0.000000e+00 8.999892e-01 1.000108e-01
 0.000000e+00 0.000000e+00 0.000000e+00 0.000000e+00 0.000000e+00 0.000000e+00 0.000000e+00 0.000000e+00 0.000000e+00
<ENDHMM>
