~o
<STREAMINFO> 1 12
<VECSIZE> 12<NULLD><MFCC_Z><DIAGC>
~h "T1375864603"
<BEGINHMM>
<NUMSTATES> 5
<STATE> 2
<MEAN> 12
 -1.019711e+00 -1.003432e+00 -2.766805e-02 2.120767e+00 3.151675e+00 -3.104641e-02 4.378726e+00 4.667457e-01 -4.413011e-01 1.154654e+00 -2.894563e-01 1.536407e+00
<VARIANCE> 12
 1.495328e+00 2.782905e+00 1.577051e+01 9.533821e+00 1.466912e+01 7.838680e+00 6.339774e+00 6.133112e+00 2.851649e+00 3.961332e+00 3.966105e+00 4.520214e+00
<GCONST> 4.220954e+01
<STATE> 3
<MEAN> 12
 -1.892584e-02 2.191877e+00 -2.528295e+00 -3.391184e+00 -4.957551e+00 -1.363660e+00 -1.144787e+00 -2.004407e-02 1.062800e+00 -1.605055e+00 6.386712e-01 -2.834138e+00
<VARIANCE> 12
 3.631958e+00 7.566120e+00 4.293258e+01 5.480029e+00 1.234302e+01 6.941726e+00 4.284095e+01 6.314950e+00 1.153762e+01 1.232649e+01 1.967908e+00 1.099137e+01
<GCONST> 4.891122e+01
<STATE> 4
<MEAN> 12
 1.294362e+00 -2.343804e+00 4.171880e+00 2.922139e+00 4.208263e+00 2.270105e+00 -3.551649e+00 -5.454596e-01 -1.192546e+00 1.196116e+00 -6.865702e-01 2.734553e+00
<VARIANCE> 12
 2.306063e+00 1.206684e+00 1.207335e+01 5.505452e+00 4.496678e+00 2.311957e+01 7.443493e+00 6.574573e+00 1.361944e+01 1.153110e+01 5.344234e+00 6.337639e+00
<GCONST> 4.438832e+01
<TRANSP> 5
 0.000000e+00 1.000000e+00 0.000000e+00 0.000000e+00 0.000000e+00
 0.000000e+00 8.990968e-01 1.009032e-01 0.000000e+00 0.000000e+00
 0.000000e+00 0.000000e+00 9.236085e-01 7.639153e-02 0.000000e+00
 0.000000e+00 0.000000e+00 0.000000e+00 8.749853e-01 1.250148e-01
 0.000000e+00 0.000000e+00 0.000000e+00 0.000000e+00 0.000000e+00
<ENDHMM>
