~o <VecSize> 12 <MFCC_Z>
~h "s059"
<BeginHMM>
<NumStates> 11
<State> 2
	<Mean> 12
	0.0 0.0 0.0 0.0 0.0 0.0 0.0 0.0 0.0 0.0 0.0 0.0 
	<Variance> 12
	1.0 1.0 1.0 1.0 1.0 1.0 1.0 1.0 1.0 1.0 1.0 1.0 
<State> 3
	<Mean> 12
	0.0 0.0 0.0 0.0 0.0 0.0 0.0 0.0 0.0 0.0 0.0 0.0 
	<Variance> 12
	1.0 1.0 1.0 1.0 1.0 1.0 1.0 1.0 1.0 1.0 1.0 1.0 
<State> 4
	<Mean> 12
	0.0 0.0 0.0 0.0 0.0 0.0 0.0 0.0 0.0 0.0 0.0 0.0 
	<Variance> 12
	1.0 1.0 1.0 1.0 1.0 1.0 1.0 1.0 1.0 1.0 1.0 1.0 
<State> 5
	<Mean> 12
	0.0 0.0 0.0 0.0 0.0 0.0 0.0 0.0 0.0 0.0 0.0 0.0 
	<Variance> 12
	1.0 1.0 1.0 1.0 1.0 1.0 1.0 1.0 1.0 1.0 1.0 1.0 
<State> 6
	<Mean> 12
	0.0 0.0 0.0 0.0 0.0 0.0 0.0 0.0 0.0 0.0 0.0 0.0 
	<Variance> 12
	1.0 1.0 1.0 1.0 1.0 1.0 1.0 1.0 1.0 1.0 1.0 1.0 
<State> 7
	<Mean> 12
	0.0 0.0 0.0 0.0 0.0 0.0 0.0 0.0 0.0 0.0 0.0 0.0 
	<Variance> 12
	1.0 1.0 1.0 1.0 1.0 1.0 1.0 1.0 1.0 1.0 1.0 1.0 
<State> 8
	<Mean> 12
	0.0 0.0 0.0 0.0 0.0 0.0 0.0 0.0 0.0 0.0 0.0 0.0 
	<Variance> 12
	1.0 1.0 1.0 1.0 1.0 1.0 1.0 1.0 1.0 1.0 1.0 1.0 
<State> 9
	<Mean> 12
	0.0 0.0 0.0 0.0 0.0 0.0 0.0 0.0 0.0 0.0 0.0 0.0 
	<Variance> 12
	1.0 1.0 1.0 1.0 1.0 1.0 1.0 1.0 1.0 1.0 1.0 1.0 
<State> 10
	<Mean> 12
	0.0 0.0 0.0 0.0 0.0 0.0 0.0 0.0 0.0 0.0 0.0 0.0 
	<Variance> 12
	1.0 1.0 1.0 1.0 1.0 1.0 1.0 1.0 1.0 1.0 1.0 1.0 
<TransP> 11
	0.0 1.0 0.0 0.0 0.0 0.0 0.0 0.0 0.0 0.0 0.0
	0.0 0.9 0.1 0.0 0.0 0.0 0.0 0.0 0.0 0.0 0.0
	0.0 0.0 0.9 0.1 0.0 0.0 0.0 0.0 0.0 0.0 0.0
	0.0 0.0 0.0 0.9 0.1 0.0 0.0 0.0 0.0 0.0 0.0
	0.0 0.0 0.0 0.0 0.9 0.1 0.0 0.0 0.0 0.0 0.0
	0.0 0.0 0.0 0.0 0.0 0.9 0.1 0.0 0.0 0.0 0.0
	0.0 0.0 0.0 0.0 0.0 0.0 0.9 0.1 0.0 0.0 0.0
	0.0 0.0 0.0 0.0 0.0 0.0 0.0 0.9 0.1 0.0 0.0
	0.0 0.0 0.0 0.0 0.0 0.0 0.0 0.0 0.9 0.1 0.0
	0.0 0.0 0.0 0.0 0.0 0.0 0.0 0.0 0.0 0.9 0.1
	0.0 0.0 0.0 0.0 0.0 0.0 0.0 0.0 0.0 0.0 0.0
<EndHMM>
