~o
<STREAMINFO> 1 12
<VECSIZE> 12<NULLD><MFCC_Z><DIAGC>
~h "T1375423470"
<BEGINHMM>
<NUMSTATES> 9
<STATE> 2
<MEAN> 12
 -1.197711e+01 -2.673316e+00 1.001240e+01 6.404673e+00 -5.550179e+00 3.143671e+00 5.983348e+00 -6.612149e-01 5.997607e-01 3.227023e+00 5.143999e+00 -1.347925e-01
<VARIANCE> 12
 6.513914e+00 9.447013e+00 5.397078e+00 2.466775e+01 1.162676e+01 6.621747e+00 7.306283e+00 2.411122e+01 1.734510e+01 2.539552e+01 1.109639e+01 5.422611e+00
<GCONST> 5.076568e+01
<STATE> 3
<MEAN> 12
 3.577661e+00 -3.814384e+00 3.680147e+00 2.197140e+00 4.350164e+00 -1.280045e+00 2.455410e+00 2.509393e+00 -2.575970e+00 -2.893706e+00 -4.389353e+00 3.773153e+00
<VARIANCE> 12
 4.848289e+00 5.266827e+00 5.397078e+00 5.878459e+00 4.844912e+00 7.089075e+00 2.951045e+00 3.822714e+00 4.070848e+00 1.749991e+01 1.128266e+01 4.012528e+00
<GCONST> 4.279007e+01
<STATE> 4
<MEAN> 12
 5.388355e+00 -3.881191e-02 -2.914669e+00 -1.339020e+00 3.382616e+00 1.523817e+00 -1.581449e-01 -3.200119e-01 -6.684367e-01 -6.324786e-01 -3.565153e+00 -2.677818e-01
<VARIANCE> 12
 4.848289e+00 2.459760e+00 5.397078e+00 6.081980e+00 7.394369e+00 9.278251e+00 4.103879e+00 4.634609e+00 3.219169e+01 7.673759e+00 2.931479e+00 9.399475e+00
<GCONST> 4.402396e+01
<STATE> 5
<MEAN> 12
 2.966516e+00 3.816425e+00 -3.833503e+00 -8.569059e+00 -6.849849e+00 -3.764358e+00 3.790194e-01 -1.151020e+00 1.170708e+00 8.525752e-01 1.404043e+00 -1.070135e+00
<VARIANCE> 12
 4.848289e+00 1.027914e+01 1.900290e+01 1.009128e+01 5.308325e+00 6.849405e+00 2.321333e+01 1.699678e+01 1.412009e+01 1.678967e+01 1.632248e+01 4.802876e+00
<GCONST> 5.062083e+01
<STATE> 6
<MEAN> 12
 4.847610e+00 -2.872017e+00 -5.614794e+00 1.881928e+00 3.127509e+00 -4.245708e+00 -2.554369e+00 -4.148435e-01 1.121961e+00 -2.241064e+00 -1.925046e+00 4.196822e-03
<VARIANCE> 12
 4.848289e+00 2.459760e+00 5.397078e+00 1.017286e+01 4.844912e+00 1.153842e+01 4.730613e+00 3.222404e+00 9.810259e+00 5.852133e+00 2.931479e+00 4.920018e+00
<GCONST> 4.200565e+01
<STATE> 7
<MEAN> 12
 1.454001e-01 -2.499633e+00 -4.614035e+00 2.374573e+00 4.415300e+00 1.256445e+00 -3.089814e+00 1.083428e+00 4.246609e-01 7.297606e-01 -9.406665e-01 -3.971893e-01
<VARIANCE> 12
 4.848289e+00 8.620178e+00 5.397078e+00 8.769993e+00 4.844912e+00 2.776205e+00 9.422832e+00 1.227644e+01 1.032791e+01 1.212518e+01 1.315583e+01 1.017978e+01
<GCONST> 4.672169e+01
<STATE> 8
<MEAN> 12
 -4.841116e+00 3.289419e+00 4.769555e+00 4.682169e+00 3.791197e+00 5.326101e+00 -2.900058e+00 -4.480980e-01 -8.088037e-01 -4.225496e-01 1.650833e+00 -9.382101e-01
<VARIANCE> 12
 4.848289e+00 3.030601e+00 7.014332e+00 5.878459e+00 1.447591e+01 7.862134e+00 1.100362e+01 1.100092e+01 1.312659e+01 1.089124e+01 1.163068e+01 8.014085e+00
<GCONST> 4.748935e+01
<TRANSP> 9
 0.000000e+00 1.000000e+00 0.000000e+00 0.000000e+00 0.000000e+00 0.000000e+00 0.000000e+00 0.000000e+00 0.000000e+00
 0.000000e+00 8.571746e-01 1.428254e-01 0.000000e+00 0.000000e+00 0.000000e+00 0.000000e+00 0.000000e+00 0.000000e+00
 0.000000e+00 0.000000e+00 8.748748e-01 1.251253e-01 0.000000e+00 0.000000e+00 0.000000e+00 0.000000e+00 0.000000e+00
 0.000000e+00 0.000000e+00 0.000000e+00 8.057740e-01 1.942260e-01 0.000000e+00 0.000000e+00 0.000000e+00 0.000000e+00
 0.000000e+00 0.000000e+00 0.000000e+00 0.000000e+00 9.330397e-01 6.696025e-02 0.000000e+00 0.000000e+00 0.000000e+00
 0.000000e+00 0.000000e+00 0.000000e+00 0.000000e+00 0.000000e+00 8.070132e-01 1.929868e-01 0.000000e+00 0.000000e+00
 0.000000e+00 0.000000e+00 0.000000e+00 0.000000e+00 0.000000e+00 0.000000e+00 8.866495e-01 1.133505e-01 0.000000e+00
 0.000000e+00 0.000000e+00 0.000000e+00 0.000000e+00 0.000000e+00 0.000000e+00 0.000000e+00 8.878884e-01 1.121116e-01
 0.000000e+00 0.000000e+00 0.000000e+00 0.000000e+00 0.000000e+00 0.000000e+00 0.000000e+00 0.000000e+00 0.000000e+00
<ENDHMM>
