~o
<STREAMINFO> 1 12
<VECSIZE> 12<NULLD><MFCC_Z><DIAGC>
~h "s093"
<BEGINHMM>
<NUMSTATES> 13
<STATE> 2
<MEAN> 12
 -2.731316e+00 5.553213e+00 9.303827e+00 -1.156810e+01 -1.215226e+01 7.803240e-01 -3.355953e-01 2.272189e+00 7.452622e+00 -1.024477e+00 2.175090e+00 -7.400092e+00
<VARIANCE> 12
 1.190333e+01 1.710287e+01 2.845637e+01 6.647165e+01 2.245986e+01 1.654906e+01 1.910974e+01 2.681109e+01 1.788463e+01 4.959256e+00 2.540152e+01 2.185493e+01
<GCONST> 5.787724e+01
<STATE> 3
<MEAN> 12
 -2.144047e-01 6.591947e+00 3.892399e+00 -1.353497e+01 -9.893984e+00 1.589840e+00 -3.769029e+00 3.295186e+00 4.076800e+00 -6.965289e-01 2.998252e+00 -3.498280e+00
<VARIANCE> 12
 2.506162e+01 1.710287e+01 3.599662e+01 5.748673e+01 2.245986e+01 1.908052e+01 2.300418e+01 2.607871e+01 3.431760e+01 1.270246e+01 6.564790e+01 2.873116e+01
<GCONST> 6.182703e+01
<STATE> 4
<MEAN> 12
 2.504526e+00 5.943405e+00 -1.948813e-01 -1.048025e+01 -7.393260e+00 4.497881e-02 -4.864431e+00 1.510122e+00 9.602720e-01 4.874302e-01 7.504029e-01 -9.379426e-01
<VARIANCE> 12
 2.165580e+01 1.710287e+01 3.134720e+01 5.047358e+01 2.535506e+01 2.562153e+01 1.870636e+01 2.930614e+01 3.233109e+01 2.114322e+01 9.702704e+01 3.044450e+01
<GCONST> 6.263694e+01
<STATE> 5
<MEAN> 12
 2.715388e+00 5.299200e+00 -2.358514e+00 -8.441170e+00 -4.941109e+00 -8.745957e-01 -3.973803e+00 9.385810e-01 -6.974622e-01 1.393313e+00 -1.254755e+00 5.942830e-01
<VARIANCE> 12
 2.423643e+01 1.772549e+01 2.206829e+01 4.018438e+01 2.328367e+01 3.249853e+01 1.794200e+01 3.136672e+01 2.918847e+01 2.510043e+01 9.133643e+01 3.167515e+01
<GCONST> 6.243359e+01
<STATE> 6
<MEAN> 12
 8.321135e-01 5.131717e+00 -2.806495e+00 -7.366035e+00 -3.004954e+00 2.504205e-01 -2.469635e+00 1.285157e+00 -1.525496e+00 1.353168e+00 -1.139890e+00 1.359167e+00
<VARIANCE> 12
 3.431005e+01 2.835306e+01 1.489574e+01 5.454858e+01 2.245986e+01 4.199030e+01 2.087067e+01 3.773484e+01 2.709073e+01 2.671537e+01 7.314243e+01 2.816636e+01
<GCONST> 6.336793e+01
<STATE> 7
<MEAN> 12
 -1.190464e+00 4.199790e+00 -2.624995e+00 -4.844825e+00 -1.136443e+00 2.458911e+00 -7.186871e-01 8.620678e-01 -1.639204e+00 3.999756e-01 -6.928302e-01 1.398628e+00
<VARIANCE> 12
 3.531630e+01 4.247028e+01 1.177620e+01 1.032429e+02 3.191376e+01 4.511761e+01 2.838264e+01 4.344143e+01 2.717963e+01 2.948830e+01 5.598989e+01 2.345992e+01
<GCONST> 6.472727e+01
<STATE> 8
<MEAN> 12
 -1.589221e+00 1.741729e+00 -2.550673e+00 4.924943e-01 1.762142e+00 3.923039e+00 1.378558e+00 -5.698051e-01 -8.726164e-01 -7.134916e-01 -1.065841e+00 1.296009e+00
<VARIANCE> 12
 3.161477e+01 5.527501e+01 1.160020e+01 1.533590e+02 6.625937e+01 4.842548e+01 3.282976e+01 4.166264e+01 3.188481e+01 3.166112e+01 4.333560e+01 2.236840e+01
<GCONST> 6.609266e+01
<STATE> 9
<MEAN> 12
 -4.445703e-01 -2.009433e+00 -2.194004e+00 7.417118e+00 6.404033e+00 3.060029e+00 3.252165e+00 -1.703318e+00 2.264769e-01 -1.149402e+00 -1.064705e+00 1.849515e+00
<VARIANCE> 12
 2.702857e+01 6.436024e+01 1.402530e+01 1.431280e+02 1.079268e+02 7.067431e+01 2.633894e+01 3.115529e+01 3.491818e+01 3.081270e+01 3.508057e+01 2.545026e+01
<GCONST> 6.654539e+01
<STATE> 10
<MEAN> 12
 3.335636e-01 -6.781040e+00 -1.036754e+00 1.318664e+01 1.115040e+01 -6.365307e-01 4.079875e+00 -1.753530e+00 2.323674e-01 -5.900494e-01 2.467965e-01 2.884268e+00
<VARIANCE> 12
 1.963646e+01 6.720624e+01 1.730863e+01 7.845325e+01 1.069697e+02 9.276820e+01 1.622095e+01 2.112566e+01 3.285427e+01 2.619023e+01 2.969151e+01 2.532546e+01
<GCONST> 6.487297e+01
<STATE> 11
<MEAN> 12
 -3.135469e-01 -1.174970e+01 2.901591e-01 1.638194e+01 1.186052e+01 -4.950141e+00 3.613588e+00 -1.969365e+00 -1.992885e+00 5.086065e-01 1.122986e+00 2.817902e+00
<VARIANCE> 12
 1.478495e+01 4.675226e+01 1.625161e+01 4.018438e+01 7.977261e+01 6.535246e+01 1.203211e+01 1.643656e+01 3.080564e+01 1.828290e+01 2.398252e+01 2.058040e+01
<GCONST> 6.145606e+01
<STATE> 12
<MEAN> 12
 9.773572e-02 -1.392082e+01 2.801261e-01 1.875709e+01 7.344804e+00 -5.646213e+00 3.806909e+00 -4.167252e+00 -6.220770e+00 3.144508e-02 -2.075553e+00 -3.637035e-01
<VARIANCE> 12
 1.202040e+01 1.710287e+01 1.081877e+01 4.018438e+01 4.830440e+01 2.430007e+01 1.422965e+01 1.631041e+01 2.256241e+01 1.392581e+01 3.218962e+01 2.390069e+01
<GCONST> 5.836585e+01
<TRANSP> 13
 0.000000e+00 1.000000e+00 0.000000e+00 0.000000e+00 0.000000e+00 0.000000e+00 0.000000e+00 0.000000e+00 0.000000e+00 0.000000e+00 0.000000e+00 0.000000e+00 0.000000e+00
 0.000000e+00 8.674698e-01 1.325302e-01 0.000000e+00 0.000000e+00 0.000000e+00 0.000000e+00 0.000000e+00 0.000000e+00 0.000000e+00 0.000000e+00 0.000000e+00 0.000000e+00
 0.000000e+00 0.000000e+00 8.674698e-01 1.325301e-01 0.000000e+00 0.000000e+00 0.000000e+00 0.000000e+00 0.000000e+00 0.000000e+00 0.000000e+00 0.000000e+00 0.000000e+00
 0.000000e+00 0.000000e+00 0.000000e+00 8.674698e-01 1.325301e-01 0.000000e+00 0.000000e+00 0.000000e+00 0.000000e+00 0.000000e+00 0.000000e+00 0.000000e+00 0.000000e+00
 0.000000e+00 0.000000e+00 0.000000e+00 0.000000e+00 8.674699e-01 1.325301e-01 0.000000e+00 0.000000e+00 0.000000e+00 0.000000e+00 0.000000e+00 0.000000e+00 0.000000e+00
 0.000000e+00 0.000000e+00 0.000000e+00 0.000000e+00 0.000000e+00 8.674698e-01 1.325301e-01 0.000000e+00 0.000000e+00 0.000000e+00 0.000000e+00 0.000000e+00 0.000000e+00
 0.000000e+00 0.000000e+00 0.000000e+00 0.000000e+00 0.000000e+00 0.000000e+00 8.674699e-01 1.325301e-01 0.000000e+00 0.000000e+00 0.000000e+00 0.000000e+00 0.000000e+00
 0.000000e+00 0.000000e+00 0.000000e+00 0.000000e+00 0.000000e+00 0.000000e+00 0.000000e+00 8.674698e-01 1.325301e-01 0.000000e+00 0.000000e+00 0.000000e+00 0.000000e+00
 0.000000e+00 0.000000e+00 0.000000e+00 0.000000e+00 0.000000e+00 0.000000e+00 0.000000e+00 0.000000e+00 8.674699e-01 1.325301e-01 0.000000e+00 0.000000e+00 0.000000e+00
 0.000000e+00 0.000000e+00 0.000000e+00 0.000000e+00 0.000000e+00 0.000000e+00 0.000000e+00 0.000000e+00 0.000000e+00 8.674699e-01 1.325301e-01 0.000000e+00 0.000000e+00
 0.000000e+00 0.000000e+00 0.000000e+00 0.000000e+00 0.000000e+00 0.000000e+00 0.000000e+00 0.000000e+00 0.000000e+00 0.000000e+00 8.674699e-01 1.325301e-01 0.000000e+00
 0.000000e+00 0.000000e+00 0.000000e+00 0.000000e+00 0.000000e+00 0.000000e+00 0.000000e+00 0.000000e+00 0.000000e+00 0.000000e+00 0.000000e+00 8.674699e-01 1.325301e-01
 0.000000e+00 0.000000e+00 0.000000e+00 0.000000e+00 0.000000e+00 0.000000e+00 0.000000e+00 0.000000e+00 0.000000e+00 0.000000e+00 0.000000e+00 0.000000e+00 0.000000e+00
<ENDHMM>
