~o
<STREAMINFO> 1 12
<VECSIZE> 12<NULLD><MFCC_Z><DIAGC>
~h "s083"
<BEGINHMM>
<NUMSTATES> 9
<STATE> 2
<MEAN> 12
 -3.053431e-07 6.274173e-07 -4.350093e-07 1.539264e-06 -6.692451e-08 5.019339e-08 -2.007735e-07 8.365564e-08 -2.593325e-07 3.764504e-08 -2.927947e-07 2.216875e-07
<VARIANCE> 12
 2.233705e+01 7.678483e+01 4.075514e+01 1.077653e+02 4.157034e+01 5.056455e+01 1.013496e+02 3.951448e+01 3.608744e+01 5.701458e+01 4.654550e+01 4.511392e+01
<GCONST> 6.911407e+01
<STATE> 3
<MEAN> 12
 -3.053431e-07 6.274173e-07 -4.350093e-07 1.539264e-06 -6.692451e-08 5.019339e-08 -2.007735e-07 8.365564e-08 -2.593325e-07 3.764504e-08 -2.927947e-07 2.216875e-07
<VARIANCE> 12
 2.233705e+01 7.678483e+01 4.075514e+01 1.077653e+02 4.157034e+01 5.056455e+01 1.013496e+02 3.951448e+01 3.608744e+01 5.701458e+01 4.654550e+01 4.511392e+01
<GCONST> 6.911407e+01
<STATE> 4
<MEAN> 12
 -3.053431e-07 6.274173e-07 -4.350093e-07 1.539264e-06 -6.692451e-08 5.019339e-08 -2.007735e-07 8.365564e-08 -2.593325e-07 3.764504e-08 -2.927947e-07 2.216875e-07
<VARIANCE> 12
 2.233705e+01 7.678483e+01 4.075514e+01 1.077653e+02 4.157034e+01 5.056455e+01 1.013496e+02 3.951448e+01 3.608744e+01 5.701458e+01 4.654550e+01 4.511392e+01
<GCONST> 6.911407e+01
<STATE> 5
<MEAN> 12
 -3.053431e-07 6.274173e-07 -4.350093e-07 1.539264e-06 -6.692451e-08 5.019339e-08 -2.007735e-07 8.365564e-08 -2.593325e-07 3.764504e-08 -2.927947e-07 2.216875e-07
<VARIANCE> 12
 2.233705e+01 7.678483e+01 4.075514e+01 1.077653e+02 4.157034e+01 5.056455e+01 1.013496e+02 3.951448e+01 3.608744e+01 5.701458e+01 4.654550e+01 4.511392e+01
<GCONST> 6.911407e+01
<STATE> 6
<MEAN> 12
 -3.053431e-07 6.274173e-07 -4.350093e-07 1.539264e-06 -6.692451e-08 5.019339e-08 -2.007735e-07 8.365564e-08 -2.593325e-07 3.764504e-08 -2.927947e-07 2.216875e-07
<VARIANCE> 12
 2.233705e+01 7.678483e+01 4.075514e+01 1.077653e+02 4.157034e+01 5.056455e+01 1.013496e+02 3.951448e+01 3.608744e+01 5.701458e+01 4.654550e+01 4.511392e+01
<GCONST> 6.911407e+01
<STATE> 7
<MEAN> 12
 -3.053431e-07 6.274173e-07 -4.350093e-07 1.539264e-06 -6.692451e-08 5.019339e-08 -2.007735e-07 8.365564e-08 -2.593325e-07 3.764504e-08 -2.927947e-07 2.216875e-07
<VARIANCE> 12
 2.233705e+01 7.678483e+01 4.075514e+01 1.077653e+02 4.157034e+01 5.056455e+01 1.013496e+02 3.951448e+01 3.608744e+01 5.701458e+01 4.654550e+01 4.511392e+01
<GCONST> 6.911407e+01
<STATE> 8
<MEAN> 12
 -3.053431e-07 6.274173e-07 -4.350093e-07 1.539264e-06 -6.692451e-08 5.019339e-08 -2.007735e-07 8.365564e-08 -2.593325e-07 3.764504e-08 -2.927947e-07 2.216875e-07
<VARIANCE> 12
 2.233705e+01 7.678483e+01 4.075514e+01 1.077653e+02 4.157034e+01 5.056455e+01 1.013496e+02 3.951448e+01 3.608744e+01 5.701458e+01 4.654550e+01 4.511392e+01
<GCONST> 6.911407e+01
<TRANSP> 9
 0.000000e+00 1.000000e+00 0.000000e+00 0.000000e+00 0.000000e+00 0.000000e+00 0.000000e+00 0.000000e+00 0.000000e+00
 0.000000e+00 9.000000e-01 9.999999e-02 0.000000e+00 0.000000e+00 0.000000e+00 0.000000e+00 0.000000e+00 0.000000e+00
 0.000000e+00 0.000000e+00 9.000000e-01 9.999999e-02 0.000000e+00 0.000000e+00 0.000000e+00 0.000000e+00 0.000000e+00
 0.000000e+00 0.000000e+00 0.000000e+00 9.000000e-01 9.999999e-02 0.000000e+00 0.000000e+00 0.000000e+00 0.000000e+00
 0.000000e+00 0.000000e+00 0.000000e+00 0.000000e+00 9.000000e-01 9.999999e-02 0.000000e+00 0.000000e+00 0.000000e+00
 0.000000e+00 0.000000e+00 0.000000e+00 0.000000e+00 0.000000e+00 9.000000e-01 9.999999e-02 0.000000e+00 0.000000e+00
 0.000000e+00 0.000000e+00 0.000000e+00 0.000000e+00 0.000000e+00 0.000000e+00 9.000000e-01 9.999999e-02 0.000000e+00
 0.000000e+00 0.000000e+00 0.000000e+00 0.000000e+00 0.000000e+00 0.000000e+00 0.000000e+00 9.000000e-01 9.999999e-02
 0.000000e+00 0.000000e+00 0.000000e+00 0.000000e+00 0.000000e+00 0.000000e+00 0.000000e+00 0.000000e+00 0.000000e+00
<ENDHMM>
