~o
<STREAMINFO> 1 12
<VECSIZE> 12<NULLD><MFCC_Z><DIAGC>
~h "s042"
<BEGINHMM>
<NUMSTATES> 8
<STATE> 2
<MEAN> 12
 -6.761421e+00 -2.475073e+00 1.095026e+01 -4.051254e+00 6.810050e-01 2.905005e-01 5.080187e+00 7.232160e+00 -5.757437e-01 8.144715e-01 -2.377311e+00 -5.424809e+00
<VARIANCE> 12
 3.270824e+01 2.756314e+01 2.002976e+01 8.750258e+00 1.752600e+01 1.033055e+02 1.981998e+01 2.901826e+01 9.159726e+01 2.038965e+01 6.110744e+01 9.955503e+00
<GCONST> 6.182411e+01
<STATE> 3
<MEAN> 12
 1.339561e+00 -6.542738e+00 -4.494626e-01 -1.438136e+00 -5.029811e+00 -1.324530e+01 3.801024e+00 2.250587e+00 -2.814233e+00 3.889566e-01 -7.080735e+00 6.660836e+00
<VARIANCE> 12
 6.410127e+00 1.909870e+01 2.002976e+01 9.219350e+00 1.752600e+01 2.267430e+01 6.452068e+00 4.556189e+01 2.840873e+01 2.193986e+01 7.449381e+00 1.021850e+01
<GCONST> 5.451627e+01
<STATE> 4
<MEAN> 12
 4.942590e-01 4.754373e+00 4.306592e+00 -6.863593e+00 -1.273388e+01 -3.057232e+00 -3.573931e+00 -3.651610e+00 1.396427e+00 1.560406e+00 5.056440e-01 -2.136813e+00
<VARIANCE> 12
 4.799248e+01 7.994475e+00 7.328368e+01 2.088270e+01 1.752600e+01 3.082124e+01 9.021606e+00 3.526914e+01 7.732323e+01 6.114180e+01 2.169598e+01 2.012145e+01
<GCONST> 6.193221e+01
<STATE> 5
<MEAN> 12
 -6.609405e+00 3.716633e+00 1.290961e+01 4.003037e+00 -1.433653e+00 6.135672e+00 -5.878734e+00 4.221317e+00 -1.064622e+01 -1.818236e+00 1.895353e-01 -9.814411e+00
<VARIANCE> 12
 1.106193e+01 4.538701e+00 2.002976e+01 3.236755e+01 1.752600e+01 1.703647e+01 1.875684e+01 1.090391e+01 1.843773e+01 8.316669e+01 3.704346e+01 4.307051e+01
<GCONST> 5.817495e+01
<STATE> 6
<MEAN> 12
 2.506641e+00 -1.139045e+00 -5.184268e+00 7.737832e+00 1.250128e+01 1.721075e-01 7.781700e-01 -1.330224e+00 1.999699e+00 -3.891272e-01 3.157065e+00 5.548394e+00
<VARIANCE> 12
 6.410127e+00 4.538701e+00 2.002976e+01 8.994670e+00 1.752600e+01 1.703647e+01 4.592676e+00 3.031830e+01 1.073613e+01 1.305248e+01 7.725793e+00 7.862164e+00
<GCONST> 5.030337e+01
<STATE> 7
<MEAN> 12
 3.529844e+00 5.661667e-01 -1.157658e+01 2.706887e+00 6.456500e+00 8.502563e+00 -3.416400e-01 -3.059444e+00 3.641382e+00 -1.174053e+00 3.181649e+00 9.581194e-01
<VARIANCE> 12
 6.410127e+00 4.538701e+00 2.192145e+01 2.683918e+01 1.907434e+01 3.932580e+01 1.011793e+01 1.095575e+01 1.073613e+01 6.365364e+00 2.607721e+01 7.862164e+00
<GCONST> 5.267838e+01
<TRANSP> 8
 0.000000e+00 1.000000e+00 0.000000e+00 0.000000e+00 0.000000e+00 0.000000e+00 0.000000e+00 0.000000e+00
 0.000000e+00 8.561761e-01 1.438239e-01 0.000000e+00 0.000000e+00 0.000000e+00 0.000000e+00 0.000000e+00
 0.000000e+00 0.000000e+00 8.671101e-01 1.328899e-01 0.000000e+00 0.000000e+00 0.000000e+00 0.000000e+00
 0.000000e+00 0.000000e+00 0.000000e+00 9.080319e-01 9.196804e-02 0.000000e+00 0.000000e+00 0.000000e+00
 0.000000e+00 0.000000e+00 0.000000e+00 0.000000e+00 7.848930e-01 2.151070e-01 0.000000e+00 0.000000e+00
 0.000000e+00 0.000000e+00 0.000000e+00 0.000000e+00 0.000000e+00 8.769139e-01 1.230861e-01 0.000000e+00
 0.000000e+00 0.000000e+00 0.000000e+00 0.000000e+00 0.000000e+00 0.000000e+00 9.157926e-01 8.420739e-02
 0.000000e+00 0.000000e+00 0.000000e+00 0.000000e+00 0.000000e+00 0.000000e+00 0.000000e+00 0.000000e+00
<ENDHMM>
