~o
<STREAMINFO> 1 12
<VECSIZE> 12<NULLD><MFCC_Z><DIAGC>
~h "s056"
<BEGINHMM>
<NUMSTATES> 9
<STATE> 2
<MEAN> 12
 -4.803121e+00 -1.997952e+00 9.966235e-01 7.937347e-01 5.786668e+00 3.352368e-01 2.453052e+00 7.031589e+00 -4.848258e-01 -3.406246e+00 3.215738e+00 1.963663e+00
<VARIANCE> 12
 5.098370e+01 2.692704e+01 7.453015e+01 9.517550e+00 2.712723e+01 1.681517e+02 2.230575e+01 4.169804e+01 1.226646e+02 1.700079e+01 3.298960e+01 2.181214e+01
<GCONST> 6.532558e+01
<STATE> 3
<MEAN> 12
 4.071196e-01 2.209288e-02 -5.871841e+00 -4.239841e-01 1.437568e+00 -5.642414e+00 -1.354237e+00 2.161196e+00 -1.991242e+00 -5.508529e+00 3.428379e-01 3.864387e+00
<VARIANCE> 12
 2.513142e+01 4.240707e+01 7.653999e+01 1.841277e+01 4.753941e+01 7.576208e+01 1.620077e+01 4.789535e+01 5.968032e+01 1.491789e+01 1.527082e+01 2.260969e+01
<GCONST> 6.375594e+01
<STATE> 4
<MEAN> 12
 9.123131e-01 2.718933e+00 -6.058930e+00 -1.535400e+00 -2.623848e+00 -2.931149e+00 -3.785784e+00 1.631076e-01 2.789822e-01 -5.877793e+00 1.988934e-01 2.173362e+00
<VARIANCE> 12
 1.998759e+01 4.381012e+01 6.749783e+01 2.369623e+01 3.820589e+01 4.855267e+01 2.194862e+01 5.594384e+01 3.274507e+01 1.882113e+01 1.737733e+01 3.326400e+01
<GCONST> 6.362898e+01
<STATE> 5
<MEAN> 12
 -3.584519e-01 1.356894e+00 -1.564305e+00 -2.295365e+00 -3.668573e+00 -5.310582e-01 -4.658097e+00 -9.280225e-01 -2.105605e-02 -3.832731e+00 -2.155867e-01 -9.330991e-01
<VARIANCE> 12
 2.260747e+01 5.967635e+01 6.361711e+01 2.073491e+01 3.279839e+01 3.308938e+01 2.809606e+01 6.410879e+01 2.122322e+01 4.255101e+01 2.260477e+01 3.996361e+01
<GCONST> 6.454417e+01
<STATE> 6
<MEAN> 12
 -4.588877e-01 -1.906653e+00 2.698732e+00 -1.976819e+00 -2.260826e+00 2.208274e-01 -2.466310e+00 -2.725906e+00 -7.109553e-01 7.769198e-01 -1.070672e+00 -2.477472e+00
<VARIANCE> 12
 1.925744e+01 6.109629e+01 3.430324e+01 1.834730e+01 3.136183e+01 2.621637e+01 4.405318e+01 4.862584e+01 2.029122e+01 7.011300e+01 2.153244e+01 3.525826e+01
<GCONST> 6.384368e+01
<STATE> 7
<MEAN> 12
 1.408141e+00 -1.841154e+00 4.916248e+00 3.745928e-01 -2.228126e-02 1.797279e+00 2.490295e+00 -3.512161e+00 2.360955e-01 6.937274e+00 -1.321048e+00 -2.134943e+00
<VARIANCE> 12
 1.632217e+01 4.691083e+01 1.323510e+01 2.786554e+01 2.062695e+01 2.643325e+01 5.432922e+01 2.880527e+01 1.939512e+01 6.215549e+01 1.570220e+01 2.493983e+01
<GCONST> 6.132733e+01
<STATE> 8
<MEAN> 12
 2.892812e+00 1.647919e+00 4.883524e+00 5.063252e+00 1.351270e+00 6.751437e+00 7.321067e+00 -2.189759e+00 2.693089e+00 1.091110e+01 -1.150149e+00 -2.456007e+00
<VARIANCE> 12
 7.472739e+00 2.462089e+01 1.323510e+01 2.658786e+01 8.480640e+00 3.912246e+01 3.396928e+01 2.622677e+01 1.150866e+01 2.480293e+01 1.111781e+01 1.074519e+01
<GCONST> 5.616650e+01
<TRANSP> 9
 0.000000e+00 1.000000e+00 0.000000e+00 0.000000e+00 0.000000e+00 0.000000e+00 0.000000e+00 0.000000e+00 0.000000e+00
 0.000000e+00 8.727273e-01 1.272727e-01 0.000000e+00 0.000000e+00 0.000000e+00 0.000000e+00 0.000000e+00 0.000000e+00
 0.000000e+00 0.000000e+00 8.727273e-01 1.272728e-01 0.000000e+00 0.000000e+00 0.000000e+00 0.000000e+00 0.000000e+00
 0.000000e+00 0.000000e+00 0.000000e+00 8.727272e-01 1.272728e-01 0.000000e+00 0.000000e+00 0.000000e+00 0.000000e+00
 0.000000e+00 0.000000e+00 0.000000e+00 0.000000e+00 8.727273e-01 1.272727e-01 0.000000e+00 0.000000e+00 0.000000e+00
 0.000000e+00 0.000000e+00 0.000000e+00 0.000000e+00 0.000000e+00 8.727273e-01 1.272728e-01 0.000000e+00 0.000000e+00
 0.000000e+00 0.000000e+00 0.000000e+00 0.000000e+00 0.000000e+00 0.000000e+00 8.727273e-01 1.272727e-01 0.000000e+00
 0.000000e+00 0.000000e+00 0.000000e+00 0.000000e+00 0.000000e+00 0.000000e+00 0.000000e+00 8.727272e-01 1.272727e-01
 0.000000e+00 0.000000e+00 0.000000e+00 0.000000e+00 0.000000e+00 0.000000e+00 0.000000e+00 0.000000e+00 0.000000e+00
<ENDHMM>
