~o
<STREAMINFO> 1 12
<VECSIZE> 12<NULLD><MFCC_Z><DIAGC>
~h "s047"
<BEGINHMM>
<NUMSTATES> 12
<STATE> 2
<MEAN> 12
 4.810242e+00 1.689558e+00 -2.612309e+00 -4.366607e+00 -9.508358e-01 -1.131100e+00 -4.474275e+00 -2.762748e+00 3.927754e+00 7.834960e+00 6.032633e+00 2.983057e-01
<VARIANCE> 12
 3.345775e+00 1.375467e+00 7.199126e+01 5.727693e+00 2.234051e+01 6.553883e+00 3.587194e+01 2.005005e+01 2.572750e+00 1.724352e+01 1.161684e+01 3.079656e+00
<GCONST> 4.853720e+01
<STATE> 3
<MEAN> 12
 -2.591392e+00 -4.260921e+00 -1.564553e+01 6.167330e+00 8.268869e+00 -1.319880e+00 -2.921147e-01 2.247606e+00 -3.066377e+00 -1.047722e+01 5.608110e+00 4.552226e+00
<VARIANCE> 12
 1.962348e+00 4.430448e+00 2.048544e+01 9.049632e+00 1.200342e+01 6.553883e+00 6.757279e+00 1.658227e+01 6.261465e+00 1.580448e+01 4.538291e+00 5.560503e+00
<GCONST> 4.634676e+01
<STATE> 4
<MEAN> 12
 1.233522e-02 -1.551327e+00 -8.161350e+00 -2.740811e+00 5.584790e-01 -6.467094e-01 -3.221212e-02 -3.515555e+00 2.351735e+00 -7.198751e-01 -3.590621e+00 3.542694e+00
<VARIANCE> 12
 2.141883e+00 3.393765e+00 2.552818e+01 7.534089e+00 5.022768e+00 8.472857e+00 1.667301e+01 1.029581e+01 1.072745e+01 8.357568e+00 1.411025e+01 9.195333e+00
<GCONST> 4.755532e+01
<STATE> 5
<MEAN> 12
 -1.783584e+00 -9.252452e-01 6.424757e+00 -7.964162e+00 3.726443e+00 3.185064e-01 1.141440e-01 2.718826e+00 -1.590990e+00 9.036633e-01 2.364275e+00 -1.238037e+00
<VARIANCE> 12
 1.507032e+01 3.551066e+00 3.717186e+01 9.041666e+00 9.992007e+00 1.306534e+01 6.019334e+00 1.286076e+01 1.470656e+01 8.700776e+00 2.057557e+01 1.550873e+01
<GCONST> 5.169001e+01
<STATE> 6
<MEAN> 12
 2.295612e-01 -2.218753e+00 -1.207487e+01 2.610849e+00 3.519264e+00 -5.381829e+00 -1.203176e+00 4.692431e+00 -5.958614e-01 -3.159578e+00 2.563659e-02 -2.583658e+00
<VARIANCE> 12
 1.745790e+00 7.872616e+00 2.048544e+01 5.727693e+00 9.765069e+00 3.913306e+01 4.072737e+00 5.862731e+00 4.313795e+00 1.759179e+01 4.568969e+00 5.420105e+00
<GCONST> 4.609752e+01
<STATE> 7
<MEAN> 12
 -5.610983e-01 2.040001e+00 -1.176787e+01 3.533495e+00 -6.620998e+00 -3.814949e-01 2.468937e+00 5.231100e-01 5.461850e-01 3.320083e+00 -1.624006e+00 1.274362e+00
<VARIANCE> 12
 1.745790e+00 1.375467e+00 2.048544e+01 5.727693e+00 5.022768e+00 6.553883e+00 5.476314e+00 5.694767e+00 2.572750e+00 6.380988e+00 8.702575e+00 6.239292e+00
<GCONST> 4.142236e+01
<STATE> 8
<MEAN> 12
 2.870905e+00 3.621135e+00 6.809080e-01 -5.999637e+00 -3.970760e+00 -7.604995e+00 1.272027e+00 -1.605759e+00 4.287629e+00 7.650765e+00 -2.899579e+00 1.957503e+00
<VARIANCE> 12
 1.745790e+00 1.375467e+00 3.066216e+01 1.426531e+01 5.550755e+00 7.454988e+00 3.534640e+00 2.152273e+01 9.979032e+00 9.959979e+00 7.045772e+00 1.667457e+01
<GCONST> 4.643130e+01
<STATE> 9
<MEAN> 12
 5.169245e+00 3.721018e+00 7.640905e+00 -6.982993e-01 -7.995547e+00 -2.829804e+00 -2.260299e+00 -6.228988e+00 1.875231e+00 2.491646e+00 -3.130500e+00 -4.683550e+00
<VARIANCE> 12
 2.387613e+00 1.916391e+00 2.048544e+01 1.041264e+01 6.760329e+00 6.553883e+00 9.664700e+00 2.533744e+01 8.086210e+00 1.601137e+01 1.092228e+01 1.197351e+01
<GCONST> 4.796685e+01
<STATE> 10
<MEAN> 12
 -6.954345e-01 1.549550e+00 1.601275e+01 3.808092e+00 -4.064041e+00 4.612747e+00 -2.675103e-01 4.748609e-01 -2.422582e+00 -2.004392e+00 -3.464582e+00 -3.936817e+00
<VARIANCE> 12
 2.271377e+00 1.375467e+00 2.048544e+01 6.768843e+00 1.200088e+01 2.819842e+01 7.561080e+00 2.389767e+01 1.643710e+01 3.135201e+01 4.289587e+00 1.306275e+01
<GCONST> 4.941757e+01
<STATE> 11
<MEAN> 12
 -4.163847e+00 -1.431930e+00 1.420290e+01 8.267655e+00 1.713326e+00 1.283663e+01 3.060114e+00 7.324116e-01 -3.020228e+00 -2.460693e+00 -1.972448e-01 -2.061241e-01
<VARIANCE> 12
 1.745790e+00 2.028943e+00 2.048544e+01 7.076325e+00 1.716235e+01 1.682118e+01 9.023334e+00 9.150366e+00 1.856449e+01 2.771341e+01 8.296227e+00 6.236444e+00
<GCONST> 4.856406e+01
<TRANSP> 12
 0.000000e+00 1.000000e+00 0.000000e+00 0.000000e+00 0.000000e+00 0.000000e+00 0.000000e+00 0.000000e+00 0.000000e+00 0.000000e+00 0.000000e+00 0.000000e+00
 0.000000e+00 8.077750e-01 1.922251e-01 0.000000e+00 0.000000e+00 0.000000e+00 0.000000e+00 0.000000e+00 0.000000e+00 0.000000e+00 0.000000e+00 0.000000e+00
 0.000000e+00 0.000000e+00 8.771663e-01 1.228336e-01 0.000000e+00 0.000000e+00 0.000000e+00 0.000000e+00 0.000000e+00 0.000000e+00 0.000000e+00 0.000000e+00
 0.000000e+00 0.000000e+00 0.000000e+00 8.607994e-01 1.392006e-01 0.000000e+00 0.000000e+00 0.000000e+00 0.000000e+00 0.000000e+00 0.000000e+00 0.000000e+00
 0.000000e+00 0.000000e+00 0.000000e+00 0.000000e+00 9.044447e-01 9.555527e-02 0.000000e+00 0.000000e+00 0.000000e+00 0.000000e+00 0.000000e+00 0.000000e+00
 0.000000e+00 0.000000e+00 0.000000e+00 0.000000e+00 0.000000e+00 8.507170e-01 1.492830e-01 0.000000e+00 0.000000e+00 0.000000e+00 0.000000e+00 0.000000e+00
 0.000000e+00 0.000000e+00 0.000000e+00 0.000000e+00 0.000000e+00 0.000000e+00 8.096734e-01 1.903266e-01 0.000000e+00 0.000000e+00 0.000000e+00 0.000000e+00
 0.000000e+00 0.000000e+00 0.000000e+00 0.000000e+00 0.000000e+00 0.000000e+00 0.000000e+00 8.777184e-01 1.222815e-01 0.000000e+00 0.000000e+00 0.000000e+00
 0.000000e+00 0.000000e+00 0.000000e+00 0.000000e+00 0.000000e+00 0.000000e+00 0.000000e+00 0.000000e+00 8.331086e-01 1.668914e-01 0.000000e+00 0.000000e+00
 0.000000e+00 0.000000e+00 0.000000e+00 0.000000e+00 0.000000e+00 0.000000e+00 0.000000e+00 0.000000e+00 0.000000e+00 8.529553e-01 1.470447e-01 0.000000e+00
 0.000000e+00 0.000000e+00 0.000000e+00 0.000000e+00 0.000000e+00 0.000000e+00 0.000000e+00 0.000000e+00 0.000000e+00 0.000000e+00 8.763052e-01 1.236948e-01
 0.000000e+00 0.000000e+00 0.000000e+00 0.000000e+00 0.000000e+00 0.000000e+00 0.000000e+00 0.000000e+00 0.000000e+00 0.000000e+00 0.000000e+00 0.000000e+00
<ENDHMM>
