~o
<STREAMINFO> 1 12
<VECSIZE> 12<NULLD><MFCC_Z><DIAGC>
~h "s045"
<BEGINHMM>
<NUMSTATES> 8
<STATE> 2
<MEAN> 12
 3.053639e+00 4.913191e+00 1.399861e+00 5.759246e+00 -8.501369e+00 -5.995476e+00 1.347303e+01 -6.551932e+00 1.402004e+00 -2.561197e+00 2.314559e-01 6.802322e-01
<VARIANCE> 12
 4.976411e+00 1.019109e+01 7.777809e+00 2.029235e+01 9.236778e+00 9.998363e+00 5.185041e+01 2.279606e+01 9.797545e+00 5.955787e+00 1.599861e+01 9.265606e+00
<GCONST> 5.170814e+01
<STATE> 3
<MEAN> 12
 -6.566023e+00 -1.123628e+01 -6.374396e+00 1.193653e+01 6.246903e+00 -5.413735e+00 1.122190e+01 -1.348109e+01 1.455126e+00 -1.501626e-01 2.316382e+00 -2.322896e+00
<VARIANCE> 12
 4.976411e+00 9.778956e+00 7.777809e+00 2.309583e+01 9.569799e+00 3.436794e+01 4.111499e+01 2.031861e+01 1.171072e+01 1.699252e+01 2.215358e+01 7.251223e+00
<GCONST> 5.402649e+01
<STATE> 4
<MEAN> 12
 -6.497656e+00 -2.817024e+00 -8.467772e+00 -4.704684e+00 2.094480e+00 6.373523e+00 1.268270e+00 -4.348046e+00 -7.301368e-01 -7.644646e+00 -5.036917e+00 3.397785e+00
<VARIANCE> 12
 4.976411e+00 1.391251e+01 7.777809e+00 2.931938e+01 6.054905e+00 1.172726e+01 2.769153e+01 2.031861e+01 1.454925e+01 2.206155e+01 5.284507e+00 1.017920e+01
<GCONST> 5.207349e+01
<STATE> 5
<MEAN> 12
 -6.678534e-01 3.310522e+00 -5.256396e+00 -1.516455e+01 9.087256e-01 -1.945554e+00 -7.568210e+00 8.513027e+00 -6.336516e-01 2.242764e-01 -5.124216e+00 -4.314615e+00
<VARIANCE> 12
 4.976411e+00 9.778956e+00 1.234405e+01 2.029235e+01 6.054905e+00 9.998363e+00 2.769153e+01 2.544625e+01 7.281203e+00 4.628041e+01 5.284507e+00 3.864146e+01
<GCONST> 5.326299e+01
<STATE> 6
<MEAN> 12
 4.524417e+00 5.166147e+00 5.539837e+00 -7.684654e+00 -2.314192e+00 1.061486e+00 -1.265563e+01 7.319349e+00 -1.854528e+00 2.436952e+00 2.763252e+00 3.800940e-01
<VARIANCE> 12
 4.976411e+00 9.778956e+00 7.777809e+00 2.978228e+01 7.037452e+00 1.016370e+01 2.769153e+01 2.031861e+01 4.388569e+01 2.350756e+01 1.492168e+01 1.561132e+01
<GCONST> 5.437711e+01
<STATE> 7
<MEAN> 12
 2.790102e+00 2.336925e+00 6.227038e+00 4.180761e+00 9.642842e-01 9.776215e+00 -3.891610e-01 1.013249e+01 1.080911e+00 2.249412e+00 -3.350280e+00 3.081684e+00
<VARIANCE> 12
 4.976411e+00 9.778956e+00 7.777809e+00 2.029235e+01 1.791181e+01 4.496388e+01 5.269807e+01 2.031861e+01 4.358705e+00 2.327525e+01 2.970835e+01 2.567477e+01
<GCONST> 5.592493e+01
<TRANSP> 8
 0.000000e+00 1.000000e+00 0.000000e+00 0.000000e+00 0.000000e+00 0.000000e+00 0.000000e+00 0.000000e+00
 0.000000e+00 8.605043e-01 1.394957e-01 0.000000e+00 0.000000e+00 0.000000e+00 0.000000e+00 0.000000e+00
 0.000000e+00 0.000000e+00 9.178113e-01 8.218876e-02 0.000000e+00 0.000000e+00 0.000000e+00 0.000000e+00
 0.000000e+00 0.000000e+00 0.000000e+00 7.863614e-01 2.136386e-01 0.000000e+00 0.000000e+00 0.000000e+00
 0.000000e+00 0.000000e+00 0.000000e+00 0.000000e+00 7.959710e-01 2.040290e-01 0.000000e+00 0.000000e+00
 0.000000e+00 0.000000e+00 0.000000e+00 0.000000e+00 0.000000e+00 9.364371e-01 6.356286e-02 0.000000e+00
 0.000000e+00 0.000000e+00 0.000000e+00 0.000000e+00 0.000000e+00 0.000000e+00 8.639397e-01 1.360603e-01
 0.000000e+00 0.000000e+00 0.000000e+00 0.000000e+00 0.000000e+00 0.000000e+00 0.000000e+00 0.000000e+00
<ENDHMM>
