~o
<STREAMINFO> 1 12
<VECSIZE> 12<NULLD><MFCC_Z><DIAGC>
~h "s039"
<BEGINHMM>
<NUMSTATES> 12
<STATE> 2
<MEAN> 12
 -1.312420e+01 1.108826e+00 -2.326944e+00 4.067634e+00 2.019069e+01 7.235697e+00 1.059047e+01 1.071523e+01 7.990065e-01 1.237188e+00 2.084927e+00 6.269765e+00
<VARIANCE> 12
 7.224966e+00 2.776760e+00 9.356525e+00 1.902613e+01 1.585278e+01 1.492712e+01 2.912053e+01 2.582014e+01 3.038535e+01 2.118298e+01 2.298692e+01 1.273896e+01
<GCONST> 5.447111e+01
<STATE> 3
<MEAN> 12
 6.230279e-01 3.100232e+00 9.100153e+00 -1.185822e+01 -2.489642e+00 -8.050385e+00 -1.210962e+01 5.228220e+00 7.069355e+00 -1.849935e-01 -2.659306e+00 -4.806090e+00
<VARIANCE> 12
 7.224966e+00 4.306150e+00 6.272653e+00 1.084360e+01 3.050574e+01 4.887008e+00 7.274507e+00 1.545595e+01 4.835602e+01 1.328133e+01 5.959768e+00 8.165825e+00
<GCONST> 4.978869e+01
<STATE> 4
<MEAN> 12
 3.734406e-01 -1.944107e+00 2.263691e+00 -5.011120e+00 -9.528070e+00 -2.023649e+00 -3.189214e+00 3.025492e-01 4.302203e+00 9.253984e+00 -6.198820e+00 -1.230822e+00
<VARIANCE> 12
 7.224966e+00 2.330864e+00 6.099205e+00 2.266825e+01 1.585278e+01 4.704910e+00 1.323314e+01 4.141897e+01 5.382245e+00 5.606210e+00 1.997320e+01 1.014941e+01
<GCONST> 4.914464e+01
<STATE> 5
<MEAN> 12
 3.635883e+00 2.090571e-01 -1.052558e+00 7.367044e+00 -1.159863e+01 -1.381143e+00 -6.345214e-01 -6.838783e+00 1.246056e-01 8.835571e-01 -2.817449e+00 -1.829613e+00
<VARIANCE> 12
 7.224966e+00 3.745566e+00 9.614710e+00 1.752395e+01 1.585278e+01 1.313180e+01 3.476436e+01 1.764043e+01 4.258084e+01 3.237117e+01 1.221281e+01 1.076947e+01
<GCONST> 5.434454e+01
<STATE> 6
<MEAN> 12
 5.311417e-01 4.888147e+00 -4.803515e+00 5.316597e+00 -5.418373e+00 1.870926e+00 -2.100665e+00 -4.221524e+00 2.211964e-01 3.425323e+00 -4.020125e-02 -3.654636e+00
<VARIANCE> 12
 7.224966e+00 2.330864e+00 2.272692e+00 1.647248e+01 2.286107e+01 1.241992e+01 7.274507e+00 9.568846e+00 6.181600e+01 3.504881e+01 3.423678e+00 5.356257e+00
<GCONST> 4.898247e+01
<STATE> 7
<MEAN> 12
 -8.683395e+00 5.611831e+00 -4.841799e-01 9.091129e+00 1.084672e+01 2.087513e+00 2.103705e+00 1.824922e+00 -7.516909e+00 -6.157198e+00 6.545110e-01 -2.911409e+00
<VARIANCE> 12
 1.336768e+01 2.330864e+00 2.528908e+00 1.368534e+01 1.585278e+01 1.983288e+01 1.055645e+01 9.568846e+00 3.076479e+01 5.606210e+00 1.622660e+01 1.247733e+01
<GCONST> 4.986447e+01
<STATE> 8
<MEAN> 12
 -2.449630e+00 3.927928e+00 2.574527e+00 -7.280534e+00 1.693164e+00 -1.477973e+00 -6.090023e+00 9.515909e+00 1.367062e+00 -4.440673e+00 3.872249e+00 -5.949297e+00
<VARIANCE> 12
 2.258485e+01 4.288217e+00 2.169398e+00 3.058371e+01 1.585278e+01 1.810482e+01 2.309452e+01 1.704439e+01 1.483783e+01 9.448719e+00 1.031549e+01 3.863623e+01
<GCONST> 5.338843e+01
<STATE> 9
<MEAN> 12
 -2.126511e+00 -4.988189e+00 -3.307118e-02 -1.054210e+01 1.977893e+00 6.007814e+00 -3.984874e+00 4.399340e+00 -3.620645e+00 -6.511262e+00 2.027800e+00 1.074075e+01
<VARIANCE> 12
 7.224966e+00 1.380901e+01 2.169398e+00 1.084360e+01 1.585278e+01 4.180627e+00 7.274507e+00 3.102153e+01 5.382245e+00 9.345655e+00 3.423678e+00 7.721279e+00
<GCONST> 4.662099e+01
<STATE> 10
<MEAN> 12
 3.453840e+00 -8.728915e+00 -1.896758e+00 -8.687263e+00 1.847434e+00 5.160539e+00 1.672773e+00 -8.234705e+00 -6.458763e-01 -2.695798e+00 -1.535274e+00 9.553274e+00
<VARIANCE> 12
 7.224966e+00 4.329690e+00 2.169398e+00 1.084360e+01 1.585278e+01 7.407766e+00 1.276767e+01 9.568846e+00 5.382245e+00 6.851066e+00 3.423678e+00 1.618871e+01
<GCONST> 4.584943e+01
<STATE> 11
<MEAN> 12
 8.585798e+00 -2.974913e+00 -1.583340e+00 1.157652e+00 2.292166e+00 -2.719289e+00 4.722694e+00 -6.378033e+00 -1.504103e+00 3.005958e-01 3.440706e+00 4.090190e-01
<VARIANCE> 12
 7.224966e+00 2.330864e+00 9.733834e+00 5.765058e+01 1.585278e+01 1.505588e+01 7.274507e+00 9.568846e+00 1.647813e+01 2.541436e+01 7.666982e+00 5.729380e+00
<GCONST> 5.074619e+01
<TRANSP> 12
 0.000000e+00 1.000000e+00 0.000000e+00 0.000000e+00 0.000000e+00 0.000000e+00 0.000000e+00 0.000000e+00 0.000000e+00 0.000000e+00 0.000000e+00 0.000000e+00
 0.000000e+00 8.750000e-01 1.250000e-01 0.000000e+00 0.000000e+00 0.000000e+00 0.000000e+00 0.000000e+00 0.000000e+00 0.000000e+00 0.000000e+00 0.000000e+00
 0.000000e+00 0.000000e+00 7.515138e-01 2.484862e-01 0.000000e+00 0.000000e+00 0.000000e+00 0.000000e+00 0.000000e+00 0.000000e+00 0.000000e+00 0.000000e+00
 0.000000e+00 0.000000e+00 0.000000e+00 8.836586e-01 1.163414e-01 0.000000e+00 0.000000e+00 0.000000e+00 0.000000e+00 0.000000e+00 0.000000e+00 0.000000e+00
 0.000000e+00 0.000000e+00 0.000000e+00 0.000000e+00 9.353234e-01 6.467652e-02 0.000000e+00 0.000000e+00 0.000000e+00 0.000000e+00 0.000000e+00 0.000000e+00
 0.000000e+00 0.000000e+00 0.000000e+00 0.000000e+00 0.000000e+00 6.553425e-01 3.446575e-01 0.000000e+00 0.000000e+00 0.000000e+00 0.000000e+00 0.000000e+00
 0.000000e+00 0.000000e+00 0.000000e+00 0.000000e+00 0.000000e+00 0.000000e+00 8.317293e-01 1.682707e-01 0.000000e+00 0.000000e+00 0.000000e+00 0.000000e+00
 0.000000e+00 0.000000e+00 0.000000e+00 0.000000e+00 0.000000e+00 0.000000e+00 0.000000e+00 8.836581e-01 1.163419e-01 0.000000e+00 0.000000e+00 0.000000e+00
 0.000000e+00 0.000000e+00 0.000000e+00 0.000000e+00 0.000000e+00 0.000000e+00 0.000000e+00 0.000000e+00 8.130798e-01 1.869202e-01 0.000000e+00 0.000000e+00
 0.000000e+00 0.000000e+00 0.000000e+00 0.000000e+00 0.000000e+00 0.000000e+00 0.000000e+00 0.000000e+00 0.000000e+00 6.030193e-01 3.969807e-01 0.000000e+00
 0.000000e+00 0.000000e+00 0.000000e+00 0.000000e+00 0.000000e+00 0.000000e+00 0.000000e+00 0.000000e+00 0.000000e+00 0.000000e+00 9.265257e-01 7.347433e-02
 0.000000e+00 0.000000e+00 0.000000e+00 0.000000e+00 0.000000e+00 0.000000e+00 0.000000e+00 0.000000e+00 0.000000e+00 0.000000e+00 0.000000e+00 0.000000e+00
<ENDHMM>
