~o
<STREAMINFO> 1 12
<VECSIZE> 12<NULLD><MFCC_Z><DIAGC>
~h "T1375864910"
<BEGINHMM>
<NUMSTATES> 7
<STATE> 2
<MEAN> 12
 6.219615e-08 2.073205e-08 7.774519e-08 -4.146410e-08 3.109808e-07 1.865885e-07 -1.347583e-07 -2.073205e-07 -1.969545e-07 1.658564e-07 -1.036603e-08 3.317128e-07
<VARIANCE> 12
 3.418975e+01 1.459468e+02 1.026621e+01 7.222581e+01 4.365847e+01 3.962749e+01 2.718106e+01 3.047681e+01 1.479098e+01 5.622257e+01 1.959146e+01 2.316236e+01
<GCONST> 6.419472e+01
<STATE> 3
<MEAN> 12
 6.219615e-08 2.073205e-08 7.774519e-08 -4.146410e-08 3.109808e-07 1.865885e-07 -1.347583e-07 -2.073205e-07 -1.969545e-07 1.658564e-07 -1.036603e-08 3.317128e-07
<VARIANCE> 12
 3.418975e+01 1.459468e+02 1.026621e+01 7.222581e+01 4.365847e+01 3.962749e+01 2.718106e+01 3.047681e+01 1.479098e+01 5.622257e+01 1.959146e+01 2.316236e+01
<GCONST> 6.419472e+01
<STATE> 4
<MEAN> 12
 6.219615e-08 2.073205e-08 7.774519e-08 -4.146410e-08 3.109808e-07 1.865885e-07 -1.347583e-07 -2.073205e-07 -1.969545e-07 1.658564e-07 -1.036603e-08 3.317128e-07
<VARIANCE> 12
 3.418975e+01 1.459468e+02 1.026621e+01 7.222581e+01 4.365847e+01 3.962749e+01 2.718106e+01 3.047681e+01 1.479098e+01 5.622257e+01 1.959146e+01 2.316236e+01
<GCONST> 6.419472e+01
<STATE> 5
<MEAN> 12
 6.219615e-08 2.073205e-08 7.774519e-08 -4.146410e-08 3.109808e-07 1.865885e-07 -1.347583e-07 -2.073205e-07 -1.969545e-07 1.658564e-07 -1.036603e-08 3.317128e-07
<VARIANCE> 12
 3.418975e+01 1.459468e+02 1.026621e+01 7.222581e+01 4.365847e+01 3.962749e+01 2.718106e+01 3.047681e+01 1.479098e+01 5.622257e+01 1.959146e+01 2.316236e+01
<GCONST> 6.419472e+01
<STATE> 6
<MEAN> 12
 6.219615e-08 2.073205e-08 7.774519e-08 -4.146410e-08 3.109808e-07 1.865885e-07 -1.347583e-07 -2.073205e-07 -1.969545e-07 1.658564e-07 -1.036603e-08 3.317128e-07
<VARIANCE> 12
 3.418975e+01 1.459468e+02 1.026621e+01 7.222581e+01 4.365847e+01 3.962749e+01 2.718106e+01 3.047681e+01 1.479098e+01 5.622257e+01 1.959146e+01 2.316236e+01
<GCONST> 6.419472e+01
<TRANSP> 7
 0.000000e+00 1.000000e+00 0.000000e+00 0.000000e+00 0.000000e+00 0.000000e+00 0.000000e+00
 0.000000e+00 9.000000e-01 9.999999e-02 0.000000e+00 0.000000e+00 0.000000e+00 0.000000e+00
 0.000000e+00 0.000000e+00 9.000000e-01 9.999999e-02 0.000000e+00 0.000000e+00 0.000000e+00
 0.000000e+00 0.000000e+00 0.000000e+00 9.000000e-01 9.999999e-02 0.000000e+00 0.000000e+00
 0.000000e+00 0.000000e+00 0.000000e+00 0.000000e+00 9.000000e-01 9.999999e-02 0.000000e+00
 0.000000e+00 0.000000e+00 0.000000e+00 0.000000e+00 0.000000e+00 9.000000e-01 9.999999e-02
 0.000000e+00 0.000000e+00 0.000000e+00 0.000000e+00 0.000000e+00 0.000000e+00 0.000000e+00
<ENDHMM>
