~o
<STREAMINFO> 1 12
<VECSIZE> 12<NULLD><MFCC_Z><DIAGC>
~h "s031"
<BEGINHMM>
<NUMSTATES> 10
<STATE> 2
<MEAN> 12
 -2.391806e+00 -4.898217e+00 3.508452e+00 -6.704322e+00 -7.237247e+00 2.894654e+00 5.197273e+00 2.226672e+00 -4.102879e+00 -3.653947e+00 -2.092463e+00 -7.744771e+00
<VARIANCE> 12
 2.687712e+00 1.520857e+01 1.667627e+01 1.699510e+01 2.003668e+01 2.288584e+01 3.911510e+00 5.035463e+01 1.290902e+01 1.086289e+01 3.007879e+01 2.351164e+01
<GCONST> 5.432768e+01
<STATE> 3
<MEAN> 12
 3.033589e+00 4.431293e+00 -9.668207e-01 -9.110726e+00 -1.666045e+00 -2.692435e-01 1.382303e+00 -6.081983e+00 5.326123e-03 2.085148e+00 3.264130e-01 8.667199e+00
<VARIANCE> 12
 3.221833e+00 1.624929e+01 4.963129e+00 1.260880e+01 1.669837e+01 1.648735e+01 5.131731e+00 1.148855e+01 2.255927e+01 1.289534e+01 1.272884e+01 1.383039e+01
<GCONST> 5.068740e+01
<STATE> 4
<MEAN> 12
 -2.505548e+00 1.182114e+01 4.385514e+00 -4.905786e+00 -1.694525e+00 1.022454e+01 9.417129e-01 2.607698e+00 -5.553247e-01 1.105044e+01 6.124332e-01 4.659569e+00
<VARIANCE> 12
 1.985478e+01 1.520857e+01 6.160316e+00 5.444985e+01 1.669837e+01 2.360424e+01 2.227143e+01 3.084073e+01 2.549746e+01 7.122851e+01 4.987138e+01 1.583817e+01
<GCONST> 6.026546e+01
<STATE> 5
<MEAN> 12
 -3.921582e+00 7.748896e+00 2.706850e+00 4.796270e+00 -8.863706e+00 -5.141446e+00 1.385811e-01 2.503172e+00 -2.008199e-01 -6.863048e+00 5.912027e+00 -2.692277e+00
<VARIANCE> 12
 2.723322e+00 1.520857e+01 1.009557e+01 9.873738e+00 1.669837e+01 5.550292e+01 8.322706e+00 2.118494e+01 1.670411e+01 2.332973e+01 7.312450e+01 1.125457e+01
<GCONST> 5.506256e+01
<STATE> 6
<MEAN> 12
 1.631248e+00 3.044583e+00 -3.542233e+00 4.474951e+00 -5.465688e+00 3.782949e+00 -2.220225e-01 4.072697e+00 5.050075e+00 -3.359534e+00 6.534315e-01 -5.585213e+00
<VARIANCE> 12
 1.164883e+01 1.520857e+01 9.627322e+00 1.046524e+01 2.408149e+01 6.862598e+01 1.444640e+01 2.230815e+01 9.189530e+00 6.425429e+01 1.774073e+01 2.419493e+01
<GCONST> 5.747268e+01
<STATE> 7
<MEAN> 12
 4.168746e+00 7.520024e-01 -5.683738e+00 -4.136782e-01 3.195989e+00 5.544240e+00 -4.642905e+00 -7.382212e+00 1.933134e+00 -1.229813e+00 -9.069274e+00 -8.656900e+00
<VARIANCE> 12
 1.228676e+01 3.976103e+01 1.705941e+01 9.873738e+00 1.774455e+01 3.389873e+01 3.861448e+01 3.307967e+01 1.125574e+01 1.272108e+01 2.929392e+01 1.161884e+01
<GCONST> 5.771867e+01
<STATE> 8
<MEAN> 12
 1.603862e-01 -8.316976e+00 -4.346520e+00 1.885732e+00 1.037097e+01 -5.118511e+00 -7.663042e+00 -1.855726e+00 3.077419e+00 1.798423e+00 -7.837451e+00 -3.652391e+00
<VARIANCE> 12
 6.058022e+00 1.520857e+01 5.546546e+00 1.075924e+01 1.669837e+01 1.238097e+01 3.911510e+00 7.423241e+00 4.974567e+00 1.964254e+01 2.772742e+01 2.052757e+01
<GCONST> 5.029295e+01
<STATE> 9
<MEAN> 12
 -1.005425e+00 -1.354077e+01 1.747087e+00 5.794488e+00 1.472793e+01 -7.194076e+00 -1.373308e+00 2.701542e-01 -3.839429e+00 3.614977e+00 4.223453e-01 5.556287e+00
<VARIANCE> 12
 2.874370e+00 1.520857e+01 1.767150e+01 9.873738e+00 1.669837e+01 1.238097e+01 1.390663e+01 8.516088e+00 9.809643e+00 2.104265e+01 9.960844e+00 1.125457e+01
<GCONST> 5.114919e+01
<TRANSP> 10
 0.000000e+00 1.000000e+00 0.000000e+00 0.000000e+00 0.000000e+00 0.000000e+00 0.000000e+00 0.000000e+00 0.000000e+00 0.000000e+00
 0.000000e+00 8.402064e-01 1.597937e-01 0.000000e+00 0.000000e+00 0.000000e+00 0.000000e+00 0.000000e+00 0.000000e+00 0.000000e+00
 0.000000e+00 0.000000e+00 9.061378e-01 9.386227e-02 0.000000e+00 0.000000e+00 0.000000e+00 0.000000e+00 0.000000e+00 0.000000e+00
 0.000000e+00 0.000000e+00 0.000000e+00 7.981001e-01 2.018998e-01 0.000000e+00 0.000000e+00 0.000000e+00 0.000000e+00 0.000000e+00
 0.000000e+00 0.000000e+00 0.000000e+00 0.000000e+00 8.732584e-01 1.267416e-01 0.000000e+00 0.000000e+00 0.000000e+00 0.000000e+00
 0.000000e+00 0.000000e+00 0.000000e+00 0.000000e+00 0.000000e+00 9.182335e-01 8.176648e-02 0.000000e+00 0.000000e+00 0.000000e+00
 0.000000e+00 0.000000e+00 0.000000e+00 0.000000e+00 0.000000e+00 0.000000e+00 7.648447e-01 2.351553e-01 0.000000e+00 0.000000e+00
 0.000000e+00 0.000000e+00 0.000000e+00 0.000000e+00 0.000000e+00 0.000000e+00 0.000000e+00 4.601251e-01 5.398750e-01 0.000000e+00
 0.000000e+00 0.000000e+00 0.000000e+00 0.000000e+00 0.000000e+00 0.000000e+00 0.000000e+00 0.000000e+00 9.160388e-01 8.396122e-02
 0.000000e+00 0.000000e+00 0.000000e+00 0.000000e+00 0.000000e+00 0.000000e+00 0.000000e+00 0.000000e+00 0.000000e+00 0.000000e+00
<ENDHMM>
