~o
<STREAMINFO> 1 12
<VECSIZE> 12<NULLD><MFCC_Z><DIAGC>
~h "s071"
<BEGINHMM>
<NUMSTATES> 7
<STATE> 2
<MEAN> 12
 -3.092948e+00 3.038062e+00 2.836756e+00 -9.712849e+00 -5.927019e+00 2.605833e+00 -4.231769e+00 2.449513e+00 1.125919e+00 -4.299605e-01 -4.291284e+00 -2.594014e+00
<VARIANCE> 12
 1.281618e+01 1.220368e+01 1.027474e+01 1.953391e+01 1.441336e+01 2.200151e+01 3.316327e+01 1.982392e+01 3.309165e+01 1.958145e+01 4.915598e+01 1.069487e+01
<GCONST> 5.739504e+01
<STATE> 3
<MEAN> 12
 -1.340819e+00 3.741915e+00 2.014032e-01 -6.757496e+00 -4.786294e+00 -6.094903e-01 -1.960998e+00 2.825241e+00 7.289987e-01 -9.594300e-01 -1.094645e-01 -2.285557e+00
<VARIANCE> 12
 1.698539e+01 8.513613e+00 2.620342e+01 4.279768e+01 1.727227e+01 2.606884e+01 6.577090e+01 2.587123e+01 2.226711e+01 2.176406e+01 6.607332e+01 2.834948e+01
<GCONST> 6.131882e+01
<STATE> 4
<MEAN> 12
 1.220930e+00 1.587094e+00 -2.578158e+00 -2.711237e-01 -2.571911e+00 -1.547725e+00 2.722169e+00 1.200658e+00 -1.584851e+00 -2.172902e+00 1.441147e+00 5.918322e-01
<VARIANCE> 12
 1.107749e+01 1.560624e+01 2.862000e+01 7.130093e+01 2.745155e+01 1.844631e+01 5.475198e+01 2.902508e+01 1.483688e+01 3.449902e+01 3.868554e+01 3.375456e+01
<GCONST> 6.183902e+01
<STATE> 5
<MEAN> 12
 1.767416e+00 -1.903619e+00 -2.269652e+00 6.399622e+00 2.368682e+00 -8.340715e-01 3.242648e+00 -1.251410e+00 -1.629284e+00 -1.497367e+00 1.562713e+00 2.448993e+00
<VARIANCE> 12
 7.805144e+00 2.775687e+01 2.493105e+01 5.481051e+01 4.964577e+01 1.288134e+01 3.315368e+01 2.933541e+01 1.134768e+01 6.425597e+01 1.926624e+01 1.673460e+01
<GCONST> 6.036115e+01
<STATE> 6
<MEAN> 12
 1.445458e+00 -6.463437e+00 1.809637e+00 1.034185e+01 1.091653e+01 3.854664e-01 2.279761e-01 -5.223990e+00 1.359183e+00 5.059624e+00 1.396883e+00 1.838747e+00
<VARIANCE> 12
 6.529607e+00 2.491385e+01 2.094099e+01 1.953391e+01 6.402319e+01 1.553756e+01 1.902700e+01 2.810249e+01 2.249331e+01 7.488034e+01 1.254356e+01 7.000581e+00
<GCONST> 5.824868e+01
<TRANSP> 7
 0.000000e+00 1.000000e+00 0.000000e+00 0.000000e+00 0.000000e+00 0.000000e+00 0.000000e+00
 0.000000e+00 8.913043e-01 1.086956e-01 0.000000e+00 0.000000e+00 0.000000e+00 0.000000e+00
 0.000000e+00 0.000000e+00 8.913043e-01 1.086956e-01 0.000000e+00 0.000000e+00 0.000000e+00
 0.000000e+00 0.000000e+00 0.000000e+00 8.913043e-01 1.086956e-01 0.000000e+00 0.000000e+00
 0.000000e+00 0.000000e+00 0.000000e+00 0.000000e+00 8.913043e-01 1.086956e-01 0.000000e+00
 0.000000e+00 0.000000e+00 0.000000e+00 0.000000e+00 0.000000e+00 8.913044e-01 1.086957e-01
 0.000000e+00 0.000000e+00 0.000000e+00 0.000000e+00 0.000000e+00 0.000000e+00 0.000000e+00
<ENDHMM>
