~o
<STREAMINFO> 1 12
<VECSIZE> 12<NULLD><MFCC_Z><DIAGC>
~h "s038"
<BEGINHMM>
<NUMSTATES> 13
<STATE> 2
<MEAN> 12
 5.959680e+00 4.089004e+00 1.036670e+00 -6.160486e+00 -6.323725e+00 -5.937015e+00 -2.387229e+00 -5.210344e+00 2.376768e+00 3.837966e+00 -3.815735e+00 -6.388754e+00
<VARIANCE> 12
 4.446987e+00 1.161814e+01 2.957946e+01 1.984631e+01 2.241681e+01 8.057411e+00 3.875395e+01 1.713471e+01 5.212506e+01 4.053714e+01 3.031334e+01 2.924664e+01
<GCONST> 5.851238e+01
<STATE> 3
<MEAN> 12
 5.631774e+00 2.718978e+00 -1.897832e+00 -7.329782e+00 -3.867313e+00 -4.785709e+00 -3.085804e+00 -3.551833e+00 7.995704e+00 2.254747e+00 -3.199829e+00 -2.738059e+00
<VARIANCE> 12
 6.855953e+00 2.186032e+01 1.560683e+01 2.027258e+01 1.649980e+01 1.502287e+01 5.267703e+01 3.621741e+01 7.869972e+01 7.884302e+01 4.607324e+01 4.044459e+01
<GCONST> 6.215119e+01
<STATE> 4
<MEAN> 12
 4.249787e+00 1.574485e+00 -1.725741e+00 -5.219071e+00 -3.187415e+00 -3.535540e+00 -5.203265e+00 -7.967168e-01 9.932475e+00 -1.025846e+00 -2.617511e+00 -1.610126e+00
<VARIANCE> 12
 2.017787e+01 2.235713e+01 2.495862e+01 2.688615e+01 2.275052e+01 2.237853e+01 3.972007e+01 5.107059e+01 8.407446e+01 7.772267e+01 4.160012e+01 4.550100e+01
<GCONST> 6.485353e+01
<STATE> 5
<MEAN> 12
 1.502674e+00 1.824754e+00 -9.719340e-01 -3.129615e+00 -2.100604e+00 -2.213080e+00 -4.835309e+00 1.246176e+00 6.898556e+00 -3.536095e+00 -2.498647e+00 -1.301219e+00
<VARIANCE> 12
 3.354490e+01 2.482027e+01 4.035651e+01 3.229675e+01 2.606645e+01 3.451839e+01 3.116014e+01 4.817757e+01 1.064903e+02 4.768569e+01 3.313543e+01 3.943995e+01
<GCONST> 6.577603e+01
<STATE> 6
<MEAN> 12
 -1.401610e+00 2.299775e+00 1.688402e-01 -1.497923e+00 -7.723795e-01 -4.879244e-01 -2.935697e+00 1.995153e+00 1.829621e+00 -3.520712e+00 -1.522266e+00 -5.683322e-01
<VARIANCE> 12
 3.293250e+01 3.258956e+01 5.466699e+01 4.492402e+01 2.805600e+01 4.386321e+01 2.996192e+01 3.932261e+01 1.083613e+02 3.388049e+01 3.402393e+01 3.031747e+01
<GCONST> 6.617331e+01
<STATE> 7
<MEAN> 12
 -3.260638e+00 1.550860e+00 7.264219e-01 2.689385e-01 4.222922e-01 1.032565e+00 -1.088261e+00 2.068039e+00 -2.423523e+00 -2.030050e+00 -6.219365e-02 4.815767e-01
<VARIANCE> 12
 2.280028e+01 4.093197e+01 6.377843e+01 5.817066e+01 3.083070e+01 4.429691e+01 2.749910e+01 3.038162e+01 8.736851e+01 3.147785e+01 3.970124e+01 2.627230e+01
<GCONST> 6.592874e+01
<STATE> 8
<MEAN> 12
 -3.989316e+00 9.080195e-02 3.071395e-01 1.759753e+00 9.499928e-01 2.001911e+00 3.126912e-01 1.924444e+00 -4.741893e+00 -7.252213e-01 9.777296e-01 1.178602e+00
<VARIANCE> 12
 1.490249e+01 4.157867e+01 6.550683e+01 6.161201e+01 3.294516e+01 4.135990e+01 2.650385e+01 2.413734e+01 6.443854e+01 2.734580e+01 4.355763e+01 2.698536e+01
<GCONST> 6.500851e+01
<STATE> 9
<MEAN> 12
 -4.085807e+00 -9.955980e-01 7.674408e-02 2.134961e+00 7.809640e-01 2.853163e+00 1.763061e+00 1.677170e+00 -5.638195e+00 -7.695241e-03 1.555255e+00 1.430339e+00
<VARIANCE> 12
 1.243619e+01 3.860017e+01 5.728334e+01 6.210387e+01 3.533759e+01 3.612569e+01 2.962798e+01 2.096329e+01 4.949426e+01 2.570475e+01 4.295131e+01 2.995279e+01
<GCONST> 6.429688e+01
<STATE> 10
<MEAN> 12
 -3.445109e+00 -2.361800e+00 4.529786e-01 2.501004e+00 1.458821e+00 3.387911e+00 3.877590e+00 1.226693e+00 -6.341980e+00 8.627125e-01 2.285119e+00 2.123780e+00
<VARIANCE> 12
 1.333994e+01 4.011287e+01 4.254334e+01 6.726221e+01 4.356842e+01 2.664243e+01 3.257207e+01 1.820310e+01 4.349266e+01 2.699066e+01 3.700257e+01 3.286155e+01
<GCONST> 6.390937e+01
<STATE> 11
<MEAN> 12
 -1.684237e+00 -4.837459e+00 4.093047e-01 5.368523e+00 4.582163e+00 3.102436e+00 6.221560e+00 1.068887e-01 -6.210618e+00 1.902460e+00 3.539924e+00 3.505549e+00
<VARIANCE> 12
 1.301935e+01 3.399073e+01 2.636198e+01 6.870149e+01 4.976103e+01 1.885666e+01 2.503052e+01 1.700578e+01 4.231985e+01 2.302413e+01 3.023536e+01 2.885830e+01
<GCONST> 6.219970e+01
<STATE> 12
<MEAN> 12
 5.228168e-01 -5.953808e+00 1.417616e+00 1.130377e+01 8.057252e+00 4.581278e+00 7.360914e+00 -6.858075e-01 -3.677187e+00 1.988003e+00 5.358335e+00 3.886587e+00
<VARIANCE> 12
 6.586104e+00 1.479193e+01 1.755439e+01 4.844255e+01 2.521110e+01 2.469563e+01 1.046928e+01 1.714025e+01 3.127508e+01 1.311188e+01 2.187668e+01 1.725679e+01
<GCONST> 5.695301e+01
<TRANSP> 13
 0.000000e+00 1.000000e+00 0.000000e+00 0.000000e+00 0.000000e+00 0.000000e+00 0.000000e+00 0.000000e+00 0.000000e+00 0.000000e+00 0.000000e+00 0.000000e+00 0.000000e+00
 0.000000e+00 8.589743e-01 1.410257e-01 0.000000e+00 0.000000e+00 0.000000e+00 0.000000e+00 0.000000e+00 0.000000e+00 0.000000e+00 0.000000e+00 0.000000e+00 0.000000e+00
 0.000000e+00 0.000000e+00 8.589743e-01 1.410257e-01 0.000000e+00 0.000000e+00 0.000000e+00 0.000000e+00 0.000000e+00 0.000000e+00 0.000000e+00 0.000000e+00 0.000000e+00
 0.000000e+00 0.000000e+00 0.000000e+00 8.589745e-01 1.410256e-01 0.000000e+00 0.000000e+00 0.000000e+00 0.000000e+00 0.000000e+00 0.000000e+00 0.000000e+00 0.000000e+00
 0.000000e+00 0.000000e+00 0.000000e+00 0.000000e+00 8.589743e-01 1.410256e-01 0.000000e+00 0.000000e+00 0.000000e+00 0.000000e+00 0.000000e+00 0.000000e+00 0.000000e+00
 0.000000e+00 0.000000e+00 0.000000e+00 0.000000e+00 0.000000e+00 8.589744e-01 1.410256e-01 0.000000e+00 0.000000e+00 0.000000e+00 0.000000e+00 0.000000e+00 0.000000e+00
 0.000000e+00 0.000000e+00 0.000000e+00 0.000000e+00 0.000000e+00 0.000000e+00 8.589744e-01 1.410256e-01 0.000000e+00 0.000000e+00 0.000000e+00 0.000000e+00 0.000000e+00
 0.000000e+00 0.000000e+00 0.000000e+00 0.000000e+00 0.000000e+00 0.000000e+00 0.000000e+00 8.589743e-01 1.410257e-01 0.000000e+00 0.000000e+00 0.000000e+00 0.000000e+00
 0.000000e+00 0.000000e+00 0.000000e+00 0.000000e+00 0.000000e+00 0.000000e+00 0.000000e+00 0.000000e+00 8.589743e-01 1.410256e-01 0.000000e+00 0.000000e+00 0.000000e+00
 0.000000e+00 0.000000e+00 0.000000e+00 0.000000e+00 0.000000e+00 0.000000e+00 0.000000e+00 0.000000e+00 0.000000e+00 8.589744e-01 1.410256e-01 0.000000e+00 0.000000e+00
 0.000000e+00 0.000000e+00 0.000000e+00 0.000000e+00 0.000000e+00 0.000000e+00 0.000000e+00 0.000000e+00 0.000000e+00 0.000000e+00 8.589744e-01 1.410256e-01 0.000000e+00
 0.000000e+00 0.000000e+00 0.000000e+00 0.000000e+00 0.000000e+00 0.000000e+00 0.000000e+00 0.000000e+00 0.000000e+00 0.000000e+00 0.000000e+00 8.589744e-01 1.410256e-01
 0.000000e+00 0.000000e+00 0.000000e+00 0.000000e+00 0.000000e+00 0.000000e+00 0.000000e+00 0.000000e+00 0.000000e+00 0.000000e+00 0.000000e+00 0.000000e+00 0.000000e+00
<ENDHMM>
