~o
<STREAMINFO> 1 12
<VECSIZE> 12<NULLD><MFCC_Z><DIAGC>
~h "s051"
<BEGINHMM>
<NUMSTATES> 10
<STATE> 2
<MEAN> 12
 -1.084086e+00 -1.744110e+00 4.171458e+00 -6.598333e+00 -1.170772e+01 3.605126e+00 3.069511e+00 2.604562e+00 -2.659810e+00 -2.785846e+00 6.929774e+00 -5.634348e+00
<VARIANCE> 12
 2.001611e+01 4.939680e+01 3.572660e+01 1.465317e+01 8.992483e+01 2.570370e+01 2.290763e+01 8.589510e+01 1.910407e+01 1.506145e+02 2.199632e+01 4.861887e+01
<GCONST> 6.548122e+01
<STATE> 3
<MEAN> 12
 4.792587e+00 -4.028769e+00 -1.118971e+01 -4.062887e+00 -6.225744e-01 -6.580925e+00 1.289918e+00 4.937629e+00 -2.835466e+00 4.705929e+00 -1.138770e+01 -7.584221e+00
<VARIANCE> 12
 7.567367e+00 1.583123e+01 2.248215e+01 1.465317e+01 1.613874e+01 1.021672e+01 1.681750e+01 1.152858e+01 1.286885e+01 3.465627e+01 1.027811e+01 2.074287e+01
<GCONST> 5.447274e+01
<STATE> 4
<MEAN> 12
 4.797348e+00 2.244868e+00 1.978094e+00 -5.143447e+00 -4.847959e+00 -2.941614e+00 -3.265607e+00 3.033187e+00 4.221838e-01 1.804721e+00 -1.695243e+00 1.114470e+00
<VARIANCE> 12
 2.083152e+01 1.583123e+01 2.072462e+01 3.409839e+01 4.671560e+01 1.024182e+01 6.220205e+01 5.413424e+00 1.864277e+01 1.600303e+01 4.655882e+01 9.236255e+00
<GCONST> 5.816546e+01
<STATE> 5
<MEAN> 12
 -2.627648e+00 1.491900e+01 9.353177e+00 -1.498355e+01 -4.542871e+00 4.121696e+00 -9.615594e+00 2.682106e+00 3.590891e+00 -2.309922e+00 9.727478e+00 -4.404854e+00
<VARIANCE> 12
 5.722692e+00 1.869638e+01 1.667988e+01 3.288130e+01 7.811506e+00 1.398692e+01 8.721253e+01 1.510984e+01 8.788306e+00 1.544146e+01 1.351236e+01 1.146662e+01
<GCONST> 5.486535e+01
<STATE> 6
<MEAN> 12
 -9.882076e+00 1.285267e+01 1.142263e+01 -9.172502e-01 3.919719e+00 9.710547e+00 2.109147e+00 -3.947714e+00 8.970508e+00 3.344111e+00 5.423036e+00 5.654414e+00
<VARIANCE> 12
 2.053729e+01 4.848343e+01 1.304644e+01 1.465317e+01 2.151183e+01 5.626114e+01 1.274559e+01 2.914546e+01 1.774375e+01 1.450911e+01 1.027811e+01 2.397626e+01
<GCONST> 5.828514e+01
<STATE> 7
<MEAN> 12
 -5.841196e+00 -1.521422e+00 7.182063e+00 7.979459e+00 3.440696e+00 8.252018e+00 -5.426341e+00 -5.116441e+00 -4.449117e+00 2.602279e+00 2.022311e+00 -3.072013e+00
<VARIANCE> 12
 1.502954e+01 1.583123e+01 1.304644e+01 1.465317e+01 7.811506e+00 9.423261e+01 1.593036e+01 5.413424e+00 1.128228e+01 8.503209e+00 1.900511e+01 1.725852e+01
<GCONST> 5.419486e+01
<STATE> 8
<MEAN> 12
 4.271814e-01 -1.183694e+01 -5.868886e+00 9.463865e+00 7.585845e+00 -9.038143e+00 2.094293e+00 -6.813459e+00 -6.101806e+00 -6.525492e+00 1.665949e+00 1.979717e+00
<VARIANCE> 12
 5.722692e+00 1.583123e+01 1.304644e+01 1.465317e+01 8.270028e+00 9.964850e+00 1.043440e+01 7.359503e+00 2.645420e+01 2.509633e+01 1.027811e+01 9.236255e+00
<GCONST> 5.161821e+01
<STATE> 9
<MEAN> 12
 5.479729e+00 -7.921732e+00 -4.666717e+00 1.310702e+01 2.536489e+00 -9.171474e-01 4.245212e+00 -3.423173e-01 9.051616e-01 -1.455578e+00 -4.170809e+00 1.082780e+01
<VARIANCE> 12
 7.292015e+00 1.583123e+01 2.066292e+01 1.465317e+01 1.792654e+01 2.223860e+01 7.716878e+00 5.413424e+00 1.000196e+01 4.463039e+01 2.492599e+01 1.118894e+01
<GCONST> 5.396873e+01
<TRANSP> 10
 0.000000e+00 1.000000e+00 0.000000e+00 0.000000e+00 0.000000e+00 0.000000e+00 0.000000e+00 0.000000e+00 0.000000e+00 0.000000e+00
 0.000000e+00 8.333638e-01 1.666362e-01 0.000000e+00 0.000000e+00 0.000000e+00 0.000000e+00 0.000000e+00 0.000000e+00 0.000000e+00
 0.000000e+00 0.000000e+00 9.196051e-01 8.039493e-02 0.000000e+00 0.000000e+00 0.000000e+00 0.000000e+00 0.000000e+00 0.000000e+00
 0.000000e+00 0.000000e+00 0.000000e+00 6.497194e-01 3.502805e-01 0.000000e+00 0.000000e+00 0.000000e+00 0.000000e+00 0.000000e+00
 0.000000e+00 0.000000e+00 0.000000e+00 0.000000e+00 8.821652e-01 1.178348e-01 0.000000e+00 0.000000e+00 0.000000e+00 0.000000e+00
 0.000000e+00 0.000000e+00 0.000000e+00 0.000000e+00 0.000000e+00 8.793008e-01 1.206992e-01 0.000000e+00 0.000000e+00 0.000000e+00
 0.000000e+00 0.000000e+00 0.000000e+00 0.000000e+00 0.000000e+00 0.000000e+00 7.428709e-01 2.571291e-01 0.000000e+00 0.000000e+00
 0.000000e+00 0.000000e+00 0.000000e+00 0.000000e+00 0.000000e+00 0.000000e+00 0.000000e+00 8.697591e-01 1.302409e-01 0.000000e+00
 0.000000e+00 0.000000e+00 0.000000e+00 0.000000e+00 0.000000e+00 0.000000e+00 0.000000e+00 0.000000e+00 9.035378e-01 9.646215e-02
 0.000000e+00 0.000000e+00 0.000000e+00 0.000000e+00 0.000000e+00 0.000000e+00 0.000000e+00 0.000000e+00 0.000000e+00 0.000000e+00
<ENDHMM>
