~o
<STREAMINFO> 1 12
<VECSIZE> 12<NULLD><MFCC_Z><DIAGC>
~h "s091"
<BEGINHMM>
<NUMSTATES> 9
<STATE> 2
<MEAN> 12
 2.234626e+00 5.180432e+00 -9.323713e+00 -1.482409e+00 -5.472305e+00 -2.981465e+00 -1.056409e+01 -1.970394e+00 1.035261e+01 -1.292829e+00 4.368878e+00 -6.316867e+00
<VARIANCE> 12
 1.448728e+00 6.911270e+00 2.859162e+01 1.224034e+01 2.781001e+01 5.633707e+01 2.775118e+01 1.064188e+02 1.008757e+01 7.091031e+01 2.089224e+01 1.818949e+01
<GCONST> 5.807656e+01
<STATE> 3
<MEAN> 12
 3.407751e+00 3.236426e+00 -6.167557e+00 8.740149e+00 -2.023370e+00 -4.653844e+00 -9.831656e+00 -3.132513e+00 3.030785e+00 -9.226941e+00 -6.688904e+00 -2.973590e+00
<VARIANCE> 12
 6.623132e+00 6.911270e+00 3.859980e+01 2.003524e+01 1.401564e+01 1.940069e+01 1.383451e+01 1.347116e+01 1.008757e+01 2.340596e+01 6.815885e+00 1.920976e+01
<GCONST> 5.370116e+01
<STATE> 4
<MEAN> 12
 -2.111277e+00 -4.924919e+00 4.373547e+00 6.881971e+00 1.596673e+00 -1.149778e+01 -2.064453e+00 8.714827e-01 -3.253103e+00 -5.525724e+00 -4.711004e+00 -4.732090e+00
<VARIANCE> 12
 2.261102e+00 3.099527e+01 1.083564e+01 1.224034e+01 1.514142e+01 1.940069e+01 1.383451e+01 1.183078e+01 1.134191e+01 2.507105e+01 2.065405e+01 9.192128e+00
<GCONST> 5.286888e+01
<STATE> 5
<MEAN> 12
 -2.738789e+00 -6.273970e+00 1.662950e+00 -4.201593e+00 1.657126e-02 -1.892820e+00 9.549853e+00 -5.664882e+00 -5.900165e+00 3.246560e+00 2.309614e+00 -3.321358e+00
<VARIANCE> 12
 1.448728e+00 3.652379e+01 1.083564e+01 4.114974e+01 5.198214e+01 2.121346e+01 3.304169e+01 8.630904e+00 2.753071e+01 2.589196e+01 1.204430e+01 1.219620e+01
<GCONST> 5.634084e+01
<STATE> 6
<MEAN> 12
 -8.129364e-01 4.798537e+00 8.752712e+00 -1.098618e+01 2.384908e+00 1.485147e+01 4.737790e+00 3.052248e-01 -2.531645e+00 5.557173e+00 -9.654735e-01 5.997070e+00
<VARIANCE> 12
 1.448728e+00 6.911270e+00 1.083564e+01 1.224034e+01 1.832194e+01 5.196695e+01 1.383451e+01 8.630904e+00 2.784185e+01 4.255069e+01 1.467234e+01 2.408349e+01
<GCONST> 5.383189e+01
<STATE> 7
<MEAN> 12
 -1.085128e+00 -8.923109e-01 4.087104e+00 6.954983e+00 5.296770e+00 3.015509e+00 5.765695e+00 1.660304e+00 -7.366656e+00 8.466489e+00 7.334799e+00 4.284665e+00
<VARIANCE> 12
 1.448728e+00 6.911270e+00 1.083564e+01 2.317256e+01 6.358390e+00 1.940069e+01 1.383451e+01 1.066883e+01 1.008757e+01 2.240398e+01 1.261195e+01 9.192128e+00
<GCONST> 4.986728e+01
<STATE> 8
<MEAN> 12
 2.227643e+00 -1.884439e+00 -4.653241e+00 4.678816e+00 2.444869e-01 -4.165844e-01 8.455928e-01 8.042555e+00 2.527310e+00 -3.538111e+00 -3.020932e+00 8.006297e+00
<VARIANCE> 12
 9.060801e+00 7.140078e+00 1.169283e+01 1.224034e+01 9.497510e+00 2.254341e+01 1.783237e+01 8.630904e+00 1.261387e+01 1.212574e+01 2.364646e+01 1.156392e+01
<GCONST> 5.223199e+01
<TRANSP> 9
 0.000000e+00 1.000000e+00 0.000000e+00 0.000000e+00 0.000000e+00 0.000000e+00 0.000000e+00 0.000000e+00 0.000000e+00
 0.000000e+00 9.106028e-01 8.939722e-02 0.000000e+00 0.000000e+00 0.000000e+00 0.000000e+00 0.000000e+00 0.000000e+00
 0.000000e+00 0.000000e+00 7.746733e-01 2.253267e-01 0.000000e+00 0.000000e+00 0.000000e+00 0.000000e+00 0.000000e+00
 0.000000e+00 0.000000e+00 0.000000e+00 8.883560e-01 1.116441e-01 0.000000e+00 0.000000e+00 0.000000e+00 0.000000e+00
 0.000000e+00 0.000000e+00 0.000000e+00 0.000000e+00 8.951171e-01 1.048828e-01 0.000000e+00 0.000000e+00 0.000000e+00
 0.000000e+00 0.000000e+00 0.000000e+00 0.000000e+00 0.000000e+00 9.089239e-01 9.107615e-02 0.000000e+00 0.000000e+00
 0.000000e+00 0.000000e+00 0.000000e+00 0.000000e+00 0.000000e+00 0.000000e+00 8.067839e-01 1.932161e-01 0.000000e+00
 0.000000e+00 0.000000e+00 0.000000e+00 0.000000e+00 0.000000e+00 0.000000e+00 0.000000e+00 8.854408e-01 1.145592e-01
 0.000000e+00 0.000000e+00 0.000000e+00 0.000000e+00 0.000000e+00 0.000000e+00 0.000000e+00 0.000000e+00 0.000000e+00
<ENDHMM>
