~o
<STREAMINFO> 1 12
<VECSIZE> 12<NULLD><MFCC_Z><DIAGC>
~h "s081"
<BEGINHMM>
<NUMSTATES> 7
<STATE> 2
<MEAN> 12
 -1.615650e+00 -7.631353e+00 -1.029124e+01 8.145667e+00 -3.356283e+00 -5.792159e+00 -1.920667e+00 -2.947833e+00 -3.169178e+00 -6.415999e+00 -2.074502e+00 -2.431907e+00
<VARIANCE> 12
 6.105249e+00 9.338378e+00 3.241129e+01 1.332987e+01 4.472794e+01 1.891659e+01 1.551070e+01 1.126714e+01 6.438809e+01 5.134964e+00 1.142478e+01 9.715427e+00
<GCONST> 5.458088e+01
<STATE> 3
<MEAN> 12
 7.710781e+00 1.426198e+00 -1.121271e+01 4.981153e+00 -9.193443e-01 -1.331245e+00 1.781145e+00 -4.877064e+00 7.235730e+00 -2.651275e-01 3.072609e+00 4.832474e-01
<VARIANCE> 12
 4.854186e+00 4.153643e+00 4.742562e+01 1.536526e+01 2.686123e+01 2.586837e+01 8.358782e+00 3.538800e+01 1.707328e+01 1.802079e+01 2.620181e+01 9.367041e+00
<GCONST> 5.511509e+01
<STATE> 4
<MEAN> 12
 -8.788217e-01 -4.872094e+00 7.666293e+00 9.329380e+00 4.425627e+00 1.751041e+00 7.870455e+00 -2.488599e+00 -8.525652e+00 3.342599e+00 9.793003e-01 5.885077e+00
<VARIANCE> 12
 6.915781e+00 4.153643e+00 2.529962e+01 1.988459e+01 4.569096e+00 8.618278e+01 8.382081e+00 5.396931e+01 5.860992e+01 3.816838e+01 1.263317e+01 7.272483e+00
<GCONST> 5.595668e+01
<STATE> 5
<MEAN> 12
 -4.354946e+00 -1.933554e-02 1.732122e+01 -3.718182e+00 5.233902e+00 1.409439e+01 -3.164727e+00 -2.738176e+00 -6.065156e+00 3.590278e+00 1.499432e+00 9.737051e+00
<VARIANCE> 12
 4.854186e+00 4.153643e+00 2.197333e+01 1.737040e+01 5.766636e+00 8.289512e+00 2.321425e+01 6.808529e+01 9.667899e+00 4.562391e+00 6.147926e+00 2.005176e+01
<GCONST> 5.083665e+01
<STATE> 6
<MEAN> 12
 -4.663269e+00 5.034243e+00 8.552026e+00 -1.169055e+01 -3.899257e-01 -1.091861e+00 -1.758583e+00 8.652611e+00 -1.012568e-01 1.923369e+00 -2.640808e+00 -4.640177e+00
<VARIANCE> 12
 7.345395e+00 9.874549e+00 2.197333e+01 2.428492e+01 1.756290e+01 1.400690e+01 3.446248e+01 4.438795e+01 4.043752e+01 1.441843e+01 2.114462e+01 6.556547e+00
<GCONST> 5.675653e+01
<TRANSP> 7
 0.000000e+00 1.000000e+00 0.000000e+00 0.000000e+00 0.000000e+00 0.000000e+00 0.000000e+00
 0.000000e+00 8.892235e-01 1.107766e-01 0.000000e+00 0.000000e+00 0.000000e+00 0.000000e+00
 0.000000e+00 0.000000e+00 9.285932e-01 7.140684e-02 0.000000e+00 0.000000e+00 0.000000e+00
 0.000000e+00 0.000000e+00 0.000000e+00 7.727798e-01 2.272202e-01 0.000000e+00 0.000000e+00
 0.000000e+00 0.000000e+00 0.000000e+00 0.000000e+00 8.204693e-01 1.795307e-01 0.000000e+00
 0.000000e+00 0.000000e+00 0.000000e+00 0.000000e+00 0.000000e+00 9.285585e-01 7.144153e-02
 0.000000e+00 0.000000e+00 0.000000e+00 0.000000e+00 0.000000e+00 0.000000e+00 0.000000e+00
<ENDHMM>
