~o
<STREAMINFO> 1 12
<VECSIZE> 12<NULLD><MFCC_Z><DIAGC>
~h "s084"
<BEGINHMM>
<NUMSTATES> 9
<STATE> 2
<MEAN> 12
 -9.734435e+00 -8.102482e+00 1.198942e+01 1.159690e+01 5.883687e+00 -4.721755e+00 5.212108e+00 8.819603e+00 3.629234e+00 -1.655645e+00 6.089661e-01 5.040288e+00
<VARIANCE> 12
 3.033886e+01 9.217337e+00 2.289144e+01 1.743463e+01 1.456856e+01 8.702550e+00 1.940941e+01 2.983879e+01 1.805104e+01 5.641188e+00 1.023616e+01 3.078013e+01
<GCONST> 5.525741e+01
<STATE> 3
<MEAN> 12
 -7.087250e+00 -7.037976e+00 2.984304e+00 4.753695e+00 1.381572e+00 -3.427286e+00 -9.505832e-01 1.286592e+00 -6.921900e+00 3.266692e+00 2.028414e+00 2.686761e+00
<VARIANCE> 12
 7.852960e+00 7.212645e+00 1.192762e+01 1.743463e+01 1.663261e+01 1.614359e+01 4.091938e+00 2.177008e+01 1.608281e+01 2.365208e+01 1.221416e+01 4.462759e+00
<GCONST> 5.145058e+01
<STATE> 4
<MEAN> 12
 2.861094e-01 -2.423412e+00 -7.711159e-01 8.293479e+00 -2.192416e+00 -8.024709e+00 -5.321798e+00 3.483876e+00 -3.496555e+00 -7.935325e+00 -7.359691e+00 -3.874386e+00
<VARIANCE> 12
 7.852960e+00 1.078118e+01 1.192762e+01 1.743463e+01 2.460192e+01 6.505216e+00 1.832192e+01 1.156911e+01 1.057259e+01 9.623363e+00 4.635892e+00 4.462759e+00
<GCONST> 4.991445e+01
<STATE> 5
<MEAN> 12
 3.351776e+00 3.217134e+00 1.281835e+00 1.029049e+01 -3.456500e+00 -1.191281e+00 2.285989e+00 -2.090370e+00 7.435297e-01 -5.299871e-01 2.397992e+00 -3.742131e+00
<VARIANCE> 12
 7.852960e+00 7.212645e+00 1.192762e+01 1.743463e+01 8.713084e+00 6.505216e+00 4.091938e+00 1.659517e+01 7.360092e+00 8.859196e+00 1.104554e+01 4.462759e+00
<GCONST> 4.775945e+01
<STATE> 6
<MEAN> 12
 4.000270e+00 4.835027e+00 -9.719901e+00 -5.695521e+00 1.412055e+00 3.876647e+00 2.961349e+00 -1.231629e+00 7.863222e+00 -1.755803e+00 3.845735e+00 -3.010998e+00
<VARIANCE> 12
 7.852960e+00 7.212645e+00 1.192762e+01 1.743463e+01 4.353387e+00 6.505216e+00 8.430802e+00 8.025019e+00 9.108915e+00 6.368856e+00 7.435260e+00 8.250539e+00
<GCONST> 4.716377e+01
<STATE> 7
<MEAN> 12
 4.554348e+00 6.410935e+00 -8.318186e+00 -1.110593e+01 4.388090e-01 5.287036e+00 -3.081482e+00 -2.380897e+00 2.360729e+00 3.341301e+00 -6.098041e-02 2.521831e+00
<VARIANCE> 12
 7.852960e+00 7.212645e+00 1.192762e+01 1.743463e+01 1.106822e+01 6.505216e+00 6.126256e+00 6.688419e+00 1.126192e+01 7.760264e+00 1.718954e+01 1.519394e+01
<GCONST> 4.945385e+01
<STATE> 8
<MEAN> 12
 5.142811e+00 3.514688e+00 3.612773e+00 -8.740963e+00 -4.343024e+00 5.007303e+00 -7.945671e-02 -6.269187e+00 -2.668762e+00 2.455755e+00 -1.464639e+00 -1.717804e+00
<VARIANCE> 12
 7.852960e+00 7.212645e+00 1.253018e+01 1.743463e+01 4.353387e+00 1.013061e+01 9.675728e+00 6.688419e+00 1.857586e+01 1.772664e+01 2.084496e+01 1.520693e+01
<GCONST> 5.099016e+01
<TRANSP> 9
 0.000000e+00 1.000000e+00 0.000000e+00 0.000000e+00 0.000000e+00 0.000000e+00 0.000000e+00 0.000000e+00 0.000000e+00
 0.000000e+00 8.656068e-01 1.343932e-01 0.000000e+00 0.000000e+00 0.000000e+00 0.000000e+00 0.000000e+00 0.000000e+00
 0.000000e+00 0.000000e+00 8.950260e-01 1.049740e-01 0.000000e+00 0.000000e+00 0.000000e+00 0.000000e+00 0.000000e+00
 0.000000e+00 0.000000e+00 0.000000e+00 8.556773e-01 1.443227e-01 0.000000e+00 0.000000e+00 0.000000e+00 0.000000e+00
 0.000000e+00 0.000000e+00 0.000000e+00 0.000000e+00 7.538940e-01 2.461061e-01 0.000000e+00 0.000000e+00 0.000000e+00
 0.000000e+00 0.000000e+00 0.000000e+00 0.000000e+00 0.000000e+00 8.819026e-01 1.180974e-01 0.000000e+00 0.000000e+00
 0.000000e+00 0.000000e+00 0.000000e+00 0.000000e+00 0.000000e+00 0.000000e+00 8.833761e-01 1.166240e-01 0.000000e+00
 0.000000e+00 0.000000e+00 0.000000e+00 0.000000e+00 0.000000e+00 0.000000e+00 0.000000e+00 8.999862e-01 1.000138e-01
 0.000000e+00 0.000000e+00 0.000000e+00 0.000000e+00 0.000000e+00 0.000000e+00 0.000000e+00 0.000000e+00 0.000000e+00
<ENDHMM>
