~o
<STREAMINFO> 1 12
<VECSIZE> 12<NULLD><MFCC_Z><DIAGC>
~h "s078"
<BEGINHMM>
<NUMSTATES> 9
<STATE> 2
<MEAN> 12
 -6.696793e+00 1.801950e+01 4.676115e+00 -1.177495e+01 -9.511516e+00 3.073997e-01 -1.202863e+01 1.206272e+01 -4.757939e-01 -1.337280e+00 3.328151e+00 -1.005129e+01
<VARIANCE> 12
 3.230385e+00 1.884970e+01 4.833286e+00 1.558204e+01 4.673145e+01 1.047101e+01 1.106331e+01 3.361762e+01 3.030725e+01 6.945371e+01 8.543553e+00 2.188143e+01
<GCONST> 5.547984e+01
<STATE> 3
<MEAN> 12
 1.629082e+00 7.918597e+00 2.697113e-01 -1.245161e+01 1.896940e+00 -6.678952e+00 -6.224696e+00 -1.506719e+00 3.368280e+00 1.355600e+01 -1.674584e+00 -7.846947e+00
<VARIANCE> 12
 4.194680e+00 3.080347e+01 1.269716e+01 2.811877e+01 9.151664e+00 5.042051e+00 9.296375e+00 1.003976e+02 6.694896e+01 1.723022e+01 1.150373e+01 1.113699e+01
<GCONST> 5.536784e+01
<STATE> 4
<MEAN> 12
 3.870632e+00 6.753916e+00 2.803435e+00 -3.618983e+00 -2.674921e-01 -5.347943e+00 -2.368931e+00 -7.500500e+00 6.981120e+00 8.153861e+00 6.943339e-01 -5.522319e+00
<VARIANCE> 12
 3.230385e+00 1.884970e+01 3.341922e+01 1.497048e+01 8.045368e+00 1.797375e+01 8.055885e+00 2.111359e+01 2.410746e+01 2.409644e+01 6.483352e+00 1.113699e+01
<GCONST> 5.313326e+01
<STATE> 5
<MEAN> 12
 -4.193225e+00 -6.004494e+00 1.821575e+00 3.556059e-01 -1.139099e+01 5.326149e+00 9.587266e+00 -4.927683e+00 -3.670124e+00 3.741961e+00 -3.972131e-01 -7.075581e+00
<VARIANCE> 12
 3.230385e+00 1.884970e+01 1.437160e+01 2.406195e+01 2.009389e+01 6.513020e+00 9.642988e+00 1.873599e+01 8.818594e+00 1.290722e+01 2.494103e+01 1.113699e+01
<GCONST> 5.244184e+01
<STATE> 6
<MEAN> 12
 -4.388206e+00 -1.488358e+01 -4.223446e+00 9.354437e+00 8.201466e+00 -7.172176e-01 5.087193e+00 2.698667e+00 -1.153749e+01 -4.190047e+00 5.667617e+00 8.598825e+00
<VARIANCE> 12
 3.230385e+00 1.884970e+01 3.558113e+00 1.497048e+01 2.806256e+01 7.148291e+00 8.055885e+00 9.715535e+00 1.230654e+01 1.409547e+01 8.930572e+00 1.113699e+01
<GCONST> 4.955611e+01
<STATE> 7
<MEAN> 12
 3.771700e+00 -8.442134e+00 -4.281242e+00 4.642798e+00 -6.614506e-01 7.703055e-01 2.654818e+00 -1.581276e+00 3.719522e+00 -9.888691e+00 -5.312304e+00 1.014987e+01
<VARIANCE> 12
 6.705274e+00 1.884970e+01 1.464130e+01 1.497048e+01 8.045368e+00 5.040788e+00 8.055885e+00 2.165810e+01 1.337242e+01 1.290722e+01 2.141364e+01 1.113699e+01
<GCONST> 5.177356e+01
<STATE> 8
<MEAN> 12
 3.960005e+00 -1.883167e+00 1.630998e+00 1.114556e+01 3.900092e+00 7.930701e+00 6.272672e+00 -2.614819e+00 1.741618e+00 -5.803753e+00 -1.806786e+00 4.649789e+00
<VARIANCE> 12
 3.776099e+00 1.884970e+01 1.339197e+01 1.497048e+01 8.045368e+00 2.241948e+01 8.055885e+00 1.375018e+01 1.221818e+01 1.290722e+01 2.868334e+01 1.113699e+01
<GCONST> 5.235023e+01
<TRANSP> 9
 0.000000e+00 1.000000e+00 0.000000e+00 0.000000e+00 0.000000e+00 0.000000e+00 0.000000e+00 0.000000e+00 0.000000e+00
 0.000000e+00 8.697430e-01 1.302569e-01 0.000000e+00 0.000000e+00 0.000000e+00 0.000000e+00 0.000000e+00 0.000000e+00
 0.000000e+00 0.000000e+00 8.910495e-01 1.089505e-01 0.000000e+00 0.000000e+00 0.000000e+00 0.000000e+00 0.000000e+00
 0.000000e+00 0.000000e+00 0.000000e+00 8.372500e-01 1.627500e-01 0.000000e+00 0.000000e+00 0.000000e+00 0.000000e+00
 0.000000e+00 0.000000e+00 0.000000e+00 0.000000e+00 7.500294e-01 2.499706e-01 0.000000e+00 0.000000e+00 0.000000e+00
 0.000000e+00 0.000000e+00 0.000000e+00 0.000000e+00 0.000000e+00 8.897967e-01 1.102033e-01 0.000000e+00 0.000000e+00
 0.000000e+00 0.000000e+00 0.000000e+00 0.000000e+00 0.000000e+00 0.000000e+00 8.901059e-01 1.098941e-01 0.000000e+00
 0.000000e+00 0.000000e+00 0.000000e+00 0.000000e+00 0.000000e+00 0.000000e+00 0.000000e+00 8.866947e-01 1.133053e-01
 0.000000e+00 0.000000e+00 0.000000e+00 0.000000e+00 0.000000e+00 0.000000e+00 0.000000e+00 0.000000e+00 0.000000e+00
<ENDHMM>
