~o
<STREAMINFO> 1 12
<VECSIZE> 12<NULLD><MFCC_Z><DIAGC>
~h "T13771896784"
<BEGINHMM>
<NUMSTATES> 9
<STATE> 2
<MEAN> 12
 -2.092311e+00 -1.434151e+00 1.033604e+00 -5.042304e+00 -8.943951e+00 -2.238304e+00 3.024323e+00 3.652586e+00 -4.751332e+00 -3.440003e+00 1.789295e+00 -2.469405e+00
<VARIANCE> 12
 2.188558e+01 1.607971e+01 1.572863e+01 4.077701e+01 3.794689e+01 2.065591e+01 5.965455e+01 4.467650e+01 1.948880e+01 2.908810e+01 2.690364e+01 1.693758e+01
<GCONST> 6.139569e+01
<STATE> 3
<MEAN> 12
 -4.454905e+00 1.222280e+00 2.779557e+00 -8.329863e+00 -7.173271e+00 -6.713091e-01 -1.804657e+00 2.082115e+00 -3.534244e+00 4.180528e-02 1.908445e+00 1.937356e-01
<VARIANCE> 12
 1.639048e+01 1.850162e+01 2.185075e+01 4.660733e+01 3.751115e+01 1.702235e+01 8.225719e+01 2.759015e+01 3.186145e+01 2.730189e+01 2.158552e+01 1.312193e+01
<GCONST> 6.129621e+01
<STATE> 4
<MEAN> 12
 -2.312835e+00 2.827565e+00 4.860271e+00 -5.842520e+00 -2.775308e+00 -1.304885e+00 -4.655171e+00 -1.061365e+00 -3.097436e-01 2.488703e+00 3.150402e+00 9.034437e-01
<VARIANCE> 12
 2.484353e+01 7.726139e+00 3.001860e+01 6.105556e+01 2.862416e+01 2.034932e+01 4.510999e+01 2.798070e+01 3.898988e+01 2.215808e+01 1.906190e+01 8.538292e+00
<GCONST> 6.018701e+01
<STATE> 5
<MEAN> 12
 1.245012e+00 2.876094e+00 3.327754e+00 -8.380117e-01 6.332117e-01 -5.460707e-01 -2.765739e+00 -3.366824e+00 2.174390e+00 2.949113e+00 3.527115e+00 3.714702e-01
<VARIANCE> 12
 2.370441e+01 4.306678e+00 5.410890e+01 5.289837e+01 2.057375e+01 2.396497e+01 3.124399e+01 2.392746e+01 3.220382e+01 2.469792e+01 2.324312e+01 9.385240e+00
<GCONST> 5.952114e+01
<STATE> 6
<MEAN> 12
 3.632684e+00 1.932836e+00 -1.624153e+00 3.582933e+00 3.577716e+00 1.134983e+00 2.655944e-01 -3.145734e+00 2.952646e+00 1.417726e+00 9.098766e-01 1.444516e-01
<VARIANCE> 12
 1.187006e+01 1.049024e+01 7.155005e+01 3.244991e+01 1.794367e+01 1.928208e+01 1.929098e+01 2.249146e+01 2.839816e+01 3.107064e+01 4.194322e+01 1.253332e+01
<GCONST> 5.959557e+01
<STATE> 7
<MEAN> 12
 3.530603e+00 -1.096647e+00 -5.905033e+00 7.310540e+00 6.539120e+00 1.960198e+00 2.315798e+00 -3.550280e-01 1.971978e+00 -1.080043e+00 -3.908932e+00 7.617108e-01
<VARIANCE> 12
 8.157945e+00 2.607736e+01 4.903067e+01 2.145944e+01 1.592266e+01 1.089995e+01 9.035054e+00 2.429215e+01 2.942970e+01 2.906143e+01 4.370949e+01 1.645722e+01
<GCONST> 5.825071e+01
<STATE> 8
<MEAN> 12
 4.518019e-01 -6.328033e+00 -4.471856e+00 9.159280e+00 8.142496e+00 1.665330e+00 3.619873e+00 2.194242e+00 1.496379e+00 -2.377321e+00 -7.376082e+00 9.447876e-02
<VARIANCE> 12
 1.266372e+01 2.574676e+01 3.316524e+01 1.417690e+01 1.031811e+01 6.086608e+00 6.691435e+00 1.331071e+01 1.742190e+01 1.625953e+01 1.724594e+01 1.832284e+01
<GCONST> 5.402622e+01
<TRANSP> 9
 0.000000e+00 1.000000e+00 0.000000e+00 0.000000e+00 0.000000e+00 0.000000e+00 0.000000e+00 0.000000e+00 0.000000e+00
 0.000000e+00 8.703704e-01 1.296296e-01 0.000000e+00 0.000000e+00 0.000000e+00 0.000000e+00 0.000000e+00 0.000000e+00
 0.000000e+00 0.000000e+00 8.703703e-01 1.296296e-01 0.000000e+00 0.000000e+00 0.000000e+00 0.000000e+00 0.000000e+00
 0.000000e+00 0.000000e+00 0.000000e+00 8.703704e-01 1.296296e-01 0.000000e+00 0.000000e+00 0.000000e+00 0.000000e+00
 0.000000e+00 0.000000e+00 0.000000e+00 0.000000e+00 8.703704e-01 1.296296e-01 0.000000e+00 0.000000e+00 0.000000e+00
 0.000000e+00 0.000000e+00 0.000000e+00 0.000000e+00 0.000000e+00 8.703704e-01 1.296296e-01 0.000000e+00 0.000000e+00
 0.000000e+00 0.000000e+00 0.000000e+00 0.000000e+00 0.000000e+00 0.000000e+00 8.703704e-01 1.296297e-01 0.000000e+00
 0.000000e+00 0.000000e+00 0.000000e+00 0.000000e+00 0.000000e+00 0.000000e+00 0.000000e+00 8.703704e-01 1.296296e-01
 0.000000e+00 0.000000e+00 0.000000e+00 0.000000e+00 0.000000e+00 0.000000e+00 0.000000e+00 0.000000e+00 0.000000e+00
<ENDHMM>
