~o
<STREAMINFO> 1 12
<VECSIZE> 12<NULLD><MFCC_Z><DIAGC>
~h "T1375423467"
<BEGINHMM>
<NUMSTATES> 10
<STATE> 2
<MEAN> 12
 1.302496e+00 2.067082e-01 1.843187e+00 -6.191777e-01 -4.390953e+00 -6.530546e+00 4.594826e-03 3.061485e+00 -7.909436e+00 3.264544e+00 5.788648e-01 -5.109587e-01
<VARIANCE> 12
 4.310384e+00 3.187816e+01 1.079561e+01 3.406654e+01 8.846416e+00 7.357109e+00 1.746746e+01 1.518128e+01 3.679681e+01 9.446604e+00 9.081129e+00 2.691320e+01
<GCONST> 5.399089e+01
<STATE> 3
<MEAN> 12
 -6.243971e+00 -8.565106e-01 7.102227e+00 -1.302864e+01 -1.046286e+01 3.409734e+00 1.015438e+00 -9.701033e-01 -4.893001e-01 -4.116369e-01 -1.940225e+00 -4.550388e-01
<VARIANCE> 12
 4.151829e+00 5.472082e+01 7.310039e+00 1.508181e+01 7.456765e+00 3.066123e+01 8.418722e+00 1.155537e+01 3.117540e+01 1.649216e+01 1.063864e+01 2.663850e+01
<GCONST> 5.408215e+01
<STATE> 4
<MEAN> 12
 -5.932890e+00 5.965187e+00 9.267715e+00 -1.180814e+01 -5.043231e+00 -3.030151e-01 -3.785116e+00 -1.196037e+00 3.383187e-01 -8.769153e-01 3.677243e+00 8.194581e-01
<VARIANCE> 12
 4.151829e+00 1.161350e+01 7.310039e+00 4.813020e+01 1.955477e+01 1.772979e+01 1.429878e+01 6.083165e+00 1.087664e+01 1.708743e+01 2.298793e+01 9.606369e+00
<GCONST> 5.272993e+01
<STATE> 5
<MEAN> 12
 -2.762521e+00 5.116519e+00 6.294502e+00 1.630446e+00 -3.313680e+00 -1.814814e-01 -1.445336e+00 -1.401033e+00 -1.826599e+00 2.647953e+00 5.413729e+00 1.310869e+00
<VARIANCE> 12
 1.027047e+01 6.224465e+00 7.310039e+00 1.586933e+01 8.099019e+00 8.291485e+00 1.174261e+01 4.176127e+00 8.244414e+00 4.152127e+00 3.557510e+01 9.928061e+00
<GCONST> 4.846568e+01
<STATE> 6
<MEAN> 12
 6.145374e+00 4.572693e+00 -5.148778e+00 2.412315e+00 2.988475e+00 3.118232e+00 -3.801046e+00 -3.239529e+00 3.351584e+00 6.851605e+00 7.591494e-01 -5.109401e+00
<VARIANCE> 12
 4.151829e+00 6.224465e+00 8.532833e+00 1.508181e+01 7.456765e+00 2.049997e+01 1.001590e+01 1.043152e+01 6.503299e+00 8.466370e+00 1.967355e+01 6.782363e+00
<GCONST> 4.874454e+01
<STATE> 7
<MEAN> 12
 6.447842e+00 3.449549e+00 -5.684562e+00 1.831578e+00 4.762146e+00 1.504621e+00 -9.561799e-01 -3.286667e-01 3.243792e+00 1.073382e+00 -3.561463e+00 -2.950746e+00
<VARIANCE> 12
 4.151829e+00 6.224465e+00 7.310039e+00 1.508181e+01 7.456765e+00 9.450771e+00 3.477558e+00 1.606269e+01 6.371488e+00 1.828630e+01 3.289397e+00 7.719511e+00
<GCONST> 4.627979e+01
<STATE> 8
<MEAN> 12
 4.346346e+00 -5.326443e+00 -6.770312e+00 9.689323e+00 7.546210e+00 -1.607661e+00 3.054781e+00 -5.550805e-02 1.691586e+00 -1.843704e+00 -2.124931e+00 1.242451e+00
<VARIANCE> 12
 5.265972e+00 1.052906e+01 7.310039e+00 1.508181e+01 8.325599e+00 4.478472e+00 1.535776e+01 1.656782e+01 5.729628e+00 1.917550e+01 1.539558e+01 6.245804e+00
<GCONST> 4.919564e+01
<STATE> 9
<MEAN> 12
 -1.557543e+00 -7.354629e+00 -5.752514e+00 1.085641e+01 5.828491e+00 1.634262e+00 4.069065e+00 3.893028e+00 3.912386e-01 -6.756903e+00 -1.426770e+00 3.747113e+00
<VARIANCE> 12
 6.548663e+00 1.137301e+01 7.310039e+00 1.508181e+01 1.208138e+01 2.174051e+01 2.945869e+01 8.662395e+00 6.815763e+00 6.063393e+00 8.806171e+00 9.112288e+00
<GCONST> 5.028718e+01
<TRANSP> 10
 0.000000e+00 1.000000e+00 0.000000e+00 0.000000e+00 0.000000e+00 0.000000e+00 0.000000e+00 0.000000e+00 0.000000e+00 0.000000e+00
 0.000000e+00 8.609328e-01 1.390672e-01 0.000000e+00 0.000000e+00 0.000000e+00 0.000000e+00 0.000000e+00 0.000000e+00 0.000000e+00
 0.000000e+00 0.000000e+00 8.786470e-01 1.213530e-01 0.000000e+00 0.000000e+00 0.000000e+00 0.000000e+00 0.000000e+00 0.000000e+00
 0.000000e+00 0.000000e+00 0.000000e+00 9.080573e-01 9.194270e-02 0.000000e+00 0.000000e+00 0.000000e+00 0.000000e+00 0.000000e+00
 0.000000e+00 0.000000e+00 0.000000e+00 0.000000e+00 7.038192e-01 2.961808e-01 0.000000e+00 0.000000e+00 0.000000e+00 0.000000e+00
 0.000000e+00 0.000000e+00 0.000000e+00 0.000000e+00 0.000000e+00 8.711491e-01 1.288508e-01 0.000000e+00 0.000000e+00 0.000000e+00
 0.000000e+00 0.000000e+00 0.000000e+00 0.000000e+00 0.000000e+00 0.000000e+00 7.478334e-01 2.521665e-01 0.000000e+00 0.000000e+00
 0.000000e+00 0.000000e+00 0.000000e+00 0.000000e+00 0.000000e+00 0.000000e+00 0.000000e+00 9.210161e-01 7.898393e-02 0.000000e+00
 0.000000e+00 0.000000e+00 0.000000e+00 0.000000e+00 0.000000e+00 0.000000e+00 0.000000e+00 0.000000e+00 8.738776e-01 1.261224e-01
 0.000000e+00 0.000000e+00 0.000000e+00 0.000000e+00 0.000000e+00 0.000000e+00 0.000000e+00 0.000000e+00 0.000000e+00 0.000000e+00
<ENDHMM>
