~o
<STREAMINFO> 1 12
<VECSIZE> 12<NULLD><MFCC_Z><DIAGC>
~h "s044"
<BEGINHMM>
<NUMSTATES> 9
<STATE> 2
<MEAN> 12
 7.599887e-02 3.802008e+00 -1.202487e+00 -1.507574e+00 -8.592851e+00 2.640546e+00 -4.871284e+00 6.370564e+00 -7.751959e+00 -1.549518e+00 -5.675965e+00 -5.123014e+00
<VARIANCE> 12
 7.345872e+00 1.765485e+01 8.126017e+00 6.924879e+00 3.237651e+01 1.203371e+01 1.958585e+01 2.143557e+01 4.704166e+01 2.001576e+01 3.178689e+01 1.322345e+01
<GCONST> 5.584347e+01
<STATE> 3
<MEAN> 12
 -2.102082e+00 5.939260e+00 -1.211041e+00 3.131163e-01 -3.080905e+00 1.747605e+00 -1.251669e+00 6.504450e+00 -5.864144e+00 5.937591e-01 -2.476774e+00 -2.981658e+00
<VARIANCE> 12
 1.327344e+01 9.446188e+00 1.007026e+01 1.504475e+01 4.093630e+01 1.615780e+01 4.191895e+01 2.949417e+01 7.995219e+01 2.061643e+01 5.003918e+01 2.813907e+01
<GCONST> 6.017835e+01
<STATE> 4
<MEAN> 12
 -3.847373e+00 4.590495e+00 2.184553e-01 1.716849e+00 1.002868e+00 1.094170e+00 2.549923e+00 2.807482e+00 -2.543756e-01 -5.543882e-01 2.092735e+00 -1.060900e+00
<VARIANCE> 12
 2.363972e+01 1.805248e+01 1.115100e+01 2.684915e+01 3.795573e+01 2.477362e+01 3.772527e+01 3.862659e+01 7.877125e+01 2.526499e+01 4.192142e+01 3.216954e+01
<GCONST> 6.274575e+01
<STATE> 5
<MEAN> 12
 -3.970500e+00 2.297068e+00 6.888315e-01 4.922166e-01 3.540460e+00 -7.867275e-01 3.225568e+00 -1.057807e+00 2.566583e+00 -2.332019e+00 3.997221e+00 -9.851406e-01
<VARIANCE> 12
 3.323806e+01 2.704886e+01 1.184591e+01 4.406545e+01 3.088387e+01 3.589407e+01 2.727612e+01 3.364233e+01 4.592369e+01 2.535966e+01 3.816041e+01 3.734125e+01
<GCONST> 6.326816e+01
<STATE> 6
<MEAN> 12
 -7.950686e-01 -8.163381e-01 1.883629e-01 -2.021323e+00 4.447474e+00 -3.375938e+00 1.633339e+00 -4.232183e+00 2.959457e+00 -1.699064e+00 2.614271e+00 -2.906101e-01
<VARIANCE> 12
 4.632062e+01 3.899447e+01 1.303268e+01 4.578420e+01 3.357220e+01 3.785579e+01 2.031262e+01 3.142566e+01 3.105256e+01 2.805054e+01 5.736620e+01 4.097460e+01
<GCONST> 6.408337e+01
<STATE> 7
<MEAN> 12
 4.062755e+00 -5.392622e+00 -3.656970e-02 -1.619929e+00 2.904905e+00 -3.388565e+00 -1.325442e-02 -5.831575e+00 3.518722e+00 1.122005e+00 -4.579519e-01 2.911806e+00
<VARIANCE> 12
 3.631314e+01 4.048149e+01 1.060028e+01 4.020589e+01 4.649102e+01 4.151203e+01 1.470513e+01 3.059772e+01 2.186637e+01 2.708430e+01 5.870234e+01 3.861252e+01
<GCONST> 6.318677e+01
<STATE> 8
<MEAN> 12
 6.576166e+00 -1.041985e+01 1.354494e+00 2.626668e+00 -2.218311e-01 2.068922e+00 -1.272550e+00 -4.560980e+00 4.825853e+00 4.419158e+00 -9.333225e-02 7.529476e+00
<VARIANCE> 12
 1.110111e+01 2.021719e+01 6.888372e+00 2.793405e+01 3.511330e+01 5.369363e+01 1.107210e+01 2.615713e+01 9.884827e+00 1.854047e+01 3.424374e+01 2.391116e+01
<GCONST> 5.785702e+01
<TRANSP> 9
 0.000000e+00 1.000000e+00 0.000000e+00 0.000000e+00 0.000000e+00 0.000000e+00 0.000000e+00 0.000000e+00 0.000000e+00
 0.000000e+00 8.750001e-01 1.250000e-01 0.000000e+00 0.000000e+00 0.000000e+00 0.000000e+00 0.000000e+00 0.000000e+00
 0.000000e+00 0.000000e+00 8.750001e-01 1.250000e-01 0.000000e+00 0.000000e+00 0.000000e+00 0.000000e+00 0.000000e+00
 0.000000e+00 0.000000e+00 0.000000e+00 8.750000e-01 1.250000e-01 0.000000e+00 0.000000e+00 0.000000e+00 0.000000e+00
 0.000000e+00 0.000000e+00 0.000000e+00 0.000000e+00 8.750001e-01 1.250000e-01 0.000000e+00 0.000000e+00 0.000000e+00
 0.000000e+00 0.000000e+00 0.000000e+00 0.000000e+00 0.000000e+00 8.750001e-01 1.250000e-01 0.000000e+00 0.000000e+00
 0.000000e+00 0.000000e+00 0.000000e+00 0.000000e+00 0.000000e+00 0.000000e+00 8.750000e-01 1.250000e-01 0.000000e+00
 0.000000e+00 0.000000e+00 0.000000e+00 0.000000e+00 0.000000e+00 0.000000e+00 0.000000e+00 8.750001e-01 1.250000e-01
 0.000000e+00 0.000000e+00 0.000000e+00 0.000000e+00 0.000000e+00 0.000000e+00 0.000000e+00 0.000000e+00 0.000000e+00
<ENDHMM>
