~o
<STREAMINFO> 1 12
<VECSIZE> 12<NULLD><MFCC_Z><DIAGC>
~h "s045"
<BEGINHMM>
<NUMSTATES> 8
<STATE> 2
<MEAN> 12
 3.243663e+00 5.238353e+00 1.650010e+00 5.561128e+00 -8.923608e+00 -6.235790e+00 1.326143e+01 -6.309982e+00 1.602488e+00 -2.498018e+00 4.621169e-02 7.337044e-01
<VARIANCE> 12
 4.976411e+00 9.778956e+00 7.777809e+00 2.029235e+01 6.054905e+00 9.998363e+00 5.091024e+01 2.178439e+01 8.360470e+00 5.955787e+00 1.521256e+01 9.397904e+00
<GCONST> 5.098602e+01
<STATE> 3
<MEAN> 12
 -6.466361e+00 -1.162984e+01 -6.381170e+00 1.281211e+01 6.445865e+00 -6.368587e+00 1.215275e+01 -1.382106e+01 1.081476e+00 -1.786145e-01 3.307076e+00 -2.745752e+00
<VARIANCE> 12
 4.976411e+00 9.778956e+00 7.777809e+00 2.029235e+01 9.347982e+00 2.459888e+01 3.882206e+01 2.031861e+01 1.220653e+01 1.769355e+01 1.414213e+01 5.266045e+00
<GCONST> 5.279498e+01
<STATE> 4
<MEAN> 12
 -6.808865e+00 -3.586284e+00 -8.252989e+00 -3.073934e+00 2.743379e+00 6.962838e+00 1.529965e+00 -5.855048e+00 1.726393e-01 -6.547558e+00 -5.243932e+00 3.329898e+00
<VARIANCE> 12
 4.976411e+00 1.194240e+01 7.777809e+00 2.741413e+01 6.054905e+00 9.998363e+00 2.769153e+01 2.031861e+01 1.674398e+01 2.363677e+01 5.284507e+00 7.580631e+00
<GCONST> 5.160883e+01
<STATE> 5
<MEAN> 12
 -3.052442e-02 3.400869e+00 -4.297168e+00 -1.534670e+01 7.424567e-01 -2.587594e+00 -8.288125e+00 9.958398e+00 -8.627363e-01 -4.619817e-01 -5.394826e+00 -4.286624e+00
<VARIANCE> 12
 4.976411e+00 9.778956e+00 1.333564e+01 2.029235e+01 6.054905e+00 9.998363e+00 2.769153e+01 2.031861e+01 6.434299e+00 4.488556e+01 5.284507e+00 3.277972e+01
<GCONST> 5.279645e+01
<STATE> 6
<MEAN> 12
 4.650729e+00 5.219264e+00 5.809968e+00 -6.517146e+00 -2.656484e+00 1.269055e+00 -1.266251e+01 6.797230e+00 -1.641726e+00 3.128416e+00 3.551837e+00 1.087571e+00
<VARIANCE> 12
 4.976411e+00 9.778956e+00 7.777809e+00 3.385570e+01 6.430424e+00 9.998363e+00 2.769153e+01 2.031861e+01 4.474343e+01 2.076235e+01 1.097435e+01 1.765760e+01
<GCONST> 5.410979e+01
<STATE> 7
<MEAN> 12
 2.582969e+00 2.056073e+00 6.637985e+00 4.365059e+00 1.785923e+00 1.130702e+01 1.495908e+00 1.071911e+01 1.031834e+00 1.649834e+00 -4.992535e+00 2.429418e+00
<VARIANCE> 12
 4.976411e+00 9.778956e+00 7.777809e+00 2.029235e+01 1.572788e+01 3.552225e+01 3.571583e+01 2.031861e+01 4.358705e+00 2.247427e+01 1.583220e+01 2.430383e+01
<GCONST> 5.445094e+01
<TRANSP> 8
 0.000000e+00 1.000000e+00 0.000000e+00 0.000000e+00 0.000000e+00 0.000000e+00 0.000000e+00 0.000000e+00
 0.000000e+00 8.571429e-01 1.428571e-01 0.000000e+00 0.000000e+00 0.000000e+00 0.000000e+00 0.000000e+00
 0.000000e+00 0.000000e+00 9.115586e-01 8.844139e-02 0.000000e+00 0.000000e+00 0.000000e+00 0.000000e+00
 0.000000e+00 0.000000e+00 0.000000e+00 8.246700e-01 1.753300e-01 0.000000e+00 0.000000e+00 0.000000e+00
 0.000000e+00 0.000000e+00 0.000000e+00 0.000000e+00 8.320366e-01 1.679634e-01 0.000000e+00 0.000000e+00
 0.000000e+00 0.000000e+00 0.000000e+00 0.000000e+00 0.000000e+00 9.363910e-01 6.360899e-02 0.000000e+00
 0.000000e+00 0.000000e+00 0.000000e+00 0.000000e+00 0.000000e+00 0.000000e+00 8.416423e-01 1.583577e-01
 0.000000e+00 0.000000e+00 0.000000e+00 0.000000e+00 0.000000e+00 0.000000e+00 0.000000e+00 0.000000e+00
<ENDHMM>
