~o
<STREAMINFO> 1 12
<VECSIZE> 12<NULLD><MFCC_Z><DIAGC>
~h "s035"
<BEGINHMM>
<NUMSTATES> 11
<STATE> 2
<MEAN> 12
 -2.887412e+00 1.664569e+01 -1.550563e-01 -7.874683e+00 -4.233789e-01 -8.506249e+00 -1.358905e+01 7.434384e+00 -4.087649e+00 6.548125e+00 4.365604e+00 -6.579092e+00
<VARIANCE> 12
 2.006171e+00 1.459696e+01 1.550116e+01 1.405724e+01 1.699983e+01 1.270264e+01 1.009455e+01 1.243947e+01 1.904217e+01 1.624155e+01 5.410057e+01 2.719839e+01
<GCONST> 5.405173e+01
<STATE> 3
<MEAN> 12
 -3.299050e+00 2.205390e+00 9.970907e+00 -2.744043e+00 -1.735154e+00 4.367147e+00 -4.927347e+00 2.664740e+00 5.665483e+00 -9.724480e-01 2.446135e+00 2.353125e+00
<VARIANCE> 12
 1.789363e+00 2.906380e+01 8.387315e+00 2.170684e+01 1.699983e+01 4.332428e+01 1.009455e+01 1.386784e+01 1.954674e+01 1.413558e+01 1.088499e+01 1.207488e+01
<GCONST> 5.325373e+01
<STATE> 4
<MEAN> 12
 9.031866e-01 -6.516255e+00 4.291171e+00 -2.789066e+00 -7.654499e+00 2.222379e+00 2.248981e+00 -5.104973e+00 -2.638171e+00 -6.461778e-01 -1.237566e+01 -1.449624e+00
<VARIANCE> 12
 1.014650e+01 1.459696e+01 2.306923e+01 1.133523e+01 1.699983e+01 2.816491e+01 1.783985e+01 1.243947e+01 6.659463e+01 8.722805e+00 7.386152e+01 7.465393e+00
<GCONST> 5.686950e+01
<STATE> 5
<MEAN> 12
 1.821625e+00 4.355830e+00 -2.102190e+00 -8.629551e+00 -5.533663e+00 2.457535e+00 -8.557775e-02 -1.463521e+00 -2.243926e+00 -6.442739e-01 -5.905683e-01 8.064026e+00
<VARIANCE> 12
 1.629786e+01 1.459696e+01 8.387315e+00 2.485506e+01 2.350253e+01 1.080048e+01 2.401105e+01 9.465582e+01 1.615711e+01 1.294047e+01 2.989852e+01 2.067115e+01
<GCONST> 5.790088e+01
<STATE> 6
<MEAN> 12
 3.815706e+00 3.209079e-01 -9.871181e+00 3.627397e+00 -5.153309e+00 -1.138689e+01 2.110487e+00 1.514555e+01 -2.062734e+00 -3.935785e+00 -8.420160e+00 5.716115e+00
<VARIANCE> 12
 1.789363e+00 1.459696e+01 8.387315e+00 8.211574e+00 3.133961e+01 1.080048e+01 1.009455e+01 1.880572e+01 2.297836e+01 1.473559e+01 1.371944e+01 6.267493e+00
<GCONST> 5.089910e+01
<STATE> 7
<MEAN> 12
 3.979043e+00 3.056605e+00 -5.956538e+00 6.878611e+00 -1.517834e+01 -7.084196e+00 1.078660e+01 4.891933e+00 -7.948242e-02 -5.610657e+00 -1.607918e+00 2.989922e+00
<VARIANCE> 12
 6.941846e+00 1.459696e+01 2.432590e+01 8.211574e+00 1.699983e+01 1.080048e+01 1.709511e+01 1.243947e+01 1.458885e+01 1.001580e+01 3.411242e+01 6.267493e+00
<GCONST> 5.289191e+01
<STATE> 8
<MEAN> 12
 -2.081901e+00 -7.816105e+00 -1.049369e+01 6.747442e+00 -4.057547e+00 5.208956e+00 1.425210e+01 -8.151915e+00 -2.144456e+00 -9.284430e+00 5.884807e+00 3.934908e-01
<VARIANCE> 12
 1.789363e+00 1.459696e+01 8.387315e+00 8.211574e+00 1.784562e+01 2.069819e+01 1.534008e+01 1.243947e+01 5.244464e+00 7.282766e+00 1.088499e+01 1.347823e+01
<GCONST> 4.934375e+01
<STATE> 9
<MEAN> 12
 -3.277219e+00 -1.442765e+01 -5.977799e-01 7.706367e+00 9.890301e+00 1.285845e+00 5.296660e+00 -8.735469e+00 3.224725e+00 4.661433e+00 5.979095e+00 -5.665124e+00
<VARIANCE> 12
 1.789363e+00 1.459696e+01 4.025436e+01 8.211574e+00 1.805252e+01 1.080048e+01 1.397697e+01 1.243947e+01 5.244464e+00 1.655249e+01 2.042992e+01 2.286378e+01
<GCONST> 5.215939e+01
<STATE> 10
<MEAN> 12
 -6.058045e-03 -5.489636e+00 9.512791e+00 6.035814e+00 1.832496e+01 1.257406e+01 -1.675382e+00 -7.051106e+00 6.432842e+00 -5.444566e-01 5.359417e+00 -2.426531e+00
<VARIANCE> 12
 1.789363e+00 2.131903e+01 1.053577e+01 8.211574e+00 1.699983e+01 2.041529e+01 1.009455e+01 1.243947e+01 1.219341e+01 3.463108e+01 1.671928e+01 1.088420e+01
<GCONST> 5.208819e+01
<TRANSP> 11
 0.000000e+00 1.000000e+00 0.000000e+00 0.000000e+00 0.000000e+00 0.000000e+00 0.000000e+00 0.000000e+00 0.000000e+00 0.000000e+00 0.000000e+00
 0.000000e+00 9.090548e-01 9.094520e-02 0.000000e+00 0.000000e+00 0.000000e+00 0.000000e+00 0.000000e+00 0.000000e+00 0.000000e+00 0.000000e+00
 0.000000e+00 0.000000e+00 7.252302e-01 2.747698e-01 0.000000e+00 0.000000e+00 0.000000e+00 0.000000e+00 0.000000e+00 0.000000e+00 0.000000e+00
 0.000000e+00 0.000000e+00 0.000000e+00 8.804038e-01 1.195962e-01 0.000000e+00 0.000000e+00 0.000000e+00 0.000000e+00 0.000000e+00 0.000000e+00
 0.000000e+00 0.000000e+00 0.000000e+00 0.000000e+00 9.090053e-01 9.099472e-02 0.000000e+00 0.000000e+00 0.000000e+00 0.000000e+00 0.000000e+00
 0.000000e+00 0.000000e+00 0.000000e+00 0.000000e+00 0.000000e+00 8.651532e-01 1.348468e-01 0.000000e+00 0.000000e+00 0.000000e+00 0.000000e+00
 0.000000e+00 0.000000e+00 0.000000e+00 0.000000e+00 0.000000e+00 0.000000e+00 8.229191e-01 1.770809e-01 0.000000e+00 0.000000e+00 0.000000e+00
 0.000000e+00 0.000000e+00 0.000000e+00 0.000000e+00 0.000000e+00 0.000000e+00 0.000000e+00 6.828986e-01 3.171014e-01 0.000000e+00 0.000000e+00
 0.000000e+00 0.000000e+00 0.000000e+00 0.000000e+00 0.000000e+00 0.000000e+00 0.000000e+00 0.000000e+00 8.827670e-01 1.172330e-01 0.000000e+00
 0.000000e+00 0.000000e+00 0.000000e+00 0.000000e+00 0.000000e+00 0.000000e+00 0.000000e+00 0.000000e+00 0.000000e+00 9.026033e-01 9.739666e-02
 0.000000e+00 0.000000e+00 0.000000e+00 0.000000e+00 0.000000e+00 0.000000e+00 0.000000e+00 0.000000e+00 0.000000e+00 0.000000e+00 0.000000e+00
<ENDHMM>
