~o
<STREAMINFO> 1 12
<VECSIZE> 12<NULLD><MFCC_Z><DIAGC>
~h "T1375423452"
<BEGINHMM>
<NUMSTATES> 11
<STATE> 2
<MEAN> 12
 -8.906965e+00 3.285363e+00 -5.639918e+00 -9.387035e-01 5.583008e+00 1.023074e+01 8.325781e+00 7.822404e+00 1.186533e+00 1.504178e+00 3.509322e+00 -1.005819e+00
<VARIANCE> 12
 7.926051e+00 6.860478e+00 1.398547e+01 1.237354e+01 1.932647e+01 3.412445e+01 3.825238e+01 2.877308e+01 1.644818e+01 2.286474e+01 1.236411e+01 1.400461e+01
<GCONST> 5.578317e+01
<STATE> 3
<MEAN> 12
 -7.587977e+00 4.305970e+00 -2.628166e+00 -1.996429e+00 2.995605e+00 6.635849e+00 2.638572e+00 3.280332e+00 8.731666e-01 -1.151674e+00 1.477012e+00 -7.660380e-02
<VARIANCE> 12
 3.094597e+01 9.993924e+00 4.637497e+01 3.658184e+01 5.254960e+01 3.280944e+01 4.117386e+01 4.854926e+01 2.063537e+01 2.863623e+01 2.901269e+01 1.859052e+01
<GCONST> 6.294998e+01
<STATE> 4
<MEAN> 12
 -3.562379e+00 5.060267e+00 2.379794e+00 -5.093202e+00 -1.777235e+00 3.188147e+00 -4.171006e-01 -1.450303e+00 7.768272e-01 -1.709539e+00 -2.265342e+00 7.251296e-02
<VARIANCE> 12
 5.060245e+01 1.377172e+01 6.934196e+01 5.672366e+01 7.668469e+01 3.292345e+01 3.633566e+01 4.732293e+01 2.227735e+01 3.635741e+01 4.278058e+01 2.161003e+01
<GCONST> 6.568828e+01
<STATE> 5
<MEAN> 12
 6.220175e-01 3.937632e+00 6.430044e+00 -7.075881e+00 -5.756528e+00 -2.108200e-01 -7.528229e-01 -4.925924e+00 6.188226e-01 -1.872282e-01 -5.691626e+00 1.661011e-02
<VARIANCE> 12
 3.778605e+01 2.597334e+01 5.475755e+01 5.692649e+01 6.721102e+01 4.545578e+01 3.445304e+01 3.209612e+01 2.000805e+01 4.267467e+01 3.598956e+01 1.971758e+01
<GCONST> 6.533560e+01
<STATE> 6
<MEAN> 12
 2.998080e+00 6.656628e-01 6.701410e+00 -5.418566e+00 -6.478956e+00 -3.303527e+00 3.973860e-01 -6.260499e+00 -1.858562e-01 1.035700e+00 -6.371069e+00 -2.283362e-01
<VARIANCE> 12
 1.655314e+01 4.727089e+01 4.825342e+01 7.148358e+01 6.679657e+01 4.486484e+01 2.935740e+01 2.301639e+01 1.823475e+01 3.687169e+01 3.373241e+01 1.591126e+01
<GCONST> 6.418024e+01
<STATE> 7
<MEAN> 12
 3.771325e+00 -3.626652e+00 3.362864e+00 -3.970546e-01 -3.204575e+00 -4.886883e+00 6.492290e-01 -5.242606e+00 -1.144232e+00 3.000475e-01 -3.913061e+00 -4.208587e-01
<VARIANCE> 12
 8.863031e+00 5.527702e+01 5.647344e+01 8.871716e+01 9.234049e+01 3.455764e+01 2.406316e+01 3.469167e+01 1.752482e+01 3.168457e+01 4.393709e+01 1.396260e+01
<GCONST> 6.430188e+01
<STATE> 8
<MEAN> 12
 4.316936e+00 -6.512849e+00 -1.170669e+00 5.302433e+00 1.867467e+00 -5.122070e+00 -1.015851e+00 -1.740634e+00 -1.105374e+00 -1.160228e+00 1.520478e-01 -1.646962e-01
<VARIANCE> 12
 9.234423e+00 4.060498e+01 4.417596e+01 6.655994e+01 8.703356e+01 2.545601e+01 2.292285e+01 6.038010e+01 1.758555e+01 2.853880e+01 4.225126e+01 1.415366e+01
<GCONST> 6.351562e+01
<STATE> 9
<MEAN> 12
 4.700216e+00 -5.704834e+00 -4.370545e+00 8.597151e+00 4.664731e+00 -4.491225e+00 -3.415182e+00 3.146132e+00 -3.712994e-01 -7.519519e-01 4.441881e+00 5.261538e-01
<VARIANCE> 12
 8.952158e+00 3.013117e+01 1.823870e+01 2.842766e+01 5.448980e+01 2.033618e+01 1.906050e+01 5.671306e+01 1.673002e+01 3.016018e+01 3.205190e+01 1.384041e+01
<GCONST> 6.021760e+01
<STATE> 10
<MEAN> 12
 3.648760e+00 -1.410470e+00 -5.064752e+00 7.020125e+00 2.106378e+00 -2.040158e+00 -6.409907e+00 5.371168e+00 -6.486091e-01 2.120920e+00 8.660836e+00 1.281055e+00
<VARIANCE> 12
 6.736713e+00 2.290567e+01 9.065414e+00 2.027829e+01 4.060256e+01 1.874734e+01 2.030057e+01 2.297862e+01 1.201706e+01 2.723145e+01 1.922983e+01 9.752161e+00
<GCONST> 5.611225e+01
<TRANSP> 11
 0.000000e+00 1.000000e+00 0.000000e+00 0.000000e+00 0.000000e+00 0.000000e+00 0.000000e+00 0.000000e+00 0.000000e+00 0.000000e+00 0.000000e+00
 0.000000e+00 8.636364e-01 1.363637e-01 0.000000e+00 0.000000e+00 0.000000e+00 0.000000e+00 0.000000e+00 0.000000e+00 0.000000e+00 0.000000e+00
 0.000000e+00 0.000000e+00 8.636363e-01 1.363636e-01 0.000000e+00 0.000000e+00 0.000000e+00 0.000000e+00 0.000000e+00 0.000000e+00 0.000000e+00
 0.000000e+00 0.000000e+00 0.000000e+00 8.636364e-01 1.363637e-01 0.000000e+00 0.000000e+00 0.000000e+00 0.000000e+00 0.000000e+00 0.000000e+00
 0.000000e+00 0.000000e+00 0.000000e+00 0.000000e+00 8.636364e-01 1.363636e-01 0.000000e+00 0.000000e+00 0.000000e+00 0.000000e+00 0.000000e+00
 0.000000e+00 0.000000e+00 0.000000e+00 0.000000e+00 0.000000e+00 8.636364e-01 1.363636e-01 0.000000e+00 0.000000e+00 0.000000e+00 0.000000e+00
 0.000000e+00 0.000000e+00 0.000000e+00 0.000000e+00 0.000000e+00 0.000000e+00 8.636364e-01 1.363636e-01 0.000000e+00 0.000000e+00 0.000000e+00
 0.000000e+00 0.000000e+00 0.000000e+00 0.000000e+00 0.000000e+00 0.000000e+00 0.000000e+00 8.636363e-01 1.363636e-01 0.000000e+00 0.000000e+00
 0.000000e+00 0.000000e+00 0.000000e+00 0.000000e+00 0.000000e+00 0.000000e+00 0.000000e+00 0.000000e+00 8.636364e-01 1.363636e-01 0.000000e+00
 0.000000e+00 0.000000e+00 0.000000e+00 0.000000e+00 0.000000e+00 0.000000e+00 0.000000e+00 0.000000e+00 0.000000e+00 8.636364e-01 1.363637e-01
 0.000000e+00 0.000000e+00 0.000000e+00 0.000000e+00 0.000000e+00 0.000000e+00 0.000000e+00 0.000000e+00 0.000000e+00 0.000000e+00 0.000000e+00
<ENDHMM>
