~o
<STREAMINFO> 1 12
<VECSIZE> 12<NULLD><MFCC_Z><DIAGC>
~h "s074"
<BEGINHMM>
<NUMSTATES> 11
<STATE> 2
<MEAN> 12
 -8.331877e+00 1.195051e+01 1.043387e+00 -1.290703e+01 -6.572136e+00 -3.568544e+00 -7.878369e+00 4.258083e+00 -5.343077e-01 -9.314574e+00 -2.451484e+00 -5.198707e+00
<VARIANCE> 12
 8.191025e+00 9.375443e+00 9.261196e+00 1.624795e+02 2.529569e+01 1.392952e+01 1.419018e+01 5.176659e+01 1.776432e+01 2.633783e+01 1.150389e+01 7.840713e+01
<GCONST> 5.912878e+01
<STATE> 3
<MEAN> 12
 -1.568889e+00 3.686256e+00 1.600313e+00 -1.519561e+01 -1.025399e+01 -3.327323e+00 -9.077092e+00 1.145189e+01 -2.439519e+00 5.811527e+00 1.811875e+00 -9.701851e+00
<VARIANCE> 12
 1.080058e+01 1.213426e+01 2.666071e+01 2.622873e+01 3.875166e+01 9.045950e+00 1.419018e+01 1.647859e+01 2.885400e+01 1.596110e+01 2.141347e+01 6.666135e+01
<GCONST> 5.819035e+01
<STATE> 4
<MEAN> 12
 6.333040e+00 3.739015e+00 -2.011491e+00 -9.329597e+00 1.511428e+00 -2.784250e+00 -7.790196e+00 4.148129e+00 -3.713482e+00 6.863334e+00 -1.799048e+00 6.413615e+00
<VARIANCE> 12
 5.958035e+00 9.375443e+00 1.544696e+01 3.692854e+01 1.710966e+01 2.647991e+01 1.419018e+01 2.105730e+01 3.462639e+01 1.262336e+01 1.020606e+01 3.059060e+01
<GCONST> 5.606342e+01
<STATE> 5
<MEAN> 12
 4.768936e+00 3.694834e+00 4.126844e+00 8.288332e+00 8.592811e-01 2.523973e+00 -3.677136e+00 8.244843e+00 4.026034e+00 -5.669123e-02 -2.833602e-01 2.091963e+00
<VARIANCE> 12
 1.353940e+01 9.375443e+00 6.464612e+00 2.622873e+01 1.047878e+01 1.694154e+01 2.887628e+01 1.647859e+01 1.953647e+01 2.420177e+01 1.879163e+01 9.589725e+00
<GCONST> 5.472844e+01
<STATE> 6
<MEAN> 12
 -1.187327e+00 -4.817276e-02 -8.934131e-01 1.267700e+01 4.659042e+00 2.821163e+00 4.704843e+00 5.957936e+00 7.297903e+00 -5.128254e+00 2.580972e+00 4.044210e+00
<VARIANCE> 12
 3.064018e+01 9.375443e+00 9.150266e+00 2.622873e+01 2.171097e+01 2.489994e+01 1.636957e+01 1.647859e+01 1.752845e+01 6.078566e+01 3.137301e+01 9.589725e+00
<GCONST> 5.776357e+01
<STATE> 7
<MEAN> 12
 1.498927e+00 -4.660281e+00 -1.261481e+00 1.419486e+01 1.212527e+01 -3.411234e+00 1.358922e+01 -1.863636e+00 -9.656677e+00 -1.094947e+01 6.005698e+00 2.107179e+00
<VARIANCE> 12
 5.958035e+00 9.375443e+00 3.751621e+00 2.622873e+01 1.047878e+01 6.201263e+00 1.419018e+01 2.016661e+01 2.644634e+01 2.244423e+01 1.229195e+01 1.633613e+01
<GCONST> 5.218556e+01
<STATE> 8
<MEAN> 12
 -3.244215e+00 -9.763672e+00 -1.432584e+00 4.230661e+00 7.177989e+00 -4.028137e+00 1.221884e+01 -1.157429e+01 -7.083583e+00 3.523736e+00 8.368012e+00 -6.038939e+00
<VARIANCE> 12
 5.958035e+00 9.375443e+00 2.520463e+00 3.030769e+01 1.848847e+01 8.708469e+00 1.419018e+01 1.956516e+01 2.182268e+01 1.503512e+01 2.136264e+01 9.589725e+00
<GCONST> 5.223662e+01
<STATE> 9
<MEAN> 12
 -1.531976e+00 -7.769241e+00 -9.953830e-01 -1.777549e+00 -3.342428e+00 9.634654e-01 5.320639e+00 -1.341743e+01 3.621073e+00 2.267597e+00 -5.299350e+00 -3.048041e+00
<VARIANCE> 12
 1.239611e+01 9.375443e+00 2.520463e+00 2.622873e+01 1.577816e+01 7.546044e+00 1.419018e+01 1.647859e+01 1.465957e+01 1.996361e+01 2.109879e+01 9.589725e+00
<GCONST> 5.222448e+01
<STATE> 10
<MEAN> 12
 1.913910e+00 -3.405628e+00 9.747486e-01 1.289427e+00 -4.928646e+00 6.764824e+00 -2.212978e+00 -5.136751e+00 2.507193e+00 4.351029e+00 -3.864560e+00 2.124626e+00
<VARIANCE> 12
 5.958035e+00 9.375443e+00 1.142323e+01 2.622873e+01 1.065947e+01 2.211061e+01 1.743926e+01 2.007106e+01 1.562921e+01 1.206054e+01 1.745657e+01 1.313672e+01
<GCONST> 5.377458e+01
<TRANSP> 11
 0.000000e+00 1.000000e+00 0.000000e+00 0.000000e+00 0.000000e+00 0.000000e+00 0.000000e+00 0.000000e+00 0.000000e+00 0.000000e+00 0.000000e+00
 0.000000e+00 8.794346e-01 1.205654e-01 0.000000e+00 0.000000e+00 0.000000e+00 0.000000e+00 0.000000e+00 0.000000e+00 0.000000e+00 0.000000e+00
 0.000000e+00 0.000000e+00 7.529454e-01 2.470546e-01 0.000000e+00 0.000000e+00 0.000000e+00 0.000000e+00 0.000000e+00 0.000000e+00 0.000000e+00
 0.000000e+00 0.000000e+00 0.000000e+00 9.005912e-01 9.940883e-02 0.000000e+00 0.000000e+00 0.000000e+00 0.000000e+00 0.000000e+00 0.000000e+00
 0.000000e+00 0.000000e+00 0.000000e+00 0.000000e+00 8.444017e-01 1.555983e-01 0.000000e+00 0.000000e+00 0.000000e+00 0.000000e+00 0.000000e+00
 0.000000e+00 0.000000e+00 0.000000e+00 0.000000e+00 0.000000e+00 8.917725e-01 1.082275e-01 0.000000e+00 0.000000e+00 0.000000e+00 0.000000e+00
 0.000000e+00 0.000000e+00 0.000000e+00 0.000000e+00 0.000000e+00 0.000000e+00 7.770945e-01 2.229055e-01 0.000000e+00 0.000000e+00 0.000000e+00
 0.000000e+00 0.000000e+00 0.000000e+00 0.000000e+00 0.000000e+00 0.000000e+00 0.000000e+00 8.525398e-01 1.474602e-01 0.000000e+00 0.000000e+00
 0.000000e+00 0.000000e+00 0.000000e+00 0.000000e+00 0.000000e+00 0.000000e+00 0.000000e+00 0.000000e+00 8.596149e-01 1.403851e-01 0.000000e+00
 0.000000e+00 0.000000e+00 0.000000e+00 0.000000e+00 0.000000e+00 0.000000e+00 0.000000e+00 0.000000e+00 0.000000e+00 8.951895e-01 1.048105e-01
 0.000000e+00 0.000000e+00 0.000000e+00 0.000000e+00 0.000000e+00 0.000000e+00 0.000000e+00 0.000000e+00 0.000000e+00 0.000000e+00 0.000000e+00
<ENDHMM>
