~o
<STREAMINFO> 1 12
<VECSIZE> 12<NULLD><MFCC_Z><DIAGC>
~h "s027"
<BEGINHMM>
<NUMSTATES> 7
<STATE> 2
<MEAN> 12
 -2.995285e+00 1.498828e+00 7.543126e+00 9.161381e-02 -4.205306e+00 -4.537464e+00 6.536053e+00 4.521247e+00 -3.339210e+00 5.561890e-03 4.200762e+00 -2.004364e+00
<VARIANCE> 12
 1.515021e+01 1.535436e+01 9.907434e+01 2.253400e+01 3.424302e+01 3.448928e+01 1.196647e+01 3.047762e+01 3.289009e+01 6.414844e+01 1.805104e+01 3.264760e+01
<GCONST> 6.222141e+01
<STATE> 3
<MEAN> 12
 -9.476835e-02 7.570192e-01 9.379498e-01 -9.255822e-01 -1.817889e-01 5.810042e-02 4.194993e+00 -1.115860e-01 -1.120256e+00 -2.135402e+00 3.428791e+00 1.423555e+00
<VARIANCE> 12
 2.103588e+01 1.096585e+01 3.350266e+01 3.186819e+01 1.769034e+01 1.877150e+01 2.702118e+01 6.695663e+01 3.083131e+01 4.075805e+01 2.124573e+01 3.127935e+01
<GCONST> 6.141010e+01
<STATE> 4
<MEAN> 12
 1.827963e+00 1.601405e+00 -2.603342e-01 -3.184533e+00 4.833516e-01 1.484728e+00 -2.966714e-01 -4.938762e+00 3.169416e-01 1.168536e+00 1.654605e+00 1.005343e+00
<VARIANCE> 12
 9.503655e+00 9.052339e+00 2.950931e+01 2.731840e+01 7.345483e+00 1.058427e+01 3.586412e+01 6.092803e+01 1.901405e+01 4.992625e+01 2.406667e+01 5.049934e+01
<GCONST> 5.920289e+01
<STATE> 5
<MEAN> 12
 8.662041e-01 -1.213752e-01 -3.262692e+00 -1.188070e+00 5.381107e-01 1.738750e+00 -4.629219e+00 -3.257923e+00 1.215336e+00 2.381123e+00 -1.904992e+00 -9.138935e-01
<VARIANCE> 12
 6.652548e+00 1.534769e+01 3.364135e+01 4.034398e+01 7.977527e+00 1.113336e+01 2.806217e+01 6.792615e+01 1.816817e+01 6.118798e+01 3.917680e+01 5.687777e+01
<GCONST> 6.065572e+01
<STATE> 6
<MEAN> 12
 3.958955e-01 -3.735871e+00 -4.958043e+00 5.206564e+00 3.365640e+00 1.255887e+00 -5.805153e+00 3.787014e+00 2.927188e+00 -1.419815e+00 -7.379163e+00 4.893531e-01
<VARIANCE> 12
 6.593997e+00 1.316702e+01 1.922313e+01 4.282586e+01 1.809378e+01 1.528600e+01 1.741080e+01 5.416121e+01 2.328118e+01 5.020485e+01 3.032093e+01 3.657479e+01
<GCONST> 5.977817e+01
<TRANSP> 7
 0.000000e+00 1.000000e+00 0.000000e+00 0.000000e+00 0.000000e+00 0.000000e+00 0.000000e+00
 0.000000e+00 8.809524e-01 1.190476e-01 0.000000e+00 0.000000e+00 0.000000e+00 0.000000e+00
 0.000000e+00 0.000000e+00 8.809524e-01 1.190476e-01 0.000000e+00 0.000000e+00 0.000000e+00
 0.000000e+00 0.000000e+00 0.000000e+00 8.809524e-01 1.190476e-01 0.000000e+00 0.000000e+00
 0.000000e+00 0.000000e+00 0.000000e+00 0.000000e+00 8.809524e-01 1.190476e-01 0.000000e+00
 0.000000e+00 0.000000e+00 0.000000e+00 0.000000e+00 0.000000e+00 8.809524e-01 1.190476e-01
 0.000000e+00 0.000000e+00 0.000000e+00 0.000000e+00 0.000000e+00 0.000000e+00 0.000000e+00
<ENDHMM>
