~o
<STREAMINFO> 1 12
<VECSIZE> 12<NULLD><MFCC_Z><DIAGC>
~h "s006"
<BEGINHMM>
<NUMSTATES> 10
<STATE> 2
<MEAN> 12
 6.545512e+00 -8.669072e+00 -2.172819e+00 9.188075e+00 8.155369e-01 -1.018694e+01 2.019746e+00 7.026100e+00 -8.171496e-01 -1.758133e+00 -6.227640e+00 6.445925e+00
<VARIANCE> 12
 1.278660e+01 2.529172e+01 7.981538e+00 1.312919e+01 4.694701e+00 6.374491e+01 8.404047e+01 6.553174e+01 4.772634e+01 6.422497e+01 9.328970e+00 1.779118e+01
<GCONST> 5.994022e+01
<STATE> 3
<MEAN> 12
 -3.417370e+00 -1.128784e+01 -7.761471e-01 -8.318878e+00 -4.387942e+00 1.305334e+01 5.893462e+00 3.166337e+00 -7.519584e+00 -1.339266e+00 -9.948407e+00 -2.815418e+00
<VARIANCE> 12
 7.416768e+00 1.761237e+01 2.879406e+00 2.365745e+01 4.138546e+00 3.952700e+01 2.850646e+01 1.280056e+01 2.825647e+01 3.713649e+01 9.328970e+00 1.308193e+01
<GCONST> 5.390536e+01
<STATE> 4
<MEAN> 12
 -3.916854e+00 2.640420e-01 -1.664659e+00 -8.537730e+00 -2.469011e+00 2.311443e+00 -2.859833e+00 4.877620e+00 -7.285066e-01 -4.533480e-01 -1.211013e-01 -3.184083e+00
<VARIANCE> 12
 7.416768e+00 8.262779e+00 4.070890e+00 1.312919e+01 4.138546e+00 1.288248e+01 9.011195e+00 8.250551e+00 6.319770e+00 1.203504e+01 1.846133e+01 1.308193e+01
<GCONST> 4.825211e+01
<STATE> 5
<MEAN> 12
 -3.614785e+00 5.661789e+00 1.739249e+00 2.597727e+00 -4.101771e+00 -2.628955e+00 -5.647714e-01 1.310990e+00 2.037460e+00 -2.432124e+00 1.164804e+00 -4.649921e+00
<VARIANCE> 12
 1.578130e+01 8.057399e+00 5.190237e+00 4.366696e+01 8.230975e+00 1.227650e+01 9.896428e+00 3.050645e+01 7.052446e+00 1.135924e+01 9.328970e+00 1.967649e+01
<GCONST> 5.224496e+01
<STATE> 6
<MEAN> 12
 -6.486075e+00 4.677347e+00 5.036266e-01 -1.034045e+00 8.723929e-01 -4.306848e+00 -3.680367e+00 -1.923379e+00 -1.888540e+00 -3.824021e+00 6.057628e-01 -9.203965e+00
<VARIANCE> 12
 8.117428e+00 8.057399e+00 3.151021e+00 6.296495e+01 1.294011e+01 1.227650e+01 1.280108e+01 9.593208e+00 2.922116e+01 2.332945e+01 7.401267e+01 5.447423e+01
<GCONST> 5.623061e+01
<STATE> 7
<MEAN> 12
 1.084565e+00 2.253686e+00 -5.140264e+00 -9.813798e+00 6.140594e+00 -2.918619e+00 -2.070735e+00 -2.337945e+00 -4.412220e+00 2.273088e+00 1.224191e+01 2.330625e+00
<VARIANCE> 12
 7.416768e+00 8.057399e+00 2.065140e+00 1.312919e+01 9.289752e+00 1.227650e+01 5.420608e+00 7.107424e+00 1.608768e+01 2.641655e+01 1.944437e+01 4.630620e+01
<GCONST> 5.068772e+01
<STATE> 8
<MEAN> 12
 7.195174e+00 1.517228e+00 -2.323690e+00 -6.224939e-01 5.060116e+00 -1.919709e+00 -5.333785e-01 -4.682067e+00 1.805314e+00 5.003863e+00 2.598791e+00 9.541008e+00
<VARIANCE> 12
 7.416768e+00 8.057399e+00 5.944094e+00 2.314140e+01 7.934686e+00 1.227650e+01 6.610305e+00 8.702859e+00 8.354507e+00 2.391631e+01 1.347844e+01 1.308193e+01
<GCONST> 5.016978e+01
<STATE> 9
<MEAN> 12
 7.048963e+00 -1.804079e+00 3.390107e+00 6.228744e+00 2.935453e+00 7.075317e+00 2.274698e+00 -5.507214e+00 5.488535e+00 5.489405e+00 1.248595e+00 8.553569e+00
<VARIANCE> 12
 7.416768e+00 8.057399e+00 4.870860e+00 1.648648e+01 1.174036e+01 1.798425e+01 1.036469e+01 7.107424e+00 1.002742e+01 1.998175e+01 9.594112e+00 1.308193e+01
<GCONST> 5.031527e+01
<TRANSP> 10
 0.000000e+00 1.000000e+00 0.000000e+00 0.000000e+00 0.000000e+00 0.000000e+00 0.000000e+00 0.000000e+00 0.000000e+00 0.000000e+00
 0.000000e+00 8.401847e-01 1.598153e-01 0.000000e+00 0.000000e+00 0.000000e+00 0.000000e+00 0.000000e+00 0.000000e+00 0.000000e+00
 0.000000e+00 0.000000e+00 8.361909e-01 1.638091e-01 0.000000e+00 0.000000e+00 0.000000e+00 0.000000e+00 0.000000e+00 0.000000e+00
 0.000000e+00 0.000000e+00 0.000000e+00 8.258317e-01 1.741683e-01 0.000000e+00 0.000000e+00 0.000000e+00 0.000000e+00 0.000000e+00
 0.000000e+00 0.000000e+00 0.000000e+00 0.000000e+00 9.261116e-01 7.388836e-02 0.000000e+00 0.000000e+00 0.000000e+00 0.000000e+00
 0.000000e+00 0.000000e+00 0.000000e+00 0.000000e+00 0.000000e+00 8.966826e-01 1.033174e-01 0.000000e+00 0.000000e+00 0.000000e+00
 0.000000e+00 0.000000e+00 0.000000e+00 0.000000e+00 0.000000e+00 0.000000e+00 7.655894e-01 2.344107e-01 0.000000e+00 0.000000e+00
 0.000000e+00 0.000000e+00 0.000000e+00 0.000000e+00 0.000000e+00 0.000000e+00 0.000000e+00 8.148551e-01 1.851449e-01 0.000000e+00
 0.000000e+00 0.000000e+00 0.000000e+00 0.000000e+00 0.000000e+00 0.000000e+00 0.000000e+00 0.000000e+00 9.001647e-01 9.983529e-02
 0.000000e+00 0.000000e+00 0.000000e+00 0.000000e+00 0.000000e+00 0.000000e+00 0.000000e+00 0.000000e+00 0.000000e+00 0.000000e+00
<ENDHMM>
