~o
<STREAMINFO> 1 12
<VECSIZE> 12<NULLD><MFCC_Z><DIAGC>
~h "s028"
<BEGINHMM>
<NUMSTATES> 8
<STATE> 2
<MEAN> 12
 -2.013140e+00 1.460036e+01 -4.046156e-01 -9.128838e+00 -4.881119e+00 -1.454753e+00 -8.250337e+00 4.931316e+00 9.839620e+00 2.145275e+00 7.174785e+00 -5.163606e+00
<VARIANCE> 12
 3.602025e+00 2.786051e+01 6.834342e+00 2.884098e+01 5.834403e+01 1.389929e+01 1.825717e+01 3.834627e+01 2.162565e+01 1.088001e+01 1.441324e+01 2.549741e+01
<GCONST> 5.656393e+01
<STATE> 3
<MEAN> 12
 -2.266235e+00 1.009558e+01 -1.299297e-01 -1.017823e+01 -1.341094e-01 -1.198362e-01 -4.171485e+00 -4.062383e-02 1.035211e+01 2.773377e+00 4.990586e+00 -3.902292e+00
<VARIANCE> 12
 1.250494e+01 6.446687e+01 6.987813e+00 4.846826e+01 3.504001e+01 2.716425e+01 4.559111e+01 3.065060e+01 4.988983e+01 2.233825e+01 3.519542e+01 2.871383e+01
<GCONST> 6.260705e+01
<STATE> 4
<MEAN> 12
 -2.229980e+00 3.476880e+00 4.250816e-01 -4.595463e+00 -4.331926e-01 2.590046e+00 4.774957e-01 -9.712213e-01 4.923472e+00 1.515296e+00 1.896461e+00 -8.164123e-01
<VARIANCE> 12
 2.121962e+01 1.447161e+02 4.413895e+00 9.508662e+01 3.412827e+01 2.848889e+01 3.802328e+01 1.851851e+01 1.109458e+02 4.168100e+01 3.549435e+01 2.753173e+01
<GCONST> 6.488418e+01
<STATE> 5
<MEAN> 12
 -4.293134e-01 -5.495865e+00 2.633411e-01 2.988907e+00 -5.094709e-01 2.160713e+00 2.753767e+00 -5.848727e-02 -3.038838e+00 -6.189561e-01 -5.498127e-01 1.104734e+00
<VARIANCE> 12
 2.407232e+01 1.635081e+02 3.061821e+00 8.470155e+01 4.024713e+01 3.271261e+01 1.815974e+01 1.555359e+01 1.129136e+02 4.031386e+01 3.279333e+01 2.388402e+01
<GCONST> 6.380365e+01
<STATE> 6
<MEAN> 12
 2.597102e+00 -1.187760e+01 9.252413e-02 8.761312e+00 1.511803e+00 -1.187876e+00 3.911395e+00 -4.131367e-01 -9.104161e+00 -1.998692e+00 -4.357748e+00 2.891016e+00
<VARIANCE> 12
 1.587806e+01 7.407410e+01 3.120430e+00 3.636139e+01 3.091114e+01 3.137837e+01 1.015245e+01 1.549529e+01 5.497694e+01 2.226791e+01 4.514387e+01 2.013086e+01
<GCONST> 5.971366e+01
<STATE> 7
<MEAN> 12
 4.341547e+00 -1.079936e+01 -2.463830e-01 1.215232e+01 4.446070e+00 -1.988234e+00 5.279181e+00 -3.447861e+00 -1.297221e+01 -3.816300e+00 -9.154266e+00 5.886605e+00
<VARIANCE> 12
 5.098548e+00 3.018282e+01 7.380667e+00 1.859234e+01 1.572890e+01 2.107062e+01 8.613935e+00 2.224068e+01 2.669041e+01 1.505946e+01 3.459616e+01 2.115884e+01
<GCONST> 5.566317e+01
<TRANSP> 8
 0.000000e+00 1.000000e+00 0.000000e+00 0.000000e+00 0.000000e+00 0.000000e+00 0.000000e+00 0.000000e+00
 0.000000e+00 8.823529e-01 1.176471e-01 0.000000e+00 0.000000e+00 0.000000e+00 0.000000e+00 0.000000e+00
 0.000000e+00 0.000000e+00 8.823529e-01 1.176471e-01 0.000000e+00 0.000000e+00 0.000000e+00 0.000000e+00
 0.000000e+00 0.000000e+00 0.000000e+00 8.823529e-01 1.176470e-01 0.000000e+00 0.000000e+00 0.000000e+00
 0.000000e+00 0.000000e+00 0.000000e+00 0.000000e+00 8.823529e-01 1.176470e-01 0.000000e+00 0.000000e+00
 0.000000e+00 0.000000e+00 0.000000e+00 0.000000e+00 0.000000e+00 8.823529e-01 1.176471e-01 0.000000e+00
 0.000000e+00 0.000000e+00 0.000000e+00 0.000000e+00 0.000000e+00 0.000000e+00 8.823529e-01 1.176471e-01
 0.000000e+00 0.000000e+00 0.000000e+00 0.000000e+00 0.000000e+00 0.000000e+00 0.000000e+00 0.000000e+00
<ENDHMM>
