~o
<STREAMINFO> 1 12
<VECSIZE> 12<NULLD><MFCC_Z><DIAGC>
~h "s037"
<BEGINHMM>
<NUMSTATES> 5
<STATE> 2
<MEAN> 12
 5.779845e-08 -1.047597e-07 1.878449e-07 2.311938e-07 -5.779845e-08 -2.311938e-07 -2.600930e-07 -3.323410e-07 6.502325e-08 5.779845e-08 -3.756899e-07 1.155969e-07
<VARIANCE> 12
 1.007443e+01 2.191134e+01 5.797253e+01 2.196233e+01 5.092291e+01 2.542109e+01 4.959598e+01 4.374708e+01 4.570595e+01 6.676195e+01 3.220047e+01 3.541591e+01
<GCONST> 6.451156e+01
<STATE> 3
<MEAN> 12
 5.779845e-08 -1.047597e-07 1.878449e-07 2.311938e-07 -5.779845e-08 -2.311938e-07 -2.600930e-07 -3.323410e-07 6.502325e-08 5.779845e-08 -3.756899e-07 1.155969e-07
<VARIANCE> 12
 1.007443e+01 2.191134e+01 5.797253e+01 2.196233e+01 5.092291e+01 2.542109e+01 4.959598e+01 4.374708e+01 4.570595e+01 6.676195e+01 3.220047e+01 3.541591e+01
<GCONST> 6.451156e+01
<STATE> 4
<MEAN> 12
 5.779845e-08 -1.047597e-07 1.878449e-07 2.311938e-07 -5.779845e-08 -2.311938e-07 -2.600930e-07 -3.323410e-07 6.502325e-08 5.779845e-08 -3.756899e-07 1.155969e-07
<VARIANCE> 12
 1.007443e+01 2.191134e+01 5.797253e+01 2.196233e+01 5.092291e+01 2.542109e+01 4.959598e+01 4.374708e+01 4.570595e+01 6.676195e+01 3.220047e+01 3.541591e+01
<GCONST> 6.451156e+01
<TRANSP> 5
 0.000000e+00 1.000000e+00 0.000000e+00 0.000000e+00 0.000000e+00
 0.000000e+00 9.000000e-01 9.999999e-02 0.000000e+00 0.000000e+00
 0.000000e+00 0.000000e+00 9.000000e-01 9.999999e-02 0.000000e+00
 0.000000e+00 0.000000e+00 0.000000e+00 9.000000e-01 9.999999e-02
 0.000000e+00 0.000000e+00 0.000000e+00 0.000000e+00 0.000000e+00
<ENDHMM>
