~o
<STREAMINFO> 1 12
<VECSIZE> 12<NULLD><MFCC_Z><DIAGC>
~h "s085"
<BEGINHMM>
<NUMSTATES> 10
<STATE> 2
<MEAN> 12
 -8.694808e+00 -1.534525e+00 -3.569866e+00 7.856567e+00 2.861842e+00 4.048843e+00 5.928306e+00 -2.102675e+00 2.632070e+00 1.477912e+00 -6.595333e-02 -7.549083e-01
<VARIANCE> 12
 8.312135e+01 1.216198e+02 4.138707e+01 4.956555e+01 7.133378e+01 8.884982e+01 5.832377e+01 6.294951e+01 1.110978e+02 2.895800e+01 1.715798e+01 5.402889e+01
<GCONST> 7.077289e+01
<STATE> 3
<MEAN> 12
 -5.407530e-01 -7.816690e+00 -8.040095e+00 7.820730e+00 1.462162e-01 -2.723958e+00 9.896224e-01 -2.913321e+00 -1.167951e+00 -4.362617e-01 -2.239681e+00 -1.216669e+00
<VARIANCE> 12
 3.927673e+01 5.664377e+01 6.339042e+01 6.645875e+01 3.170435e+01 4.203129e+01 3.559178e+01 5.103754e+01 6.826543e+01 2.906373e+01 1.499953e+01 4.876348e+01
<GCONST> 6.699527e+01
<STATE> 4
<MEAN> 12
 2.899817e+00 -5.951750e+00 -7.842937e+00 5.804559e+00 -3.401037e-01 -3.447041e+00 8.618042e-01 -1.929479e+00 4.245251e-01 3.017496e-01 -2.719720e+00 5.835068e-01
<VARIANCE> 12
 1.786905e+01 4.231428e+01 8.363956e+01 9.099418e+01 2.586930e+01 3.105849e+01 3.398250e+01 5.585154e+01 4.931333e+01 3.654282e+01 2.587240e+01 2.972138e+01
<GCONST> 6.599922e+01
<STATE> 5
<MEAN> 12
 3.925276e+00 -1.228516e+00 -2.902239e+00 1.028189e+00 -1.939944e+00 -2.814192e+00 4.229341e-01 -7.841153e-01 1.083490e+00 4.187495e-01 -1.138441e+00 1.101982e+00
<VARIANCE> 12
 1.471613e+01 5.869454e+01 9.576446e+01 9.435266e+01 2.420093e+01 2.901077e+01 3.681300e+01 6.934852e+01 3.656046e+01 4.495647e+01 4.802366e+01 2.291192e+01
<GCONST> 6.673181e+01
<STATE> 6
<MEAN> 12
 3.397842e+00 4.076564e+00 2.568702e+00 -2.556707e+00 -2.701602e+00 -2.570315e+00 -1.624061e+00 1.149269e+00 9.655443e-01 -2.073089e-01 2.009835e+00 -1.000245e-01
<VARIANCE> 12
 1.680029e+01 6.880009e+01 6.252791e+01 6.259109e+01 1.799924e+01 2.545473e+01 3.210451e+01 8.268262e+01 2.614402e+01 4.543966e+01 5.315156e+01 2.855599e+01
<GCONST> 6.579562e+01
<STATE> 7
<MEAN> 12
 1.481583e+00 7.744739e+00 5.958690e+00 -4.778770e+00 -1.717042e+00 -1.532485e+00 -3.339660e+00 4.036377e+00 4.596720e-01 -1.713854e-01 3.878888e+00 -1.570344e+00
<VARIANCE> 12
 1.899783e+01 6.587493e+01 2.689091e+01 4.022159e+01 1.352532e+01 3.439319e+01 1.976541e+01 7.805483e+01 1.681044e+01 3.435919e+01 3.592749e+01 3.294390e+01
<GCONST> 6.309174e+01
<STATE> 8
<MEAN> 12
 -1.029430e+00 5.910774e+00 6.803407e+00 -7.469329e+00 2.299248e-01 2.290135e+00 -2.981794e+00 4.522641e+00 -8.677834e-01 -1.912415e-02 2.280802e+00 -4.080496e-01
<VARIANCE> 12
 1.319574e+01 8.823125e+01 1.268773e+01 2.869583e+01 9.488390e+00 5.714809e+01 1.360665e+01 7.101791e+01 1.192373e+01 2.015531e+01 2.881829e+01 3.858788e+01
<GCONST> 6.067692e+01
<STATE> 9
<MEAN> 12
 -1.439567e+00 -1.200620e+00 7.024425e+00 -7.705303e+00 3.460726e+00 6.749215e+00 -2.570061e-01 -1.978822e+00 -3.529562e+00 -1.364325e+00 -2.005819e+00 2.364637e+00
<VARIANCE> 12
 7.383964e+00 7.180024e+01 1.268773e+01 2.406300e+01 1.666735e+01 3.804362e+01 1.405772e+01 8.508454e+01 1.134654e+01 1.694043e+01 2.172010e+01 2.574265e+01
<GCONST> 5.917304e+01
<TRANSP> 10
 0.000000e+00 1.000000e+00 0.000000e+00 0.000000e+00 0.000000e+00 0.000000e+00 0.000000e+00 0.000000e+00 0.000000e+00 0.000000e+00
 0.000000e+00 8.750001e-01 1.250000e-01 0.000000e+00 0.000000e+00 0.000000e+00 0.000000e+00 0.000000e+00 0.000000e+00 0.000000e+00
 0.000000e+00 0.000000e+00 8.750000e-01 1.250000e-01 0.000000e+00 0.000000e+00 0.000000e+00 0.000000e+00 0.000000e+00 0.000000e+00
 0.000000e+00 0.000000e+00 0.000000e+00 8.750000e-01 1.250000e-01 0.000000e+00 0.000000e+00 0.000000e+00 0.000000e+00 0.000000e+00
 0.000000e+00 0.000000e+00 0.000000e+00 0.000000e+00 8.750000e-01 1.250000e-01 0.000000e+00 0.000000e+00 0.000000e+00 0.000000e+00
 0.000000e+00 0.000000e+00 0.000000e+00 0.000000e+00 0.000000e+00 8.750000e-01 1.250000e-01 0.000000e+00 0.000000e+00 0.000000e+00
 0.000000e+00 0.000000e+00 0.000000e+00 0.000000e+00 0.000000e+00 0.000000e+00 8.750001e-01 1.250000e-01 0.000000e+00 0.000000e+00
 0.000000e+00 0.000000e+00 0.000000e+00 0.000000e+00 0.000000e+00 0.000000e+00 0.000000e+00 8.750000e-01 1.250000e-01 0.000000e+00
 0.000000e+00 0.000000e+00 0.000000e+00 0.000000e+00 0.000000e+00 0.000000e+00 0.000000e+00 0.000000e+00 8.749999e-01 1.250000e-01
 0.000000e+00 0.000000e+00 0.000000e+00 0.000000e+00 0.000000e+00 0.000000e+00 0.000000e+00 0.000000e+00 0.000000e+00 0.000000e+00
<ENDHMM>
