~o
<STREAMINFO> 1 12
<VECSIZE> 12<NULLD><MFCC_Z><DIAGC>
~h "s016"
<BEGINHMM>
<NUMSTATES> 8
<STATE> 2
<MEAN> 12
 -1.446375e+01 5.819409e+00 -1.506479e+00 3.959930e+00 1.484515e+01 1.694503e+00 1.248148e+01 1.601717e+00 6.211982e+00 6.138956e+00 4.153727e+00 9.147466e-01
<VARIANCE> 12
 7.546199e+00 1.045906e+01 1.363961e+01 1.571408e+01 1.748943e+01 6.724973e+00 1.233516e+01 6.034378e+00 1.615327e+01 4.678894e+00 2.482008e+01 2.295369e+01
<GCONST> 5.153824e+01
<STATE> 3
<MEAN> 12
 -1.250143e-01 1.268782e+01 1.181419e+01 -1.294236e+01 -6.874178e+00 -9.148925e-01 -1.306451e+01 4.169804e-01 2.215237e+00 -9.427573e-01 1.126032e+01 -6.945628e+00
<VARIANCE> 12
 7.546199e+00 1.045906e+01 1.178685e+01 1.571408e+01 8.493197e+01 1.243426e+01 6.416463e+01 5.625161e+00 6.815976e+00 3.288901e+01 3.717391e+01 9.393333e+00
<GCONST> 5.576360e+01
<STATE> 4
<MEAN> 12
 9.204552e-01 1.524602e+00 5.076842e+00 -9.184902e+00 -1.265332e+01 2.415114e+00 4.183484e-01 4.959810e+00 -8.793852e-01 -5.909638e-03 -4.116562e+00 2.510189e+00
<VARIANCE> 12
 7.546199e+00 1.045906e+01 1.178685e+01 1.838560e+01 3.686456e+01 3.253203e+01 1.331585e+01 2.337079e+01 1.069391e+01 5.744744e+00 7.067599e+01 2.614605e+01
<GCONST> 5.627127e+01
<STATE> 5
<MEAN> 12
 1.126090e+00 -5.500564e+00 3.407631e+00 2.328060e-01 4.682343e+00 8.931190e+00 5.266643e+00 -7.494935e+00 -1.102055e+01 4.093624e+00 1.462349e+00 -2.131048e-01
<VARIANCE> 12
 7.546199e+00 1.045906e+01 1.178685e+01 5.629069e+01 1.748943e+01 1.074294e+01 1.233516e+01 2.894576e+01 3.302849e+01 1.081167e+01 2.764294e+01 5.473023e+00
<GCONST> 5.493148e+01
<STATE> 6
<MEAN> 12
 3.096231e+00 -1.143202e+01 -4.388909e+00 1.302316e+01 8.189569e+00 -6.040091e+00 4.057467e+00 -6.215247e-01 -8.368138e+00 1.925545e+00 1.112455e+00 1.950486e+00
<VARIANCE> 12
 7.546199e+00 1.045906e+01 3.230331e+01 1.571408e+01 1.748943e+01 7.853959e+00 1.233516e+01 1.975327e+01 1.429181e+01 4.678894e+00 3.026947e+01 2.695574e+01
<GCONST> 5.397824e+01
<STATE> 7
<MEAN> 12
 7.372331e+00 -6.719895e+00 -1.223617e+01 8.548080e+00 1.051822e-01 -2.982844e+00 -3.602876e+00 -2.751010e+00 4.344868e+00 -6.624304e+00 -9.475315e+00 1.438671e+00
<VARIANCE> 12
 7.546199e+00 1.045906e+01 1.178685e+01 1.571408e+01 1.748943e+01 8.923809e+00 1.233516e+01 4.075637e+01 1.137287e+01 1.809070e+01 1.262288e+01 4.867553e+01
<GCONST> 5.466228e+01
<TRANSP> 8
 0.000000e+00 1.000000e+00 0.000000e+00 0.000000e+00 0.000000e+00 0.000000e+00 0.000000e+00 0.000000e+00
 0.000000e+00 8.750000e-01 1.250000e-01 0.000000e+00 0.000000e+00 0.000000e+00 0.000000e+00 0.000000e+00
 0.000000e+00 0.000000e+00 8.880121e-01 1.119880e-01 0.000000e+00 0.000000e+00 0.000000e+00 0.000000e+00
 0.000000e+00 0.000000e+00 0.000000e+00 9.065108e-01 9.348923e-02 0.000000e+00 0.000000e+00 0.000000e+00
 0.000000e+00 0.000000e+00 0.000000e+00 0.000000e+00 7.871735e-01 2.128265e-01 0.000000e+00 0.000000e+00
 0.000000e+00 0.000000e+00 0.000000e+00 0.000000e+00 0.000000e+00 8.505859e-01 1.494141e-01 0.000000e+00
 0.000000e+00 0.000000e+00 0.000000e+00 0.000000e+00 0.000000e+00 0.000000e+00 9.089467e-01 9.105329e-02
 0.000000e+00 0.000000e+00 0.000000e+00 0.000000e+00 0.000000e+00 0.000000e+00 0.000000e+00 0.000000e+00
<ENDHMM>
