~o
<STREAMINFO> 1 12
<VECSIZE> 12<NULLD><MFCC_Z><DIAGC>
~h "T1375864630"
<BEGINHMM>
<NUMSTATES> 7
<STATE> 2
<MEAN> 12
 -2.627954e-02 -2.965866e+00 -1.258372e+00 3.850267e+00 -8.941071e+00 -5.135923e-02 6.911563e+00 1.666045e+00 -3.362931e+00 -5.847641e-01 -1.151486e+00 -5.822255e+00
<VARIANCE> 12
 3.452383e+01 1.070941e+01 1.286296e+01 1.404124e+01 1.241345e+01 1.261583e+01 6.436580e+01 1.776665e+01 2.835987e+00 1.926004e+01 6.876085e+01 3.191378e+01
<GCONST> 5.695338e+01
<STATE> 3
<MEAN> 12
 -7.410685e+00 5.150218e+00 4.924328e+00 -1.036214e+01 -6.245754e+00 -3.529666e-01 -4.083385e+00 2.586888e+00 4.841021e-01 -9.549312e-01 -4.163559e+00 -2.438462e+00
<VARIANCE> 12
 5.546082e+00 8.796992e+00 1.049937e+01 8.018143e+00 1.265687e+01 1.044995e+01 2.733050e+01 7.225176e+00 1.315221e+01 1.025902e+01 1.217506e+01 3.023286e+01
<GCONST> 5.135848e+01
<STATE> 4
<MEAN> 12
 -2.654984e+00 1.238657e+00 1.167118e+01 -2.646192e+00 -3.441464e-01 -2.742517e+00 -5.773430e+00 9.143036e-01 -1.811399e+00 7.464123e-01 2.275133e+00 1.950812e+00
<VARIANCE> 12
 8.042231e+00 4.101149e+00 1.300441e+01 1.276689e+01 2.669710e+01 1.715864e+01 8.688847e+00 1.208531e+01 1.505593e+01 1.157680e+01 1.585478e+01 1.554403e+01
<GCONST> 5.211165e+01
<STATE> 5
<MEAN> 12
 7.326136e+00 1.993338e+00 -3.663216e+00 2.627386e+00 6.436360e+00 2.563830e+00 -3.711380e+00 -1.170274e+00 3.838452e+00 5.891315e+00 1.771604e+00 -3.143626e-01
<VARIANCE> 12
 5.546082e+00 5.759134e+00 1.049937e+01 1.420556e+01 9.093269e+00 1.226281e+01 2.769703e+01 6.602544e+00 6.748892e+00 3.649031e+01 1.506805e+01 5.651247e+00
<GCONST> 5.039711e+01
<STATE> 6
<MEAN> 12
 3.520323e+00 -5.626423e+00 -1.112453e+01 7.366648e+00 8.987459e+00 5.514857e-01 6.591278e+00 -3.942655e+00 6.507062e-01 -4.454017e+00 1.741480e+00 6.271527e+00
<VARIANCE> 12
 7.481933e+00 3.031007e+01 1.049937e+01 1.605386e+01 9.093269e+00 5.396023e+00 1.234629e+01 3.103299e+01 2.686102e+01 9.630450e+00 1.326483e+01 1.905247e+01
<GCONST> 5.353528e+01
<TRANSP> 7
 0.000000e+00 1.000000e+00 0.000000e+00 0.000000e+00 0.000000e+00 0.000000e+00 0.000000e+00
 0.000000e+00 8.846781e-01 1.153219e-01 0.000000e+00 0.000000e+00 0.000000e+00 0.000000e+00
 0.000000e+00 0.000000e+00 9.014511e-01 9.854890e-02 0.000000e+00 0.000000e+00 0.000000e+00
 0.000000e+00 0.000000e+00 0.000000e+00 8.848278e-01 1.151722e-01 0.000000e+00 0.000000e+00
 0.000000e+00 0.000000e+00 0.000000e+00 0.000000e+00 8.859056e-01 1.140944e-01 0.000000e+00
 0.000000e+00 0.000000e+00 0.000000e+00 0.000000e+00 0.000000e+00 8.972678e-01 1.027322e-01
 0.000000e+00 0.000000e+00 0.000000e+00 0.000000e+00 0.000000e+00 0.000000e+00 0.000000e+00
<ENDHMM>
