~o
<STREAMINFO> 1 12
<VECSIZE> 12<NULLD><MFCC_Z><DIAGC>
~h "s029"
<BEGINHMM>
<NUMSTATES> 10
<STATE> 2
<MEAN> 12
 -1.589457e-07 7.568844e-09 -9.082613e-08 5.298191e-07 5.071125e-07 2.724784e-07 -2.951849e-07 7.871598e-07 -1.324548e-08 -3.784422e-09 3.254603e-07 5.298191e-08
<VARIANCE> 12
 3.516705e+01 1.163461e+01 8.566488e+01 2.594719e+01 3.584020e+01 5.125296e+01 3.413972e+01 1.001102e+02 3.324744e+01 6.687435e+01 3.574484e+01 4.094497e+01
<GCONST> 6.642313e+01
<STATE> 3
<MEAN> 12
 -1.589457e-07 7.568844e-09 -9.082613e-08 5.298191e-07 5.071125e-07 2.724784e-07 -2.951849e-07 7.871598e-07 -1.324548e-08 -3.784422e-09 3.254603e-07 5.298191e-08
<VARIANCE> 12
 3.516705e+01 1.163461e+01 8.566488e+01 2.594719e+01 3.584020e+01 5.125296e+01 3.413972e+01 1.001102e+02 3.324744e+01 6.687435e+01 3.574484e+01 4.094497e+01
<GCONST> 6.642313e+01
<STATE> 4
<MEAN> 12
 -1.589457e-07 7.568844e-09 -9.082613e-08 5.298191e-07 5.071125e-07 2.724784e-07 -2.951849e-07 7.871598e-07 -1.324548e-08 -3.784422e-09 3.254603e-07 5.298191e-08
<VARIANCE> 12
 3.516705e+01 1.163461e+01 8.566488e+01 2.594719e+01 3.584020e+01 5.125296e+01 3.413972e+01 1.001102e+02 3.324744e+01 6.687435e+01 3.574484e+01 4.094497e+01
<GCONST> 6.642313e+01
<STATE> 5
<MEAN> 12
 -1.589457e-07 7.568844e-09 -9.082613e-08 5.298191e-07 5.071125e-07 2.724784e-07 -2.951849e-07 7.871598e-07 -1.324548e-08 -3.784422e-09 3.254603e-07 5.298191e-08
<VARIANCE> 12
 3.516705e+01 1.163461e+01 8.566488e+01 2.594719e+01 3.584020e+01 5.125296e+01 3.413972e+01 1.001102e+02 3.324744e+01 6.687435e+01 3.574484e+01 4.094497e+01
<GCONST> 6.642313e+01
<STATE> 6
<MEAN> 12
 -1.589457e-07 7.568844e-09 -9.082613e-08 5.298191e-07 5.071125e-07 2.724784e-07 -2.951849e-07 7.871598e-07 -1.324548e-08 -3.784422e-09 3.254603e-07 5.298191e-08
<VARIANCE> 12
 3.516705e+01 1.163461e+01 8.566488e+01 2.594719e+01 3.584020e+01 5.125296e+01 3.413972e+01 1.001102e+02 3.324744e+01 6.687435e+01 3.574484e+01 4.094497e+01
<GCONST> 6.642313e+01
<STATE> 7
<MEAN> 12
 -1.589457e-07 7.568844e-09 -9.082613e-08 5.298191e-07 5.071125e-07 2.724784e-07 -2.951849e-07 7.871598e-07 -1.324548e-08 -3.784422e-09 3.254603e-07 5.298191e-08
<VARIANCE> 12
 3.516705e+01 1.163461e+01 8.566488e+01 2.594719e+01 3.584020e+01 5.125296e+01 3.413972e+01 1.001102e+02 3.324744e+01 6.687435e+01 3.574484e+01 4.094497e+01
<GCONST> 6.642313e+01
<STATE> 8
<MEAN> 12
 -1.589457e-07 7.568844e-09 -9.082613e-08 5.298191e-07 5.071125e-07 2.724784e-07 -2.951849e-07 7.871598e-07 -1.324548e-08 -3.784422e-09 3.254603e-07 5.298191e-08
<VARIANCE> 12
 3.516705e+01 1.163461e+01 8.566488e+01 2.594719e+01 3.584020e+01 5.125296e+01 3.413972e+01 1.001102e+02 3.324744e+01 6.687435e+01 3.574484e+01 4.094497e+01
<GCONST> 6.642313e+01
<STATE> 9
<MEAN> 12
 -1.589457e-07 7.568844e-09 -9.082613e-08 5.298191e-07 5.071125e-07 2.724784e-07 -2.951849e-07 7.871598e-07 -1.324548e-08 -3.784422e-09 3.254603e-07 5.298191e-08
<VARIANCE> 12
 3.516705e+01 1.163461e+01 8.566488e+01 2.594719e+01 3.584020e+01 5.125296e+01 3.413972e+01 1.001102e+02 3.324744e+01 6.687435e+01 3.574484e+01 4.094497e+01
<GCONST> 6.642313e+01
<TRANSP> 10
 0.000000e+00 1.000000e+00 0.000000e+00 0.000000e+00 0.000000e+00 0.000000e+00 0.000000e+00 0.000000e+00 0.000000e+00 0.000000e+00
 0.000000e+00 9.000000e-01 9.999999e-02 0.000000e+00 0.000000e+00 0.000000e+00 0.000000e+00 0.000000e+00 0.000000e+00 0.000000e+00
 0.000000e+00 0.000000e+00 9.000000e-01 9.999999e-02 0.000000e+00 0.000000e+00 0.000000e+00 0.000000e+00 0.000000e+00 0.000000e+00
 0.000000e+00 0.000000e+00 0.000000e+00 9.000000e-01 9.999999e-02 0.000000e+00 0.000000e+00 0.000000e+00 0.000000e+00 0.000000e+00
 0.000000e+00 0.000000e+00 0.000000e+00 0.000000e+00 9.000000e-01 9.999999e-02 0.000000e+00 0.000000e+00 0.000000e+00 0.000000e+00
 0.000000e+00 0.000000e+00 0.000000e+00 0.000000e+00 0.000000e+00 9.000000e-01 9.999999e-02 0.000000e+00 0.000000e+00 0.000000e+00
 0.000000e+00 0.000000e+00 0.000000e+00 0.000000e+00 0.000000e+00 0.000000e+00 9.000000e-01 9.999999e-02 0.000000e+00 0.000000e+00
 0.000000e+00 0.000000e+00 0.000000e+00 0.000000e+00 0.000000e+00 0.000000e+00 0.000000e+00 9.000000e-01 9.999999e-02 0.000000e+00
 0.000000e+00 0.000000e+00 0.000000e+00 0.000000e+00 0.000000e+00 0.000000e+00 0.000000e+00 0.000000e+00 9.000000e-01 9.999999e-02
 0.000000e+00 0.000000e+00 0.000000e+00 0.000000e+00 0.000000e+00 0.000000e+00 0.000000e+00 0.000000e+00 0.000000e+00 0.000000e+00
<ENDHMM>
