~o
<STREAMINFO> 1 12
<VECSIZE> 12<NULLD><MFCC_Z><DIAGC>
~h "s029"
<BEGINHMM>
<NUMSTATES> 10
<STATE> 2
<MEAN> 12
 -1.480807e+00 -3.397993e-01 -2.085234e+00 -3.070426e+00 -6.345779e+00 5.876136e+00 5.317314e+00 -1.240501e+01 -5.257810e+00 4.768884e+00 -1.493041e+00 5.027897e-01
<VARIANCE> 12
 2.068461e+01 1.379058e+01 1.713298e+01 1.468013e+01 7.168040e+00 1.025059e+01 9.060128e+00 3.686547e+01 6.649488e+00 2.787665e+01 1.067402e+01 2.070301e+01
<GCONST> 5.396395e+01
<STATE> 3
<MEAN> 12
 5.349888e+00 3.955490e+00 2.463922e+00 -3.200665e+00 -9.302440e+00 -3.075443e+00 6.488445e+00 -1.473755e+01 -1.287176e+00 2.411080e+00 -3.220081e+00 -5.637753e-01
<VARIANCE> 12
 7.033411e+00 2.326923e+00 1.713298e+01 5.189437e+00 1.218716e+01 1.025059e+01 6.827943e+00 3.506730e+01 6.649488e+00 1.337487e+01 1.402329e+01 2.114376e+01
<GCONST> 4.982337e+01
<STATE> 4
<MEAN> 12
 -3.445851e+00 1.789227e+00 8.640318e+00 7.856930e-01 -1.745211e+00 -1.856540e+00 3.168726e-01 1.855007e+00 3.474127e-01 -4.660083e+00 2.840117e+00 -6.728715e+00
<VARIANCE> 12
 1.577392e+01 6.291613e+00 1.713298e+01 5.189437e+00 1.072093e+01 2.902888e+01 6.827943e+00 3.340413e+01 1.779804e+01 2.730005e+01 1.479695e+01 1.091160e+01
<GCONST> 5.358015e+01
<STATE> 5
<MEAN> 12
 3.093004e+00 -9.649708e-01 2.633734e+00 -3.063137e+00 5.746813e+00 -6.418235e+00 -5.333458e+00 8.979640e+00 6.846841e+00 5.777874e+00 1.342657e+00 -4.638735e+00
<VARIANCE> 12
 2.009385e+01 6.498841e+00 5.494973e+01 2.218122e+01 1.049494e+01 7.015772e+01 2.396730e+01 2.002203e+01 1.275105e+01 3.830286e+01 1.647586e+01 8.188994e+00
<GCONST> 5.790321e+01
<STATE> 6
<MEAN> 12
 -7.195234e+00 -1.689793e+00 1.194429e+01 1.278441e+00 -4.077519e+00 7.172375e+00 -3.999807e+00 7.999670e+00 -1.220124e+00 -8.290504e-02 6.390860e+00 -5.520924e+00
<VARIANCE> 12
 2.802548e+01 2.548167e+01 3.582525e+01 1.136349e+01 3.250462e+01 2.313696e+01 1.464812e+01 2.002203e+01 1.248706e+01 1.493672e+02 1.553666e+01 8.250770e+00
<GCONST> 5.932322e+01
<STATE> 7
<MEAN> 12
 -5.728160e+00 -2.682557e+00 -8.486434e+00 8.860828e+00 2.186030e+00 -6.415644e+00 -4.089950e+00 8.793933e+00 -8.578944e+00 -8.361407e+00 2.939023e+00 1.754043e+00
<VARIANCE> 12
 7.033411e+00 5.431194e+00 2.189745e+01 5.189437e+00 8.120853e+00 1.025059e+01 1.273531e+01 2.002203e+01 2.205287e+01 1.337487e+01 8.516797e+01 8.188994e+00
<GCONST> 5.262757e+01
<STATE> 8
<MEAN> 12
 -3.719416e-01 -7.175584e-01 -1.573310e+01 7.451013e+00 3.832940e+00 2.410281e+00 -2.623663e+00 5.955906e+00 -1.726509e+00 -8.346574e+00 -9.818895e+00 1.047662e+01
<VARIANCE> 12
 7.033411e+00 2.326923e+00 1.713298e+01 5.189437e+00 7.168040e+00 1.587562e+01 8.915051e+00 2.534022e+01 7.544112e+00 1.337487e+01 7.148969e+00 8.188994e+00
<GCONST> 4.817583e+01
<STATE> 9
<MEAN> 12
 5.675864e+00 1.744394e+00 -5.024504e+00 -1.113377e+00 3.295587e+00 -8.104775e-01 4.628487e+00 -7.407153e+00 1.995227e+00 -1.517351e+00 -2.084898e+00 6.569475e+00
<VARIANCE> 12
 7.033411e+00 2.505428e+00 2.280158e+01 1.246078e+01 7.929346e+00 1.557278e+01 1.601420e+01 2.002203e+01 2.235306e+01 2.861227e+01 1.483283e+01 8.188994e+00
<GCONST> 5.241991e+01
<TRANSP> 10
 0.000000e+00 1.000000e+00 0.000000e+00 0.000000e+00 0.000000e+00 0.000000e+00 0.000000e+00 0.000000e+00 0.000000e+00 0.000000e+00
 0.000000e+00 8.991006e-01 1.008994e-01 0.000000e+00 0.000000e+00 0.000000e+00 0.000000e+00 0.000000e+00 0.000000e+00 0.000000e+00
 0.000000e+00 0.000000e+00 7.026811e-01 2.973189e-01 0.000000e+00 0.000000e+00 0.000000e+00 0.000000e+00 0.000000e+00 0.000000e+00
 0.000000e+00 0.000000e+00 0.000000e+00 8.336443e-01 1.663557e-01 0.000000e+00 0.000000e+00 0.000000e+00 0.000000e+00 0.000000e+00
 0.000000e+00 0.000000e+00 0.000000e+00 0.000000e+00 9.195904e-01 8.040957e-02 0.000000e+00 0.000000e+00 0.000000e+00 0.000000e+00
 0.000000e+00 0.000000e+00 0.000000e+00 0.000000e+00 0.000000e+00 8.919750e-01 1.080250e-01 0.000000e+00 0.000000e+00 0.000000e+00
 0.000000e+00 0.000000e+00 0.000000e+00 0.000000e+00 0.000000e+00 0.000000e+00 7.555500e-01 2.444500e-01 0.000000e+00 0.000000e+00
 0.000000e+00 0.000000e+00 0.000000e+00 0.000000e+00 0.000000e+00 0.000000e+00 0.000000e+00 8.156108e-01 1.843892e-01 0.000000e+00
 0.000000e+00 0.000000e+00 0.000000e+00 0.000000e+00 0.000000e+00 0.000000e+00 0.000000e+00 0.000000e+00 9.200445e-01 7.995553e-02
 0.000000e+00 0.000000e+00 0.000000e+00 0.000000e+00 0.000000e+00 0.000000e+00 0.000000e+00 0.000000e+00 0.000000e+00 0.000000e+00
<ENDHMM>
