~o
<STREAMINFO> 1 12
<VECSIZE> 12<NULLD><MFCC_Z><DIAGC>
~h "s005"
<BEGINHMM>
<NUMSTATES> 10
<STATE> 2
<MEAN> 12
 -6.333880e-01 4.834355e+00 2.476758e+00 -6.647771e+00 1.565898e+00 -3.136463e+00 5.780841e+00 2.739079e+00 3.823344e-01 2.132659e+00 2.946570e+00 -7.262856e-01
<VARIANCE> 12
 8.782954e+00 8.052263e+01 1.154639e+02 2.135251e+01 8.687587e+01 4.359600e+01 7.732384e+01 3.317893e+01 1.097889e+01 3.389042e+01 4.566546e+01 4.460284e+00
<GCONST> 6.375103e+01
<STATE> 3
<MEAN> 12
 8.006948e-01 9.679617e-01 -6.593682e+00 -4.277105e+00 5.786035e+00 1.704353e+00 -1.259540e+00 1.871668e+00 2.838033e+00 7.966727e-01 3.217302e+00 7.012607e-01
<VARIANCE> 12
 1.125347e+01 5.474910e+01 5.678531e+01 2.041342e+01 5.466922e+01 6.000777e+01 9.123216e+01 5.545576e+01 2.770188e+01 2.237459e+01 4.736531e+01 9.839768e+00
<GCONST> 6.473195e+01
<STATE> 4
<MEAN> 12
 2.258179e+00 3.156410e+00 -7.521037e+00 -3.896985e+00 2.961728e+00 3.065438e+00 -5.278056e+00 -1.330231e-01 5.604962e+00 1.665526e+00 1.706563e+00 2.540013e+00
<VARIANCE> 12
 1.021000e+01 5.479549e+01 4.863106e+01 3.287681e+01 4.432510e+01 5.014026e+01 5.278371e+01 7.853994e+01 3.377655e+01 1.946437e+01 4.258968e+01 1.362908e+01
<GCONST> 6.464689e+01
<STATE> 5
<MEAN> 12
 1.450670e+00 3.248432e+00 -4.294684e+00 -1.550186e+00 -3.725753e-01 1.097638e+00 -4.721117e+00 -1.268036e+00 5.276589e+00 1.002824e+00 1.401275e+00 3.146536e+00
<VARIANCE> 12
 1.629512e+01 6.432849e+01 5.236488e+01 5.471239e+01 2.448523e+01 4.164693e+01 5.257428e+01 8.011462e+01 4.970908e+01 2.268566e+01 3.507884e+01 1.631075e+01
<GCONST> 6.562005e+01
<STATE> 6
<MEAN> 12
 -7.426714e-01 -4.013803e-01 -4.310256e-01 2.472884e+00 -1.957665e+00 -5.207631e-01 -1.519941e+00 -2.226453e-01 1.556030e+00 -3.424605e-01 8.871901e-01 1.849573e+00
<VARIANCE> 12
 1.844234e+01 7.036842e+01 3.899883e+01 5.684872e+01 1.001350e+01 2.231588e+01 5.568982e+01 5.845241e+01 6.549609e+01 2.150605e+01 2.608016e+01 1.941700e+01
<GCONST> 6.390173e+01
<STATE> 7
<MEAN> 12
 -2.164185e+00 -4.302287e+00 2.613357e+00 4.962578e+00 -2.554416e+00 -8.816730e-01 1.924304e+00 7.820319e-01 -2.926838e+00 -7.056426e-01 -2.579763e-01 -5.487437e-01
<VARIANCE> 12
 1.140526e+01 4.086626e+01 2.340136e+01 3.576112e+01 6.272488e+00 9.440287e+00 3.948546e+01 2.794906e+01 4.654144e+01 1.898478e+01 2.364209e+01 1.674706e+01
<GCONST> 5.878127e+01
<STATE> 8
<MEAN> 12
 -1.462900e+00 -5.256566e+00 5.388358e+00 4.798625e+00 -2.659804e+00 -1.030074e+00 2.871161e+00 -1.962398e-01 -5.814420e+00 -7.756568e-01 -2.934359e+00 -3.014932e+00
<VARIANCE> 12
 7.881522e+00 1.560407e+01 1.854533e+01 2.081357e+01 5.785631e+00 7.481722e+00 2.582969e+01 1.502591e+01 2.102670e+01 2.397894e+01 3.622292e+01 1.081560e+01
<GCONST> 5.474520e+01
<STATE> 9
<MEAN> 12
 4.936228e-01 -2.246758e+00 8.362138e+00 4.137929e+00 -2.769325e+00 -2.985112e-01 2.202398e+00 -3.572916e+00 -6.916664e+00 -3.773959e+00 -6.966570e+00 -3.947394e+00
<VARIANCE> 12
 4.756371e+00 1.696621e+01 1.279676e+01 9.908671e+00 6.439916e+00 1.260145e+01 1.934582e+01 1.478409e+01 1.160910e+01 3.023669e+01 2.804041e+01 1.062621e+01
<GCONST> 5.289801e+01
<TRANSP> 10
 0.000000e+00 1.000000e+00 0.000000e+00 0.000000e+00 0.000000e+00 0.000000e+00 0.000000e+00 0.000000e+00 0.000000e+00 0.000000e+00
 0.000000e+00 8.666667e-01 1.333333e-01 0.000000e+00 0.000000e+00 0.000000e+00 0.000000e+00 0.000000e+00 0.000000e+00 0.000000e+00
 0.000000e+00 0.000000e+00 8.666667e-01 1.333333e-01 0.000000e+00 0.000000e+00 0.000000e+00 0.000000e+00 0.000000e+00 0.000000e+00
 0.000000e+00 0.000000e+00 0.000000e+00 8.666667e-01 1.333333e-01 0.000000e+00 0.000000e+00 0.000000e+00 0.000000e+00 0.000000e+00
 0.000000e+00 0.000000e+00 0.000000e+00 0.000000e+00 8.666667e-01 1.333333e-01 0.000000e+00 0.000000e+00 0.000000e+00 0.000000e+00
 0.000000e+00 0.000000e+00 0.000000e+00 0.000000e+00 0.000000e+00 8.666666e-01 1.333334e-01 0.000000e+00 0.000000e+00 0.000000e+00
 0.000000e+00 0.000000e+00 0.000000e+00 0.000000e+00 0.000000e+00 0.000000e+00 8.666667e-01 1.333333e-01 0.000000e+00 0.000000e+00
 0.000000e+00 0.000000e+00 0.000000e+00 0.000000e+00 0.000000e+00 0.000000e+00 0.000000e+00 8.666667e-01 1.333333e-01 0.000000e+00
 0.000000e+00 0.000000e+00 0.000000e+00 0.000000e+00 0.000000e+00 0.000000e+00 0.000000e+00 0.000000e+00 8.666667e-01 1.333333e-01
 0.000000e+00 0.000000e+00 0.000000e+00 0.000000e+00 0.000000e+00 0.000000e+00 0.000000e+00 0.000000e+00 0.000000e+00 0.000000e+00
<ENDHMM>
