~o
<STREAMINFO> 1 12
<VECSIZE> 12<NULLD><MFCC_Z><DIAGC>
~h "s088"
<BEGINHMM>
<NUMSTATES> 10
<STATE> 2
<MEAN> 12
 -2.987283e+00 -2.021391e-02 3.981898e+00 -1.348450e+01 -3.785372e+00 3.921595e+00 -6.662886e+00 3.966511e+00 -5.102458e+00 1.024251e+00 -5.891399e+00 -8.318310e+00
<VARIANCE> 12
 8.592515e+00 1.862669e+01 1.637366e+01 5.196382e+01 9.447303e+00 1.217191e+01 8.117728e+00 7.949908e+01 1.785579e+01 1.945254e+01 2.567301e+01 1.009303e+01
<GCONST> 5.649848e+01
<STATE> 3
<MEAN> 12
 -2.590916e+00 3.499440e+00 5.460654e+00 -1.393003e+01 -2.787132e+00 3.123348e+00 -5.863262e+00 3.277335e+00 -1.877295e+00 1.123150e+00 -6.563966e+00 -6.443904e+00
<VARIANCE> 12
 9.999260e+00 9.577533e+00 1.637366e+01 6.404929e+01 1.683710e+01 1.379259e+01 1.490902e+01 6.619524e+01 1.198281e+01 4.299290e+01 2.999002e+01 1.816835e+01
<GCONST> 5.845913e+01
<STATE> 4
<MEAN> 12
 -8.301052e-01 4.336218e+00 6.717563e+00 -8.240644e+00 -3.422454e+00 3.041319e+00 -3.437503e+00 -3.527352e-01 -3.948492e-01 4.032569e+00 -4.500690e+00 -3.870531e+00
<VARIANCE> 12
 8.991367e+00 8.068027e+00 1.637366e+01 8.922279e+01 3.004975e+01 1.602772e+01 2.538619e+01 4.462705e+01 1.488524e+01 7.842934e+01 3.810421e+01 2.691867e+01
<GCONST> 6.083094e+01
<STATE> 5
<MEAN> 12
 4.698367e-01 3.478396e+00 5.990747e+00 -2.045943e+00 -3.794406e+00 2.857588e+00 -6.319450e-01 -6.557798e-01 1.147008e+00 6.289509e+00 -8.608479e-01 -1.019318e+00
<VARIANCE> 12
 7.646327e+00 1.528537e+01 2.700241e+01 8.785063e+01 4.007596e+01 3.170016e+01 3.362841e+01 3.001400e+01 1.767266e+01 8.486852e+01 3.850734e+01 2.854103e+01
<GCONST> 6.296666e+01
<STATE> 6
<MEAN> 12
 1.444235e+00 1.490405e+00 2.394776e+00 3.477817e+00 -1.809522e+00 5.252863e-01 1.928297e+00 9.458774e-01 2.692420e+00 4.597576e+00 2.194184e+00 1.980645e+00
<VARIANCE> 12
 7.336739e+00 2.298314e+01 6.662417e+01 7.486728e+01 5.202848e+01 5.579465e+01 3.238641e+01 2.671905e+01 1.945040e+01 8.584197e+01 2.859226e+01 2.866576e+01
<GCONST> 6.456277e+01
<STATE> 7
<MEAN> 12
 1.667574e+00 -1.185006e+00 -3.803147e+00 7.852478e+00 2.245078e+00 -3.415089e+00 3.801699e+00 1.609083e+00 2.984916e+00 -5.086442e-01 4.327621e+00 5.142296e+00
<VARIANCE> 12
 6.833714e+00 2.519098e+01 9.315975e+01 4.537312e+01 5.112568e+01 5.420486e+01 2.270624e+01 2.820667e+01 2.329765e+01 7.868978e+01 2.266645e+01 2.445462e+01
<GCONST> 6.377294e+01
<STATE> 8
<MEAN> 12
 1.113122e+00 -4.449255e+00 -9.609703e+00 1.126477e+01 6.006959e+00 -5.895029e+00 4.928992e+00 -1.277117e+00 1.041325e+00 -6.128350e+00 6.018277e+00 7.142855e+00
<VARIANCE> 12
 6.489933e+00 2.163390e+01 5.933382e+01 3.328050e+01 2.689344e+01 2.673998e+01 1.347337e+01 4.502465e+01 2.539392e+01 5.065119e+01 2.056219e+01 1.516753e+01
<GCONST> 6.047523e+01
<STATE> 9
<MEAN> 12
 1.713552e+00 -7.150066e+00 -1.113271e+01 1.510620e+01 7.346769e+00 -4.158925e+00 5.936660e+00 -7.513309e+00 -4.911445e-01 -1.043001e+01 5.276878e+00 5.386229e+00
<VARIANCE> 12
 6.527355e+00 9.299556e+00 1.733615e+01 3.328050e+01 9.447303e+00 1.616956e+01 8.117728e+00 4.020533e+01 1.576810e+01 2.746996e+01 1.862760e+01 1.778660e+01
<GCONST> 5.520934e+01
<TRANSP> 10
 0.000000e+00 1.000000e+00 0.000000e+00 0.000000e+00 0.000000e+00 0.000000e+00 0.000000e+00 0.000000e+00 0.000000e+00 0.000000e+00
 0.000000e+00 8.666667e-01 1.333333e-01 0.000000e+00 0.000000e+00 0.000000e+00 0.000000e+00 0.000000e+00 0.000000e+00 0.000000e+00
 0.000000e+00 0.000000e+00 8.666667e-01 1.333333e-01 0.000000e+00 0.000000e+00 0.000000e+00 0.000000e+00 0.000000e+00 0.000000e+00
 0.000000e+00 0.000000e+00 0.000000e+00 8.666667e-01 1.333333e-01 0.000000e+00 0.000000e+00 0.000000e+00 0.000000e+00 0.000000e+00
 0.000000e+00 0.000000e+00 0.000000e+00 0.000000e+00 8.666667e-01 1.333333e-01 0.000000e+00 0.000000e+00 0.000000e+00 0.000000e+00
 0.000000e+00 0.000000e+00 0.000000e+00 0.000000e+00 0.000000e+00 8.666666e-01 1.333334e-01 0.000000e+00 0.000000e+00 0.000000e+00
 0.000000e+00 0.000000e+00 0.000000e+00 0.000000e+00 0.000000e+00 0.000000e+00 8.666667e-01 1.333333e-01 0.000000e+00 0.000000e+00
 0.000000e+00 0.000000e+00 0.000000e+00 0.000000e+00 0.000000e+00 0.000000e+00 0.000000e+00 8.666667e-01 1.333333e-01 0.000000e+00
 0.000000e+00 0.000000e+00 0.000000e+00 0.000000e+00 0.000000e+00 0.000000e+00 0.000000e+00 0.000000e+00 8.666667e-01 1.333333e-01
 0.000000e+00 0.000000e+00 0.000000e+00 0.000000e+00 0.000000e+00 0.000000e+00 0.000000e+00 0.000000e+00 0.000000e+00 0.000000e+00
<ENDHMM>
