~o
<STREAMINFO> 1 12
<VECSIZE> 12<NULLD><MFCC_Z><DIAGC>
~h "s042"
<BEGINHMM>
<NUMSTATES> 8
<STATE> 2
<MEAN> 12
 2.038479e-07 -1.907349e-08 -4.005432e-07 8.583069e-08 5.722046e-08 -8.773804e-07 -3.528595e-07 -3.242493e-07 -4.291535e-08 -5.722046e-08 2.670288e-07 -6.079674e-08
<VARIANCE> 12
 3.205064e+01 2.269350e+01 1.001488e+02 4.375129e+01 8.763002e+01 8.518234e+01 2.246274e+01 4.220732e+01 5.368065e+01 3.182682e+01 3.724691e+01 3.931082e+01
<GCONST> 6.753391e+01
<STATE> 3
<MEAN> 12
 2.038479e-07 -1.907349e-08 -4.005432e-07 8.583069e-08 5.722046e-08 -8.773804e-07 -3.528595e-07 -3.242493e-07 -4.291535e-08 -5.722046e-08 2.670288e-07 -6.079674e-08
<VARIANCE> 12
 3.205064e+01 2.269350e+01 1.001488e+02 4.375129e+01 8.763002e+01 8.518234e+01 2.246274e+01 4.220732e+01 5.368065e+01 3.182682e+01 3.724691e+01 3.931082e+01
<GCONST> 6.753391e+01
<STATE> 4
<MEAN> 12
 2.038479e-07 -1.907349e-08 -4.005432e-07 8.583069e-08 5.722046e-08 -8.773804e-07 -3.528595e-07 -3.242493e-07 -4.291535e-08 -5.722046e-08 2.670288e-07 -6.079674e-08
<VARIANCE> 12
 3.205064e+01 2.269350e+01 1.001488e+02 4.375129e+01 8.763002e+01 8.518234e+01 2.246274e+01 4.220732e+01 5.368065e+01 3.182682e+01 3.724691e+01 3.931082e+01
<GCONST> 6.753391e+01
<STATE> 5
<MEAN> 12
 2.038479e-07 -1.907349e-08 -4.005432e-07 8.583069e-08 5.722046e-08 -8.773804e-07 -3.528595e-07 -3.242493e-07 -4.291535e-08 -5.722046e-08 2.670288e-07 -6.079674e-08
<VARIANCE> 12
 3.205064e+01 2.269350e+01 1.001488e+02 4.375129e+01 8.763002e+01 8.518234e+01 2.246274e+01 4.220732e+01 5.368065e+01 3.182682e+01 3.724691e+01 3.931082e+01
<GCONST> 6.753391e+01
<STATE> 6
<MEAN> 12
 2.038479e-07 -1.907349e-08 -4.005432e-07 8.583069e-08 5.722046e-08 -8.773804e-07 -3.528595e-07 -3.242493e-07 -4.291535e-08 -5.722046e-08 2.670288e-07 -6.079674e-08
<VARIANCE> 12
 3.205064e+01 2.269350e+01 1.001488e+02 4.375129e+01 8.763002e+01 8.518234e+01 2.246274e+01 4.220732e+01 5.368065e+01 3.182682e+01 3.724691e+01 3.931082e+01
<GCONST> 6.753391e+01
<STATE> 7
<MEAN> 12
 2.038479e-07 -1.907349e-08 -4.005432e-07 8.583069e-08 5.722046e-08 -8.773804e-07 -3.528595e-07 -3.242493e-07 -4.291535e-08 -5.722046e-08 2.670288e-07 -6.079674e-08
<VARIANCE> 12
 3.205064e+01 2.269350e+01 1.001488e+02 4.375129e+01 8.763002e+01 8.518234e+01 2.246274e+01 4.220732e+01 5.368065e+01 3.182682e+01 3.724691e+01 3.931082e+01
<GCONST> 6.753391e+01
<TRANSP> 8
 0.000000e+00 1.000000e+00 0.000000e+00 0.000000e+00 0.000000e+00 0.000000e+00 0.000000e+00 0.000000e+00
 0.000000e+00 9.000000e-01 9.999999e-02 0.000000e+00 0.000000e+00 0.000000e+00 0.000000e+00 0.000000e+00
 0.000000e+00 0.000000e+00 9.000000e-01 9.999999e-02 0.000000e+00 0.000000e+00 0.000000e+00 0.000000e+00
 0.000000e+00 0.000000e+00 0.000000e+00 9.000000e-01 9.999999e-02 0.000000e+00 0.000000e+00 0.000000e+00
 0.000000e+00 0.000000e+00 0.000000e+00 0.000000e+00 9.000000e-01 9.999999e-02 0.000000e+00 0.000000e+00
 0.000000e+00 0.000000e+00 0.000000e+00 0.000000e+00 0.000000e+00 9.000000e-01 9.999999e-02 0.000000e+00
 0.000000e+00 0.000000e+00 0.000000e+00 0.000000e+00 0.000000e+00 0.000000e+00 9.000000e-01 9.999999e-02
 0.000000e+00 0.000000e+00 0.000000e+00 0.000000e+00 0.000000e+00 0.000000e+00 0.000000e+00 0.000000e+00
<ENDHMM>
