~o
<STREAMINFO> 1 12
<VECSIZE> 12<NULLD><MFCC_Z><DIAGC>
~h "s096"
<BEGINHMM>
<NUMSTATES> 5
<STATE> 2
<MEAN> 12
 -2.760108e-01 -4.068858e+00 -8.278882e+00 4.594919e+00 8.909122e+00 -1.178217e+01 2.543929e+00 4.300588e+00 -5.084643e+00 -4.855702e+00 -1.885265e+00 1.975585e+00
<VARIANCE> 12
 7.937181e+00 3.773080e+00 9.432941e+00 1.370470e+01 2.216663e+01 1.361037e+01 5.140502e+01 1.175794e+01 6.143044e+01 1.165755e+01 1.241709e+01 1.119386e+01
<GCONST> 5.393790e+01
<STATE> 3
<MEAN> 12
 -3.161218e+00 3.132891e+00 4.778255e+00 -6.915272e+00 -5.865972e+00 1.344669e+00 -1.707364e+00 -7.466980e+00 -3.746329e-01 -4.340169e-01 7.813436e-01 1.375604e+00
<VARIANCE> 12
 5.590106e+00 2.110571e+01 3.066797e+01 2.550164e+01 1.710461e+01 1.988699e+01 8.171149e+01 4.469727e+01 5.143756e+01 3.435469e+01 5.242586e+01 3.095209e+01
<GCONST> 6.238850e+01
<STATE> 4
<MEAN> 12
 4.040812e+00 -5.333686e-01 8.437122e-01 4.683680e+00 -3.309289e-02 7.793500e+00 2.971486e-02 5.585664e+00 4.517283e+00 4.406072e+00 5.628066e-01 -3.241630e+00
<VARIANCE> 12
 3.759968e+00 3.010774e+00 1.222441e+01 1.483084e+01 2.637853e+01 6.425198e+01 7.705727e+00 2.250177e+01 7.882394e+00 4.837687e+01 2.256964e+01 2.146260e+01
<GCONST> 5.439877e+01
<TRANSP> 5
 0.000000e+00 1.000000e+00 0.000000e+00 0.000000e+00 0.000000e+00
 0.000000e+00 8.893324e-01 1.106676e-01 0.000000e+00 0.000000e+00
 0.000000e+00 0.000000e+00 9.267942e-01 7.320579e-02 0.000000e+00
 0.000000e+00 0.000000e+00 0.000000e+00 9.115342e-01 8.846577e-02
 0.000000e+00 0.000000e+00 0.000000e+00 0.000000e+00 0.000000e+00
<ENDHMM>
