~o
<STREAMINFO> 1 12
<VECSIZE> 12<NULLD><MFCC_Z><DIAGC>
~h "T13771896663"
<BEGINHMM>
<NUMSTATES> 8
<STATE> 2
<MEAN> 12
 -1.128181e+01 -2.415234e+00 9.438575e+00 8.147346e+00 -1.555516e+00 8.293248e-02 5.362717e+00 9.226458e+00 2.667474e+00 2.540093e+00 1.744309e+00 3.334321e+00
<VARIANCE> 12
 1.496794e+01 5.033142e+00 1.283776e+01 2.695394e+01 1.970652e+01 2.583028e+01 2.901123e+01 2.411076e+01 2.715749e+01 2.663262e+01 2.245360e+01 2.734550e+01
<GCONST> 5.800963e+01
<STATE> 3
<MEAN> 12
 2.549912e+00 -1.291364e+00 -4.091413e+00 3.564217e+00 3.347212e+00 -2.982977e+00 -4.236953e-01 3.657224e+00 1.188893e+00 -6.380144e+00 -4.147543e+00 3.946079e-01
<VARIANCE> 12
 4.797444e+00 1.942350e+00 3.488119e+01 9.042777e+00 4.996416e+00 8.100956e+00 4.860675e+00 6.187147e+00 1.388927e+01 8.699127e+00 1.110266e+01 8.618199e+00
<GCONST> 4.650018e+01
<STATE> 4
<MEAN> 12
 3.436705e+00 2.051794e+00 -5.120683e+00 -5.371771e+00 -3.710041e+00 -1.871699e+00 -1.958893e+00 -3.661488e+00 -9.170800e-01 -6.084114e-01 -4.827109e-01 -3.354876e+00
<VARIANCE> 12
 4.797444e+00 5.781428e+00 9.180824e+01 9.440975e+00 1.241800e+01 1.941618e+01 1.249426e+01 1.384829e+01 1.512324e+01 2.258848e+01 6.655649e+00 9.857268e+00
<GCONST> 5.279805e+01
<STATE> 5
<MEAN> 12
 3.529542e+00 2.904145e+00 -4.314833e+00 -5.270613e+00 -5.211794e+00 -2.006704e+00 -7.748110e-01 -2.812830e+00 -1.319715e+00 -1.466773e+00 1.558133e+00 -5.541709e-01
<VARIANCE> 12
 4.797444e+00 4.675162e+00 1.106849e+02 1.108298e+01 1.934663e+01 3.549412e+01 2.684037e+01 1.086200e+01 1.430905e+01 2.189801e+01 2.391712e+01 1.230376e+01
<GCONST> 5.591581e+01
<STATE> 6
<MEAN> 12
 2.605680e+00 -1.349768e+00 -1.703580e+00 -4.234935e-01 5.212833e+00 6.142980e+00 -3.497100e-01 -2.828342e+00 -1.209644e+00 2.534896e-01 8.473347e-01 2.497923e-01
<VARIANCE> 12
 4.797444e+00 3.710656e+00 2.254789e+01 1.094555e+01 1.804109e+01 9.777674e+00 1.242466e+01 1.477785e+01 1.244323e+01 1.481747e+01 8.897218e+00 1.580935e+01
<GCONST> 5.099128e+01
<STATE> 7
<MEAN> 12
 -2.933821e+00 -1.569777e+00 7.562550e+00 3.680062e+00 4.406465e+00 1.099570e+00 -2.984174e-01 2.394403e-01 6.050307e-01 4.202794e+00 -1.729561e-01 1.845358e+00
<VARIANCE> 12
 8.544781e+00 3.287775e+00 1.283776e+01 1.284866e+01 2.071393e+01 2.312013e+01 1.105927e+01 1.562204e+01 1.850493e+01 1.696999e+01 1.774380e+01 1.294105e+01
<GCONST> 5.300508e+01
<TRANSP> 8
 0.000000e+00 1.000000e+00 0.000000e+00 0.000000e+00 0.000000e+00 0.000000e+00 0.000000e+00 0.000000e+00
 0.000000e+00 8.564330e-01 1.435670e-01 0.000000e+00 0.000000e+00 0.000000e+00 0.000000e+00 0.000000e+00
 0.000000e+00 0.000000e+00 8.310540e-01 1.689460e-01 0.000000e+00 0.000000e+00 0.000000e+00 0.000000e+00
 0.000000e+00 0.000000e+00 0.000000e+00 9.146522e-01 8.534772e-02 0.000000e+00 0.000000e+00 0.000000e+00
 0.000000e+00 0.000000e+00 0.000000e+00 0.000000e+00 8.823116e-01 1.176884e-01 0.000000e+00 0.000000e+00
 0.000000e+00 0.000000e+00 0.000000e+00 0.000000e+00 0.000000e+00 8.669817e-01 1.330183e-01 0.000000e+00
 0.000000e+00 0.000000e+00 0.000000e+00 0.000000e+00 0.000000e+00 0.000000e+00 8.886911e-01 1.113089e-01
 0.000000e+00 0.000000e+00 0.000000e+00 0.000000e+00 0.000000e+00 0.000000e+00 0.000000e+00 0.000000e+00
<ENDHMM>
