~o
<STREAMINFO> 1 12
<VECSIZE> 12<NULLD><MFCC_Z><DIAGC>
~h "s033"
<BEGINHMM>
<NUMSTATES> 8
<STATE> 2
<MEAN> 12
 -1.093971e+00 -8.543267e+00 8.396808e+00 2.965010e+00 -4.857617e-02 -4.997152e+00 3.698408e-01 -1.190501e+00 -3.659936e+00 4.272346e+00 3.406942e+00 -1.004436e+00
<VARIANCE> 12
 1.465386e+01 2.997291e+01 1.546586e+01 2.135402e+01 1.051273e+01 4.816603e+01 2.331441e+01 3.907462e+01 3.039396e+01 1.189804e+01 1.973664e+01 1.527612e+01
<GCONST> 5.858057e+01
<STATE> 3
<MEAN> 12
 -3.316446e+00 -3.011637e+00 5.906133e+00 9.981163e-02 -3.431782e-01 -1.657311e-01 1.599257e+00 -2.426377e+00 -3.149233e-01 3.206068e+00 2.880523e+00 -2.130924e+00
<VARIANCE> 12
 3.960038e+01 6.831820e+01 2.441044e+01 3.845446e+01 2.517807e+01 4.815492e+01 4.030370e+01 5.268407e+01 5.715959e+01 2.529288e+01 2.957381e+01 2.638240e+01
<GCONST> 6.549913e+01
<STATE> 4
<MEAN> 12
 -4.353680e+00 2.253712e+00 3.674760e+00 -2.254907e+00 -2.219632e-01 4.802755e-01 1.068575e+00 1.046791e+00 1.133172e+00 1.103287e+00 1.576710e+00 -5.025410e-01
<VARIANCE> 12
 5.934739e+01 5.563678e+01 6.220784e+01 4.823240e+01 4.511975e+01 3.388226e+01 4.201519e+01 6.020868e+01 7.330670e+01 3.379531e+01 3.368249e+01 4.744322e+01
<GCONST> 6.852283e+01
<STATE> 5
<MEAN> 12
 -1.494263e+00 3.694747e+00 -1.231557e+00 -2.427047e+00 -3.029633e-01 -1.108259e+00 -4.062758e-01 3.651475e+00 -3.975008e-01 -1.649022e+00 -8.734276e-01 2.288992e+00
<VARIANCE> 12
 6.908743e+01 3.017131e+01 1.190203e+02 4.338239e+01 4.763823e+01 2.925938e+01 3.173760e+01 4.668096e+01 8.025277e+01 2.999900e+01 2.794359e+01 6.037759e+01
<GCONST> 6.800397e+01
<STATE> 6
<MEAN> 12
 3.854050e+00 3.159540e+00 -7.713657e+00 -4.620849e-01 6.342829e-02 2.713857e-01 -1.423161e+00 1.868890e+00 -5.611032e-01 -3.674403e+00 -2.949604e+00 2.447206e+00
<VARIANCE> 12
 4.792134e+01 1.370067e+01 9.921998e+01 2.695730e+01 2.777979e+01 3.559716e+01 1.769683e+01 4.190198e+01 5.838662e+01 1.759777e+01 1.877337e+01 5.746087e+01
<GCONST> 6.385682e+01
<STATE> 7
<MEAN> 12
 6.404287e+00 2.446920e+00 -9.032475e+00 2.079218e+00 8.532538e-01 5.519469e+00 -1.208213e+00 -2.950238e+00 3.800311e+00 -3.258285e+00 -4.041130e+00 -1.098293e+00
<VARIANCE> 12
 1.616801e+01 8.007837e+00 4.059829e+01 1.271380e+01 8.303432e+00 3.599133e+01 8.825990e+00 2.997632e+01 5.271074e+01 1.488277e+01 1.799032e+01 4.227655e+01
<GCONST> 5.774154e+01
<TRANSP> 8
 0.000000e+00 1.000000e+00 0.000000e+00 0.000000e+00 0.000000e+00 0.000000e+00 0.000000e+00 0.000000e+00
 0.000000e+00 8.867924e-01 1.132076e-01 0.000000e+00 0.000000e+00 0.000000e+00 0.000000e+00 0.000000e+00
 0.000000e+00 0.000000e+00 8.867925e-01 1.132075e-01 0.000000e+00 0.000000e+00 0.000000e+00 0.000000e+00
 0.000000e+00 0.000000e+00 0.000000e+00 8.867925e-01 1.132075e-01 0.000000e+00 0.000000e+00 0.000000e+00
 0.000000e+00 0.000000e+00 0.000000e+00 0.000000e+00 8.867925e-01 1.132076e-01 0.000000e+00 0.000000e+00
 0.000000e+00 0.000000e+00 0.000000e+00 0.000000e+00 0.000000e+00 8.867925e-01 1.132075e-01 0.000000e+00
 0.000000e+00 0.000000e+00 0.000000e+00 0.000000e+00 0.000000e+00 0.000000e+00 8.867925e-01 1.132075e-01
 0.000000e+00 0.000000e+00 0.000000e+00 0.000000e+00 0.000000e+00 0.000000e+00 0.000000e+00 0.000000e+00
<ENDHMM>
