~o
<STREAMINFO> 1 12
<VECSIZE> 12<NULLD><MFCC_Z><DIAGC>
~h "s089"
<BEGINHMM>
<NUMSTATES> 11
<STATE> 2
<MEAN> 12
 -6.509508e+00 -6.371004e+00 -2.297659e+00 6.096936e+00 1.807806e+00 -3.653951e+00 8.272162e+00 -1.716009e+00 2.065087e+00 1.272635e+00 8.073610e-01 -1.082640e+00
<VARIANCE> 12
 4.551057e+01 8.613012e+01 3.088674e+01 8.543383e+01 7.063215e+01 3.502002e+01 2.473616e+01 6.163345e+01 6.375339e+01 2.979274e+01 5.721491e+01 4.622149e+01
<GCONST> 6.877882e+01
<STATE> 3
<MEAN> 12
 -9.187382e-01 -9.539933e+00 -4.233942e+00 7.222048e+00 -1.151541e+00 -4.318420e+00 3.761245e+00 -2.434341e-01 -1.004969e+00 -1.735293e+00 1.849912e-01 1.344533e+00
<VARIANCE> 12
 1.472608e+01 5.945886e+01 3.638349e+01 1.358638e+02 2.547479e+01 6.048650e+01 3.103572e+01 4.648382e+01 4.571426e+01 1.501300e+01 3.883755e+01 4.466571e+01
<GCONST> 6.593948e+01
<STATE> 4
<MEAN> 12
 1.147273e+00 -5.363904e+00 -1.703809e+00 1.958235e+00 -1.498834e+00 -2.514135e+00 8.422246e-02 2.577260e+00 -5.925921e-01 -1.996649e+00 2.452365e-01 3.552789e+00
<VARIANCE> 12
 9.780705e+00 6.844290e+01 4.963765e+01 1.543416e+02 1.366732e+01 7.403462e+01 4.004037e+01 4.217884e+01 3.521555e+01 1.409484e+01 2.716032e+01 2.586204e+01
<GCONST> 6.461804e+01
<STATE> 5
<MEAN> 12
 1.761899e+00 -9.955402e-02 1.252404e+00 -2.920627e+00 -1.666132e+00 3.134677e-01 -2.505175e+00 3.757909e+00 -9.901239e-02 -1.999138e+00 1.779334e+00 2.788806e+00
<VARIANCE> 12
 1.292210e+01 5.939226e+01 3.833727e+01 9.490751e+01 1.266466e+01 6.761980e+01 4.283651e+01 4.251405e+01 2.703976e+01 1.227036e+01 2.830714e+01 2.556291e+01
<GCONST> 6.354565e+01
<STATE> 6
<MEAN> 12
 1.311281e+00 3.654521e+00 2.202729e+00 -4.255607e+00 -1.217617e+00 1.513157e+00 -3.641219e+00 3.147678e+00 5.353462e-01 -1.539330e+00 2.865293e+00 7.497532e-01
<VARIANCE> 12
 2.019988e+01 4.232151e+01 2.053574e+01 5.411663e+01 1.526016e+01 5.852036e+01 4.195615e+01 4.167090e+01 2.425308e+01 1.227205e+01 2.865643e+01 3.216442e+01
<GCONST> 6.260196e+01
<STATE> 7
<MEAN> 12
 1.773858e-01 5.771470e+00 1.631890e+00 -4.635060e+00 1.348667e-01 6.214937e-01 -3.965903e+00 1.576007e+00 1.128451e+00 -3.623887e-01 1.948076e+00 -1.149714e+00
<VARIANCE> 12
 2.447103e+01 3.275652e+01 1.116881e+01 4.819660e+01 2.194868e+01 5.631887e+01 3.600923e+01 4.137041e+01 2.360133e+01 1.426076e+01 3.295241e+01 3.460086e+01
<GCONST> 6.231337e+01
<STATE> 8
<MEAN> 12
 -2.271148e-01 6.100872e+00 5.964222e-01 -5.129022e+00 1.921904e+00 -6.116765e-01 -3.895627e+00 -6.429457e-01 7.627962e-01 1.061562e+00 -7.137237e-01 -2.041502e+00
<VARIANCE> 12
 2.309317e+01 2.741260e+01 7.952009e+00 5.076148e+01 2.571262e+01 4.699575e+01 2.853108e+01 5.044580e+01 2.297154e+01 1.388984e+01 3.820224e+01 2.990717e+01
<GCONST> 6.168097e+01
<STATE> 9
<MEAN> 12
 1.120145e+00 4.414443e+00 3.102294e-01 -2.828736e+00 2.126622e+00 1.044939e+00 -1.881314e+00 -3.788688e+00 -1.047042e+00 2.212112e+00 -3.542583e+00 -2.215466e+00
<VARIANCE> 12
 1.924037e+01 2.093052e+01 8.404732e+00 6.187608e+01 2.519291e+01 5.015454e+01 3.927159e+01 5.210120e+01 2.058141e+01 1.081544e+01 3.458777e+01 2.038455e+01
<GCONST> 6.103567e+01
<STATE> 10
<MEAN> 12
 2.137322e+00 1.433182e+00 2.241927e+00 4.491905e+00 -4.571074e-01 7.605332e+00 3.771809e+00 -4.667725e+00 -1.748017e+00 3.086504e+00 -3.573965e+00 -1.946633e+00
<VARIANCE> 12
 8.683903e+00 1.497309e+01 1.095550e+01 6.852065e+01 1.976264e+01 6.472275e+01 4.639828e+01 3.206215e+01 2.002252e+01 8.006738e+00 2.760806e+01 1.157490e+01
<GCONST> 5.884615e+01
<TRANSP> 11
 0.000000e+00 1.000000e+00 0.000000e+00 0.000000e+00 0.000000e+00 0.000000e+00 0.000000e+00 0.000000e+00 0.000000e+00 0.000000e+00 0.000000e+00
 0.000000e+00 8.714285e-01 1.285714e-01 0.000000e+00 0.000000e+00 0.000000e+00 0.000000e+00 0.000000e+00 0.000000e+00 0.000000e+00 0.000000e+00
 0.000000e+00 0.000000e+00 8.714285e-01 1.285714e-01 0.000000e+00 0.000000e+00 0.000000e+00 0.000000e+00 0.000000e+00 0.000000e+00 0.000000e+00
 0.000000e+00 0.000000e+00 0.000000e+00 8.714285e-01 1.285714e-01 0.000000e+00 0.000000e+00 0.000000e+00 0.000000e+00 0.000000e+00 0.000000e+00
 0.000000e+00 0.000000e+00 0.000000e+00 0.000000e+00 8.714287e-01 1.285714e-01 0.000000e+00 0.000000e+00 0.000000e+00 0.000000e+00 0.000000e+00
 0.000000e+00 0.000000e+00 0.000000e+00 0.000000e+00 0.000000e+00 8.714286e-01 1.285714e-01 0.000000e+00 0.000000e+00 0.000000e+00 0.000000e+00
 0.000000e+00 0.000000e+00 0.000000e+00 0.000000e+00 0.000000e+00 0.000000e+00 8.714286e-01 1.285714e-01 0.000000e+00 0.000000e+00 0.000000e+00
 0.000000e+00 0.000000e+00 0.000000e+00 0.000000e+00 0.000000e+00 0.000000e+00 0.000000e+00 8.714286e-01 1.285714e-01 0.000000e+00 0.000000e+00
 0.000000e+00 0.000000e+00 0.000000e+00 0.000000e+00 0.000000e+00 0.000000e+00 0.000000e+00 0.000000e+00 8.714285e-01 1.285714e-01 0.000000e+00
 0.000000e+00 0.000000e+00 0.000000e+00 0.000000e+00 0.000000e+00 0.000000e+00 0.000000e+00 0.000000e+00 0.000000e+00 8.714285e-01 1.285714e-01
 0.000000e+00 0.000000e+00 0.000000e+00 0.000000e+00 0.000000e+00 0.000000e+00 0.000000e+00 0.000000e+00 0.000000e+00 0.000000e+00 0.000000e+00
<ENDHMM>
