~o
<STREAMINFO> 1 12
<VECSIZE> 12<NULLD><MFCC_Z><DIAGC>
~h "s069"
<BEGINHMM>
<NUMSTATES> 9
<STATE> 2
<MEAN> 12
 4.014036e+00 -9.426719e+00 -4.030020e+00 4.058165e+00 5.055244e+00 -1.336888e+01 -3.020999e+00 5.586893e+00 4.840620e+00 -2.034961e+00 -6.258066e-01 2.626562e-01
<VARIANCE> 12
 2.892006e+00 9.231943e+00 3.603122e+01 1.848067e+01 4.975779e+01 1.116126e+01 2.395206e+01 1.753908e+01 1.476756e+01 3.558677e+01 2.346552e+01 7.482638e+00
<GCONST> 5.563288e+01
<STATE> 3
<MEAN> 12
 -3.648006e+00 -1.194423e+01 1.052582e+00 2.166023e+00 -1.804886e+00 2.538147e+00 8.928543e+00 -2.457036e+00 -7.337700e+00 -4.353421e+00 -9.913822e-02 1.053136e+00
<VARIANCE> 12
 3.514112e+00 9.231943e+00 4.382905e+00 1.435897e+01 2.322165e+01 1.129817e+02 8.840087e+00 3.871148e+01 1.357598e+01 9.067092e+00 6.052290e+00 9.366645e+00
<GCONST> 5.223436e+01
<STATE> 4
<MEAN> 12
 -4.009904e+00 6.547021e+00 -1.328519e+00 -3.482431e+00 -1.129080e+01 3.752653e+00 -5.300870e+00 2.407238e+00 -2.074363e+00 -2.559515e+00 1.787644e+00 -5.483806e+00
<VARIANCE> 12
 2.523677e+00 2.727282e+01 4.382905e+00 1.041838e+01 9.567631e+00 1.047287e+01 3.620927e+01 9.372595e+00 3.353061e+01 9.698899e+00 3.211546e+01 5.185869e+01
<GCONST> 5.374403e+01
<STATE> 5
<MEAN> 12
 -1.193643e+00 5.928555e+00 8.566888e-01 2.077448e+00 -9.999483e-01 -2.446356e+00 -2.632434e+00 -4.675580e+00 -8.757979e-02 -2.169296e+00 -1.203786e+00 -5.056067e+00
<VARIANCE> 12
 4.139791e+00 9.231943e+00 9.322914e+00 2.760974e+01 7.959665e+00 1.388710e+01 1.713908e+01 1.382424e+01 1.256897e+01 1.382549e+01 1.564442e+01 1.878523e+01
<GCONST> 5.226255e+01
<STATE> 6
<MEAN> 12
 -1.369957e+00 6.937227e+00 7.565521e+00 -3.447395e+00 4.781497e+00 7.066669e-01 7.035452e-01 5.179103e+00 2.280495e+00 2.900670e+00 6.943437e-01 1.463048e-01
<VARIANCE> 12
 7.914774e+00 9.231943e+00 6.009803e+00 6.121782e+01 7.959665e+00 2.474368e+01 2.850289e+01 3.251308e+01 1.441656e+01 1.138464e+01 6.945076e+00 8.460841e+00
<GCONST> 5.354249e+01
<STATE> 7
<MEAN> 12
 -1.709414e+00 -3.005449e+00 -2.260953e-01 -5.932747e+00 2.198983e+00 1.394940e+01 1.847055e+00 -2.289304e+00 -5.482732e+00 5.899508e+00 -1.797982e+00 3.745629e+00
<VARIANCE> 12
 2.523677e+00 9.231943e+00 4.382905e+00 2.236339e+01 7.959665e+00 1.799341e+01 6.501544e+00 1.786580e+01 4.879323e+00 2.919702e+01 9.907205e+00 5.826116e+00
<GCONST> 4.852206e+01
<STATE> 8
<MEAN> 12
 5.816752e+00 -5.069909e+00 -4.924477e+00 4.674356e+00 3.231535e+00 2.419685e+00 5.700953e+00 -9.577608e+00 4.959142e-01 2.389256e+00 -7.485818e-01 7.756045e+00
<VARIANCE> 12
 3.056712e+00 9.231943e+00 6.016474e+00 1.460361e+01 1.622918e+01 1.388997e+01 6.067167e+00 6.203816e+01 3.462204e+01 1.486865e+01 9.052372e+00 1.444847e+01
<GCONST> 5.233629e+01
<TRANSP> 9
 0.000000e+00 1.000000e+00 0.000000e+00 0.000000e+00 0.000000e+00 0.000000e+00 0.000000e+00 0.000000e+00 0.000000e+00
 0.000000e+00 8.888474e-01 1.111527e-01 0.000000e+00 0.000000e+00 0.000000e+00 0.000000e+00 0.000000e+00 0.000000e+00
 0.000000e+00 0.000000e+00 7.497556e-01 2.502444e-01 0.000000e+00 0.000000e+00 0.000000e+00 0.000000e+00 0.000000e+00
 0.000000e+00 0.000000e+00 0.000000e+00 9.093698e-01 9.063025e-02 0.000000e+00 0.000000e+00 0.000000e+00 0.000000e+00
 0.000000e+00 0.000000e+00 0.000000e+00 0.000000e+00 8.462434e-01 1.537566e-01 0.000000e+00 0.000000e+00 0.000000e+00
 0.000000e+00 0.000000e+00 0.000000e+00 0.000000e+00 0.000000e+00 9.128210e-01 8.717899e-02 0.000000e+00 0.000000e+00
 0.000000e+00 0.000000e+00 0.000000e+00 0.000000e+00 0.000000e+00 0.000000e+00 7.442236e-01 2.557764e-01 0.000000e+00
 0.000000e+00 0.000000e+00 0.000000e+00 0.000000e+00 0.000000e+00 0.000000e+00 0.000000e+00 8.899809e-01 1.100192e-01
 0.000000e+00 0.000000e+00 0.000000e+00 0.000000e+00 0.000000e+00 0.000000e+00 0.000000e+00 0.000000e+00 0.000000e+00
<ENDHMM>
