~o
<STREAMINFO> 1 12
<VECSIZE> 12<NULLD><MFCC_Z><DIAGC>
~h "s017"
<BEGINHMM>
<NUMSTATES> 8
<STATE> 2
<MEAN> 12
 1.453426e-01 9.857825e+00 3.766828e+00 -3.670137e+00 -7.301415e+00 -6.045565e+00 -6.176402e+00 3.394170e+00 5.122641e+00 -6.127459e-01 -1.511883e+00 -1.562003e+00
<VARIANCE> 12
 1.418346e+01 3.988767e+01 3.721901e+01 6.921021e+01 2.612256e+01 2.260743e+01 4.411189e+01 4.387236e+01 2.140962e+01 5.225695e+01 6.739304e+01 1.937046e+01
<GCONST> 6.439003e+01
<STATE> 3
<MEAN> 12
 3.544965e-01 4.752282e+00 1.303282e-02 -4.272989e+00 -8.199848e+00 -8.263699e+00 -6.684209e+00 6.927690e+00 3.676620e+00 -5.891881e-01 1.974279e+00 -3.328071e+00
<VARIANCE> 12
 1.746807e+01 1.045156e+02 5.284967e+01 5.835481e+01 3.902820e+01 5.409085e+01 7.320802e+01 4.663747e+01 4.498051e+01 4.608301e+01 1.728854e+01 3.638685e+01
<GCONST> 6.746981e+01
<STATE> 4
<MEAN> 12
 1.209333e+00 -2.909599e+00 -2.545436e+00 6.478905e-01 -4.831330e+00 -5.257246e+00 -1.411663e+00 4.110853e+00 2.975325e-01 4.659031e-01 1.086019e+00 -1.491868e+00
<VARIANCE> 12
 1.973545e+01 8.400003e+01 6.524155e+01 6.680286e+01 7.523969e+01 1.333668e+02 8.806564e+01 1.108980e+02 6.497568e+01 4.234372e+01 1.649587e+01 5.640371e+01
<GCONST> 7.100355e+01
<STATE> 5
<MEAN> 12
 -1.237248e-01 -6.328793e+00 -2.798267e+00 3.281025e+00 1.436721e+00 2.426838e+00 2.588247e+00 -2.511783e+00 -2.661942e+00 3.144451e-02 1.586809e-01 2.252803e+00
<VARIANCE> 12
 1.756054e+01 3.367074e+01 5.315794e+01 4.159764e+01 8.778539e+01 1.599295e+02 5.057443e+01 1.282046e+02 5.368933e+01 3.923867e+01 1.620486e+01 5.115678e+01
<GCONST> 6.883791e+01
<STATE> 6
<MEAN> 12
 -1.168062e+00 -4.467396e+00 -4.901354e-01 1.923186e+00 7.357996e+00 8.324350e+00 4.205061e+00 -6.674167e+00 -3.504149e+00 -3.170730e-01 -3.264040e-01 3.309613e+00
<VARIANCE> 12
 9.788855e+00 2.632883e+01 3.423852e+01 3.464986e+01 5.181766e+01 7.881842e+01 3.037992e+01 6.110038e+01 2.863534e+01 3.556299e+01 1.310270e+01 3.531838e+01
<GCONST> 6.358942e+01
<STATE> 7
<MEAN> 12
 -4.173707e-01 -9.043933e-01 2.054002e+00 2.091105e+00 1.153791e+01 8.815337e+00 7.479031e+00 -5.246778e+00 -2.930720e+00 1.021686e+00 -1.380740e+00 8.195550e-01
<VARIANCE> 12
 4.685399e+00 1.443755e+01 1.453782e+01 2.865269e+01 2.334953e+01 3.166877e+01 3.083799e+01 2.037421e+01 1.863158e+01 2.676072e+01 1.381246e+01 2.274876e+01
<GCONST> 5.731161e+01
<TRANSP> 8
 0.000000e+00 1.000000e+00 0.000000e+00 0.000000e+00 0.000000e+00 0.000000e+00 0.000000e+00 0.000000e+00
 0.000000e+00 8.775510e-01 1.224490e-01 0.000000e+00 0.000000e+00 0.000000e+00 0.000000e+00 0.000000e+00
 0.000000e+00 0.000000e+00 8.775511e-01 1.224490e-01 0.000000e+00 0.000000e+00 0.000000e+00 0.000000e+00
 0.000000e+00 0.000000e+00 0.000000e+00 8.775510e-01 1.224490e-01 0.000000e+00 0.000000e+00 0.000000e+00
 0.000000e+00 0.000000e+00 0.000000e+00 0.000000e+00 8.775510e-01 1.224490e-01 0.000000e+00 0.000000e+00
 0.000000e+00 0.000000e+00 0.000000e+00 0.000000e+00 0.000000e+00 8.775510e-01 1.224490e-01 0.000000e+00
 0.000000e+00 0.000000e+00 0.000000e+00 0.000000e+00 0.000000e+00 0.000000e+00 8.775510e-01 1.224490e-01
 0.000000e+00 0.000000e+00 0.000000e+00 0.000000e+00 0.000000e+00 0.000000e+00 0.000000e+00 0.000000e+00
<ENDHMM>
