~o
<STREAMINFO> 1 12
<VECSIZE> 12<NULLD><MFCC_Z><DIAGC>
~h "s041"
<BEGINHMM>
<NUMSTATES> 5
<STATE> 2
<MEAN> 12
 2.804924e-08 -2.524432e-07 1.963447e-07 3.085417e-07 -2.804924e-08 1.963447e-07 8.414774e-08 -1.121970e-07 -1.121970e-07 -1.402462e-07 6.311080e-08 1.262216e-07
<VARIANCE> 12
 7.765510e+00 8.030731e+00 1.750529e+01 4.523813e+01 1.604010e+01 1.373564e+02 2.924632e+01 7.757632e+01 2.013940e+01 1.522322e+01 1.827318e+01 2.333307e+01
<GCONST> 6.006743e+01
<STATE> 3
<MEAN> 12
 2.804924e-08 -2.524432e-07 1.963447e-07 3.085417e-07 -2.804924e-08 1.963447e-07 8.414774e-08 -1.121970e-07 -1.121970e-07 -1.402462e-07 6.311080e-08 1.262216e-07
<VARIANCE> 12
 7.765510e+00 8.030731e+00 1.750529e+01 4.523813e+01 1.604010e+01 1.373564e+02 2.924632e+01 7.757632e+01 2.013940e+01 1.522322e+01 1.827318e+01 2.333307e+01
<GCONST> 6.006743e+01
<STATE> 4
<MEAN> 12
 2.804924e-08 -2.524432e-07 1.963447e-07 3.085417e-07 -2.804924e-08 1.963447e-07 8.414774e-08 -1.121970e-07 -1.121970e-07 -1.402462e-07 6.311080e-08 1.262216e-07
<VARIANCE> 12
 7.765510e+00 8.030731e+00 1.750529e+01 4.523813e+01 1.604010e+01 1.373564e+02 2.924632e+01 7.757632e+01 2.013940e+01 1.522322e+01 1.827318e+01 2.333307e+01
<GCONST> 6.006743e+01
<TRANSP> 5
 0.000000e+00 1.000000e+00 0.000000e+00 0.000000e+00 0.000000e+00
 0.000000e+00 9.000000e-01 9.999999e-02 0.000000e+00 0.000000e+00
 0.000000e+00 0.000000e+00 9.000000e-01 9.999999e-02 0.000000e+00
 0.000000e+00 0.000000e+00 0.000000e+00 9.000000e-01 9.999999e-02
 0.000000e+00 0.000000e+00 0.000000e+00 0.000000e+00 0.000000e+00
<ENDHMM>
