~o
<STREAMINFO> 1 12
<VECSIZE> 12<NULLD><MFCC_Z><DIAGC>
~h "s067"
<BEGINHMM>
<NUMSTATES> 11
<STATE> 2
<MEAN> 12
 2.487846e-07 9.951384e-07 2.643336e-07 -2.073205e-08 4.284624e-07 -2.487846e-07 -9.674957e-08 1.382137e-08 -4.146410e-08 2.764273e-07 4.837478e-08 -1.727671e-07
<VARIANCE> 12
 1.434178e+01 9.724523e+01 3.117386e+01 1.372547e+02 2.886658e+01 7.972766e+01 7.577448e+01 2.254324e+01 2.869101e+01 2.567662e+01 5.224109e+01 4.217097e+01
<GCONST> 6.714062e+01
<STATE> 3
<MEAN> 12
 2.487846e-07 9.951384e-07 2.643336e-07 -2.073205e-08 4.284624e-07 -2.487846e-07 -9.674957e-08 1.382137e-08 -4.146410e-08 2.764273e-07 4.837478e-08 -1.727671e-07
<VARIANCE> 12
 1.434178e+01 9.724523e+01 3.117386e+01 1.372547e+02 2.886658e+01 7.972766e+01 7.577448e+01 2.254324e+01 2.869101e+01 2.567662e+01 5.224109e+01 4.217097e+01
<GCONST> 6.714062e+01
<STATE> 4
<MEAN> 12
 2.487846e-07 9.951384e-07 2.643336e-07 -2.073205e-08 4.284624e-07 -2.487846e-07 -9.674957e-08 1.382137e-08 -4.146410e-08 2.764273e-07 4.837478e-08 -1.727671e-07
<VARIANCE> 12
 1.434178e+01 9.724523e+01 3.117386e+01 1.372547e+02 2.886658e+01 7.972766e+01 7.577448e+01 2.254324e+01 2.869101e+01 2.567662e+01 5.224109e+01 4.217097e+01
<GCONST> 6.714062e+01
<STATE> 5
<MEAN> 12
 2.487846e-07 9.951384e-07 2.643336e-07 -2.073205e-08 4.284624e-07 -2.487846e-07 -9.674957e-08 1.382137e-08 -4.146410e-08 2.764273e-07 4.837478e-08 -1.727671e-07
<VARIANCE> 12
 1.434178e+01 9.724523e+01 3.117386e+01 1.372547e+02 2.886658e+01 7.972766e+01 7.577448e+01 2.254324e+01 2.869101e+01 2.567662e+01 5.224109e+01 4.217097e+01
<GCONST> 6.714062e+01
<STATE> 6
<MEAN> 12
 2.487846e-07 9.951384e-07 2.643336e-07 -2.073205e-08 4.284624e-07 -2.487846e-07 -9.674957e-08 1.382137e-08 -4.146410e-08 2.764273e-07 4.837478e-08 -1.727671e-07
<VARIANCE> 12
 1.434178e+01 9.724523e+01 3.117386e+01 1.372547e+02 2.886658e+01 7.972766e+01 7.577448e+01 2.254324e+01 2.869101e+01 2.567662e+01 5.224109e+01 4.217097e+01
<GCONST> 6.714062e+01
<STATE> 7
<MEAN> 12
 2.487846e-07 9.951384e-07 2.643336e-07 -2.073205e-08 4.284624e-07 -2.487846e-07 -9.674957e-08 1.382137e-08 -4.146410e-08 2.764273e-07 4.837478e-08 -1.727671e-07
<VARIANCE> 12
 1.434178e+01 9.724523e+01 3.117386e+01 1.372547e+02 2.886658e+01 7.972766e+01 7.577448e+01 2.254324e+01 2.869101e+01 2.567662e+01 5.224109e+01 4.217097e+01
<GCONST> 6.714062e+01
<STATE> 8
<MEAN> 12
 2.487846e-07 9.951384e-07 2.643336e-07 -2.073205e-08 4.284624e-07 -2.487846e-07 -9.674957e-08 1.382137e-08 -4.146410e-08 2.764273e-07 4.837478e-08 -1.727671e-07
<VARIANCE> 12
 1.434178e+01 9.724523e+01 3.117386e+01 1.372547e+02 2.886658e+01 7.972766e+01 7.577448e+01 2.254324e+01 2.869101e+01 2.567662e+01 5.224109e+01 4.217097e+01
<GCONST> 6.714062e+01
<STATE> 9
<MEAN> 12
 2.487846e-07 9.951384e-07 2.643336e-07 -2.073205e-08 4.284624e-07 -2.487846e-07 -9.674957e-08 1.382137e-08 -4.146410e-08 2.764273e-07 4.837478e-08 -1.727671e-07
<VARIANCE> 12
 1.434178e+01 9.724523e+01 3.117386e+01 1.372547e+02 2.886658e+01 7.972766e+01 7.577448e+01 2.254324e+01 2.869101e+01 2.567662e+01 5.224109e+01 4.217097e+01
<GCONST> 6.714062e+01
<STATE> 10
<MEAN> 12
 2.487846e-07 9.951384e-07 2.643336e-07 -2.073205e-08 4.284624e-07 -2.487846e-07 -9.674957e-08 1.382137e-08 -4.146410e-08 2.764273e-07 4.837478e-08 -1.727671e-07
<VARIANCE> 12
 1.434178e+01 9.724523e+01 3.117386e+01 1.372547e+02 2.886658e+01 7.972766e+01 7.577448e+01 2.254324e+01 2.869101e+01 2.567662e+01 5.224109e+01 4.217097e+01
<GCONST> 6.714062e+01
<TRANSP> 11
 0.000000e+00 1.000000e+00 0.000000e+00 0.000000e+00 0.000000e+00 0.000000e+00 0.000000e+00 0.000000e+00 0.000000e+00 0.000000e+00 0.000000e+00
 0.000000e+00 9.000000e-01 9.999999e-02 0.000000e+00 0.000000e+00 0.000000e+00 0.000000e+00 0.000000e+00 0.000000e+00 0.000000e+00 0.000000e+00
 0.000000e+00 0.000000e+00 9.000000e-01 9.999999e-02 0.000000e+00 0.000000e+00 0.000000e+00 0.000000e+00 0.000000e+00 0.000000e+00 0.000000e+00
 0.000000e+00 0.000000e+00 0.000000e+00 9.000000e-01 9.999999e-02 0.000000e+00 0.000000e+00 0.000000e+00 0.000000e+00 0.000000e+00 0.000000e+00
 0.000000e+00 0.000000e+00 0.000000e+00 0.000000e+00 9.000000e-01 9.999999e-02 0.000000e+00 0.000000e+00 0.000000e+00 0.000000e+00 0.000000e+00
 0.000000e+00 0.000000e+00 0.000000e+00 0.000000e+00 0.000000e+00 9.000000e-01 9.999999e-02 0.000000e+00 0.000000e+00 0.000000e+00 0.000000e+00
 0.000000e+00 0.000000e+00 0.000000e+00 0.000000e+00 0.000000e+00 0.000000e+00 9.000000e-01 9.999999e-02 0.000000e+00 0.000000e+00 0.000000e+00
 0.000000e+00 0.000000e+00 0.000000e+00 0.000000e+00 0.000000e+00 0.000000e+00 0.000000e+00 9.000000e-01 9.999999e-02 0.000000e+00 0.000000e+00
 0.000000e+00 0.000000e+00 0.000000e+00 0.000000e+00 0.000000e+00 0.000000e+00 0.000000e+00 0.000000e+00 9.000000e-01 9.999999e-02 0.000000e+00
 0.000000e+00 0.000000e+00 0.000000e+00 0.000000e+00 0.000000e+00 0.000000e+00 0.000000e+00 0.000000e+00 0.000000e+00 9.000000e-01 9.999999e-02
 0.000000e+00 0.000000e+00 0.000000e+00 0.000000e+00 0.000000e+00 0.000000e+00 0.000000e+00 0.000000e+00 0.000000e+00 0.000000e+00 0.000000e+00
<ENDHMM>
