~o
<STREAMINFO> 1 12
<VECSIZE> 12<NULLD><MFCC_Z><DIAGC>
~h "s043"
<BEGINHMM>
<NUMSTATES> 9
<STATE> 2
<MEAN> 12
 2.427535e-07 -1.733953e-08 1.083721e-07 6.935813e-07 1.820651e-07 3.988092e-07 -1.213767e-07 0.000000e+00 1.300465e-07 -1.040372e-07 2.427535e-07 -2.969395e-07
<VARIANCE> 12
 4.310644e+01 9.155324e+00 1.958582e+01 7.961481e+01 3.812220e+01 5.070088e+01 6.843568e+01 5.745875e+01 2.040461e+01 3.674043e+01 2.887836e+01 5.159552e+01
<GCONST> 6.515441e+01
<STATE> 3
<MEAN> 12
 2.427535e-07 -1.733953e-08 1.083721e-07 6.935813e-07 1.820651e-07 3.988092e-07 -1.213767e-07 0.000000e+00 1.300465e-07 -1.040372e-07 2.427535e-07 -2.969395e-07
<VARIANCE> 12
 4.310644e+01 9.155324e+00 1.958582e+01 7.961481e+01 3.812220e+01 5.070088e+01 6.843568e+01 5.745875e+01 2.040461e+01 3.674043e+01 2.887836e+01 5.159552e+01
<GCONST> 6.515441e+01
<STATE> 4
<MEAN> 12
 2.427535e-07 -1.733953e-08 1.083721e-07 6.935813e-07 1.820651e-07 3.988092e-07 -1.213767e-07 0.000000e+00 1.300465e-07 -1.040372e-07 2.427535e-07 -2.969395e-07
<VARIANCE> 12
 4.310644e+01 9.155324e+00 1.958582e+01 7.961481e+01 3.812220e+01 5.070088e+01 6.843568e+01 5.745875e+01 2.040461e+01 3.674043e+01 2.887836e+01 5.159552e+01
<GCONST> 6.515441e+01
<STATE> 5
<MEAN> 12
 2.427535e-07 -1.733953e-08 1.083721e-07 6.935813e-07 1.820651e-07 3.988092e-07 -1.213767e-07 0.000000e+00 1.300465e-07 -1.040372e-07 2.427535e-07 -2.969395e-07
<VARIANCE> 12
 4.310644e+01 9.155324e+00 1.958582e+01 7.961481e+01 3.812220e+01 5.070088e+01 6.843568e+01 5.745875e+01 2.040461e+01 3.674043e+01 2.887836e+01 5.159552e+01
<GCONST> 6.515441e+01
<STATE> 6
<MEAN> 12
 2.427535e-07 -1.733953e-08 1.083721e-07 6.935813e-07 1.820651e-07 3.988092e-07 -1.213767e-07 0.000000e+00 1.300465e-07 -1.040372e-07 2.427535e-07 -2.969395e-07
<VARIANCE> 12
 4.310644e+01 9.155324e+00 1.958582e+01 7.961481e+01 3.812220e+01 5.070088e+01 6.843568e+01 5.745875e+01 2.040461e+01 3.674043e+01 2.887836e+01 5.159552e+01
<GCONST> 6.515441e+01
<STATE> 7
<MEAN> 12
 2.427535e-07 -1.733953e-08 1.083721e-07 6.935813e-07 1.820651e-07 3.988092e-07 -1.213767e-07 0.000000e+00 1.300465e-07 -1.040372e-07 2.427535e-07 -2.969395e-07
<VARIANCE> 12
 4.310644e+01 9.155324e+00 1.958582e+01 7.961481e+01 3.812220e+01 5.070088e+01 6.843568e+01 5.745875e+01 2.040461e+01 3.674043e+01 2.887836e+01 5.159552e+01
<GCONST> 6.515441e+01
<STATE> 8
<MEAN> 12
 2.427535e-07 -1.733953e-08 1.083721e-07 6.935813e-07 1.820651e-07 3.988092e-07 -1.213767e-07 0.000000e+00 1.300465e-07 -1.040372e-07 2.427535e-07 -2.969395e-07
<VARIANCE> 12
 4.310644e+01 9.155324e+00 1.958582e+01 7.961481e+01 3.812220e+01 5.070088e+01 6.843568e+01 5.745875e+01 2.040461e+01 3.674043e+01 2.887836e+01 5.159552e+01
<GCONST> 6.515441e+01
<TRANSP> 9
 0.000000e+00 1.000000e+00 0.000000e+00 0.000000e+00 0.000000e+00 0.000000e+00 0.000000e+00 0.000000e+00 0.000000e+00
 0.000000e+00 9.000000e-01 9.999999e-02 0.000000e+00 0.000000e+00 0.000000e+00 0.000000e+00 0.000000e+00 0.000000e+00
 0.000000e+00 0.000000e+00 9.000000e-01 9.999999e-02 0.000000e+00 0.000000e+00 0.000000e+00 0.000000e+00 0.000000e+00
 0.000000e+00 0.000000e+00 0.000000e+00 9.000000e-01 9.999999e-02 0.000000e+00 0.000000e+00 0.000000e+00 0.000000e+00
 0.000000e+00 0.000000e+00 0.000000e+00 0.000000e+00 9.000000e-01 9.999999e-02 0.000000e+00 0.000000e+00 0.000000e+00
 0.000000e+00 0.000000e+00 0.000000e+00 0.000000e+00 0.000000e+00 9.000000e-01 9.999999e-02 0.000000e+00 0.000000e+00
 0.000000e+00 0.000000e+00 0.000000e+00 0.000000e+00 0.000000e+00 0.000000e+00 9.000000e-01 9.999999e-02 0.000000e+00
 0.000000e+00 0.000000e+00 0.000000e+00 0.000000e+00 0.000000e+00 0.000000e+00 0.000000e+00 9.000000e-01 9.999999e-02
 0.000000e+00 0.000000e+00 0.000000e+00 0.000000e+00 0.000000e+00 0.000000e+00 0.000000e+00 0.000000e+00 0.000000e+00
<ENDHMM>
