~o
<STREAMINFO> 1 12
<VECSIZE> 12<NULLD><MFCC_Z><DIAGC>
~h "s019"
<BEGINHMM>
<NUMSTATES> 11
<STATE> 2
<MEAN> 12
 -3.268505e+00 1.632113e+01 5.031456e+00 -1.023679e+01 -4.148563e+00 -3.339530e+00 -8.232250e+00 5.748433e+00 -7.084763e+00 -2.657948e+00 1.007702e+00 -8.091900e+00
<VARIANCE> 12
 8.370374e+00 2.244232e+01 1.405455e+01 1.766821e+01 9.676782e+00 3.192090e+01 1.667858e+01 2.194138e+01 1.337611e+01 8.001168e+00 1.785104e+01 4.617250e+01
<GCONST> 5.582788e+01
<STATE> 3
<MEAN> 12
 3.325669e+00 2.157115e+00 7.130790e+00 -2.835908e+00 -1.028469e+01 -9.727490e+00 -7.713976e+00 2.424879e+00 -5.473238e-01 1.875682e+00 5.281960e+00 -1.722090e+00
<VARIANCE> 12
 8.370374e+00 1.982718e+01 2.502803e+01 2.816653e+01 1.673945e+01 2.190590e+01 2.778791e+01 1.221013e+01 1.337611e+01 4.404906e+01 3.855981e+01 2.437041e+01
<GCONST> 5.868016e+01
<STATE> 4
<MEAN> 12
 5.698952e+00 -2.906571e+00 -1.230433e+01 2.955181e+00 2.368417e+00 -1.283220e+01 -1.831810e+00 7.426429e+00 4.816135e-01 -1.221227e+00 -1.033657e+01 4.890750e+00
<VARIANCE> 12
 8.370374e+00 1.771973e+01 2.860156e+01 1.371575e+01 9.041337e+00 2.190590e+01 1.946350e+01 1.019465e+01 2.866117e+01 2.933323e+01 6.315015e+00 5.674025e+01
<GCONST> 5.622055e+01
<STATE> 5
<MEAN> 12
 -2.162399e+00 -1.655015e+01 -9.175461e+00 7.839962e+00 8.963181e+00 -2.365438e+00 7.476464e+00 -1.384044e+00 -1.432113e+01 -6.271973e-01 1.625741e+00 1.017669e+01
<VARIANCE> 12
 8.370374e+00 1.771973e+01 3.268354e+01 1.371575e+01 8.955884e+00 2.190590e+01 8.523400e+00 3.942873e+01 1.337611e+01 3.225866e+01 1.113141e+01 2.826543e+01
<GCONST> 5.607436e+01
<STATE> 6
<MEAN> 12
 -4.826185e+00 -7.694425e+00 -7.174968e-01 -7.161101e+00 2.888946e+00 1.017453e+01 1.056357e-01 -6.784232e+00 -1.591595e+00 3.902725e-01 -9.978082e-02 2.402001e+00
<VARIANCE> 12
 8.370374e+00 3.760350e+01 8.991493e+00 2.548611e+01 8.955884e+00 2.190590e+01 8.608466e+00 1.898554e+01 1.967848e+01 4.622028e+01 5.486344e+00 9.927300e+00
<GCONST> 5.442672e+01
<STATE> 7
<MEAN> 12
 -6.444345e+00 -1.026295e+00 1.664122e+00 -1.316932e+00 5.052238e+00 1.102994e+01 3.141866e+00 -1.487655e+00 6.634509e+00 -3.345905e+00 2.703531e+00 1.902372e+00
<VARIANCE> 12
 3.951101e+01 1.771973e+01 1.757900e+01 1.720330e+01 4.418120e+01 2.200453e+01 2.978840e+01 3.927514e+01 1.591876e+01 4.271918e+01 1.165726e+01 1.766981e+01
<GCONST> 6.011178e+01
<STATE> 8
<MEAN> 12
 3.417402e+00 -6.329495e-01 4.869303e+00 7.329442e-01 -8.645054e+00 -8.956486e+00 2.964346e+00 3.099141e-01 -6.016943e+00 -2.890085e+00 -2.925969e+00 -2.999863e+00
<VARIANCE> 12
 1.850818e+01 1.771973e+01 1.420523e+01 1.371575e+01 8.955884e+00 9.318379e+01 9.030000e+00 4.705135e+01 1.337611e+01 1.027334e+01 8.919021e+00 1.427507e+01
<GCONST> 5.566797e+01
<STATE> 9
<MEAN> 12
 7.209650e+00 -4.242109e-02 -3.547503e+00 5.648977e+00 -2.164468e+00 -1.291775e+01 -6.723279e-01 5.154732e+00 2.115144e+00 2.465986e+00 -3.192979e+00 1.491221e+00
<VARIANCE> 12
 8.370374e+00 1.771973e+01 8.991493e+00 1.371575e+01 8.955884e+00 2.438050e+01 8.523400e+00 1.074048e+01 3.189364e+01 7.968375e+00 5.486344e+00 2.312385e+01
<GCONST> 5.215267e+01
<STATE> 10
<MEAN> 12
 7.768341e+00 -1.249795e+00 1.402969e+00 1.246773e+01 -9.548122e-01 5.918188e+00 5.437937e+00 -7.559183e+00 1.073796e+01 7.814063e+00 1.078639e+00 -2.586986e+00
<VARIANCE> 12
 8.370374e+00 1.771973e+01 8.991493e+00 1.371575e+01 2.320969e+01 2.556819e+01 1.681996e+01 1.510818e+01 1.337611e+01 2.147183e+01 2.523621e+01 1.413916e+01
<GCONST> 5.532989e+01
<TRANSP> 11
 0.000000e+00 1.000000e+00 0.000000e+00 0.000000e+00 0.000000e+00 0.000000e+00 0.000000e+00 0.000000e+00 0.000000e+00 0.000000e+00 0.000000e+00
 0.000000e+00 9.167365e-01 8.326345e-02 0.000000e+00 0.000000e+00 0.000000e+00 0.000000e+00 0.000000e+00 0.000000e+00 0.000000e+00 0.000000e+00
 0.000000e+00 0.000000e+00 7.866433e-01 2.133567e-01 0.000000e+00 0.000000e+00 0.000000e+00 0.000000e+00 0.000000e+00 0.000000e+00 0.000000e+00
 0.000000e+00 0.000000e+00 0.000000e+00 8.227717e-01 1.772283e-01 0.000000e+00 0.000000e+00 0.000000e+00 0.000000e+00 0.000000e+00 0.000000e+00
 0.000000e+00 0.000000e+00 0.000000e+00 0.000000e+00 8.221093e-01 1.778907e-01 0.000000e+00 0.000000e+00 0.000000e+00 0.000000e+00 0.000000e+00
 0.000000e+00 0.000000e+00 0.000000e+00 0.000000e+00 0.000000e+00 8.865648e-01 1.134352e-01 0.000000e+00 0.000000e+00 0.000000e+00 0.000000e+00
 0.000000e+00 0.000000e+00 0.000000e+00 0.000000e+00 0.000000e+00 0.000000e+00 9.278122e-01 7.218787e-02 0.000000e+00 0.000000e+00 0.000000e+00
 0.000000e+00 0.000000e+00 0.000000e+00 0.000000e+00 0.000000e+00 0.000000e+00 0.000000e+00 7.710585e-01 2.289414e-01 0.000000e+00 0.000000e+00
 0.000000e+00 0.000000e+00 0.000000e+00 0.000000e+00 0.000000e+00 0.000000e+00 0.000000e+00 0.000000e+00 8.513033e-01 1.486968e-01 0.000000e+00
 0.000000e+00 0.000000e+00 0.000000e+00 0.000000e+00 0.000000e+00 0.000000e+00 0.000000e+00 0.000000e+00 0.000000e+00 8.922147e-01 1.077854e-01
 0.000000e+00 0.000000e+00 0.000000e+00 0.000000e+00 0.000000e+00 0.000000e+00 0.000000e+00 0.000000e+00 0.000000e+00 0.000000e+00 0.000000e+00
<ENDHMM>
