~o
<STREAMINFO> 1 12
<VECSIZE> 12<NULLD><MFCC_Z><DIAGC>
~h "s004"
<BEGINHMM>
<NUMSTATES> 7
<STATE> 2
<MEAN> 12
 1.294191e+00 4.050979e+00 2.470319e+00 -2.239894e+00 -9.669007e-01 6.418870e-01 5.322667e+00 -1.467324e+00 -7.063380e-01 -3.839758e+00 1.614731e+00 6.245409e-01
<VARIANCE> 12
 6.046690e+00 3.508690e+01 7.665378e+01 4.279551e+01 6.447736e+01 2.392495e+01 4.918039e+01 1.515279e+01 3.285284e+01 3.799516e+01 2.699927e+01 1.801264e+01
<GCONST> 6.277890e+01
<STATE> 3
<MEAN> 12
 2.945189e+00 3.692929e+00 -3.231372e+00 -2.376824e+00 1.443232e+00 4.202694e+00 6.775946e-01 -1.678679e+00 2.502926e+00 -3.533181e+00 4.531709e-01 -1.002356e+00
<VARIANCE> 12
 1.289096e+01 3.024784e+01 3.248918e+01 3.961673e+01 3.509190e+01 4.927337e+01 4.837981e+01 2.022928e+01 3.943240e+01 4.225622e+01 1.771468e+01 2.516628e+01
<GCONST> 6.304044e+01
<STATE> 4
<MEAN> 12
 1.547443e+00 2.840661e+00 -2.333247e+00 -2.101446e+00 -7.700626e-01 3.087298e+00 -2.783530e+00 4.481668e-01 1.300310e+00 1.635180e-01 -1.363909e+00 -7.830114e-01
<VARIANCE> 12
 3.022453e+01 5.458708e+01 3.566551e+01 5.078260e+01 3.479281e+01 9.672069e+01 4.508836e+01 2.489129e+01 4.378917e+01 3.778694e+01 1.899304e+01 3.264532e+01
<GCONST> 6.595022e+01
<STATE> 5
<MEAN> 12
 -2.267792e+00 -2.823619e+00 -1.903479e-01 1.685244e+00 -5.152358e-01 -2.908571e+00 -2.446916e+00 1.466884e+00 -1.687012e+00 2.421949e+00 -6.068211e-01 8.348147e-01
<VARIANCE> 12
 3.214909e+01 6.938770e+01 2.995726e+01 5.669777e+01 2.741982e+01 1.049999e+02 3.508036e+01 1.872781e+01 2.895323e+01 2.681758e+01 2.481607e+01 2.836918e+01
<GCONST> 6.486653e+01
<STATE> 6
<MEAN> 12
 -3.519021e+00 -7.760907e+00 3.284668e+00 5.032908e+00 8.089376e-01 -5.023285e+00 -7.698106e-01 1.230967e+00 -1.409885e+00 4.787458e+00 -9.720355e-02 3.259818e-01
<VARIANCE> 12
 1.343335e+01 2.508441e+01 2.258831e+01 2.870959e+01 1.687252e+01 4.653920e+01 1.348672e+01 2.108229e+01 1.662145e+01 2.438011e+01 2.710321e+01 1.993778e+01
<GCONST> 5.896203e+01
<TRANSP> 7
 0.000000e+00 1.000000e+00 0.000000e+00 0.000000e+00 0.000000e+00 0.000000e+00 0.000000e+00
 0.000000e+00 8.913043e-01 1.086956e-01 0.000000e+00 0.000000e+00 0.000000e+00 0.000000e+00
 0.000000e+00 0.000000e+00 8.913043e-01 1.086956e-01 0.000000e+00 0.000000e+00 0.000000e+00
 0.000000e+00 0.000000e+00 0.000000e+00 8.913043e-01 1.086956e-01 0.000000e+00 0.000000e+00
 0.000000e+00 0.000000e+00 0.000000e+00 0.000000e+00 8.913043e-01 1.086956e-01 0.000000e+00
 0.000000e+00 0.000000e+00 0.000000e+00 0.000000e+00 0.000000e+00 8.913044e-01 1.086957e-01
 0.000000e+00 0.000000e+00 0.000000e+00 0.000000e+00 0.000000e+00 0.000000e+00 0.000000e+00
<ENDHMM>
