~o
<STREAMINFO> 1 12
<VECSIZE> 12<NULLD><MFCC_Z><DIAGC>
~h "s066"
<BEGINHMM>
<NUMSTATES> 8
<STATE> 2
<MEAN> 12
 7.068809e-02 -4.884217e+00 2.308790e+00 1.349087e+01 7.211833e+00 -8.370424e+00 7.386982e-02 -3.846640e+00 3.409754e+00 2.731393e-01 4.030955e+00 -3.443573e+00
<VARIANCE> 12
 7.230633e+00 1.695553e+01 4.125050e+01 3.354206e+01 6.445911e+01 1.895854e+01 1.785195e+01 3.310763e+01 2.561400e+01 2.057297e+01 2.765440e+01 1.127463e+01
<GCONST> 5.959553e+01
<STATE> 3
<MEAN> 12
 1.046124e+00 -1.816063e+00 -2.393156e+00 7.263103e+00 -5.178376e-01 -6.960512e+00 2.091156e+00 -1.437059e+00 2.269434e-01 1.035898e+00 3.886549e+00 -3.053578e+00
<VARIANCE> 12
 7.015415e+00 1.771359e+01 2.094937e+01 6.737142e+01 5.147910e+01 4.227884e+01 1.964931e+01 3.047955e+01 2.541605e+01 1.713014e+01 2.317755e+01 1.510044e+01
<GCONST> 6.014399e+01
<STATE> 4
<MEAN> 12
 4.730192e-01 1.063396e+00 -1.803680e+00 1.897713e-01 -4.280777e+00 -2.560756e+00 2.172520e+00 1.600972e+00 -1.152860e-01 2.255682e-01 4.697472e-01 -1.692072e+00
<VARIANCE> 12
 8.660567e+00 9.340173e+00 1.999919e+01 8.081614e+01 1.783546e+01 6.448923e+01 2.221551e+01 1.976018e+01 3.071673e+01 2.115037e+01 2.883598e+01 2.881977e+01
<GCONST> 6.016680e+01
<STATE> 5
<MEAN> 12
 -4.708113e-01 1.927219e+00 1.026603e-01 -5.145131e+00 -5.139176e+00 2.247119e+00 7.439293e-01 1.863484e+00 -4.191322e-01 8.396281e-01 -2.451359e+00 -6.436598e-01
<VARIANCE> 12
 7.681454e+00 4.835319e+00 1.428207e+01 4.523311e+01 1.787724e+01 5.219979e+01 2.635904e+01 1.736009e+01 3.814862e+01 2.878177e+01 2.273098e+01 5.614579e+01
<GCONST> 5.925762e+01
<STATE> 6
<MEAN> 12
 -1.050638e+00 1.581754e+00 7.087977e-01 -7.477251e+00 -2.612606e+00 6.238498e+00 -1.563833e+00 5.085292e-01 -1.467667e+00 3.020391e-01 -3.254470e+00 2.566291e+00
<VARIANCE> 12
 7.938468e+00 3.715967e+00 6.252460e+00 2.120492e+01 5.020813e+01 3.286410e+01 3.349961e+01 2.100739e+01 3.355882e+01 3.939934e+01 1.818876e+01 9.421762e+01
<GCONST> 5.892452e+01
<STATE> 7
<MEAN> 12
 -6.835937e-02 2.127933e+00 1.076604e+00 -8.321370e+00 5.338513e+00 9.406053e+00 -3.517593e+00 1.310757e+00 -1.634625e+00 -2.676263e+00 -2.681462e+00 6.266562e+00
<VARIANCE> 12
 1.059363e+01 3.463644e+00 4.078025e+00 2.120492e+01 7.440398e+01 1.610814e+01 2.692489e+01 2.522810e+01 2.064069e+01 4.435395e+01 1.605555e+01 6.773368e+01
<GCONST> 5.753789e+01
<TRANSP> 8
 0.000000e+00 1.000000e+00 0.000000e+00 0.000000e+00 0.000000e+00 0.000000e+00 0.000000e+00 0.000000e+00
 0.000000e+00 8.846154e-01 1.153846e-01 0.000000e+00 0.000000e+00 0.000000e+00 0.000000e+00 0.000000e+00
 0.000000e+00 0.000000e+00 8.846154e-01 1.153846e-01 0.000000e+00 0.000000e+00 0.000000e+00 0.000000e+00
 0.000000e+00 0.000000e+00 0.000000e+00 8.846154e-01 1.153846e-01 0.000000e+00 0.000000e+00 0.000000e+00
 0.000000e+00 0.000000e+00 0.000000e+00 0.000000e+00 8.846154e-01 1.153846e-01 0.000000e+00 0.000000e+00
 0.000000e+00 0.000000e+00 0.000000e+00 0.000000e+00 0.000000e+00 8.846154e-01 1.153846e-01 0.000000e+00
 0.000000e+00 0.000000e+00 0.000000e+00 0.000000e+00 0.000000e+00 0.000000e+00 8.846154e-01 1.153846e-01
 0.000000e+00 0.000000e+00 0.000000e+00 0.000000e+00 0.000000e+00 0.000000e+00 0.000000e+00 0.000000e+00
<ENDHMM>
