~o
<STREAMINFO> 1 12
<VECSIZE> 12<NULLD><MFCC_Z><DIAGC>
~h "s080"
<BEGINHMM>
<NUMSTATES> 7
<STATE> 2
<MEAN> 12
 2.983822e+00 -3.718220e+00 -6.076120e+00 1.040513e+01 1.852226e+00 3.580324e-01 4.464210e+00 -4.689931e+00 4.345462e+00 -3.253924e+00 -1.190803e+00 5.086379e-01
<VARIANCE> 12
 1.908344e+01 2.857619e+01 5.151906e+01 3.942108e+01 5.827883e+01 1.055148e+01 2.386613e+01 1.419115e+01 3.942341e+01 2.129702e+01 1.608149e+01 1.672691e+01
<GCONST> 6.054637e+01
<STATE> 3
<MEAN> 12
 -3.203541e-01 -5.381850e+00 -6.282887e+00 6.236264e+00 2.483295e+00 -3.529659e-01 1.284166e+00 -1.375247e+00 -3.480015e-01 -4.545296e+00 -1.738976e+00 1.208943e+00
<VARIANCE> 12
 1.509230e+01 3.561859e+01 6.424738e+01 1.036500e+02 3.662713e+01 1.983132e+01 2.931544e+01 3.532183e+01 3.150925e+01 2.648363e+01 2.020596e+01 1.713854e+01
<GCONST> 6.325011e+01
<STATE> 4
<MEAN> 12
 -2.013565e+00 -7.138663e-01 1.979716e-01 -2.161547e+00 -8.075551e-01 -8.276402e-01 -1.503404e+00 3.307862e+00 -2.283661e+00 -1.115806e+00 -1.136238e+00 -1.295665e-01
<VARIANCE> 12
 2.040157e+01 6.960281e+01 7.588736e+01 1.268516e+02 2.060139e+01 2.027344e+01 2.534631e+01 5.522846e+01 2.085380e+01 4.610985e+01 2.846097e+01 2.104529e+01
<GCONST> 6.502777e+01
<STATE> 5
<MEAN> 12
 -2.380009e+00 4.526874e+00 5.344106e+00 -8.173283e+00 -2.057403e+00 -1.165824e-01 -2.988023e+00 4.697214e+00 -1.313489e+00 3.439082e+00 1.500977e+00 -1.274127e+00
<VARIANCE> 12
 2.735571e+01 5.215426e+01 3.472366e+01 6.639082e+01 1.060314e+01 1.342298e+01 1.896222e+01 7.381187e+01 1.801667e+01 3.635500e+01 3.133442e+01 2.122182e+01
<GCONST> 6.224710e+01
<STATE> 6
<MEAN> 12
 1.730097e+00 5.287075e+00 6.816953e+00 -6.306582e+00 -1.470600e+00 9.391586e-01 -1.256987e+00 -1.939863e+00 -4.002947e-01 5.475947e+00 2.565011e+00 -3.138807e-01
<VARIANCE> 12
 3.354610e+01 1.844138e+01 1.547887e+01 4.949005e+01 8.732221e+00 8.643284e+00 1.630730e+01 9.110994e+01 1.507247e+01 1.347583e+01 2.125670e+01 1.593554e+01
<GCONST> 5.788977e+01
<TRANSP> 7
 0.000000e+00 1.000000e+00 0.000000e+00 0.000000e+00 0.000000e+00 0.000000e+00 0.000000e+00
 0.000000e+00 8.936170e-01 1.063830e-01 0.000000e+00 0.000000e+00 0.000000e+00 0.000000e+00
 0.000000e+00 0.000000e+00 8.936170e-01 1.063830e-01 0.000000e+00 0.000000e+00 0.000000e+00
 0.000000e+00 0.000000e+00 0.000000e+00 8.936170e-01 1.063830e-01 0.000000e+00 0.000000e+00
 0.000000e+00 0.000000e+00 0.000000e+00 0.000000e+00 8.936170e-01 1.063830e-01 0.000000e+00
 0.000000e+00 0.000000e+00 0.000000e+00 0.000000e+00 0.000000e+00 8.936170e-01 1.063830e-01
 0.000000e+00 0.000000e+00 0.000000e+00 0.000000e+00 0.000000e+00 0.000000e+00 0.000000e+00
<ENDHMM>
