~o
<STREAMINFO> 1 12
<VECSIZE> 12<NULLD><MFCC_Z><DIAGC>
~h "s094"
<BEGINHMM>
<NUMSTATES> 7
<STATE> 2
<MEAN> 12
 -7.830122e+00 5.725721e-01 7.965712e+00 2.050672e+00 5.692481e+00 5.232871e+00 3.312105e+00 6.940935e+00 1.792672e+00 -4.297881e+00 -3.477234e+00 -3.070809e-01
<VARIANCE> 12
 1.980808e+01 2.234839e+01 1.027778e+01 8.719159e+00 1.324172e+01 6.622520e+01 2.608775e+01 3.948118e+01 1.141498e+01 1.070401e+01 5.100631e+01 2.073390e+01
<GCONST> 5.812586e+01
<STATE> 3
<MEAN> 12
 -8.264893e-01 -4.438558e-01 -4.362258e+00 -4.285902e+00 -1.958924e+00 -4.448491e+00 1.636785e-02 1.247324e+00 -5.432655e+00 1.577297e+00 3.101720e+00 -5.577429e-01
<VARIANCE> 12
 1.630628e+01 2.323908e+01 1.800150e+01 1.393864e+01 2.797900e+01 3.239390e+01 3.391603e+00 7.008986e+00 1.232776e+01 5.044639e+00 6.951005e+00 8.846207e+00
<GCONST> 5.174400e+01
<STATE> 4
<MEAN> 12
 4.069088e+00 5.806502e+00 -3.504895e+00 -8.696817e+00 -8.439989e+00 2.225837e+00 -2.325999e+00 -1.908025e-01 -2.583035e+00 -2.486394e+00 -2.876400e-01 2.502607e+00
<VARIANCE> 12
 1.810213e+01 2.246375e+01 3.166343e+01 3.059823e+01 8.396261e+00 2.116975e+01 1.557820e+01 1.479453e+01 2.890183e+01 2.166614e+01 2.528678e+01 4.530994e+01
<GCONST> 5.904251e+01
<STATE> 5
<MEAN> 12
 -1.406358e+00 -5.619469e+00 -8.354911e-01 2.679841e+00 2.850145e+00 -4.635210e+00 -2.453128e+00 -3.021764e-01 -2.885416e+00 -8.544425e-01 1.894669e+00 2.020836e+00
<VARIANCE> 12
 6.486671e+00 1.729009e+01 4.930244e+00 8.719159e+00 1.966439e+01 1.945117e+01 1.171918e+01 8.194512e+00 1.545431e+01 3.386049e+01 2.102877e+01 1.906992e+01
<GCONST> 5.330087e+01
<STATE> 6
<MEAN> 12
 2.423461e+00 -3.315714e+00 3.109298e-01 8.005073e+00 4.064572e+00 -1.677569e+00 1.301247e+00 -5.098034e+00 5.239012e+00 5.344949e+00 4.306124e-01 -3.149087e+00
<VARIANCE> 12
 4.685294e+00 1.006757e+01 5.596328e+00 1.543373e+01 1.992906e+01 3.448440e+01 1.063300e+01 1.308103e+01 1.233242e+01 2.506550e+01 1.127546e+01 7.096859e+00
<GCONST> 5.195076e+01
<TRANSP> 7
 0.000000e+00 1.000000e+00 0.000000e+00 0.000000e+00 0.000000e+00 0.000000e+00 0.000000e+00
 0.000000e+00 8.866645e-01 1.133355e-01 0.000000e+00 0.000000e+00 0.000000e+00 0.000000e+00
 0.000000e+00 0.000000e+00 8.165351e-01 1.834649e-01 0.000000e+00 0.000000e+00 0.000000e+00
 0.000000e+00 0.000000e+00 0.000000e+00 9.222107e-01 7.778928e-02 0.000000e+00 0.000000e+00
 0.000000e+00 0.000000e+00 0.000000e+00 0.000000e+00 8.433536e-01 1.566465e-01 0.000000e+00
 0.000000e+00 0.000000e+00 0.000000e+00 0.000000e+00 0.000000e+00 9.199165e-01 8.008354e-02
 0.000000e+00 0.000000e+00 0.000000e+00 0.000000e+00 0.000000e+00 0.000000e+00 0.000000e+00
<ENDHMM>
