~o
<STREAMINFO> 1 12
<VECSIZE> 12<NULLD><MFCC_Z><DIAGC>
~h "s021"
<BEGINHMM>
<NUMSTATES> 10
<STATE> 2
<MEAN> 12
 5.006790e-07 -4.768372e-08 -1.986821e-07 -5.245209e-07 -8.543332e-08 4.768372e-07 7.152558e-08 3.814697e-07 2.861023e-07 -1.668930e-07 -7.549922e-08 2.622604e-07
<VARIANCE> 12
 4.042551e+01 8.488621e+01 2.718580e+01 4.289237e+01 7.075891e+01 4.554002e+01 6.939534e+01 8.073302e+01 3.737821e+01 3.742609e+01 2.416021e+01 5.859620e+01
<GCONST> 6.846436e+01
<STATE> 3
<MEAN> 12
 5.006790e-07 -4.768372e-08 -1.986821e-07 -5.245209e-07 -8.543332e-08 4.768372e-07 7.152558e-08 3.814697e-07 2.861023e-07 -1.668930e-07 -7.549922e-08 2.622604e-07
<VARIANCE> 12
 4.042551e+01 8.488621e+01 2.718580e+01 4.289237e+01 7.075891e+01 4.554002e+01 6.939534e+01 8.073302e+01 3.737821e+01 3.742609e+01 2.416021e+01 5.859620e+01
<GCONST> 6.846436e+01
<STATE> 4
<MEAN> 12
 5.006790e-07 -4.768372e-08 -1.986821e-07 -5.245209e-07 -8.543332e-08 4.768372e-07 7.152558e-08 3.814697e-07 2.861023e-07 -1.668930e-07 -7.549922e-08 2.622604e-07
<VARIANCE> 12
 4.042551e+01 8.488621e+01 2.718580e+01 4.289237e+01 7.075891e+01 4.554002e+01 6.939534e+01 8.073302e+01 3.737821e+01 3.742609e+01 2.416021e+01 5.859620e+01
<GCONST> 6.846436e+01
<STATE> 5
<MEAN> 12
 5.006790e-07 -4.768372e-08 -1.986821e-07 -5.245209e-07 -8.543332e-08 4.768372e-07 7.152558e-08 3.814697e-07 2.861023e-07 -1.668930e-07 -7.549922e-08 2.622604e-07
<VARIANCE> 12
 4.042551e+01 8.488621e+01 2.718580e+01 4.289237e+01 7.075891e+01 4.554002e+01 6.939534e+01 8.073302e+01 3.737821e+01 3.742609e+01 2.416021e+01 5.859620e+01
<GCONST> 6.846436e+01
<STATE> 6
<MEAN> 12
 5.006790e-07 -4.768372e-08 -1.986821e-07 -5.245209e-07 -8.543332e-08 4.768372e-07 7.152558e-08 3.814697e-07 2.861023e-07 -1.668930e-07 -7.549922e-08 2.622604e-07
<VARIANCE> 12
 4.042551e+01 8.488621e+01 2.718580e+01 4.289237e+01 7.075891e+01 4.554002e+01 6.939534e+01 8.073302e+01 3.737821e+01 3.742609e+01 2.416021e+01 5.859620e+01
<GCONST> 6.846436e+01
<STATE> 7
<MEAN> 12
 5.006790e-07 -4.768372e-08 -1.986821e-07 -5.245209e-07 -8.543332e-08 4.768372e-07 7.152558e-08 3.814697e-07 2.861023e-07 -1.668930e-07 -7.549922e-08 2.622604e-07
<VARIANCE> 12
 4.042551e+01 8.488621e+01 2.718580e+01 4.289237e+01 7.075891e+01 4.554002e+01 6.939534e+01 8.073302e+01 3.737821e+01 3.742609e+01 2.416021e+01 5.859620e+01
<GCONST> 6.846436e+01
<STATE> 8
<MEAN> 12
 5.006790e-07 -4.768372e-08 -1.986821e-07 -5.245209e-07 -8.543332e-08 4.768372e-07 7.152558e-08 3.814697e-07 2.861023e-07 -1.668930e-07 -7.549922e-08 2.622604e-07
<VARIANCE> 12
 4.042551e+01 8.488621e+01 2.718580e+01 4.289237e+01 7.075891e+01 4.554002e+01 6.939534e+01 8.073302e+01 3.737821e+01 3.742609e+01 2.416021e+01 5.859620e+01
<GCONST> 6.846436e+01
<STATE> 9
<MEAN> 12
 5.006790e-07 -4.768372e-08 -1.986821e-07 -5.245209e-07 -8.543332e-08 4.768372e-07 7.152558e-08 3.814697e-07 2.861023e-07 -1.668930e-07 -7.549922e-08 2.622604e-07
<VARIANCE> 12
 4.042551e+01 8.488621e+01 2.718580e+01 4.289237e+01 7.075891e+01 4.554002e+01 6.939534e+01 8.073302e+01 3.737821e+01 3.742609e+01 2.416021e+01 5.859620e+01
<GCONST> 6.846436e+01
<TRANSP> 10
 0.000000e+00 1.000000e+00 0.000000e+00 0.000000e+00 0.000000e+00 0.000000e+00 0.000000e+00 0.000000e+00 0.000000e+00 0.000000e+00
 0.000000e+00 9.000000e-01 9.999999e-02 0.000000e+00 0.000000e+00 0.000000e+00 0.000000e+00 0.000000e+00 0.000000e+00 0.000000e+00
 0.000000e+00 0.000000e+00 9.000000e-01 9.999999e-02 0.000000e+00 0.000000e+00 0.000000e+00 0.000000e+00 0.000000e+00 0.000000e+00
 0.000000e+00 0.000000e+00 0.000000e+00 9.000000e-01 9.999999e-02 0.000000e+00 0.000000e+00 0.000000e+00 0.000000e+00 0.000000e+00
 0.000000e+00 0.000000e+00 0.000000e+00 0.000000e+00 9.000000e-01 9.999999e-02 0.000000e+00 0.000000e+00 0.000000e+00 0.000000e+00
 0.000000e+00 0.000000e+00 0.000000e+00 0.000000e+00 0.000000e+00 9.000000e-01 9.999999e-02 0.000000e+00 0.000000e+00 0.000000e+00
 0.000000e+00 0.000000e+00 0.000000e+00 0.000000e+00 0.000000e+00 0.000000e+00 9.000000e-01 9.999999e-02 0.000000e+00 0.000000e+00
 0.000000e+00 0.000000e+00 0.000000e+00 0.000000e+00 0.000000e+00 0.000000e+00 0.000000e+00 9.000000e-01 9.999999e-02 0.000000e+00
 0.000000e+00 0.000000e+00 0.000000e+00 0.000000e+00 0.000000e+00 0.000000e+00 0.000000e+00 0.000000e+00 9.000000e-01 9.999999e-02
 0.000000e+00 0.000000e+00 0.000000e+00 0.000000e+00 0.000000e+00 0.000000e+00 0.000000e+00 0.000000e+00 0.000000e+00 0.000000e+00
<ENDHMM>
