~o
<STREAMINFO> 1 12
<VECSIZE> 12<NULLD><MFCC_Z><DIAGC>
~h "s018"
<BEGINHMM>
<NUMSTATES> 12
<STATE> 2
<MEAN> 12
 -7.038156e+00 2.155594e+00 -3.259260e+00 2.495022e+00 8.619364e+00 1.236200e-01 6.375545e+00 4.613960e+00 2.461061e+00 4.346649e+00 -1.531908e+00 6.806695e+00
<VARIANCE> 12
 7.815771e+01 2.869015e+01 3.442498e+01 4.690755e+01 3.284340e+01 3.347254e+01 1.415920e+01 2.464855e+01 6.015737e+01 5.311935e+01 1.564505e+01 2.814228e+01
<GCONST> 6.417127e+01
<STATE> 3
<MEAN> 12
 5.212168e-01 -1.815570e+00 -2.906176e+00 3.699133e+00 7.114289e+00 -2.233148e+00 5.855376e+00 3.064836e+00 -8.795153e-01 -1.257496e+00 -2.763794e+00 6.059164e+00
<VARIANCE> 12
 7.751392e+01 3.441680e+01 4.670343e+01 5.730383e+01 4.663592e+01 3.414692e+01 2.598653e+01 2.654163e+01 6.245039e+01 4.892269e+01 2.080765e+01 3.818586e+01
<GCONST> 6.644745e+01
<STATE> 4
<MEAN> 12
 2.767617e+00 -4.411276e+00 -2.913343e+00 5.423298e+00 5.685511e+00 -5.288185e-01 4.289308e+00 1.851551e+00 1.637948e-01 -3.111983e+00 -3.289431e+00 3.363846e+00
<VARIANCE> 12
 6.167855e+01 3.343409e+01 4.521263e+01 4.767369e+01 5.762420e+01 4.793732e+01 3.896936e+01 2.908514e+01 5.627221e+01 3.894102e+01 2.318218e+01 3.991623e+01
<GCONST> 6.684106e+01
<STATE> 5
<MEAN> 12
 1.387546e+00 -6.580416e+00 -8.560598e-01 3.965653e+00 2.159987e+00 1.769447e+00 1.584156e+00 4.000819e-01 7.262856e-01 -3.075650e+00 -3.000898e+00 7.331117e-01
<VARIANCE> 12
 6.438253e+01 4.858092e+01 4.096123e+01 5.563201e+01 6.948905e+01 4.228247e+01 4.704421e+01 3.489896e+01 4.944094e+01 4.464770e+01 2.690729e+01 3.263464e+01
<GCONST> 6.770042e+01
<STATE> 6
<MEAN> 12
 -1.789252e-01 -8.129567e+00 1.269989e+00 4.041796e-01 -1.837917e+00 2.590367e+00 -1.010124e+00 -1.527453e+00 -7.554953e-01 -2.604183e+00 -2.019847e+00 -1.201784e+00
<VARIANCE> 12
 5.104160e+01 6.807674e+01 2.747577e+01 6.851555e+01 5.686533e+01 3.230196e+01 4.370560e+01 3.628858e+01 4.512993e+01 5.052249e+01 2.977924e+01 2.579369e+01
<GCONST> 6.700887e+01
<STATE> 7
<MEAN> 12
 -9.332939e-01 -6.580370e+00 1.889594e+00 -2.924380e+00 -4.355440e+00 1.954830e+00 -2.476259e+00 -2.988302e+00 -2.370202e+00 -1.616432e+00 -8.955714e-01 -2.576036e+00
<VARIANCE> 12
 3.207727e+01 1.085401e+02 1.650048e+01 6.718936e+01 3.206991e+01 2.992467e+01 3.719237e+01 3.612397e+01 3.583640e+01 4.596127e+01 3.311254e+01 2.284722e+01
<GCONST> 6.532587e+01
<STATE> 8
<MEAN> 12
 -9.427695e-01 -8.244925e-01 1.507316e+00 -4.686527e+00 -5.283904e+00 5.180734e-01 -3.263141e+00 -2.749730e+00 -2.482070e+00 -2.812968e-01 8.038075e-01 -3.672040e+00
<VARIANCE> 12
 2.021149e+01 1.579124e+02 1.180334e+01 5.521510e+01 1.723036e+01 2.980707e+01 3.528682e+01 4.227562e+01 3.021335e+01 3.234830e+01 4.093911e+01 1.971990e+01
<GCONST> 6.373013e+01
<STATE> 9
<MEAN> 12
 1.698561e-03 6.658710e+00 1.338497e+00 -4.822417e+00 -5.326699e+00 -1.244200e+00 -4.280164e+00 -8.282007e-01 -7.981892e-01 1.090514e+00 3.490222e+00 -4.380953e+00
<VARIANCE> 12
 1.553421e+01 1.377415e+02 8.841965e+00 3.979015e+01 1.334234e+01 2.507649e+01 3.287806e+01 4.551324e+01 3.046714e+01 2.056661e+01 4.319357e+01 1.636078e+01
<GCONST> 6.171066e+01
<STATE> 10
<MEAN> 12
 1.597831e+00 1.088574e+01 1.751910e+00 -3.381334e+00 -4.481179e+00 -2.077795e+00 -4.653432e+00 1.037035e-01 1.581704e+00 2.617419e+00 5.372433e+00 -3.971469e+00
<VARIANCE> 12
 1.084930e+01 6.686295e+01 5.929152e+00 2.906627e+01 1.556763e+01 1.828065e+01 2.419226e+01 4.078634e+01 2.521426e+01 1.777462e+01 3.135040e+01 1.830932e+01
<GCONST> 5.879396e+01
<STATE> 11
<MEAN> 12
 2.817158e+00 8.641473e+00 2.177561e+00 -1.725916e-01 -2.293985e+00 -8.723474e-01 -2.421254e+00 -1.940450e+00 2.352602e+00 3.892481e+00 3.835101e+00 -1.160390e+00
<VARIANCE> 12
 7.316399e+00 3.325890e+01 4.290760e+00 1.917397e+01 1.792788e+01 1.524584e+01 1.779735e+01 3.378554e+01 1.914354e+01 1.774756e+01 2.321003e+01 2.695073e+01
<GCONST> 5.623554e+01
<TRANSP> 12
 0.000000e+00 1.000000e+00 0.000000e+00 0.000000e+00 0.000000e+00 0.000000e+00 0.000000e+00 0.000000e+00 0.000000e+00 0.000000e+00 0.000000e+00 0.000000e+00
 0.000000e+00 8.684210e-01 1.315790e-01 0.000000e+00 0.000000e+00 0.000000e+00 0.000000e+00 0.000000e+00 0.000000e+00 0.000000e+00 0.000000e+00 0.000000e+00
 0.000000e+00 0.000000e+00 8.684210e-01 1.315790e-01 0.000000e+00 0.000000e+00 0.000000e+00 0.000000e+00 0.000000e+00 0.000000e+00 0.000000e+00 0.000000e+00
 0.000000e+00 0.000000e+00 0.000000e+00 8.684210e-01 1.315790e-01 0.000000e+00 0.000000e+00 0.000000e+00 0.000000e+00 0.000000e+00 0.000000e+00 0.000000e+00
 0.000000e+00 0.000000e+00 0.000000e+00 0.000000e+00 8.684211e-01 1.315789e-01 0.000000e+00 0.000000e+00 0.000000e+00 0.000000e+00 0.000000e+00 0.000000e+00
 0.000000e+00 0.000000e+00 0.000000e+00 0.000000e+00 0.000000e+00 8.684211e-01 1.315790e-01 0.000000e+00 0.000000e+00 0.000000e+00 0.000000e+00 0.000000e+00
 0.000000e+00 0.000000e+00 0.000000e+00 0.000000e+00 0.000000e+00 0.000000e+00 8.684210e-01 1.315790e-01 0.000000e+00 0.000000e+00 0.000000e+00 0.000000e+00
 0.000000e+00 0.000000e+00 0.000000e+00 0.000000e+00 0.000000e+00 0.000000e+00 0.000000e+00 8.684211e-01 1.315790e-01 0.000000e+00 0.000000e+00 0.000000e+00
 0.000000e+00 0.000000e+00 0.000000e+00 0.000000e+00 0.000000e+00 0.000000e+00 0.000000e+00 0.000000e+00 8.684210e-01 1.315789e-01 0.000000e+00 0.000000e+00
 0.000000e+00 0.000000e+00 0.000000e+00 0.000000e+00 0.000000e+00 0.000000e+00 0.000000e+00 0.000000e+00 0.000000e+00 8.684211e-01 1.315790e-01 0.000000e+00
 0.000000e+00 0.000000e+00 0.000000e+00 0.000000e+00 0.000000e+00 0.000000e+00 0.000000e+00 0.000000e+00 0.000000e+00 0.000000e+00 8.684211e-01 1.315790e-01
 0.000000e+00 0.000000e+00 0.000000e+00 0.000000e+00 0.000000e+00 0.000000e+00 0.000000e+00 0.000000e+00 0.000000e+00 0.000000e+00 0.000000e+00 0.000000e+00
<ENDHMM>
