~o
<STREAMINFO> 1 12
<VECSIZE> 12<NULLD><MFCC_Z><DIAGC>
~h "s057"
<BEGINHMM>
<NUMSTATES> 10
<STATE> 2
<MEAN> 12
 -1.407060e-07 -5.276477e-08 1.045524e-07 5.784582e-07 -1.954251e-07 1.641571e-07 9.380403e-08 2.657781e-07 -2.657781e-07 2.345101e-08 -1.524316e-07 6.351315e-08
<VARIANCE> 12
 1.823698e+01 7.759296e+01 6.300094e+01 1.024078e+02 3.953236e+01 4.373644e+01 9.406136e+01 5.787807e+01 7.361164e+01 3.470260e+01 3.582780e+01 3.560677e+01
<GCONST> 6.913603e+01
<STATE> 3
<MEAN> 12
 -1.407060e-07 -5.276477e-08 1.045524e-07 5.784582e-07 -1.954251e-07 1.641571e-07 9.380403e-08 2.657781e-07 -2.657781e-07 2.345101e-08 -1.524316e-07 6.351315e-08
<VARIANCE> 12
 1.823698e+01 7.759296e+01 6.300094e+01 1.024078e+02 3.953236e+01 4.373644e+01 9.406136e+01 5.787807e+01 7.361164e+01 3.470260e+01 3.582780e+01 3.560677e+01
<GCONST> 6.913603e+01
<STATE> 4
<MEAN> 12
 -1.407060e-07 -5.276477e-08 1.045524e-07 5.784582e-07 -1.954251e-07 1.641571e-07 9.380403e-08 2.657781e-07 -2.657781e-07 2.345101e-08 -1.524316e-07 6.351315e-08
<VARIANCE> 12
 1.823698e+01 7.759296e+01 6.300094e+01 1.024078e+02 3.953236e+01 4.373644e+01 9.406136e+01 5.787807e+01 7.361164e+01 3.470260e+01 3.582780e+01 3.560677e+01
<GCONST> 6.913603e+01
<STATE> 5
<MEAN> 12
 -1.407060e-07 -5.276477e-08 1.045524e-07 5.784582e-07 -1.954251e-07 1.641571e-07 9.380403e-08 2.657781e-07 -2.657781e-07 2.345101e-08 -1.524316e-07 6.351315e-08
<VARIANCE> 12
 1.823698e+01 7.759296e+01 6.300094e+01 1.024078e+02 3.953236e+01 4.373644e+01 9.406136e+01 5.787807e+01 7.361164e+01 3.470260e+01 3.582780e+01 3.560677e+01
<GCONST> 6.913603e+01
<STATE> 6
<MEAN> 12
 -1.407060e-07 -5.276477e-08 1.045524e-07 5.784582e-07 -1.954251e-07 1.641571e-07 9.380403e-08 2.657781e-07 -2.657781e-07 2.345101e-08 -1.524316e-07 6.351315e-08
<VARIANCE> 12
 1.823698e+01 7.759296e+01 6.300094e+01 1.024078e+02 3.953236e+01 4.373644e+01 9.406136e+01 5.787807e+01 7.361164e+01 3.470260e+01 3.582780e+01 3.560677e+01
<GCONST> 6.913603e+01
<STATE> 7
<MEAN> 12
 -1.407060e-07 -5.276477e-08 1.045524e-07 5.784582e-07 -1.954251e-07 1.641571e-07 9.380403e-08 2.657781e-07 -2.657781e-07 2.345101e-08 -1.524316e-07 6.351315e-08
<VARIANCE> 12
 1.823698e+01 7.759296e+01 6.300094e+01 1.024078e+02 3.953236e+01 4.373644e+01 9.406136e+01 5.787807e+01 7.361164e+01 3.470260e+01 3.582780e+01 3.560677e+01
<GCONST> 6.913603e+01
<STATE> 8
<MEAN> 12
 -1.407060e-07 -5.276477e-08 1.045524e-07 5.784582e-07 -1.954251e-07 1.641571e-07 9.380403e-08 2.657781e-07 -2.657781e-07 2.345101e-08 -1.524316e-07 6.351315e-08
<VARIANCE> 12
 1.823698e+01 7.759296e+01 6.300094e+01 1.024078e+02 3.953236e+01 4.373644e+01 9.406136e+01 5.787807e+01 7.361164e+01 3.470260e+01 3.582780e+01 3.560677e+01
<GCONST> 6.913603e+01
<STATE> 9
<MEAN> 12
 -1.407060e-07 -5.276477e-08 1.045524e-07 5.784582e-07 -1.954251e-07 1.641571e-07 9.380403e-08 2.657781e-07 -2.657781e-07 2.345101e-08 -1.524316e-07 6.351315e-08
<VARIANCE> 12
 1.823698e+01 7.759296e+01 6.300094e+01 1.024078e+02 3.953236e+01 4.373644e+01 9.406136e+01 5.787807e+01 7.361164e+01 3.470260e+01 3.582780e+01 3.560677e+01
<GCONST> 6.913603e+01
<TRANSP> 10
 0.000000e+00 1.000000e+00 0.000000e+00 0.000000e+00 0.000000e+00 0.000000e+00 0.000000e+00 0.000000e+00 0.000000e+00 0.000000e+00
 0.000000e+00 9.000000e-01 9.999999e-02 0.000000e+00 0.000000e+00 0.000000e+00 0.000000e+00 0.000000e+00 0.000000e+00 0.000000e+00
 0.000000e+00 0.000000e+00 9.000000e-01 9.999999e-02 0.000000e+00 0.000000e+00 0.000000e+00 0.000000e+00 0.000000e+00 0.000000e+00
 0.000000e+00 0.000000e+00 0.000000e+00 9.000000e-01 9.999999e-02 0.000000e+00 0.000000e+00 0.000000e+00 0.000000e+00 0.000000e+00
 0.000000e+00 0.000000e+00 0.000000e+00 0.000000e+00 9.000000e-01 9.999999e-02 0.000000e+00 0.000000e+00 0.000000e+00 0.000000e+00
 0.000000e+00 0.000000e+00 0.000000e+00 0.000000e+00 0.000000e+00 9.000000e-01 9.999999e-02 0.000000e+00 0.000000e+00 0.000000e+00
 0.000000e+00 0.000000e+00 0.000000e+00 0.000000e+00 0.000000e+00 0.000000e+00 9.000000e-01 9.999999e-02 0.000000e+00 0.000000e+00
 0.000000e+00 0.000000e+00 0.000000e+00 0.000000e+00 0.000000e+00 0.000000e+00 0.000000e+00 9.000000e-01 9.999999e-02 0.000000e+00
 0.000000e+00 0.000000e+00 0.000000e+00 0.000000e+00 0.000000e+00 0.000000e+00 0.000000e+00 0.000000e+00 9.000000e-01 9.999999e-02
 0.000000e+00 0.000000e+00 0.000000e+00 0.000000e+00 0.000000e+00 0.000000e+00 0.000000e+00 0.000000e+00 0.000000e+00 0.000000e+00
<ENDHMM>
