~o
<STREAMINFO> 1 12
<VECSIZE> 12<NULLD><MFCC_Z><DIAGC>
~h "T13771660825"
<BEGINHMM>
<NUMSTATES> 5
<STATE> 2
<MEAN> 12
 -2.742311e+00 -2.563308e-01 2.397703e+00 -4.553751e-01 2.051453e+00 6.072142e+00 1.046423e+01 3.727497e+00 -7.820149e+00 -9.514503e+00 -3.928261e-01 -6.628640e+00
<VARIANCE> 12
 5.037886e+00 3.810294e+01 2.228260e+01 7.239694e+01 6.027416e+01 1.494215e+01 4.956607e+01 3.610706e+01 5.114332e+01 1.847239e+01 9.964065e+00 1.567056e+01
<GCONST> 6.089233e+01
<STATE> 3
<MEAN> 12
 3.537312e+00 -1.695235e+00 -7.432341e+00 2.095712e+00 5.661120e+00 2.999795e-01 -5.464268e+00 1.290095e+00 2.672418e+00 1.236895e+00 3.022747e+00 3.371771e+00
<VARIANCE> 12
 7.315500e+00 1.280506e+01 1.062036e+01 1.661549e+01 1.013492e+01 2.493249e+01 1.386017e+01 2.434075e+01 2.411580e+01 3.982577e+01 5.085660e+00 2.243320e+01
<GCONST> 5.472515e+01
<STATE> 4
<MEAN> 12
 -4.281394e-01 1.305662e+00 3.256860e+00 -1.072988e+00 -5.197822e+00 -4.453930e+00 -3.702551e+00 -3.468758e+00 3.704361e+00 5.845122e+00 -1.732587e+00 2.404945e+00
<VARIANCE> 12
 2.346519e+01 7.686930e+00 9.695380e+00 1.082907e+01 6.179237e+01 1.642906e+02 7.050854e+01 5.188893e+01 7.932066e+01 2.276265e+01 1.291399e+01 2.203328e+01
<GCONST> 6.248319e+01
<TRANSP> 5
 0.000000e+00 1.000000e+00 0.000000e+00 0.000000e+00 0.000000e+00
 0.000000e+00 8.911242e-01 1.088758e-01 0.000000e+00 0.000000e+00
 0.000000e+00 0.000000e+00 8.851507e-01 1.148492e-01 0.000000e+00
 0.000000e+00 0.000000e+00 0.000000e+00 9.237117e-01 7.628837e-02
 0.000000e+00 0.000000e+00 0.000000e+00 0.000000e+00 0.000000e+00
<ENDHMM>
