~o
<STREAMINFO> 1 12
<VECSIZE> 12<NULLD><MFCC_Z><DIAGC>
~h "s001"
<BEGINHMM>
<NUMSTATES> 8
<STATE> 2
<MEAN> 12
 -2.934383e-07 6.235563e-07 -4.584973e-08 -2.934383e-07 2.384186e-07 6.235563e-07 -2.109087e-07 3.117781e-07 1.833989e-08 1.925688e-07 -2.017388e-07 2.292486e-08
<VARIANCE> 12
 1.489560e+01 8.679687e+01 3.208580e+01 9.887985e+01 2.875879e+01 4.443208e+01 5.427449e+01 2.507095e+01 1.417823e+01 4.174904e+01 2.180665e+01 2.340235e+01
<GCONST> 6.426859e+01
<STATE> 3
<MEAN> 12
 -2.934383e-07 6.235563e-07 -4.584973e-08 -2.934383e-07 2.384186e-07 6.235563e-07 -2.109087e-07 3.117781e-07 1.833989e-08 1.925688e-07 -2.017388e-07 2.292486e-08
<VARIANCE> 12
 1.489560e+01 8.679687e+01 3.208580e+01 9.887985e+01 2.875879e+01 4.443208e+01 5.427449e+01 2.507095e+01 1.417823e+01 4.174904e+01 2.180665e+01 2.340235e+01
<GCONST> 6.426859e+01
<STATE> 4
<MEAN> 12
 -2.934383e-07 6.235563e-07 -4.584973e-08 -2.934383e-07 2.384186e-07 6.235563e-07 -2.109087e-07 3.117781e-07 1.833989e-08 1.925688e-07 -2.017388e-07 2.292486e-08
<VARIANCE> 12
 1.489560e+01 8.679687e+01 3.208580e+01 9.887985e+01 2.875879e+01 4.443208e+01 5.427449e+01 2.507095e+01 1.417823e+01 4.174904e+01 2.180665e+01 2.340235e+01
<GCONST> 6.426859e+01
<STATE> 5
<MEAN> 12
 -2.934383e-07 6.235563e-07 -4.584973e-08 -2.934383e-07 2.384186e-07 6.235563e-07 -2.109087e-07 3.117781e-07 1.833989e-08 1.925688e-07 -2.017388e-07 2.292486e-08
<VARIANCE> 12
 1.489560e+01 8.679687e+01 3.208580e+01 9.887985e+01 2.875879e+01 4.443208e+01 5.427449e+01 2.507095e+01 1.417823e+01 4.174904e+01 2.180665e+01 2.340235e+01
<GCONST> 6.426859e+01
<STATE> 6
<MEAN> 12
 -2.934383e-07 6.235563e-07 -4.584973e-08 -2.934383e-07 2.384186e-07 6.235563e-07 -2.109087e-07 3.117781e-07 1.833989e-08 1.925688e-07 -2.017388e-07 2.292486e-08
<VARIANCE> 12
 1.489560e+01 8.679687e+01 3.208580e+01 9.887985e+01 2.875879e+01 4.443208e+01 5.427449e+01 2.507095e+01 1.417823e+01 4.174904e+01 2.180665e+01 2.340235e+01
<GCONST> 6.426859e+01
<STATE> 7
<MEAN> 12
 -2.934383e-07 6.235563e-07 -4.584973e-08 -2.934383e-07 2.384186e-07 6.235563e-07 -2.109087e-07 3.117781e-07 1.833989e-08 1.925688e-07 -2.017388e-07 2.292486e-08
<VARIANCE> 12
 1.489560e+01 8.679687e+01 3.208580e+01 9.887985e+01 2.875879e+01 4.443208e+01 5.427449e+01 2.507095e+01 1.417823e+01 4.174904e+01 2.180665e+01 2.340235e+01
<GCONST> 6.426859e+01
<TRANSP> 8
 0.000000e+00 1.000000e+00 0.000000e+00 0.000000e+00 0.000000e+00 0.000000e+00 0.000000e+00 0.000000e+00
 0.000000e+00 9.000000e-01 9.999999e-02 0.000000e+00 0.000000e+00 0.000000e+00 0.000000e+00 0.000000e+00
 0.000000e+00 0.000000e+00 9.000000e-01 9.999999e-02 0.000000e+00 0.000000e+00 0.000000e+00 0.000000e+00
 0.000000e+00 0.000000e+00 0.000000e+00 9.000000e-01 9.999999e-02 0.000000e+00 0.000000e+00 0.000000e+00
 0.000000e+00 0.000000e+00 0.000000e+00 0.000000e+00 9.000000e-01 9.999999e-02 0.000000e+00 0.000000e+00
 0.000000e+00 0.000000e+00 0.000000e+00 0.000000e+00 0.000000e+00 9.000000e-01 9.999999e-02 0.000000e+00
 0.000000e+00 0.000000e+00 0.000000e+00 0.000000e+00 0.000000e+00 0.000000e+00 9.000000e-01 9.999999e-02
 0.000000e+00 0.000000e+00 0.000000e+00 0.000000e+00 0.000000e+00 0.000000e+00 0.000000e+00 0.000000e+00
<ENDHMM>
