~o
<STREAMINFO> 1 12
<VECSIZE> 12<NULLD><MFCC_Z><DIAGC>
~h "s003"
<BEGINHMM>
<NUMSTATES> 10
<STATE> 2
<MEAN> 12
 -2.964099e+00 -6.971574e-01 -1.995350e+00 -9.195529e+00 -5.168751e+00 5.962994e+00 1.461039e+00 1.440882e+00 -2.974510e+00 -7.606271e+00 -5.849263e+00 4.860388e+00
<VARIANCE> 12
 4.132880e+00 1.635418e+01 7.880876e+00 8.570535e+00 7.353994e+00 1.076420e+01 7.855202e+00 8.991629e+00 1.228453e+01 1.634104e+01 3.964640e+01 4.900685e+00
<GCONST> 4.968109e+01
<STATE> 3
<MEAN> 12
 -2.284752e+00 9.248763e+00 -3.187510e+00 -6.229486e+00 -8.055144e+00 -1.991115e+00 -6.478545e+00 1.768976e+00 1.908965e+00 -4.023824e+00 3.630224e+00 -5.957479e+00
<VARIANCE> 12
 4.931887e+00 8.506175e+00 7.880876e+00 1.229205e+01 7.353994e+00 1.076420e+01 2.439990e+01 9.454181e+00 7.838688e+00 9.506670e+00 6.725109e+00 8.571411e+00
<GCONST> 4.854229e+01
<STATE> 4
<MEAN> 12
 -5.171984e+00 1.011509e+01 1.151052e+00 -8.051298e-01 2.514700e+00 5.786452e-01 -1.846604e+00 -2.742793e+00 -2.910202e+00 -3.278477e-01 4.116390e-01 -2.749971e-01
<VARIANCE> 12
 7.326372e+00 1.182045e+01 7.880876e+00 5.568179e+01 9.649384e+00 1.645001e+01 2.209208e+01 5.345018e+01 3.485535e+01 1.832030e+01 1.247239e+01 1.031944e+01
<GCONST> 5.605788e+01
<STATE> 5
<MEAN> 12
 1.892781e+00 -2.326853e+00 2.115242e+00 -7.849804e+00 -9.384508e+00 -4.881541e-01 5.715136e-01 4.064299e+00 -2.384297e+00 7.789011e+00 1.277189e+00 -4.404402e+00
<VARIANCE> 12
 4.132880e+00 8.506175e+00 7.880876e+00 3.337097e+01 8.388655e+00 1.982798e+01 7.855202e+00 7.947381e+00 4.988945e+00 3.071289e+01 9.083453e+00 2.089280e+01
<GCONST> 5.071218e+01
<STATE> 6
<MEAN> 12
 4.402503e+00 -3.478698e+00 -3.499799e+00 1.192716e-02 4.753316e+00 -1.181357e+01 -7.521684e+00 -1.643068e+00 6.387964e-01 1.497051e+00 -4.948850e-02 2.336767e+00
<VARIANCE> 12
 4.132880e+00 8.506175e+00 7.880876e+00 8.570535e+00 7.706309e+00 1.076420e+01 1.325663e+01 2.060138e+01 1.048096e+01 9.531358e+00 1.307848e+01 1.661239e+01
<GCONST> 4.984045e+01
<STATE> 7
<MEAN> 12
 5.425337e+00 -4.880160e+00 -9.057292e+00 6.765386e+00 9.031841e+00 -4.448973e+00 1.076921e+00 -5.921089e-01 3.895103e+00 4.366229e-01 -4.102201e+00 7.145179e+00
<VARIANCE> 12
 4.132880e+00 8.506175e+00 7.880876e+00 4.851202e+01 2.197400e+01 1.076420e+01 8.026265e+00 7.438265e+00 5.921105e+00 3.657914e+01 2.056462e+01 1.574642e+01
<GCONST> 5.227417e+01
<STATE> 8
<MEAN> 12
 5.899858e+00 -1.021244e+01 2.524114e+00 8.238961e+00 2.906224e+00 2.622358e+00 8.943808e+00 3.774338e+00 -7.803253e+00 -3.917701e+00 4.258797e+00 -2.008665e-01
<VARIANCE> 12
 4.132880e+00 8.506175e+00 1.824452e+01 8.570535e+00 2.350026e+01 6.404076e+01 7.855202e+00 3.763722e+00 1.173255e+01 1.140422e+01 5.083317e+00 1.896742e+01
<GCONST> 5.083464e+01
<STATE> 9
<MEAN> 12
 -3.068074e+00 -7.002534e+00 1.432026e+01 5.784789e+00 -3.727538e+00 1.379948e+01 1.076727e+01 -1.626797e-01 3.261174e+00 6.270218e+00 1.681657e+00 -5.077708e+00
<VARIANCE> 12
 4.802120e+01 8.798337e+00 9.578657e+00 9.771700e+00 2.325669e+01 1.271206e+01 1.302008e+01 2.628441e+01 1.728921e+01 3.174525e+01 1.217741e+01 7.111267e+00
<GCONST> 5.493346e+01
<TRANSP> 10
 0.000000e+00 1.000000e+00 0.000000e+00 0.000000e+00 0.000000e+00 0.000000e+00 0.000000e+00 0.000000e+00 0.000000e+00 0.000000e+00
 0.000000e+00 8.333248e-01 1.666752e-01 0.000000e+00 0.000000e+00 0.000000e+00 0.000000e+00 0.000000e+00 0.000000e+00 0.000000e+00
 0.000000e+00 0.000000e+00 8.885282e-01 1.114718e-01 0.000000e+00 0.000000e+00 0.000000e+00 0.000000e+00 0.000000e+00 0.000000e+00
 0.000000e+00 0.000000e+00 0.000000e+00 9.082952e-01 9.170485e-02 0.000000e+00 0.000000e+00 0.000000e+00 0.000000e+00 0.000000e+00
 0.000000e+00 0.000000e+00 0.000000e+00 0.000000e+00 6.998321e-01 3.001678e-01 0.000000e+00 0.000000e+00 0.000000e+00 0.000000e+00
 0.000000e+00 0.000000e+00 0.000000e+00 0.000000e+00 0.000000e+00 8.978596e-01 1.021404e-01 0.000000e+00 0.000000e+00 0.000000e+00
 0.000000e+00 0.000000e+00 0.000000e+00 0.000000e+00 0.000000e+00 0.000000e+00 8.905457e-01 1.094543e-01 0.000000e+00 0.000000e+00
 0.000000e+00 0.000000e+00 0.000000e+00 0.000000e+00 0.000000e+00 0.000000e+00 0.000000e+00 7.450753e-01 2.549247e-01 0.000000e+00
 0.000000e+00 0.000000e+00 0.000000e+00 0.000000e+00 0.000000e+00 0.000000e+00 0.000000e+00 0.000000e+00 8.881932e-01 1.118068e-01
 0.000000e+00 0.000000e+00 0.000000e+00 0.000000e+00 0.000000e+00 0.000000e+00 0.000000e+00 0.000000e+00 0.000000e+00 0.000000e+00
<ENDHMM>
