~o
<STREAMINFO> 1 12
<VECSIZE> 12<NULLD><MFCC_Z><DIAGC>
~h "s030"
<BEGINHMM>
<NUMSTATES> 7
<STATE> 2
<MEAN> 12
 3.282794e+00 -3.248372e+00 -1.338613e+01 6.207107e+00 -1.148826e+00 -8.121202e+00 -3.656088e+00 2.724303e+00 1.557563e+00 -6.923220e-01 -5.029321e+00 -1.322887e+00
<VARIANCE> 12
 1.474661e+01 2.994259e+01 1.109826e+02 1.611563e+01 1.634503e+01 3.683386e+01 1.982542e+01 4.833397e+01 3.886803e+01 7.473457e+01 7.306467e+01 1.429953e+01
<GCONST> 6.382511e+01
<STATE> 3
<MEAN> 12
 3.054756e-01 1.932123e+00 -2.307395e+00 3.248785e+00 1.296651e+00 -3.294562e+00 -2.492354e+00 6.255630e+00 2.765235e-01 3.476310e+00 2.294460e+00 -2.699391e+00
<VARIANCE> 12
 2.746295e+01 3.648738e+01 1.366886e+02 4.215942e+01 1.921846e+01 6.396847e+01 2.843267e+01 5.121154e+01 2.702003e+01 4.265955e+01 4.225405e+01 2.070707e+01
<GCONST> 6.584526e+01
<STATE> 4
<MEAN> 12
 -2.227790e+00 3.855507e+00 5.164353e+00 -9.825063e-01 2.398313e+00 2.700141e+00 -1.463246e-01 4.865989e+00 2.625476e-01 7.675682e-01 3.313078e+00 -1.056227e+00
<VARIANCE> 12
 1.569328e+01 3.128692e+01 5.524976e+01 5.648336e+01 1.650474e+01 5.568836e+01 1.826673e+01 5.278505e+01 1.449874e+01 4.830421e+01 2.153509e+01 2.509753e+01
<GCONST> 6.283553e+01
<STATE> 5
<MEAN> 12
 -2.274469e+00 7.491423e-01 6.541781e+00 -4.260454e+00 7.220786e-01 6.223918e+00 1.660979e+00 -1.884617e+00 -4.450135e-01 -1.914746e+00 9.924207e-01 2.230759e+00
<VARIANCE> 12
 1.018849e+01 4.156720e+01 2.129896e+01 3.189954e+01 3.110233e+01 3.963472e+01 1.684650e+01 9.100693e+01 8.905420e+00 3.275534e+01 1.782500e+01 2.252740e+01
<GCONST> 6.074748e+01
<STATE> 6
<MEAN> 12
 9.139751e-01 -3.288373e+00 3.987435e+00 -4.212912e+00 -3.268189e+00 2.491691e+00 4.633777e+00 -1.196127e+01 -1.651644e+00 -1.636849e+00 -1.570618e+00 2.847716e+00
<VARIANCE> 12
 1.876912e+01 2.244554e+01 1.821645e+01 1.417616e+01 3.326979e+01 6.108253e+01 2.010258e+01 8.210328e+01 8.363131e+00 1.391410e+01 1.470032e+01 1.630697e+01
<GCONST> 5.891362e+01
<TRANSP> 7
 0.000000e+00 1.000000e+00 0.000000e+00 0.000000e+00 0.000000e+00 0.000000e+00 0.000000e+00
 0.000000e+00 8.913043e-01 1.086956e-01 0.000000e+00 0.000000e+00 0.000000e+00 0.000000e+00
 0.000000e+00 0.000000e+00 8.913043e-01 1.086956e-01 0.000000e+00 0.000000e+00 0.000000e+00
 0.000000e+00 0.000000e+00 0.000000e+00 8.913043e-01 1.086956e-01 0.000000e+00 0.000000e+00
 0.000000e+00 0.000000e+00 0.000000e+00 0.000000e+00 8.913043e-01 1.086956e-01 0.000000e+00
 0.000000e+00 0.000000e+00 0.000000e+00 0.000000e+00 0.000000e+00 8.913044e-01 1.086957e-01
 0.000000e+00 0.000000e+00 0.000000e+00 0.000000e+00 0.000000e+00 0.000000e+00 0.000000e+00
<ENDHMM>
