~o
<STREAMINFO> 1 12
<VECSIZE> 12<NULLD><MFCC_Z><DIAGC>
~h "s013"
<BEGINHMM>
<NUMSTATES> 9
<STATE> 2
<MEAN> 12
 -7.241630e+00 -7.060221e-01 4.557741e+00 -6.600373e+00 1.799237e+00 -2.780585e+00 5.624469e+00 4.320866e+00 -5.218182e+00 6.700323e+00 6.619525e-01 -1.619284e+00
<VARIANCE> 12
 3.644806e+01 8.127427e+01 7.726913e+00 1.351048e+01 1.087489e+02 3.741207e+01 1.221950e+01 1.812311e+01 4.519822e+01 6.162014e+01 3.542916e+01 4.116656e+01
<GCONST> 6.362488e+01
<STATE> 3
<MEAN> 12
 -2.099803e+00 -1.711087e+01 -3.138588e+00 1.112326e+01 4.424446e+00 -2.306223e+00 -6.028294e+00 5.576063e+00 -1.229663e+01 -4.230683e+00 2.977194e+00 1.750847e+00
<VARIANCE> 12
 5.598506e+00 3.070764e+01 4.805124e+00 1.351048e+01 3.427149e+01 6.594061e+01 2.988241e+01 2.036833e+01 4.886088e+01 1.307595e+01 5.413485e+01 5.420141e+00
<GCONST> 5.765036e+01
<STATE> 4
<MEAN> 12
 3.750450e+00 -9.293904e+00 -7.863331e+00 6.176689e+00 -1.630227e-01 -5.191597e+00 -1.487432e+00 -6.236247e+00 6.990170e+00 -1.016022e+01 4.854434e+00 3.662639e-01
<VARIANCE> 12
 5.598506e+00 3.294072e+01 4.805124e+00 2.471712e+01 6.395302e+00 1.418525e+01 6.462814e+00 1.812311e+01 1.788128e+01 2.846802e+01 1.105773e+01 7.702898e+00
<GCONST> 5.199719e+01
<STATE> 5
<MEAN> 12
 6.041578e+00 1.390963e+00 -2.311036e+00 3.801082e+00 -4.000521e+00 -4.463845e+00 5.657051e-01 -6.662901e+00 8.198435e-01 1.755664e+00 -1.863056e+00 -2.226215e+00
<VARIANCE> 12
 2.299856e+01 3.070764e+01 4.805124e+00 1.504593e+01 2.119507e+01 4.318560e+01 1.097795e+01 1.812311e+01 5.404553e+01 3.083218e+01 2.206807e+01 7.281211e+00
<GCONST> 5.750542e+01
<STATE> 6
<MEAN> 12
 -8.758635e-01 1.942167e+01 5.951948e+00 -1.667435e+00 -6.120503e-01 -9.954984e-01 -2.430877e+00 7.707379e+00 2.988428e+00 5.425389e+00 7.039878e+00 -5.293004e+00
<VARIANCE> 12
 5.598506e+00 3.070764e+01 5.172180e+00 1.351048e+01 6.120714e+00 1.418525e+01 4.578691e+00 2.228874e+01 1.248698e+01 1.009966e+01 1.105773e+01 5.420141e+00
<GCONST> 4.946811e+01
<STATE> 7
<MEAN> 12
 -3.977373e+00 9.909996e+00 1.563589e+00 -1.267768e+01 -5.657555e-01 3.312095e+00 2.361855e+00 1.299922e+01 4.654323e+00 1.425883e+00 -2.145298e+00 3.431983e+00
<VARIANCE> 12
 5.598506e+00 3.308825e+01 4.805124e+00 1.351048e+01 6.120714e+00 2.308224e+01 4.578691e+00 1.812311e+01 1.248698e+01 1.445536e+01 1.764627e+01 2.331724e+01
<GCONST> 5.203416e+01
<STATE> 8
<MEAN> 12
 -8.938526e-01 -6.034926e+00 1.667632e+00 -6.437989e+00 1.213161e+00 1.353160e+01 3.555321e+00 -1.072413e+01 1.822286e+00 -1.659827e+00 -1.154603e+01 6.169855e+00
<VARIANCE> 12
 8.161389e+00 3.070764e+01 6.740145e+00 3.345383e+01 1.108266e+01 3.278853e+01 7.696608e+00 9.052808e+01 1.248698e+01 1.900626e+01 1.105773e+01 2.069362e+01
<GCONST> 5.634100e+01
<TRANSP> 9
 0.000000e+00 1.000000e+00 0.000000e+00 0.000000e+00 0.000000e+00 0.000000e+00 0.000000e+00 0.000000e+00 0.000000e+00
 0.000000e+00 8.333269e-01 1.666731e-01 0.000000e+00 0.000000e+00 0.000000e+00 0.000000e+00 0.000000e+00 0.000000e+00
 0.000000e+00 0.000000e+00 8.761925e-01 1.238076e-01 0.000000e+00 0.000000e+00 0.000000e+00 0.000000e+00 0.000000e+00
 0.000000e+00 0.000000e+00 0.000000e+00 8.623487e-01 1.376513e-01 0.000000e+00 0.000000e+00 0.000000e+00 0.000000e+00
 0.000000e+00 0.000000e+00 0.000000e+00 0.000000e+00 9.145236e-01 8.547641e-02 0.000000e+00 0.000000e+00 0.000000e+00
 0.000000e+00 0.000000e+00 0.000000e+00 0.000000e+00 0.000000e+00 8.998095e-01 1.001904e-01 0.000000e+00 0.000000e+00
 0.000000e+00 0.000000e+00 0.000000e+00 0.000000e+00 0.000000e+00 0.000000e+00 8.106229e-01 1.893771e-01 0.000000e+00
 0.000000e+00 0.000000e+00 0.000000e+00 0.000000e+00 0.000000e+00 0.000000e+00 0.000000e+00 8.850291e-01 1.149709e-01
 0.000000e+00 0.000000e+00 0.000000e+00 0.000000e+00 0.000000e+00 0.000000e+00 0.000000e+00 0.000000e+00 0.000000e+00
<ENDHMM>
