~o
<STREAMINFO> 1 12
<VECSIZE> 12<NULLD><MFCC_Z><DIAGC>
~h "s081"
<BEGINHMM>
<NUMSTATES> 7
<STATE> 2
<MEAN> 12
 -2.029094e-07 -1.065275e-07 1.339202e-06 -1.826185e-07 -6.087283e-08 -3.246551e-07 4.058188e-08 8.116377e-08 -4.058188e-08 5.884373e-07 -1.014547e-07 -1.166729e-07
<VARIANCE> 12
 3.236124e+01 2.769095e+01 1.464888e+02 8.886583e+01 3.046064e+01 5.526341e+01 2.883150e+01 7.157223e+01 6.445266e+01 2.636762e+01 2.428314e+01 3.176423e+01
<GCONST> 6.747359e+01
<STATE> 3
<MEAN> 12
 -2.029094e-07 -1.065275e-07 1.339202e-06 -1.826185e-07 -6.087283e-08 -3.246551e-07 4.058188e-08 8.116377e-08 -4.058188e-08 5.884373e-07 -1.014547e-07 -1.166729e-07
<VARIANCE> 12
 3.236124e+01 2.769095e+01 1.464888e+02 8.886583e+01 3.046064e+01 5.526341e+01 2.883150e+01 7.157223e+01 6.445266e+01 2.636762e+01 2.428314e+01 3.176423e+01
<GCONST> 6.747359e+01
<STATE> 4
<MEAN> 12
 -2.029094e-07 -1.065275e-07 1.339202e-06 -1.826185e-07 -6.087283e-08 -3.246551e-07 4.058188e-08 8.116377e-08 -4.058188e-08 5.884373e-07 -1.014547e-07 -1.166729e-07
<VARIANCE> 12
 3.236124e+01 2.769095e+01 1.464888e+02 8.886583e+01 3.046064e+01 5.526341e+01 2.883150e+01 7.157223e+01 6.445266e+01 2.636762e+01 2.428314e+01 3.176423e+01
<GCONST> 6.747359e+01
<STATE> 5
<MEAN> 12
 -2.029094e-07 -1.065275e-07 1.339202e-06 -1.826185e-07 -6.087283e-08 -3.246551e-07 4.058188e-08 8.116377e-08 -4.058188e-08 5.884373e-07 -1.014547e-07 -1.166729e-07
<VARIANCE> 12
 3.236124e+01 2.769095e+01 1.464888e+02 8.886583e+01 3.046064e+01 5.526341e+01 2.883150e+01 7.157223e+01 6.445266e+01 2.636762e+01 2.428314e+01 3.176423e+01
<GCONST> 6.747359e+01
<STATE> 6
<MEAN> 12
 -2.029094e-07 -1.065275e-07 1.339202e-06 -1.826185e-07 -6.087283e-08 -3.246551e-07 4.058188e-08 8.116377e-08 -4.058188e-08 5.884373e-07 -1.014547e-07 -1.166729e-07
<VARIANCE> 12
 3.236124e+01 2.769095e+01 1.464888e+02 8.886583e+01 3.046064e+01 5.526341e+01 2.883150e+01 7.157223e+01 6.445266e+01 2.636762e+01 2.428314e+01 3.176423e+01
<GCONST> 6.747359e+01
<TRANSP> 7
 0.000000e+00 1.000000e+00 0.000000e+00 0.000000e+00 0.000000e+00 0.000000e+00 0.000000e+00
 0.000000e+00 9.000000e-01 9.999999e-02 0.000000e+00 0.000000e+00 0.000000e+00 0.000000e+00
 0.000000e+00 0.000000e+00 9.000000e-01 9.999999e-02 0.000000e+00 0.000000e+00 0.000000e+00
 0.000000e+00 0.000000e+00 0.000000e+00 9.000000e-01 9.999999e-02 0.000000e+00 0.000000e+00
 0.000000e+00 0.000000e+00 0.000000e+00 0.000000e+00 9.000000e-01 9.999999e-02 0.000000e+00
 0.000000e+00 0.000000e+00 0.000000e+00 0.000000e+00 0.000000e+00 9.000000e-01 9.999999e-02
 0.000000e+00 0.000000e+00 0.000000e+00 0.000000e+00 0.000000e+00 0.000000e+00 0.000000e+00
<ENDHMM>
