~o
<STREAMINFO> 1 12
<VECSIZE> 12<NULLD><MFCC_Z><DIAGC>
~h "s047"
<BEGINHMM>
<NUMSTATES> 12
<STATE> 2
<MEAN> 12
 1.390775e-07 1.490116e-07 -1.245075e-06 -3.443824e-07 -5.298191e-08 -1.457002e-07 4.106098e-07 3.178914e-07 3.808075e-08 -3.642506e-08 4.371007e-07 -3.311369e-07
<VARIANCE> 12
 1.163860e+01 9.169779e+00 1.365696e+02 3.818462e+01 3.348512e+01 4.369255e+01 1.331082e+01 2.412130e+01 1.715166e+01 4.253992e+01 2.124276e+01 1.810048e+01
<GCONST> 6.088847e+01
<STATE> 3
<MEAN> 12
 1.390775e-07 1.490116e-07 -1.245075e-06 -3.443824e-07 -5.298191e-08 -1.457002e-07 4.106098e-07 3.178914e-07 3.808075e-08 -3.642506e-08 4.371007e-07 -3.311369e-07
<VARIANCE> 12
 1.163860e+01 9.169779e+00 1.365696e+02 3.818462e+01 3.348512e+01 4.369255e+01 1.331082e+01 2.412130e+01 1.715166e+01 4.253992e+01 2.124276e+01 1.810048e+01
<GCONST> 6.088847e+01
<STATE> 4
<MEAN> 12
 1.390775e-07 1.490116e-07 -1.245075e-06 -3.443824e-07 -5.298191e-08 -1.457002e-07 4.106098e-07 3.178914e-07 3.808075e-08 -3.642506e-08 4.371007e-07 -3.311369e-07
<VARIANCE> 12
 1.163860e+01 9.169779e+00 1.365696e+02 3.818462e+01 3.348512e+01 4.369255e+01 1.331082e+01 2.412130e+01 1.715166e+01 4.253992e+01 2.124276e+01 1.810048e+01
<GCONST> 6.088847e+01
<STATE> 5
<MEAN> 12
 1.390775e-07 1.490116e-07 -1.245075e-06 -3.443824e-07 -5.298191e-08 -1.457002e-07 4.106098e-07 3.178914e-07 3.808075e-08 -3.642506e-08 4.371007e-07 -3.311369e-07
<VARIANCE> 12
 1.163860e+01 9.169779e+00 1.365696e+02 3.818462e+01 3.348512e+01 4.369255e+01 1.331082e+01 2.412130e+01 1.715166e+01 4.253992e+01 2.124276e+01 1.810048e+01
<GCONST> 6.088847e+01
<STATE> 6
<MEAN> 12
 1.390775e-07 1.490116e-07 -1.245075e-06 -3.443824e-07 -5.298191e-08 -1.457002e-07 4.106098e-07 3.178914e-07 3.808075e-08 -3.642506e-08 4.371007e-07 -3.311369e-07
<VARIANCE> 12
 1.163860e+01 9.169779e+00 1.365696e+02 3.818462e+01 3.348512e+01 4.369255e+01 1.331082e+01 2.412130e+01 1.715166e+01 4.253992e+01 2.124276e+01 1.810048e+01
<GCONST> 6.088847e+01
<STATE> 7
<MEAN> 12
 1.390775e-07 1.490116e-07 -1.245075e-06 -3.443824e-07 -5.298191e-08 -1.457002e-07 4.106098e-07 3.178914e-07 3.808075e-08 -3.642506e-08 4.371007e-07 -3.311369e-07
<VARIANCE> 12
 1.163860e+01 9.169779e+00 1.365696e+02 3.818462e+01 3.348512e+01 4.369255e+01 1.331082e+01 2.412130e+01 1.715166e+01 4.253992e+01 2.124276e+01 1.810048e+01
<GCONST> 6.088847e+01
<STATE> 8
<MEAN> 12
 1.390775e-07 1.490116e-07 -1.245075e-06 -3.443824e-07 -5.298191e-08 -1.457002e-07 4.106098e-07 3.178914e-07 3.808075e-08 -3.642506e-08 4.371007e-07 -3.311369e-07
<VARIANCE> 12
 1.163860e+01 9.169779e+00 1.365696e+02 3.818462e+01 3.348512e+01 4.369255e+01 1.331082e+01 2.412130e+01 1.715166e+01 4.253992e+01 2.124276e+01 1.810048e+01
<GCONST> 6.088847e+01
<STATE> 9
<MEAN> 12
 1.390775e-07 1.490116e-07 -1.245075e-06 -3.443824e-07 -5.298191e-08 -1.457002e-07 4.106098e-07 3.178914e-07 3.808075e-08 -3.642506e-08 4.371007e-07 -3.311369e-07
<VARIANCE> 12
 1.163860e+01 9.169779e+00 1.365696e+02 3.818462e+01 3.348512e+01 4.369255e+01 1.331082e+01 2.412130e+01 1.715166e+01 4.253992e+01 2.124276e+01 1.810048e+01
<GCONST> 6.088847e+01
<STATE> 10
<MEAN> 12
 1.390775e-07 1.490116e-07 -1.245075e-06 -3.443824e-07 -5.298191e-08 -1.457002e-07 4.106098e-07 3.178914e-07 3.808075e-08 -3.642506e-08 4.371007e-07 -3.311369e-07
<VARIANCE> 12
 1.163860e+01 9.169779e+00 1.365696e+02 3.818462e+01 3.348512e+01 4.369255e+01 1.331082e+01 2.412130e+01 1.715166e+01 4.253992e+01 2.124276e+01 1.810048e+01
<GCONST> 6.088847e+01
<STATE> 11
<MEAN> 12
 1.390775e-07 1.490116e-07 -1.245075e-06 -3.443824e-07 -5.298191e-08 -1.457002e-07 4.106098e-07 3.178914e-07 3.808075e-08 -3.642506e-08 4.371007e-07 -3.311369e-07
<VARIANCE> 12
 1.163860e+01 9.169779e+00 1.365696e+02 3.818462e+01 3.348512e+01 4.369255e+01 1.331082e+01 2.412130e+01 1.715166e+01 4.253992e+01 2.124276e+01 1.810048e+01
<GCONST> 6.088847e+01
<TRANSP> 12
 0.000000e+00 1.000000e+00 0.000000e+00 0.000000e+00 0.000000e+00 0.000000e+00 0.000000e+00 0.000000e+00 0.000000e+00 0.000000e+00 0.000000e+00 0.000000e+00
 0.000000e+00 9.000000e-01 9.999999e-02 0.000000e+00 0.000000e+00 0.000000e+00 0.000000e+00 0.000000e+00 0.000000e+00 0.000000e+00 0.000000e+00 0.000000e+00
 0.000000e+00 0.000000e+00 9.000000e-01 9.999999e-02 0.000000e+00 0.000000e+00 0.000000e+00 0.000000e+00 0.000000e+00 0.000000e+00 0.000000e+00 0.000000e+00
 0.000000e+00 0.000000e+00 0.000000e+00 9.000000e-01 9.999999e-02 0.000000e+00 0.000000e+00 0.000000e+00 0.000000e+00 0.000000e+00 0.000000e+00 0.000000e+00
 0.000000e+00 0.000000e+00 0.000000e+00 0.000000e+00 9.000000e-01 9.999999e-02 0.000000e+00 0.000000e+00 0.000000e+00 0.000000e+00 0.000000e+00 0.000000e+00
 0.000000e+00 0.000000e+00 0.000000e+00 0.000000e+00 0.000000e+00 9.000000e-01 9.999999e-02 0.000000e+00 0.000000e+00 0.000000e+00 0.000000e+00 0.000000e+00
 0.000000e+00 0.000000e+00 0.000000e+00 0.000000e+00 0.000000e+00 0.000000e+00 9.000000e-01 9.999999e-02 0.000000e+00 0.000000e+00 0.000000e+00 0.000000e+00
 0.000000e+00 0.000000e+00 0.000000e+00 0.000000e+00 0.000000e+00 0.000000e+00 0.000000e+00 9.000000e-01 9.999999e-02 0.000000e+00 0.000000e+00 0.000000e+00
 0.000000e+00 0.000000e+00 0.000000e+00 0.000000e+00 0.000000e+00 0.000000e+00 0.000000e+00 0.000000e+00 9.000000e-01 9.999999e-02 0.000000e+00 0.000000e+00
 0.000000e+00 0.000000e+00 0.000000e+00 0.000000e+00 0.000000e+00 0.000000e+00 0.000000e+00 0.000000e+00 0.000000e+00 9.000000e-01 9.999999e-02 0.000000e+00
 0.000000e+00 0.000000e+00 0.000000e+00 0.000000e+00 0.000000e+00 0.000000e+00 0.000000e+00 0.000000e+00 0.000000e+00 0.000000e+00 9.000000e-01 9.999999e-02
 0.000000e+00 0.000000e+00 0.000000e+00 0.000000e+00 0.000000e+00 0.000000e+00 0.000000e+00 0.000000e+00 0.000000e+00 0.000000e+00 0.000000e+00 0.000000e+00
<ENDHMM>
