~o
<STREAMINFO> 1 12
<VECSIZE> 12<NULLD><MFCC_Z><DIAGC>
~h "T1375423460"
<BEGINHMM>
<NUMSTATES> 9
<STATE> 2
<MEAN> 12
 -7.687287e-01 -4.240650e+00 -3.226561e-02 1.512463e+00 -4.228187e+00 -1.042974e+01 5.636370e-01 1.339539e+00 7.758601e-01 -2.356701e+00 -6.213376e+00 -1.555332e+00
<VARIANCE> 12
 1.082851e+01 6.003677e+00 2.827669e+01 5.110659e+00 5.455191e+01 2.390744e+01 4.895746e+01 1.899532e+01 2.781197e+01 2.900269e+01 1.378305e+01 1.540519e+01
<GCONST> 5.726194e+01
<STATE> 3
<MEAN> 12
 5.608166e-01 -2.646100e+00 -2.535033e+00 1.101113e+00 1.914059e-01 -6.374684e+00 -3.641752e+00 -2.824183e-01 3.285481e+00 2.854319e-01 -3.708607e+00 -3.527779e+00
<VARIANCE> 12
 1.632197e+01 1.258251e+01 2.046562e+01 9.658574e+00 2.190478e+01 6.584954e+01 2.397095e+01 1.550393e+01 1.418871e+01 1.927097e+01 2.605391e+01 2.000288e+01
<GCONST> 5.772504e+01
<STATE> 4
<MEAN> 12
 -7.247544e-01 -8.291526e-01 -3.896365e-01 8.676176e-01 5.606628e-01 -3.096422e-01 -2.185462e+00 -1.355704e+00 1.652628e+00 8.251607e-01 1.025561e-01 -1.618373e+00
<VARIANCE> 12
 2.529087e+01 1.919686e+01 2.606073e+01 1.401832e+01 2.315876e+01 6.602446e+01 2.724323e+01 1.228288e+01 1.755553e+01 1.090970e+01 2.764726e+01 3.306486e+01
<GCONST> 5.935894e+01
<STATE> 5
<MEAN> 12
 -1.042902e+00 1.025883e+00 2.154245e+00 5.532376e-01 3.406675e-01 3.455316e+00 7.908226e-01 -9.445768e-01 -6.646855e-01 1.321615e-01 2.491918e+00 1.433769e+00
<VARIANCE> 12
 3.091961e+01 3.018093e+01 2.066260e+01 1.976385e+01 2.717626e+01 3.371037e+01 2.781903e+01 1.293874e+01 1.845336e+01 1.200210e+01 2.233502e+01 2.744421e+01
<GCONST> 5.943005e+01
<STATE> 6
<MEAN> 12
 9.610424e-01 3.092900e+00 2.232165e+00 -1.040495e+00 5.752384e-02 4.505500e+00 2.579962e+00 -3.478986e-01 -2.049941e+00 -2.795752e-01 2.853677e+00 2.986662e+00
<VARIANCE> 12
 3.045440e+01 2.965183e+01 2.192631e+01 2.141704e+01 2.492043e+01 1.557174e+01 1.972981e+01 1.134627e+01 1.676658e+01 1.343142e+01 1.845019e+01 1.418243e+01
<GCONST> 5.736838e+01
<STATE> 7
<MEAN> 12
 2.090958e+00 3.163769e+00 -1.634077e-01 -2.302498e+00 1.061624e+00 4.755740e+00 1.770521e+00 2.687618e-01 -1.840899e+00 6.144935e-01 2.250152e+00 2.327252e+00
<VARIANCE> 12
 2.145344e+01 2.095716e+01 2.931918e+01 1.472633e+01 2.184759e+01 1.013158e+01 1.685453e+01 1.065056e+01 1.764088e+01 1.389158e+01 1.469772e+01 1.152441e+01
<GCONST> 5.545441e+01
<STATE> 8
<MEAN> 12
 -1.076481e+00 4.334029e-01 -1.265953e+00 -6.914493e-01 2.016210e+00 4.397577e+00 1.223778e-01 1.322285e+00 -1.158548e+00 7.790246e-01 2.223777e+00 -4.616759e-02
<VARIANCE> 12
 2.290577e+01 1.338733e+01 2.191673e+01 1.228079e+01 1.390216e+01 9.593272e+00 1.247333e+01 1.238424e+01 1.345510e+01 1.464186e+01 9.420075e+00 1.165124e+01
<GCONST> 5.329013e+01
<TRANSP> 9
 0.000000e+00 1.000000e+00 0.000000e+00 0.000000e+00 0.000000e+00 0.000000e+00 0.000000e+00 0.000000e+00 0.000000e+00
 0.000000e+00 8.771930e-01 1.228070e-01 0.000000e+00 0.000000e+00 0.000000e+00 0.000000e+00 0.000000e+00 0.000000e+00
 0.000000e+00 0.000000e+00 8.771930e-01 1.228070e-01 0.000000e+00 0.000000e+00 0.000000e+00 0.000000e+00 0.000000e+00
 0.000000e+00 0.000000e+00 0.000000e+00 8.771930e-01 1.228070e-01 0.000000e+00 0.000000e+00 0.000000e+00 0.000000e+00
 0.000000e+00 0.000000e+00 0.000000e+00 0.000000e+00 8.771930e-01 1.228070e-01 0.000000e+00 0.000000e+00 0.000000e+00
 0.000000e+00 0.000000e+00 0.000000e+00 0.000000e+00 0.000000e+00 8.771930e-01 1.228070e-01 0.000000e+00 0.000000e+00
 0.000000e+00 0.000000e+00 0.000000e+00 0.000000e+00 0.000000e+00 0.000000e+00 8.771930e-01 1.228070e-01 0.000000e+00
 0.000000e+00 0.000000e+00 0.000000e+00 0.000000e+00 0.000000e+00 0.000000e+00 0.000000e+00 8.771930e-01 1.228070e-01
 0.000000e+00 0.000000e+00 0.000000e+00 0.000000e+00 0.000000e+00 0.000000e+00 0.000000e+00 0.000000e+00 0.000000e+00
<ENDHMM>
