~o
<STREAMINFO> 1 12
<VECSIZE> 12<NULLD><MFCC_Z><DIAGC>
~h "s011"
<BEGINHMM>
<NUMSTATES> 13
<STATE> 2
<MEAN> 12
 -3.415081e+00 -7.996034e+00 -4.964513e+00 -1.493330e+00 -9.260697e-01 -8.439097e+00 -8.504094e-01 -2.343545e+00 -4.739964e+00 -3.557463e+00 1.905527e+00 -6.487204e+00
<VARIANCE> 12
 3.565818e+00 1.337074e+01 5.875586e+00 8.329303e+00 1.350386e+01 2.326343e+01 1.102398e+01 1.061777e+01 1.438304e+01 4.078328e+01 1.490270e+01 3.016523e+01
<GCONST> 5.280458e+01
<STATE> 3
<MEAN> 12
 -4.650885e+00 -8.117174e+00 -1.803878e+00 -1.949055e+00 4.878335e+00 -8.904923e+00 -8.802307e-01 -5.644328e+00 -3.112897e+00 8.549051e+00 -3.457194e+00 1.101798e+00
<VARIANCE> 12
 3.171852e+00 1.337074e+01 8.340528e+00 9.138437e+00 1.148952e+01 1.681491e+01 1.675592e+01 1.172905e+01 8.550714e+00 2.223391e+01 9.231735e+00 2.475604e+01
<GCONST> 5.135940e+01
<STATE> 4
<MEAN> 12
 6.384852e-01 -1.094641e+00 -1.187856e+00 -7.679220e+00 2.984660e+00 -8.600241e-01 3.085356e+00 -7.617666e+00 3.097407e+00 7.162720e+00 -6.277264e+00 -7.806262e-01
<VARIANCE> 12
 1.100634e+01 1.337074e+01 1.417887e+01 1.530862e+01 9.637444e+00 7.425634e+00 3.134361e+01 9.075493e+00 2.931113e+01 1.504540e+01 7.875989e+00 1.632445e+01
<GCONST> 5.329294e+01
<STATE> 5
<MEAN> 12
 6.884197e-01 1.641118e+01 -3.838307e+00 -2.526531e+00 -1.435125e+00 -3.033110e-01 -8.503023e+00 3.843527e+00 -7.784778e-01 1.059873e+01 2.408583e+00 -7.403702e+00
<VARIANCE> 12
 7.154360e+00 2.791533e+01 9.108249e+00 4.395844e+01 1.985115e+01 1.271607e+01 2.485058e+01 2.611528e+01 5.092355e+01 2.904928e+01 1.873539e+01 2.194934e+01
<GCONST> 5.866885e+01
<STATE> 6
<MEAN> 12
 -2.338698e+00 1.145529e+01 -1.010665e+00 -8.055604e+00 1.665534e+00 2.524326e+00 -2.251557e+00 1.639075e+00 1.231230e+00 4.665915e+00 3.599526e-01 1.725175e+00
<VARIANCE> 12
 5.400157e+00 3.699900e+01 1.124710e+01 8.338072e+01 2.717533e+01 1.734664e+01 5.291119e+01 2.793750e+01 3.673957e+01 3.270415e+01 4.357816e+01 4.375551e+01
<GCONST> 6.229420e+01
<STATE> 7
<MEAN> 12
 6.837909e-01 1.000361e+00 -3.091734e+00 2.246964e+00 6.534132e+00 -1.117964e+00 8.863165e+00 1.599987e+00 -6.457480e+00 3.499182e+00 8.711307e+00 4.754316e+00
<VARIANCE> 12
 4.693470e+00 1.337074e+01 7.664412e+00 9.335833e+00 1.643298e+01 8.304267e+00 3.017335e+01 1.017772e+01 2.846852e+01 2.129390e+01 1.295511e+01 9.727113e+00
<GCONST> 5.235106e+01
<STATE> 8
<MEAN> 12
 3.891730e+00 3.232681e-01 1.369015e+00 1.984880e+00 7.029819e+00 3.874528e+00 4.705546e+00 3.963789e+00 -4.474694e+00 -6.363715e+00 9.624086e+00 2.148039e+00
<VARIANCE> 12
 3.171852e+00 1.337074e+01 1.856985e+01 5.980675e+00 3.078945e+01 2.849484e+01 2.511621e+01 5.799321e+00 4.490768e+01 5.574807e+01 5.573521e+00 8.765622e+00
<GCONST> 5.398445e+01
<STATE> 9
<MEAN> 12
 6.694106e+00 -5.884796e+00 2.655462e+00 1.939252e+00 -1.113541e+01 7.520694e+00 4.761010e+00 1.525724e+00 1.637287e+00 -1.321515e+01 3.820366e+00 2.989019e+00
<VARIANCE> 12
 4.603266e+00 2.376514e+01 1.807015e+01 1.190958e+01 4.659967e+01 1.479295e+01 6.529034e+01 6.501710e+00 2.618744e+01 1.504540e+01 1.720867e+01 9.136436e+00
<GCONST> 5.574181e+01
<STATE> 10
<MEAN> 12
 -2.862062e+00 1.068516e+00 -3.726782e+00 5.953258e+00 1.167982e+00 6.416508e+00 -1.324209e+00 5.121807e+00 -2.091213e+00 -1.067575e+01 -5.389069e+00 3.096267e+00
<VARIANCE> 12
 1.397431e+01 1.388874e+01 1.136170e+01 1.168093e+01 1.332973e+01 2.363304e+01 2.758718e+01 4.299540e+00 5.620727e+01 1.504540e+01 1.293519e+01 5.433091e+00
<GCONST> 5.373211e+01
<STATE> 11
<MEAN> 12
 -3.830932e+00 2.300082e+00 3.830480e+00 9.667715e+00 1.516645e+00 -3.370529e+00 4.621925e+00 5.103907e+00 2.316175e+00 -4.374297e+00 -4.626887e+00 5.442478e+00
<VARIANCE> 12
 7.901961e+00 1.337074e+01 1.557292e+01 5.980675e+00 9.637444e+00 1.732733e+01 8.208858e+00 4.211432e+00 1.471291e+01 1.504540e+01 1.345949e+01 5.433091e+00
<GCONST> 4.960172e+01
<STATE> 12
<MEAN> 12
 -1.637391e+00 -4.134820e+00 6.647035e+00 1.283711e+00 9.106316e+00 1.628204e+00 -1.824294e+00 -3.691030e+00 5.295888e+00 3.922378e+00 -4.593812e+00 1.321633e+00
<VARIANCE> 12
 4.901990e+00 1.337074e+01 7.729249e+00 2.240290e+01 1.432881e+01 2.811693e+01 1.490265e+01 7.041141e+00 1.427946e+01 2.108536e+01 3.460308e+01 1.662142e+01
<GCONST> 5.410543e+01
<TRANSP> 13
 0.000000e+00 1.000000e+00 0.000000e+00 0.000000e+00 0.000000e+00 0.000000e+00 0.000000e+00 0.000000e+00 0.000000e+00 0.000000e+00 0.000000e+00 0.000000e+00 0.000000e+00
 0.000000e+00 8.605576e-01 1.394424e-01 0.000000e+00 0.000000e+00 0.000000e+00 0.000000e+00 0.000000e+00 0.000000e+00 0.000000e+00 0.000000e+00 0.000000e+00 0.000000e+00
 0.000000e+00 0.000000e+00 9.027629e-01 9.723715e-02 0.000000e+00 0.000000e+00 0.000000e+00 0.000000e+00 0.000000e+00 0.000000e+00 0.000000e+00 0.000000e+00 0.000000e+00
 0.000000e+00 0.000000e+00 0.000000e+00 7.767420e-01 2.232580e-01 0.000000e+00 0.000000e+00 0.000000e+00 0.000000e+00 0.000000e+00 0.000000e+00 0.000000e+00 0.000000e+00
 0.000000e+00 0.000000e+00 0.000000e+00 0.000000e+00 9.205268e-01 7.947321e-02 0.000000e+00 0.000000e+00 0.000000e+00 0.000000e+00 0.000000e+00 0.000000e+00 0.000000e+00
 0.000000e+00 0.000000e+00 0.000000e+00 0.000000e+00 0.000000e+00 7.881882e-01 2.118119e-01 0.000000e+00 0.000000e+00 0.000000e+00 0.000000e+00 0.000000e+00 0.000000e+00
 0.000000e+00 0.000000e+00 0.000000e+00 0.000000e+00 0.000000e+00 0.000000e+00 6.227961e-01 3.772039e-01 0.000000e+00 0.000000e+00 0.000000e+00 0.000000e+00 0.000000e+00
 0.000000e+00 0.000000e+00 0.000000e+00 0.000000e+00 0.000000e+00 0.000000e+00 0.000000e+00 5.964376e-01 4.035624e-01 0.000000e+00 0.000000e+00 0.000000e+00 0.000000e+00
 0.000000e+00 0.000000e+00 0.000000e+00 0.000000e+00 0.000000e+00 0.000000e+00 0.000000e+00 0.000000e+00 9.389321e-01 6.106790e-02 0.000000e+00 0.000000e+00 0.000000e+00
 0.000000e+00 0.000000e+00 0.000000e+00 0.000000e+00 0.000000e+00 0.000000e+00 0.000000e+00 0.000000e+00 0.000000e+00 7.197835e-01 2.802165e-01 0.000000e+00 0.000000e+00
 0.000000e+00 0.000000e+00 0.000000e+00 0.000000e+00 0.000000e+00 0.000000e+00 0.000000e+00 0.000000e+00 0.000000e+00 0.000000e+00 8.354685e-01 1.645315e-01 0.000000e+00
 0.000000e+00 0.000000e+00 0.000000e+00 0.000000e+00 0.000000e+00 0.000000e+00 0.000000e+00 0.000000e+00 0.000000e+00 0.000000e+00 0.000000e+00 8.959475e-01 1.040526e-01
 0.000000e+00 0.000000e+00 0.000000e+00 0.000000e+00 0.000000e+00 0.000000e+00 0.000000e+00 0.000000e+00 0.000000e+00 0.000000e+00 0.000000e+00 0.000000e+00 0.000000e+00
<ENDHMM>
