~o
<STREAMINFO> 1 12
<VECSIZE> 12<NULLD><MFCC_Z><DIAGC>
~h "s008"
<BEGINHMM>
<NUMSTATES> 11
<STATE> 2
<MEAN> 12
 3.876953e-01 1.037497e+01 1.081705e+01 -1.078368e+01 -1.107656e+01 1.709601e-01 3.735393e-01 1.887193e+00 -4.590436e-01 6.606300e-01 1.231069e+00 -1.966631e+00
<VARIANCE> 12
 9.855336e+00 2.839552e+01 9.591918e+01 4.040828e+01 2.755280e+01 3.920885e+01 7.844270e+00 6.625551e+01 2.103534e+01 2.599493e+01 1.123617e+01 6.080468e+01
<GCONST> 6.202053e+01
<STATE> 3
<MEAN> 12
 2.235543e-01 4.610291e+00 1.063690e+00 -9.414352e+00 -7.011457e+00 -5.093878e+00 7.350093e-02 6.136294e+00 1.801897e+00 -3.879431e+00 8.840930e-01 -4.963519e+00
<VARIANCE> 12
 6.875063e+00 3.878564e+01 9.906979e+01 5.522606e+01 6.121600e+01 3.211766e+01 1.211453e+01 3.787887e+01 1.792888e+01 3.206815e+01 1.877150e+01 3.654934e+01
<GCONST> 6.284562e+01
<STATE> 4
<MEAN> 12
 9.910208e-01 1.892052e-01 -5.009449e+00 -4.631173e+00 -1.952794e+00 -6.355878e+00 -8.799917e-01 4.311100e+00 2.481617e+00 -6.875665e+00 6.047338e-01 -2.077411e+00
<VARIANCE> 12
 5.604785e+00 2.910225e+01 6.768296e+01 7.030170e+01 5.719088e+01 2.015931e+01 1.520612e+01 3.217859e+01 2.423050e+01 2.134476e+01 2.147170e+01 4.122792e+01
<GCONST> 6.189392e+01
<STATE> 5
<MEAN> 12
 9.857810e-01 -1.953324e+00 -8.518306e+00 -5.937156e-02 1.717811e+00 -5.230061e+00 -1.992216e+00 1.919187e+00 2.224276e+00 -7.428791e+00 1.154824e+00 1.102467e+00
<VARIANCE> 12
 6.737042e+00 1.863023e+01 5.549660e+01 6.735885e+01 3.827498e+01 1.911685e+01 1.825513e+01 2.291286e+01 3.152681e+01 2.039658e+01 2.234593e+01 3.446158e+01
<GCONST> 6.085749e+01
<STATE> 6
<MEAN> 12
 7.572150e-01 -2.246269e+00 -9.743120e+00 3.135272e+00 3.724282e+00 -3.494869e+00 -2.586097e+00 9.013359e-01 9.751241e-01 -5.394016e+00 1.263585e+00 2.534696e+00
<VARIANCE> 12
 1.062290e+01 1.460952e+01 5.715180e+01 4.418368e+01 2.103453e+01 1.961841e+01 2.075030e+01 1.994858e+01 4.386163e+01 4.162516e+01 2.433693e+01 2.539301e+01
<GCONST> 6.091784e+01
<STATE> 7
<MEAN> 12
 8.340827e-02 -2.336258e+00 -7.115677e+00 4.617788e+00 4.321794e+00 -1.512586e+00 -1.880134e+00 2.307954e-01 -1.179733e+00 -9.013989e-01 6.396133e-01 2.230177e+00
<VARIANCE> 12
 1.548139e+01 1.450894e+01 8.731809e+01 2.323199e+01 1.083140e+01 2.246900e+01 2.385841e+01 2.601736e+01 5.470051e+01 7.626094e+01 2.846338e+01 2.325119e+01
<GCONST> 6.184051e+01
<STATE> 8
<MEAN> 12
 -1.272984e+00 -3.344584e+00 -7.496797e-01 5.255297e+00 4.077490e+00 1.339910e+00 -7.521981e-02 -1.593734e+00 -3.109892e+00 5.024971e+00 -5.319927e-01 1.124227e+00
<VARIANCE> 12
 1.526072e+01 1.455295e+01 1.117431e+02 1.522841e+01 1.076479e+01 3.240345e+01 2.614295e+01 3.530202e+01 4.879667e+01 8.548045e+01 3.072909e+01 2.120170e+01
<GCONST> 6.239428e+01
<STATE> 9
<MEAN> 12
 -1.937160e+00 -3.955757e+00 6.829840e+00 5.636347e+00 3.536700e+00 6.316406e+00 1.901414e+00 -5.077504e+00 -2.749480e+00 9.150820e+00 -2.255021e+00 5.608029e-01
<VARIANCE> 12
 9.782665e+00 1.425331e+01 8.225118e+01 1.522841e+01 1.076479e+01 5.461562e+01 2.850680e+01 3.957187e+01 3.545397e+01 5.371848e+01 2.372721e+01 1.538865e+01
<GCONST> 6.098218e+01
<STATE> 10
<MEAN> 12
 -2.184685e-01 -1.338136e+00 1.242561e+01 6.243961e+00 2.662798e+00 1.386011e+01 5.065259e+00 -8.714740e+00 1.528043e-02 9.642791e+00 -2.990921e+00 1.455321e+00
<VARIANCE> 12
 7.933059e+00 1.926558e+01 2.770462e+01 1.522841e+01 1.076479e+01 5.370642e+01 3.335305e+01 2.317418e+01 2.381832e+01 3.628592e+01 1.038332e+01 1.041818e+01
<GCONST> 5.758429e+01
<TRANSP> 11
 0.000000e+00 1.000000e+00 0.000000e+00 0.000000e+00 0.000000e+00 0.000000e+00 0.000000e+00 0.000000e+00 0.000000e+00 0.000000e+00 0.000000e+00
 0.000000e+00 8.676471e-01 1.323529e-01 0.000000e+00 0.000000e+00 0.000000e+00 0.000000e+00 0.000000e+00 0.000000e+00 0.000000e+00 0.000000e+00
 0.000000e+00 0.000000e+00 8.676471e-01 1.323529e-01 0.000000e+00 0.000000e+00 0.000000e+00 0.000000e+00 0.000000e+00 0.000000e+00 0.000000e+00
 0.000000e+00 0.000000e+00 0.000000e+00 8.676471e-01 1.323529e-01 0.000000e+00 0.000000e+00 0.000000e+00 0.000000e+00 0.000000e+00 0.000000e+00
 0.000000e+00 0.000000e+00 0.000000e+00 0.000000e+00 8.676471e-01 1.323529e-01 0.000000e+00 0.000000e+00 0.000000e+00 0.000000e+00 0.000000e+00
 0.000000e+00 0.000000e+00 0.000000e+00 0.000000e+00 0.000000e+00 8.676471e-01 1.323530e-01 0.000000e+00 0.000000e+00 0.000000e+00 0.000000e+00
 0.000000e+00 0.000000e+00 0.000000e+00 0.000000e+00 0.000000e+00 0.000000e+00 8.676471e-01 1.323530e-01 0.000000e+00 0.000000e+00 0.000000e+00
 0.000000e+00 0.000000e+00 0.000000e+00 0.000000e+00 0.000000e+00 0.000000e+00 0.000000e+00 8.676471e-01 1.323529e-01 0.000000e+00 0.000000e+00
 0.000000e+00 0.000000e+00 0.000000e+00 0.000000e+00 0.000000e+00 0.000000e+00 0.000000e+00 0.000000e+00 8.676471e-01 1.323530e-01 0.000000e+00
 0.000000e+00 0.000000e+00 0.000000e+00 0.000000e+00 0.000000e+00 0.000000e+00 0.000000e+00 0.000000e+00 0.000000e+00 8.676471e-01 1.323529e-01
 0.000000e+00 0.000000e+00 0.000000e+00 0.000000e+00 0.000000e+00 0.000000e+00 0.000000e+00 0.000000e+00 0.000000e+00 0.000000e+00 0.000000e+00
<ENDHMM>
