~o
<STREAMINFO> 1 12
<VECSIZE> 12<NULLD><MFCC_Z><DIAGC>
~h "s064"
<BEGINHMM>
<NUMSTATES> 8
<STATE> 2
<MEAN> 12
 1.690117e+00 5.563808e+00 5.787912e+00 -3.661084e+00 -2.755635e+00 -7.326230e-01 -6.625521e+00 5.514814e+00 -2.967518e+00 3.000107e+00 2.367989e-01 9.906878e-01
<VARIANCE> 12
 8.195642e+00 8.089825e+00 8.958904e+00 1.401509e+01 1.910977e+01 4.213534e+00 2.851930e+01 2.137223e+01 4.228118e+01 3.550362e+01 5.721268e+01 2.894641e+01
<GCONST> 5.660889e+01
<STATE> 3
<MEAN> 12
 1.631142e+00 6.826113e+00 3.311243e-01 8.204947e+00 -5.560409e+00 -7.618763e-01 -2.409072e+00 2.586405e+00 3.125775e-01 -2.389861e-01 3.621762e+00 -9.278385e+00
<VARIANCE> 12
 7.827083e+00 1.058775e+01 1.374072e+01 3.425938e+01 1.474769e+01 5.625096e+00 5.753337e+01 1.668907e+01 1.253279e+01 5.053525e+00 2.216916e+01 1.095970e+01
<GCONST> 5.355294e+01
<STATE> 4
<MEAN> 12
 -3.236675e+00 3.907830e+00 -6.445722e-01 2.567308e+00 2.844820e-01 -4.833616e+00 5.687965e-02 2.292287e+00 -1.170433e+00 3.246163e+00 2.297677e+00 -3.594706e+00
<VARIANCE> 12
 1.134253e+01 2.208933e+01 1.345565e+01 1.138613e+02 2.513844e+01 5.352813e+01 7.227122e+01 3.875336e+01 3.922278e+00 1.491485e+01 9.122008e+00 2.160867e+01
<GCONST> 5.940762e+01
<STATE> 5
<MEAN> 12
 -5.851383e+00 -3.343760e+00 -4.116295e+00 -1.164509e+01 1.192896e+00 8.675242e-01 -4.771247e+00 4.025342e+00 -4.727610e+00 -6.635837e+00 -2.437030e+00 -5.489811e-02
<VARIANCE> 12
 2.753335e+00 1.733537e+01 2.630981e+00 1.187006e+01 4.267459e+00 1.656740e+01 1.242838e+01 8.140640e+00 8.875164e+00 2.349652e+01 2.409250e+01 2.323434e+01
<GCONST> 4.990442e+01
<STATE> 6
<MEAN> 12
 -3.453057e+00 -1.074309e+01 -4.165146e+00 -1.022768e+01 2.985886e+00 3.069074e+00 5.241142e-01 -2.308298e+00 -1.004655e+00 -6.527021e+00 -1.621317e+00 8.868462e+00
<VARIANCE> 12
 2.753335e+00 8.089825e+00 2.722904e+00 1.187006e+01 6.107536e+00 6.554800e+00 1.326381e+01 9.197474e+00 3.477858e+01 1.384808e+01 1.108248e+01 1.192185e+01
<GCONST> 4.818824e+01
<STATE> 7
<MEAN> 12
 4.058578e+00 -6.955088e+00 2.029487e-01 9.071512e-01 4.525911e+00 3.896540e+00 7.255396e+00 -7.895926e+00 4.535608e+00 6.186473e-01 -3.930298e+00 7.043413e+00
<VARIANCE> 12
 5.925771e+00 8.089825e+00 8.524387e+00 1.588435e+01 1.054066e+01 1.047722e+01 1.060932e+01 1.074422e+01 4.693365e+00 2.172832e+01 1.512188e+01 8.579580e+00
<GCONST> 4.976354e+01
<TRANSP> 8
 0.000000e+00 1.000000e+00 0.000000e+00 0.000000e+00 0.000000e+00 0.000000e+00 0.000000e+00 0.000000e+00
 0.000000e+00 8.551877e-01 1.448123e-01 0.000000e+00 0.000000e+00 0.000000e+00 0.000000e+00 0.000000e+00
 0.000000e+00 0.000000e+00 9.061220e-01 9.387804e-02 0.000000e+00 0.000000e+00 0.000000e+00 0.000000e+00
 0.000000e+00 0.000000e+00 0.000000e+00 9.096762e-01 9.032383e-02 0.000000e+00 0.000000e+00 0.000000e+00
 0.000000e+00 0.000000e+00 0.000000e+00 0.000000e+00 7.508764e-01 2.491237e-01 0.000000e+00 0.000000e+00
 0.000000e+00 0.000000e+00 0.000000e+00 0.000000e+00 0.000000e+00 8.130004e-01 1.869996e-01 0.000000e+00
 0.000000e+00 0.000000e+00 0.000000e+00 0.000000e+00 0.000000e+00 0.000000e+00 9.167321e-01 8.326785e-02
 0.000000e+00 0.000000e+00 0.000000e+00 0.000000e+00 0.000000e+00 0.000000e+00 0.000000e+00 0.000000e+00
<ENDHMM>
